L -726.8743, -410.9721, 102.3341, -724.1254, -406.2111, 102.3341, 0, 0, 0
L -1031.3325, -433.7026, 49.2548, -928.4804, -626.1250, 49.3937, 0, 0, 0
L -676.6705, -76.8355, 176.4919, -674.3272, -87.9796, 176.4919, 0, 0, 0
L -660.3542, -154.4301, 176.4919, -649.2502, -207.2364, 176.4919, 0, 0, 0
L -24.8348, 643.9332, -0.2411, -4.2041, 643.9908, -1.6016, 0, 0, 0
L -557.9620, 881.5741, 102.3341, -555.2131, 886.3351, 102.3341, 0, 0, 0
L -50.7269, 675.8734, -1.3478, -50.7171, 666.7764, -1.4090, 0, 0, 0
L -50.7146, 664.4203, -17.2034, -50.6883, 640.0512, -18.9167, 0, 0, 0
L -50.6559, 609.8619, 3.9904, -50.6349, 590.3975, -4.1737, 0, 0, 0
L -22.8915, 622.7885, -1.6029, -22.8385, 625.3021, -1.6089, 0, 0, 0
L -22.5260, 640.1405, -16.8670, -22.4704, 642.7805, -1.6079, 0, 0, 0
L -136.8772, 662.3840, 148.0600, -133.2748, 666.0090, 171.4865, 0, 0, 0
L 519.7855, -272.7973, 56.3508, 562.6135, -166.1251, 59.2419, 0, 0, 0
L -297.8555, 736.4546, 367.2131, -146.9873, 779.6650, 367.2131, 0, 0, 0
L -492.5381, 472.8746, 49.3412, -381.7432, 563.8018, 171.4865, 0, 0, 0
L -65.6562, 666.6969, -1.2494, -65.5141, 609.5074, -10.9576, 0, 0, 0
L -65.4671, 590.5835, -3.6001, -65.4437, 581.1815, 11.5339, 0, 0, 0
L 52.1794, -668.2870, 66.8897, 74.8337, -665.8109, 66.8607, 0, 0, 0
L 409.8285, -490.5454, 111.1609, 497.1614, -401.2860, 111.1609, 0, 0, 0
L -7.7232, 640.1705, -18.9194, -7.5626, 642.9987, -18.9372, 0, 0, 0
L -662.7134, -75.1756, 176.5321, -659.9988, -88.0852, 176.5321, 0, 0, 0
L -647.7179, -146.4886, 173.2018, -635.8076, -203.1298, 173.2018, 0, 0, 0
L -50.2660, 684.8319, -1.2801, -50.2088, 675.6504, -17.0130, 0, 0, 0
L -49.9856, 639.8093, -1.6076, -49.8776, 622.4685, -16.9196, 0, 0, 0
L -377.0783, 447.1976, 56.3508, -282.2043, 512.0984, 56.3508, 0, 0, 0
L 46.7579, 684.0445, -16.3563, 46.8303, 668.7693, -16.3575, 0, 0, 0
L -564.9961, 886.5859, 81.6401, -562.2473, 881.8249, 60.9462, 0, 0, 0
L 164.2048, 561.2292, 59.2419, 270.8773, 518.4012, 56.3508, 0, 0, 0
L -974.4831, 263.8433, 102.3341, -971.7343, 259.0823, 102.3341, 0, 0, 0
L 9.4222, 640.4870, -0.2366, 9.4359, 625.3275, -18.9388, 0, 0, 0
L 9.4499, 609.8407, -16.9501, 9.5343, 516.1880, -13.3783, 0, 0, 0
L -513.4744, -283.7351, 59.2419, -448.5736, -378.6091, 56.3508, 0, 0, 0
L -9.2859, -620.0398, 29.8802, 48.6402, -619.8195, 29.4809, 0, 0, 0
L -14.1021, -585.9597, 59.2419, 57.4562, -586.1782, 59.2419, 0, 0, 0
L 448.8951, 374.5969, 59.2419, 513.7960, 279.7227, 56.3508, 0, 0, 0
L 9.5434, 712.9335, 254.0892, 9.5801, 702.2944, 253.9864, 0, 0, 0
L 9.7931, 640.4694, -16.8873, 9.8525, 623.2236, -1.4831, 0, 0, 0
L 9.9642, 590.8236, 11.2175, 10.1216, 545.1275, 0.1412, 0, 0, 0
L -928.5024, 609.9776, 49.3055, -790.0869, 776.6358, 50.1669, 0, 0, 0
L -1112.5792, -7.9381, 200.1250, -1091.2534, -224.4630, 200.1250, 0, 0, 0
L -84.4272, 786.2316, 123.0281, -81.6784, 781.4706, 123.0281, 0, 0, 0
L -572.3079, 371.3784, 148.0600, -483.6971, 479.3513, 49.3412, 0, 0, 0
L -25.6203, 682.9184, -1.5688, -25.5841, 667.6846, -16.8433, 0, 0, 0
L -25.5233, 642.0585, -16.8670, -25.4775, 622.7621, -16.8682, 0, 0, 0
L 11.0098, 581.5325, 11.1472, 11.4841, 572.6492, 10.9931, 0, 0, 0
L -719.2157, -406.2820, 81.6401, -716.4669, -411.0430, 102.3341, 0, 0, 0
L 627.4185, 258.7024, 49.3413, 669.0532, 125.2927, 49.3413, 0, 0, 0
L 707.3625, 315.7338, 359.4567, 720.4935, 289.2378, 281.7499, 0, 0, 0
L 575.2777, 856.3944, 143.7221, 578.0266, 861.1555, 143.7221, 0, 0, 0
L 570.0964, 866.0000, 102.3341, 575.5940, 866.0000, 102.3341, 0, 0, 0
L 479.7478, 400.3410, 108.3631, 548.9695, 299.1507, 108.3631, 0, 0, 0
L -68.2541, 683.5993, -17.1596, -60.8282, 683.6442, -1.2801, 0, 0, 0
L -18.5096, 683.9005, 3.2073, -12.5613, 683.9365, 3.2060, 0, 0, 0
L 43.0279, 684.2730, -16.3563, 45.5000, 684.2880, -16.3563, 0, 0, 0
L 58.2365, 662.6230, 176.5321, 186.7462, 638.5150, 173.2019, 0, 0, 0
L 25.9867, -734.9885, 60.9462, 28.7355, -730.2275, 81.6401, 0, 0, 0
L -100.2131, 733.8287, 46.8629, -98.3048, 709.7182, 46.3624, 0, 0, 0
L 11.6343, -679.2971, 200.9000, 13.7257, -705.7209, 253.9863, 0, 0, 0
L -9.5854, -716.7616, 254.0892, -9.2960, -679.6128, 176.5124, 0, 0, 0
L -8.8664, -624.4936, 108.3631, -8.6508, -596.8223, 59.2333, 0, 0, 0
L 270.8580, 518.2031, 56.3508, 367.1254, 455.3873, 59.2419, 0, 0, 0
L 991.6406, -423.2681, 200.4339, 1053.8933, -219.2539, 234.8106, 0, 0, 0
L 366.9899, 455.1695, 59.2419, 449.1526, 374.7799, 59.2419, 0, 0, 0
L -1114.1432, -7.9408, 200.1250, -1092.8174, 208.5840, 200.1250, 0, 0, 0
L -123.0352, 707.1071, 8.8516, -121.1135, 684.0025, -1.4042, 0, 0, 0
L 556.4227, -457.1639, 253.2619, 636.2657, -335.4228, 253.4931, 0, 0, 0
L -636.2902, 253.4299, 49.3413, -572.0677, 371.3360, 148.0600, 0, 0, 0
L 920.1755, 609.0687, 200.1250, 1025.6279, 418.3837, 49.6000, 0, 0, 0
L -65.4241, 664.2657, -3.9434, -65.1539, 640.0738, -1.5807, 0, 0, 0
L -30.8292, 667.9290, -16.8525, -4.8921, 667.9903, -1.5638, 0, 0, 0
L 45.6073, 668.1097, -16.3575, 48.0960, 668.1156, -1.0725, 0, 0, 0
L -185.1965, 776.7656, 123.0281, -182.4478, 772.0045, 102.3341, 0, 0, 0
L -186.4668, 777.0268, 40.2522, -183.7180, 781.7878, 60.9462, 0, 0, 0
L -563.0706, 882.0000, 60.9462, -557.5731, 882.0000, 60.9462, 0, 0, 0
L -704.8832, -138.0510, 214.0002, -696.9847, -161.4401, 228.4482, 0, 0, 0
L -983.1425, 258.8438, 60.9462, -980.3936, 254.0827, 40.2522, 0, 0, 0
L -509.6099, -65.0499, 5.9092, -506.1713, -56.7413, -9.7935, 0, 0, 0
L -4.6658, -694.3928, 49.7841, 133.7557, -679.6619, 49.3413, 0, 0, 0
L -425.9728, -533.1657, 176.4919, -332.1845, -639.7573, 253.4931, 0, 0, 0
L -982.0623, 259.0223, 40.2522, -979.3135, 263.7833, 40.2522, 0, 0, 0
L -714.9985, -80.0618, 253.3775, -694.5114, -176.3121, 253.4540, 0, 0, 0
L -688.6331, -203.9288, 253.4811, -685.5809, -218.2685, 253.4931, 0, 0, 0
L -4.9014, 664.9793, -1.5570, -4.8057, 643.0563, -16.8867, 0, 0, 0
L -4.7842, 638.1109, 1.9591, -4.7386, 627.6687, 1.9578, 0, 0, 0
L -8.0512, 682.9186, -1.5681, -8.0500, 667.7422, -0.2314, 0, 0, 0
L -8.0472, 629.4913, 3.1731, -8.0467, 622.8370, -1.6016, 0, 0, 0
L 583.3898, -450.4504, 40.2522, 586.1387, -455.2114, 40.2522, 0, 0, 0
L -664.5019, 55.3663, 173.2019, -634.6577, 53.2399, 111.1609, 0, 0, 0
L 264.2069, 627.5546, 171.4865, 383.1463, 563.9801, 171.4865, 0, 0, 0
L 783.4921, -795.0157, 50.1009, 921.9073, -626.3558, 49.3937, 0, 0, 0
L 306.6342, -560.4846, 111.1609, 321.0561, -587.2423, 173.2018, 0, 0, 0
L 1015.3068, 106.5555, 81.6401, 1018.0556, 111.3166, 102.3341, 0, 0, 0
L 890.4241, -542.2458, 40.2522, 893.1730, -547.0068, 40.2522, 0, 0, 0
L -584.9764, 49.0996, 59.2419, -563.7822, 162.0774, 56.3508, 0, 0, 0
L -320.9047, 582.3748, 173.2019, -191.6561, 605.6316, 111.1609, 0, 0, 0
L 101.9508, -723.4142, 60.9462, 104.6996, -718.6531, 81.6401, 0, 0, 0
L -107.0820, 686.0285, -1.5198, -65.9990, 685.2924, -19.2184, 0, 0, 0
L -1094.9567, -225.9553, 49.1181, -1091.8889, -225.3451, 200.1250, 0, 0, 0
L 1085.1990, 207.7009, 200.1250, 1088.2665, 208.3111, 49.6000, 0, 0, 0
L -973.4017, 254.0221, 81.6401, -970.6528, 258.7832, 81.6401, 0, 0, 0
L -1095.0125, 209.6420, 49.6000, -1091.9448, 209.0319, 200.1250, 0, 0, 0
L 1085.1475, -223.9933, 200.1250, 1088.2150, -224.6035, 49.1181, 0, 0, 0
L -727.8760, -411.2820, 102.3341, -725.1271, -416.0430, 102.3341, 0, 0, 0
L -598.2806, -187.8888, 108.3631, -549.0179, -303.2440, 108.3631, 0, 0, 0
L 576.1573, 866.0592, 40.2522, 578.9061, 861.2981, 40.2522, 0, 0, 0
L 68.0102, -643.0991, 39.7867, 68.6566, -666.2057, 49.0935, 0, 0, 0
L -558.0679, 890.5859, 40.2522, -555.3190, 885.8248, 60.9462, 0, 0, 0
L 67.4272, -620.1019, 29.5434, 67.4438, -602.1375, 29.4126, 0, 0, 0
L 595.6532, 188.6436, 108.3631, 622.0220, 66.0169, 108.3631, 0, 0, 0
L -688.6899, -14.0149, 49.3413, -674.9184, 125.8091, 171.4865, 0, 0, 0
L 1024.8116, 417.9219, 49.6000, 1088.1477, 209.1313, 49.6000, 0, 0, 0
L 667.6790, 131.8019, 49.3413, 682.8964, -8.4597, 148.5806, 0, 0, 0
L -927.0226, 609.1542, 200.1250, -791.2077, 777.5500, 50.1669, 0, 0, 0
L -1062.1393, -219.6412, 200.4339, -999.8836, -423.6653, 234.8106, 0, 0, 0
L -23.5828, 625.2689, -0.2594, -23.5712, 642.6635, -1.6079, 0, 0, 0
L -23.5564, 664.8965, -18.8846, -23.5443, 682.9213, -1.5681, 0, 0, 0
L -416.7008, -1006.4277, 200.4339, -213.8239, -1067.8596, 200.4339, 0, 0, 0
L -449.2758, -561.7868, 377.3353, -331.3343, -638.7452, 253.4931, 0, 0, 0
L -12.2974, -636.0530, 111.1609, -12.0632, -623.9406, 111.2252, 0, 0, 0
L 11.9842, 619.8563, 111.2253, 13.0318, 674.0396, 176.4920, 0, 0, 0
L 207.1930, 1049.0812, 234.8106, 410.0010, 987.4498, 234.8106, 0, 0, 0
L -714.6508, -81.3863, 253.3775, -673.6008, -88.7322, 176.4919, 0, 0, 0
L 629.1385, -270.7118, 49.3413, 667.0860, -141.9251, 46.7660, 0, 0, 0
L -8.9609, -596.1142, 59.2333, 9.5599, -595.9356, 59.2333, 0, 0, 0
L 62.4332, 712.7078, 377.3353, 200.8467, 686.7421, 253.4931, 0, 0, 0
L -102.9083, 667.8815, -1.5801, -63.5909, 666.5450, -19.3472, 0, 0, 0
L -503.8870, -77.6643, 10.6064, -502.5110, -79.3308, 13.1468, 0, 0, 0
L -82.4215, 790.0000, 143.7221, -76.9239, 790.0000, 143.7221, 0, 0, 0
L -63.9442, 581.3324, 59.2419, 50.9996, 582.5956, 56.3508, 0, 0, 0
L 567.4971, 861.0592, 60.9462, 570.2458, 856.2981, 40.2522, 0, 0, 0
L 649.6636, 427.6180, 282.0709, 656.5983, 413.6313, 356.5598, 0, 0, 0
L 105.0794, -728.0000, 40.2522, 110.5770, -728.0000, 40.2522, 0, 0, 0
L 1023.8704, 110.6017, 123.0281, 1026.6191, 105.8406, 123.0281, 0, 0, 0
L 1023.9620, 101.5583, 60.9462, 1026.7107, 106.3194, 60.9462, 0, 0, 0
L 452.4482, -236.5340, 14.2527, 489.6764, -143.8091, -9.7935, 0, 0, 0
L 282.3827, -516.8228, 56.3508, 377.2568, -451.9218, 59.2419, 0, 0, 0
L -383.4165, -578.6560, 49.3413, -381.4174, -574.6888, 148.5806, 0, 0, 0
L 373.2434, -580.6504, 46.7660, 481.7609, -492.4437, 49.3413, 0, 0, 0
L -677.2598, 114.9238, 148.0600, -636.2139, 253.4296, 148.0600, 0, 0, 0
L 591.4781, -455.5282, 60.9462, 594.2270, -450.7672, 60.9462, 0, 0, 0
L 176.4651, -561.8390, 56.3508, 282.1778, -516.6942, 59.2419, 0, 0, 0
L 389.9342, 326.1809, -9.7935, 446.3492, 243.7116, 14.2527, 0, 0, 0
L -137.7549, 663.6559, 46.7660, -3.9683, 676.9031, 46.7660, 0, 0, 0
L 7.3618, -602.0339, 11.6535, 65.6810, -602.2649, 45.0711, 0, 0, 0
L -68.1341, 663.6646, -16.7155, -66.0745, 663.6750, -3.9434, 0, 0, 0
L -53.9294, 663.7363, -4.0601, -51.8159, 663.7469, -17.2314, 0, 0, 0
L -27.1702, 663.8713, -16.8341, -7.2262, 663.9720, -1.5570, 0, 0, 0
L -8.8605, 682.9119, -0.2029, -8.7969, 667.7237, -0.2314, 0, 0, 0
L -8.7853, 664.9485, -1.5619, -8.6933, 642.9944, -16.8775, 0, 0, 0
L -8.6826, 640.4202, -1.5820, -8.6175, 624.8962, -0.2239, 0, 0, 0
L -8.4351, 581.3441, 56.3508, -8.4265, 579.3002, 49.6005, 0, 0, 0
L 677.4834, 71.6580, 176.5124, 685.9816, 213.8145, 253.4931, 0, 0, 0
L -214.0186, -1066.1747, 200.4339, -3.0580, -1086.9166, 234.8106, 0, 0, 0
L 78.0345, -715.6016, 253.4931, 212.8333, -686.5874, 377.2684, 0, 0, 0
L -3.6962, -693.2951, 49.7841, 54.5883, -686.3585, 148.5806, 0, 0, 0
L 652.7857, -192.0411, 176.4919, 689.8802, -202.3640, 253.4931, 0, 0, 0
L -563.0706, 890.0000, 81.6401, -557.5731, 890.0000, 81.6401, 0, 0, 0
L -562.2611, 161.6344, 56.3508, -519.4333, 268.3066, 56.3508, 0, 0, 0
L 780.7267, 776.3167, 200.0250, 918.7532, 608.1310, 200.1250, 0, 0, 0
L -550.5684, -463.6493, 253.4931, -521.0054, -439.3099, 176.4919, 0, 0, 0
L 628.8243, 345.5381, 253.7912, 685.0533, 213.8471, 253.4931, 0, 0, 0
L 590.9144, -310.3527, 173.2018, 639.6303, -189.0152, 173.2018, 0, 0, 0
L -637.4351, 329.6823, 377.3353, -560.4771, 447.6231, 377.3353, 0, 0, 0
L -71.5689, 641.6448, -3.9863, -65.9549, 641.6733, -16.8492, 0, 0, 0
L -58.8169, 641.7096, -4.0336, -56.7561, 641.7200, -16.6772, 0, 0, 0
L -53.5052, 641.7366, -4.0336, -51.4444, 641.7470, -16.6772, 0, 0, 0
L -47.1343, 641.7689, -16.9183, -25.2185, 641.8802, -16.8670, 0, 0, 0
L -6.7311, 641.9741, -16.8867, 8.4315, 642.0511, -1.6029, 0, 0, 0
L 69.2782, -635.9868, 111.1609, 200.5022, -639.3547, 173.2018, 0, 0, 0
L -639.0273, -131.5796, 148.1138, -623.7493, -139.9325, 123.7192, 0, 0, 0
L -66.8402, 664.2241, -3.9434, -66.6565, 666.7955, -19.3472, 0, 0, 0
L 60.5582, -555.4252, 18.0693, 167.3033, -532.9791, 14.2508, 0, 0, 0
L 612.0688, 915.5214, 46.7971, 788.5014, 770.7271, 50.1669, 0, 0, 0
L -25.5130, 668.3084, -1.5675, -23.0633, 668.2824, -1.5723, 0, 0, 0
L 0.3322, -576.0576, 11.7016, 8.0589, -576.1624, 11.7574, 0, 0, 0
L -54.7676, -666.9592, 176.5321, -6.2439, -666.1845, 173.2018, 0, 0, 0
L 10.5575, -665.9163, 173.2018, 74.2611, -664.8992, 176.5321, 0, 0, 0
L -900.0934, 589.8839, 200.4339, -765.0591, 754.4237, 200.4339, 0, 0, 0
L 612.7891, -930.4541, 200.1250, 780.9750, -792.4274, 200.1250, 0, 0, 0
L -787.7015, -792.0818, 200.1250, -619.5156, -930.1083, 200.1250, 0, 0, 0
L 52.2444, -1061.5182, 81.6401, 54.9932, -1056.7571, 102.3341, 0, 0, 0
L -176.5363, 781.7655, 60.9462, -173.7875, 777.0045, 81.6401, 0, 0, 0
L -1000.4343, 402.0387, 200.4339, -900.2838, 590.0912, 200.4339, 0, 0, 0
L -72.6711, 661.2465, 176.5321, -8.0121, 661.9520, 176.5405, 0, 0, 0
L 12.8680, 662.1799, 176.5447, 58.0739, 662.6732, 173.2019, 0, 0, 0
L -23.3184, 682.9184, -0.2025, -23.2890, 667.6913, -0.2301, 0, 0, 0
L -23.2839, 665.0219, -1.5491, -23.2413, 642.9589, -18.9360, 0, 0, 0
L -23.2362, 640.3083, -1.6333, -23.2023, 622.7764, -16.8879, 0, 0, 0
L 50.2192, -668.1557, 49.0928, 70.0298, -666.4482, 49.0934, 0, 0, 0
L 565.1394, 371.5011, 46.7660, 629.3724, 253.6021, 49.3413, 0, 0, 0
L 480.3321, 474.7995, 148.0600, 486.9734, 475.3951, 171.4865, 0, 0, 0
L 675.7242, 71.7071, 176.5124, 676.2477, -61.8873, 176.4919, 0, 0, 0
L 327.6588, -391.5009, 14.2527, 397.5374, -320.0808, -9.7935, 0, 0, 0
L -664.6448, 55.4913, 176.5321, -663.2188, -75.2525, 176.5321, 0, 0, 0
L -3.5437, 677.6405, 46.7660, 130.4590, 664.3841, 49.3412, 0, 0, 0
L 684.6627, 213.7743, 377.3353, 713.6420, 75.9604, 253.4931, 0, 0, 0
L 414.8102, -670.3481, 367.1411, 417.4720, -671.8805, 281.5010, 0, 0, 0
L -5.7644, 664.0494, -1.5570, 46.4288, 665.2842, -16.3575, 0, 0, 0
L 713.2130, 76.0443, 377.3353, 714.7491, -64.7756, 253.4931, 0, 0, 0
L -623.4995, 914.0094, 50.1669, -424.8022, 1020.2153, 50.1669, 0, 0, 0
L 663.2762, 69.9773, 176.5321, 664.7025, -60.7665, 173.2018, 0, 0, 0
L -633.7484, -95.7446, 87.6180, -622.1355, -70.0643, 108.3631, 0, 0, 0
L -221.3454, -1095.5864, 50.5242, -1.6613, -1117.2104, 50.5242, 0, 0, 0
L -718.2140, -415.9721, 123.0281, -715.4651, -411.2111, 123.0281, 0, 0, 0
L -628.7542, -929.4084, 50.1009, -426.7613, -1037.2474, 47.9551, 0, 0, 0
L 48.6617, -619.9565, 29.4809, 50.4896, -643.2440, 39.4512, 0, 0, 0
L -137.0385, 661.7545, 148.0600, -3.5306, 674.9039, 148.0600, 0, 0, 0
L -776.9518, 163.7173, 281.6254, -728.9285, 314.5361, 367.2131, 0, 0, 0
L 884.2094, -552.0000, 60.9462, 889.7070, -552.0000, 40.2522, 0, 0, 0
L 611.9453, -933.1047, 48.3509, 614.6704, -932.5665, 50.1009, 0, 0, 0
L 488.3340, -394.0280, 108.3631, 556.4028, -288.6660, 108.3631, 0, 0, 0
L 68.0181, -610.6400, 45.1885, 68.0492, -620.0418, 29.5434, 0, 0, 0
L -9.3234, -624.0394, 111.2252, 10.0000, -623.9668, 111.2253, 0, 0, 0
L 60.9046, -1066.5181, 123.0281, 63.6534, -1061.7571, 123.0281, 0, 0, 0
L -65.3530, 684.8912, -1.1205, -57.7562, 685.0342, -17.1596, 0, 0, 0
L -7.9175, 685.9725, -16.8532, 46.3271, 686.9937, -1.0712, 0, 0, 0
L 882.2591, -547.8820, 60.9462, 885.0079, -543.1210, 60.9462, 0, 0, 0
L 48.5151, 552.5279, 14.2508, 155.7238, 532.4159, 18.0693, 0, 0, 0
L 881.7639, -547.2458, 102.3341, 884.5128, -552.0069, 102.3341, 0, 0, 0
L 128.9098, -681.4095, 49.3413, 258.6154, -643.0674, 46.7660, 0, 0, 0
L 285.9021, 553.4263, 108.3631, 391.2522, 485.3651, 108.3631, 0, 0, 0
L -637.1014, 250.2383, 148.0600, -570.6246, 375.2362, 49.3413, 0, 0, 0
L 50.4983, -643.2271, 37.2126, 53.8263, -682.4954, 47.0421, 0, 0, 0
L 892.7598, 590.7045, 200.4339, 918.9538, 609.1118, 200.0250, 0, 0, 0
L 73.5843, -678.4047, 176.4919, 77.8081, -716.3093, 253.4931, 0, 0, 0
L -136.3559, -677.9706, 148.5806, -133.1252, -682.6793, 171.4865, 0, 0, 0
L -620.4703, -931.5030, 200.1250, -428.5886, -1034.0658, 200.0250, 0, 0, 0
L 627.3700, -272.8160, 171.4865, 667.8427, -142.1509, 148.5806, 0, 0, 0
L 69.2845, -635.3400, 111.1609, 191.4891, -609.6428, 111.1609, 0, 0, 0
L -18.4389, 665.9249, 3.2073, -10.2430, 665.9612, 2.0433, 0, 0, 0
L -926.2126, 608.4993, 200.0250, -788.1862, 776.6851, 200.1250, 0, 0, 0
L -145.9261, -678.0770, 49.7488, -3.7151, -693.7871, 148.5806, 0, 0, 0
L -265.8399, -641.8211, 49.3413, -264.3370, -638.6423, 148.5806, 0, 0, 0
L 489.8878, -143.7865, 14.2527, 508.3109, -45.5804, -9.7935, 0, 0, 0
L -220.7364, -1097.6497, 50.5242, -3.6016, -1119.0354, 50.5242, 0, 0, 0
L -1116.5024, -7.9983, 48.9825, -1113.3748, -7.9983, 200.1250, 0, 0, 0
L 1106.3643, -8.0017, 200.1250, 1109.4921, -8.0017, 48.9825, 0, 0, 0
L 212.3931, -1097.6080, 50.5242, 421.4617, -1034.1877, 200.0250, 0, 0, 0
L -182.8566, 782.0000, 81.6401, -177.3590, 782.0000, 102.3341, 0, 0, 0
L -82.4215, 782.0000, 81.6401, -76.9239, 782.0000, 81.6401, 0, 0, 0
L -10.0828, 673.7795, 200.9000, -8.8667, 592.5114, 59.2333, 0, 0, 0
L 8.9261, -596.4835, 72.0421, 9.3443, -624.4266, 108.3631, 0, 0, 0
L 9.5130, -635.6986, 132.6156, 9.9739, -666.4973, 176.5363, 0, 0, 0
L 27.2649, -735.2229, 123.0281, 30.0137, -739.9839, 102.3341, 0, 0, 0
L -705.6619, -182.3047, 220.9536, -677.6882, -199.8976, 232.7328, 0, 0, 0
L 445.8736, 562.0891, 377.3353, 499.8357, 509.8847, 253.7912, 0, 0, 0
L 502.5390, 507.2695, 377.3353, 548.1221, 463.1712, 377.3353, 0, 0, 0
L -215.8834, 682.1754, 253.4932, -78.0693, 711.1546, 377.3353, 0, 0, 0
L -186.6203, -642.6085, 173.2018, -58.1106, -666.7164, 176.5321, 0, 0, 0
L 417.5358, 517.6374, 176.5321, 510.9942, 426.1959, 173.2019, 0, 0, 0
L 416.6093, -672.1976, 281.5010, 538.0729, -572.6908, 281.7499, 0, 0, 0
L 213.1027, -687.5510, 253.4262, 343.6209, -631.8130, 377.2684, 0, 0, 0
L -164.1975, -565.4194, 56.3508, -51.2198, -586.6136, 59.2419, 0, 0, 0
L -8.4152, -564.0416, 14.2507, -7.7007, -556.0746, 14.2508, 0, 0, 0
L -714.6051, -80.6558, 253.3775, -659.8274, -112.1365, 159.4982, 0, 0, 0
L -3.5450, -693.4034, 148.5806, 81.5972, -681.2977, 171.4865, 0, 0, 0
L -133.5092, 666.1216, 171.4865, 0.7093, 679.3406, 171.4865, 0, 0, 0
L -667.8441, -435.0410, 281.7499, -572.1699, -557.1100, 367.2130, 0, 0, 0
L 388.6178, 486.7819, 108.3631, 478.6667, 399.4745, 108.3631, 0, 0, 0
L -190.2188, -655.1472, 176.4919, -62.5924, -717.7042, 253.4931, 0, 0, 0
L 267.8689, -490.4034, 14.2508, 357.8986, -428.8165, 14.2508, 0, 0, 0
L -929.1130, -626.5151, 49.3937, -789.8762, -797.2810, 50.1009, 0, 0, 0
L -647.7606, -146.7513, 173.2018, -639.0157, -132.3153, 148.1138, 0, 0, 0
L 554.3825, 550.6249, 367.2131, 652.0496, 426.0140, 282.0709, 0, 0, 0
L 376.7488, 560.8242, 49.3412, 479.8601, 474.8334, 148.0600, 0, 0, 0
L -44.3817, -508.5143, -10.8066, 55.5315, -507.4245, -11.1656, 0, 0, 0
L -383.8080, -579.5009, 46.7660, -262.6984, -644.2354, 171.4865, 0, 0, 0
L -3.7770, 1101.6752, 50.1669, 213.5367, 1080.2715, 50.1669, 0, 0, 0
L -560.6880, 447.8901, 377.3353, -462.1995, 548.5511, 253.4931, 0, 0, 0
L -214.1910, 1048.0334, 200.4339, -3.4180, 1068.8287, 234.8106, 0, 0, 0
L -676.6242, -186.9172, 224.8852, -659.4536, -154.2437, 176.4919, 0, 0, 0
L -789.1310, -796.4196, 50.1009, -619.5551, -930.1285, 200.1250, 0, 0, 0
L 425.7926, 355.2344, 18.0693, 487.3795, 265.2049, 14.2508, 0, 0, 0
L -487.4936, -493.0295, 49.3413, -381.5862, -574.4631, 148.5806, 0, 0, 0
L 9.5238, 608.8812, 0.1323, 9.8423, 623.2205, -1.4831, 0, 0, 0
L -388.9839, 558.5922, 49.3412, -262.1852, 626.3673, 171.4865, 0, 0, 0
L -64.2882, 572.2117, -6.2926, -6.9020, 572.0254, 29.1864, 0, 0, 0
L -433.8005, 345.9334, 14.2508, -357.5157, 423.9008, 18.0693, 0, 0, 0
L -484.5930, -490.2330, 148.5806, -381.2493, -574.0531, 148.5806, 0, 0, 0
L -201.2312, -692.7748, 377.3353, -62.8147, -718.7408, 377.3353, 0, 0, 0
L 1018.8334, 102.0000, 60.9462, 1024.3309, 102.0000, 40.2522, 0, 0, 0
L -51.1482, -586.9500, 56.3508, -6.3707, -586.1918, 56.3508, 0, 0, 0
L 12.9604, -585.8646, 56.3508, 67.3532, -584.9436, 59.2419, 0, 0, 0
L 566.6174, 861.3944, 40.2522, 569.3663, 866.1555, 60.9462, 0, 0, 0
L -177.8065, 772.0269, 102.3341, -175.0577, 776.7878, 81.6401, 0, 0, 0
L -65.6134, 572.5592, 11.4165, -65.5775, 581.1650, 11.5339, 0, 0, 0
L -65.4593, 609.5246, -13.2695, -65.3961, 624.6879, -18.9150, 0, 0, 0
L 306.5140, -560.8948, 111.1609, 409.5826, -490.3883, 111.1609, 0, 0, 0
L 110.6116, -728.4146, 143.7221, 113.3604, -723.6534, 123.0281, 0, 0, 0
L 212.6882, 1080.7986, 50.1669, 426.2692, 1016.0096, 50.1669, 0, 0, 0
L 398.1686, 495.0550, 111.1609, 416.9337, 517.9402, 173.2019, 0, 0, 0
L 67.9853, -623.6444, 108.3631, 190.6220, -597.2736, 108.3631, 0, 0, 0
L 34.6470, -739.9885, 81.6401, 37.3958, -735.2274, 81.6401, 0, 0, 0
L -84.5970, 785.4717, 123.0281, -81.8482, 790.2327, 143.7221, 0, 0, 0
L -68.1413, 619.2936, 108.3632, 62.5959, 620.7196, 108.3631, 0, 0, 0
L -77.6695, 781.4720, 123.0281, -74.9207, 786.2331, 123.0281, 0, 0, 0
L -96.3909, 1008.0000, 81.6401, -90.8933, 1008.0000, 81.6401, 0, 0, 0
L -676.7313, 125.4235, 49.3413, -637.7280, 254.0002, 49.3413, 0, 0, 0
L 594.5482, -906.4531, 200.4339, 759.2595, -771.5775, 234.8106, 0, 0, 0
L -186.7196, -667.1639, 171.4865, -136.7757, -678.5857, 148.5806, 0, 0, 0
L 592.0501, -445.4504, 102.3341, 594.7990, -450.2115, 123.0281, 0, 0, 0
L -66.3511, 609.5837, 4.0307, -66.0264, 590.4457, -3.6001, 0, 0, 0
L -929.0679, -626.4823, 49.3937, -788.4409, -792.9306, 200.1250, 0, 0, 0
L 9.4770, 635.9192, 3.1731, 9.5192, 629.9901, 3.1719, 0, 0, 0
L 9.5521, 625.3553, -18.9388, 9.5689, 623.0041, -18.9299, 0, 0, 0
L 10.0191, 559.7108, 18.0166, 10.0757, 551.7573, 14.2508, 0, 0, 0
L 10.1229, 545.1177, 0.1412, 10.3252, 516.6797, 4.8051, 0, 0, 0
L 274.1755, -744.0438, 281.6779, 416.9578, -668.6956, 367.1411, 0, 0, 0
L -60.6640, 551.3644, 18.0693, -6.8418, 551.9581, 18.0693, 0, 0, 0
L 11.3937, 552.1592, 18.0693, 48.4424, 552.5679, 14.2508, 0, 0, 0
L -96.3909, 1018.0000, 102.3341, -90.8933, 1018.0000, 102.3341, 0, 0, 0
L 667.3119, -141.8262, 171.4865, 681.2085, -0.7317, 148.5806, 0, 0, 0
L -685.3503, -218.2560, 377.3353, -630.0414, -347.7687, 377.3353, 0, 0, 0
L 547.3507, 301.3518, 108.3631, 597.1353, 186.2271, 108.3631, 0, 0, 0
L -566.6223, 886.5740, 102.3341, -563.8734, 891.3351, 102.3341, 0, 0, 0
L -520.3962, 414.6139, 173.2019, -497.0339, 396.3424, 111.1609, 0, 0, 0
L 48.6689, -619.9230, 45.5586, 50.4337, -643.3682, 55.6499, 0, 0, 0
L -787.9513, 776.3530, 200.1250, -618.7923, 915.1783, 46.7971, 0, 0, 0
L 35.9252, -730.2230, 102.3341, 38.6740, -734.9840, 123.0281, 0, 0, 0
L -1091.8512, -224.4813, 200.0250, -1028.6932, -432.6852, 200.0250, 0, 0, 0
L -520.2012, 414.8159, 173.2019, -409.5060, 485.8038, 111.1609, 0, 0, 0
L -591.3057, 306.0633, 173.2018, -564.7333, 292.7116, 111.1609, 0, 0, 0
L 51.6296, -682.1305, 49.0928, 73.8495, -680.1033, 49.0922, 0, 0, 0
L -6.1694, 516.1713, -10.4364, -5.8431, 545.0500, 0.1893, 0, 0, 0
L -5.1124, 609.7284, -18.9239, -4.9629, 622.9622, -16.8732, 0, 0, 0
L -635.0346, 53.4390, 111.1609, -612.0096, 176.1750, 111.1609, 0, 0, 0
L 629.0399, 253.4799, 148.5806, 649.1251, 200.0077, 171.4865, 0, 0, 0
L 55.3347, -1066.0000, 60.9462, 60.8322, -1066.0000, 40.2522, 0, 0, 0
L 535.0888, -576.1425, 281.7499, 636.0161, -455.2665, 367.2130, 0, 0, 0
L 1018.8334, 110.0000, 123.0281, 1024.3309, 110.0000, 143.7221, 0, 0, 0
L 759.2464, -771.4211, 200.4339, 781.5473, -792.5423, 200.0250, 0, 0, 0
L -488.7062, -270.3500, 18.0693, -427.1194, -360.3795, 14.2508, 0, 0, 0
L -77.4990, 790.2316, 123.0281, -74.7502, 785.4706, 143.7221, 0, 0, 0
L -926.0803, -624.4238, 200.1250, -788.0538, -792.6096, 200.0250, 0, 0, 0
L -758.5707, -227.7269, 281.5768, -756.8538, -233.3175, 355.5743, 0, 0, 0
L -979.6990, 254.0000, 60.9462, -974.2014, 254.0000, 40.2522, 0, 0, 0
L -527.7371, -59.4011, 13.3143, -527.5068, -56.2517, 13.3281, 0, 0, 0
L -68.4635, 624.6043, -1.5795, -16.6211, 625.7839, -18.9360, 0, 0, 0
L -12.4777, 625.8782, -16.8867, -9.5131, 625.9456, -16.8683, 0, 0, 0
L -595.6436, -329.4706, 176.4919, -549.9688, -463.7953, 253.4931, 0, 0, 0
L -9.6293, -706.3418, 253.9863, 12.8500, -705.8847, 253.9863, 0, 0, 0
L 49.6185, -668.3483, 68.1733, 53.1103, -668.4801, 66.8897, 0, 0, 0
L -554.5385, 46.3409, 18.0693, -553.3486, -62.7318, 14.1800, 0, 0, 0
L -10.4802, -623.9744, 111.2252, -10.3715, -596.6120, 72.0421, 0, 0, 0
L -5.8343, 544.8676, -16.9411, -5.5240, 622.9427, -1.5826, 0, 0, 0
L -5.4742, 635.4656, 3.1744, -5.4558, 640.1036, -0.2227, 0, 0, 0
L -5.3569, 664.9822, -16.8400, -5.2855, 682.9396, -1.5681, 0, 0, 0
L -409.4076, 485.6616, 111.1609, -306.3391, 556.1681, 111.1609, 0, 0, 0
L 358.1732, -428.9483, 14.2508, 434.4579, -350.9809, 18.0693, 0, 0, 0
L 520.8143, -420.5707, 173.2018, 592.2659, -311.0688, 176.5321, 0, 0, 0
L -266.3526, -642.3409, 49.3413, -133.3848, -682.6763, 171.4865, 0, 0, 0
L -1031.4923, 418.6055, 49.6000, -1028.6028, 417.4086, 200.1250, 0, 0, 0
L 1022.1643, -432.0600, 200.1250, 1025.0540, -433.2570, 49.2548, 0, 0, 0
L 550.5455, 459.7921, 377.3353, 630.0579, 343.5587, 377.3353, 0, 0, 0
L 921.4477, -626.1217, 49.3937, 1021.4102, -432.5022, 200.1250, 0, 0, 0
L -4.4079, -1117.8146, 50.5242, 215.1243, -1096.1926, 50.5242, 0, 0, 0
L -3.5980, 676.4101, 148.0600, 56.4694, 674.6131, 171.4865, 0, 0, 0
L -55.4458, 505.4257, -12.5311, -5.7591, 505.9673, -12.5311, 0, 0, 0
L 11.4115, 506.1545, 14.2531, 46.1068, 506.5327, -12.7782, 0, 0, 0
L 124.7740, 664.3884, 49.3412, 258.4253, 623.8458, 49.3412, 0, 0, 0
L 345.3008, -631.6975, 253.2619, 461.1714, -551.6489, 253.4931, 0, 0, 0
L -264.5983, -639.1892, 148.5806, -137.5245, -681.3712, 49.7488, 0, 0, 0
L -602.4261, -904.9595, 200.4339, -414.8232, -1005.0410, 234.8106, 0, 0, 0
L 55.3347, -1056.0000, 123.0281, 60.8322, -1056.0000, 123.0281, 0, 0, 0
L 9.3913, 559.7077, 12.1099, 9.5418, 551.7686, 14.2508, 0, 0, 0
L 10.2153, 516.2457, -10.9457, 10.4059, 506.1953, -8.6849, 0, 0, 0
L 10.3191, 627.7504, 2.0091, 10.5464, 625.3720, -0.2355, 0, 0, 0
L -644.8190, -80.4702, 138.0715, -633.5502, -71.1830, 111.1609, 0, 0, 0
L -633.1190, -95.6955, 87.6180, -610.3550, -120.3390, 111.2253, 0, 0, 0
L 560.1060, 174.3675, 56.3508, 583.7599, 61.8786, 56.3508, 0, 0, 0
L -429.9626, 1016.9792, 50.1669, -214.8504, 1082.2328, 50.1669, 0, 0, 0
L 480.8244, 475.7908, 46.7660, 566.8241, 372.6884, 49.3413, 0, 0, 0
L 1016.9456, 106.6036, 102.3341, 1019.6945, 101.8426, 102.3341, 0, 0, 0
L -585.1965, -322.7679, 173.2018, -558.9323, -307.8690, 111.1609, 0, 0, 0
L 634.5298, -456.5753, 367.2130, 643.1678, -440.8630, 367.2130, 0, 0, 0
L 653.2543, -422.5160, 367.2131, 688.0880, -359.1544, 282.0602, 0, 0, 0
L 245.1213, -447.8080, 14.2527, 327.5906, -391.3929, -9.7935, 0, 0, 0
L 9.7237, -602.0991, 11.6535, 9.7357, -575.9496, 19.5275, 0, 0, 0
L 10.2720, 592.6700, 72.0422, 10.2859, 623.0100, -16.9098, 0, 0, 0
L 10.2919, 635.9058, 3.1731, 10.2929, 638.1762, 2.0104, 0, 0, 0
L 10.2940, 640.4562, -16.8873, 10.2951, 642.9411, -16.8879, 0, 0, 0
L -51.8894, -625.1295, 108.3631, -5.9365, -624.2341, 111.2252, 0, 0, 0
L 9.9940, -623.9237, 108.3631, 74.0116, -622.6763, 108.3631, 0, 0, 0
L -71.3598, 660.5217, 173.2019, -68.1930, 631.2091, 111.1609, 0, 0, 0
L 68.6515, -635.4528, 111.1609, 71.9221, -665.7267, 173.2018, 0, 0, 0
L -510.7649, -431.6245, 173.2018, -487.8174, -411.8770, 111.1609, 0, 0, 0
L -633.7289, -96.2567, 87.6180, -611.6591, -120.3060, 108.3631, 0, 0, 0
L 673.7474, -386.0044, 334.8576, 675.2614, -383.5667, 281.6247, 0, 0, 0
L 51.1585, 582.5552, 59.2419, 164.1363, 561.3611, 56.3508, 0, 0, 0
L 418.5541, 1019.0194, 50.1669, 618.9620, 911.8992, 50.1669, 0, 0, 0
L 583.3618, 61.6890, 59.2419, 584.6157, -53.2527, 59.2419, 0, 0, 0
L -5.7935, 624.9240, -1.6003, -5.6971, 622.9041, -1.5826, 0, 0, 0
L -29.2903, 639.5044, -18.9175, -25.0664, 639.5991, -16.8670, 0, 0, 0
L -8.4756, 639.9706, -18.9372, 10.2051, 640.3891, -1.6023, 0, 0, 0
L -765.9700, -771.2524, 200.4339, -601.2554, -906.1309, 234.8106, 0, 0, 0
L -381.0558, -574.5289, 148.5806, -380.7238, -580.1973, 171.4865, 0, 0, 0
L -67.1258, 685.6232, -19.2184, -50.9018, 685.7170, -1.2801, 0, 0, 0
L -27.2823, 685.8537, -1.5675, -12.1447, 685.9412, -1.5681, 0, 0, 0
L -520.2461, 414.8695, 176.5321, -428.8047, 508.3278, 173.2019, 0, 0, 0
L -51.5187, 664.3328, -4.0601, -51.2018, 642.2018, -4.0615, 0, 0, 0
L -51.1717, 640.1011, -0.2091, -50.9542, 624.9111, -1.5379, 0, 0, 0
L -688.9720, -8.5543, 49.3413, -674.1552, -147.6063, 49.3413, 0, 0, 0
L -554.0573, -63.1476, 18.0693, -551.5562, -68.4461, 14.0696, 0, 0, 0
L 585.7853, -446.0000, 60.9462, 591.2829, -446.0000, 81.6401, 0, 0, 0
L 421.2504, -1033.4526, 200.1250, 613.1322, -930.8898, 200.1250, 0, 0, 0
L -514.3187, -64.4284, 7.5793, -510.5156, -60.7721, 5.1443, 0, 0, 0
L 101.6344, -724.0354, 40.2522, 104.3832, -728.7965, 40.2522, 0, 0, 0
L -663.6183, -75.5760, 173.2018, -654.2491, -91.4617, 135.8412, 0, 0, 0
L 186.5922, 637.6974, 173.2019, 294.0842, 562.8862, 111.1609, 0, 0, 0
L -67.9423, 623.9529, -1.5795, -50.6221, 623.9650, -0.2543, 0, 0, 0
L 884.2094, -542.0000, 143.7221, 889.7070, -542.0000, 143.7221, 0, 0, 0
L 677.0537, -61.8637, 176.4919, 714.0077, 76.0733, 253.4931, 0, 0, 0
L -123.3292, 674.3469, 22.6993, -122.5106, 665.8622, 22.5795, 0, 0, 0
L -486.4126, -154.4808, 14.2527, -447.1704, -246.3716, -9.7935, 0, 0, 0
L -640.2834, -94.9340, 102.5755, -633.3405, -95.7385, 87.6180, 0, 0, 0
L 9.9995, 516.2205, -10.9457, 10.1559, 506.1314, -11.6911, 0, 0, 0
L 382.6649, 563.2544, 171.4865, 425.7413, 525.6743, 171.4865, 0, 0, 0
L 519.5367, 437.6227, 171.4865, 565.2110, 371.0890, 171.4502, 0, 0, 0
L -7.6598, 640.1218, -1.5828, -7.6400, 643.0433, -1.5889, 0, 0, 0
L 614.3691, 914.4648, 50.1669, 780.8173, 776.2062, 46.7971, 0, 0, 0
L 570.0964, 856.0000, 81.6401, 575.5940, 856.0000, 60.9462, 0, 0, 0
L 200.4474, -638.5870, 173.2018, 320.6931, -587.2358, 176.5321, 0, 0, 0
L 428.9790, -513.8694, 173.2018, 520.4203, -420.4109, 173.2018, 0, 0, 0
L -153.1844, 484.8547, -9.7935, -55.4033, 505.4157, -12.5311, 0, 0, 0
L 186.8520, 638.3437, 176.5321, 308.1893, 589.6277, 173.2019, 0, 0, 0
L -142.5321, -490.1231, -10.5986, -44.3260, -508.5462, -10.8066, 0, 0, 0
L -687.5632, -9.0431, 46.7660, -675.5273, 125.0132, 148.0600, 0, 0, 0
L 569.4701, -438.4585, 377.3353, 572.0222, -434.8205, 352.7507, 0, 0, 0
L -50.2831, 684.9231, -17.1641, -50.2227, 666.7958, -19.3616, 0, 0, 0
L -50.1339, 640.1476, -0.2091, -50.0823, 624.6722, -0.2543, 0, 0, 0
L -50.0324, 609.6956, -13.3080, -49.9682, 590.4415, -6.2404, 0, 0, 0
L 3.1838, 792.0753, 367.2131, 162.5081, 771.5666, 281.7655, 0, 0, 0
L -454.4815, -658.0086, 281.7499, -316.9652, -734.5959, 281.7499, 0, 0, 0
L -66.0622, 642.4125, -3.9859, -65.8925, 640.0436, -18.9159, 0, 0, 0
L -572.1812, 371.3638, 148.0600, -570.8867, 373.4466, 171.4865, 0, 0, 0
L -488.0685, -492.5971, 49.3413, -485.5048, -490.2105, 148.5806, 0, 0, 0
L -125.3104, 731.1350, 46.7763, -121.2399, 683.9553, 22.8439, 0, 0, 0
L 155.6561, 532.3338, 14.2508, 256.9794, 491.6534, 18.0693, 0, 0, 0
L 781.3062, 776.6204, 46.7971, 783.5178, 776.8337, 50.1669, 0, 0, 0
L -643.6865, -80.5324, 138.0715, -639.4357, -94.8573, 102.5755, 0, 0, 0
L -629.6887, -348.0012, 253.4931, -595.8512, -329.9101, 176.4919, 0, 0, 0
L -41.7064, 625.2820, -16.8728, -39.0043, 625.2123, -16.8939, 0, 0, 0
L -23.0499, 624.8011, -1.6089, -6.2948, 624.3694, -0.2239, 0, 0, 0
L 155.7174, 773.7579, 367.2131, 302.1208, 726.1765, 367.2131, 0, 0, 0
L -597.3702, -341.5874, 171.4865, -569.8113, -387.6227, 148.5806, 0, 0, 0
L -398.8984, -499.1342, 111.1609, -294.3164, -567.3754, 111.1609, 0, 0, 0
L -584.5686, 48.9483, 59.2419, -583.3148, -65.9934, 59.2419, 0, 0, 0
L 13.3873, 640.4402, -16.8867, 13.4960, 625.3423, -1.5937, 0, 0, 0
L -591.3595, 305.1380, 173.2018, -519.9082, 414.6400, 176.5321, 0, 0, 0
L -687.0185, -8.4588, 148.0600, -671.9934, -148.4911, 171.4865, 0, 0, 0
L -8.9029, -575.9577, 28.5463, -8.7147, -610.9598, 11.7121, 0, 0, 0
L -8.5802, -635.9604, 132.6156, -8.4157, -666.5590, 173.2018, 0, 0, 0
L 29.5776, -730.0000, 102.3341, 35.0752, -730.0000, 102.3341, 0, 0, 0
L -71.7818, 639.5366, -1.5807, -53.2365, 639.6600, -0.2091, 0, 0, 0
L -51.0045, 639.6748, -18.9524, -27.1893, 639.8333, -1.5820, 0, 0, 0
L -23.0449, 639.8608, -1.6333, -6.9233, 639.9681, -18.9372, 0, 0, 0
L 1.3014, 640.0228, -1.6023, 3.7844, 640.0394, -1.6016, 0, 0, 0
L -635.3780, -202.8694, 173.2018, -584.0266, -323.1153, 176.5321, 0, 0, 0
L -200.7785, 634.2583, 176.5321, -72.8252, 661.1638, 173.2019, 0, 0, 0
L -654.2330, -91.1635, 135.8412, -653.9819, -96.1316, 112.6941, 0, 0, 0
L -58.6704, 626.2531, 1.9813, -48.1967, 626.2089, 1.9800, 0, 0, 0
L -44.9200, 626.1951, -1.5379, -39.8448, 626.1736, -16.8939, 0, 0, 0
L -18.9673, 626.0856, -16.8879, -1.2391, 626.0108, -18.9360, 0, 0, 0
L 10.2020, 625.9625, -16.8787, 13.9175, 625.9469, -1.5937, 0, 0, 0
L -107.2054, 708.7521, 10.8280, -104.7499, 685.5562, -3.5866, 0, 0, 0
L -690.2439, 197.1490, 253.3775, -637.1055, 329.5019, 253.4931, 0, 0, 0
L -700.6318, -138.5997, 200.4619, -660.0964, -111.3374, 159.4982, 0, 0, 0
L 534.0538, -157.8398, 18.0693, 554.1659, -50.6311, 14.2508, 0, 0, 0
L -669.0209, -122.7704, 148.1433, -660.1437, -111.5724, 159.4982, 0, 0, 0
L 54.8098, -685.8355, 46.7805, 70.0546, -684.4941, 47.3527, 0, 0, 0
L 132.3249, -787.1798, 281.7499, 276.8248, -743.8222, 367.1410, 0, 0, 0
L 167.3847, -533.0957, 14.2508, 267.6996, -490.2561, 14.2508, 0, 0, 0
L -265.4014, 623.3983, 148.0600, -208.8645, 643.0806, 171.4865, 0, 0, 0
L -66.0263, 666.7457, -19.3472, -66.0254, 642.4108, -16.8492, 0, 0, 0
L -66.0253, 640.2187, -1.5807, -66.0241, 609.6652, -10.9576, 0, 0, 0
L -66.0233, 590.6287, -6.2415, -66.0226, 572.7057, -6.2926, 0, 0, 0
L -209.0852, 643.8174, 171.4865, -137.2448, 663.0778, 148.0600, 0, 0, 0
L -11.2562, -679.6791, 200.9000, -10.3656, -706.2721, 253.9863, 0, 0, 0
L 510.1216, 425.7899, 173.2019, 557.6639, 303.9446, 111.1609, 0, 0, 0
L 105.0794, -718.0000, 123.0281, 110.5770, -718.0000, 123.0281, 0, 0, 0
L 585.7853, -456.0000, 123.0281, 591.2829, -456.0000, 102.3341, 0, 0, 0
L -663.8325, -75.0816, 173.2018, -635.4144, 53.5357, 111.1609, 0, 0, 0
L -665.1495, 55.6161, 173.2019, -641.0416, 184.1260, 173.2019, 0, 0, 0
L -99.3969, 1012.1598, 81.6401, -96.6481, 1007.3987, 81.6401, 0, 0, 0
L 562.9934, 376.5070, 49.3413, 628.8386, 253.3193, 49.3413, 0, 0, 0
L -511.2029, -431.5878, 176.5321, -417.7446, -523.0292, 176.5321, 0, 0, 0
L 720.3677, 289.7370, 367.2131, 762.8480, 139.3346, 283.0944, 0, 0, 0
L -7.9167, 625.4572, -1.5836, -5.0431, 625.8782, -16.8683, 0, 0, 0
L -175.0222, -602.3401, 108.3631, -54.4744, -624.3876, 111.2253, 0, 0, 0
L -487.2791, -492.6450, 49.3413, -381.5402, -579.5716, 171.4865, 0, 0, 0
L -569.5025, -387.3977, 148.5806, -484.8270, -490.5959, 148.5806, 0, 0, 0
L -291.3174, -555.4533, 108.3631, -174.9104, -602.1897, 108.3631, 0, 0, 0
L -219.9428, 1079.6405, 200.0250, -3.4180, 1100.9664, 200.1250, 0, 0, 0
L 258.1376, 624.5788, 46.7660, 376.4485, 560.2058, 46.7660, 0, 0, 0
L 1021.8458, 416.7961, 200.1250, 1024.7354, 417.9931, 49.6000, 0, 0, 0
L -321.1093, 582.7085, 176.5321, -200.8636, 634.0598, 176.5321, 0, 0, 0
L -69.4102, 631.2802, 111.1609, -7.6563, 631.9540, 111.1609, 0, 0, 0
L 12.2863, 632.1717, 111.1609, 55.4611, 632.6428, 111.1609, 0, 0, 0
L -90.7366, 1017.1597, 81.6401, -87.9879, 1012.3987, 81.6401, 0, 0, 0
L -50.6878, 666.8025, -17.0257, -50.5678, 664.3528, -4.0601, 0, 0, 0
L 54.5511, -682.3079, 66.6379, 55.1288, -687.0711, 49.0922, 0, 0, 0
L 478.9739, -491.7575, 171.4865, 533.6938, -428.5701, 171.4865, 0, 0, 0
L -622.7438, 52.3454, 111.2253, -600.6961, 172.8936, 108.3631, 0, 0, 0
L -124.0490, 683.6434, 22.8471, -123.1561, 674.3636, 22.6993, 0, 0, 0
L -7.1462, 621.9860, -1.5826, 10.4318, 622.3517, -0.2366, 0, 0, 0
L 757.7641, -772.5289, 200.5310, 893.1660, -607.9862, 234.8106, 0, 0, 0
L -201.7965, -691.6196, 253.4931, -191.0098, -655.0284, 176.4919, 0, 0, 0
L -52.1915, 589.6170, 11.6829, 9.3865, 590.0893, 29.3153, 0, 0, 0
L -51.1983, 640.9176, -16.8670, -45.4645, 640.8243, -18.9524, 0, 0, 0
L -9.6890, 640.2423, -16.8682, -6.8526, 640.1962, -1.5995, 0, 0, 0
L -44.6720, 667.2508, -17.0257, -44.4701, 664.8763, -17.2034, 0, 0, 0
L 68.6503, -665.9779, 68.2090, 69.9351, -681.0934, 49.0922, 0, 0, 0
L -654.0790, -114.4180, 129.8953, -648.2521, -146.6245, 176.5321, 0, 0, 0
L -48.5450, -556.5636, 14.2508, -8.2584, -556.1234, 14.2508, 0, 0, 0
L 9.1394, -555.9333, 18.0693, 60.5838, -555.3712, 18.0693, 0, 0, 0
L 585.5289, 318.3171, 173.2018, 608.2921, 189.5457, 111.1609, 0, 0, 0
L -428.0817, -1035.7534, 47.9551, -217.2485, -1096.8970, 50.5242, 0, 0, 0
L 426.5362, 526.5447, 171.4865, 480.8372, 475.9352, 148.0600, 0, 0, 0
L -1092.4772, 208.6382, 200.0250, -1029.3193, 416.8422, 200.1250, 0, 0, 0
L 425.4713, 525.3278, 171.4865, 486.4135, 475.3138, 171.4865, 0, 0, 0
L -755.3907, -232.8872, 355.5743, -753.1932, -241.0048, 281.8886, 0, 0, 0
L -765.8749, 753.0740, 200.4339, -601.5328, 887.9461, 200.4339, 0, 0, 0
L 1053.1934, -221.1870, 200.5310, 1074.4624, -8.9518, 234.8106, 0, 0, 0
L 1053.3408, 201.3043, 200.5310, 1074.0652, -9.1131, 200.5310, 0, 0, 0
L 993.7098, 403.8842, 234.8106, 1055.2601, 199.7740, 234.8106, 0, 0, 0
L -4.6147, 640.1301, -16.8683, -4.4990, 643.0474, -16.8775, 0, 0, 0
L 54.6322, -686.2372, 148.5806, 70.7632, -685.5109, 77.0989, 0, 0, 0
L 212.7585, -686.7250, 253.4262, 345.6494, -631.9877, 253.2619, 0, 0, 0
L -108.5633, -789.0796, 281.7401, -15.4572, -798.5003, 281.7499, 0, 0, 0
L 128.9554, -679.9287, 171.4865, 211.4152, -652.6249, 171.4865, 0, 0, 0
L 550.3948, 459.6896, 377.3353, 630.5710, 343.1599, 253.7912, 0, 0, 0
L -62.6316, -718.7259, 377.3353, 78.1883, -717.1898, 253.4931, 0, 0, 0
L 13.0265, 712.9116, 254.0892, 13.8430, 674.0529, 200.9000, 0, 0, 0
L -790.9114, 777.4813, 50.1669, -617.4255, 918.0750, 50.1669, 0, 0, 0
L -19.9299, 639.6983, -0.2635, -7.8602, 640.1374, -1.5820, 0, 0, 0
L 647.4010, -437.1476, 367.2130, 654.3601, -424.5231, 326.6262, 0, 0, 0
L 656.6388, -420.3895, 367.2131, 664.8990, -405.4048, 341.6868, 0, 0, 0
L 893.4465, 590.1656, 234.8106, 993.5925, 402.1212, 234.8106, 0, 0, 0
L 553.3956, 58.4271, 14.2508, 554.5854, -50.6452, 18.0693, 0, 0, 0
L 1021.6989, 416.6544, 200.1250, 1087.9244, 209.0606, 49.6000, 0, 0, 0
L 781.3843, -792.7197, 200.1250, 783.5958, -794.9313, 50.1009, 0, 0, 0
L -603.7694, 311.7385, 176.4920, -530.9487, 423.3389, 176.4920, 0, 0, 0
L -724.3580, -416.0000, 123.0281, -718.8604, -416.0000, 123.0281, 0, 0, 0
L -707.1127, -67.0078, 174.9424, -672.5237, -216.3728, 298.3651, 0, 0, 0
L -716.7249, 62.1578, 253.3775, -715.1608, -80.4480, 253.3775, 0, 0, 0
L -121.6926, 684.1602, -1.4010, -119.8613, 666.1131, -1.5904, 0, 0, 0
L 130.0759, 663.4880, 148.0600, 188.7081, 650.8491, 171.4865, 0, 0, 0
L 55.4737, -507.4447, 14.2527, 153.2545, -486.8836, -10.8100, 0, 0, 0
L -5.7524, 667.7465, -18.9043, -5.6876, 643.0291, -18.9372, 0, 0, 0
L -5.6800, 640.1373, -0.2740, -5.6401, 624.9599, -1.6003, 0, 0, 0
L 212.8541, -1096.0892, 47.7663, 428.8508, -1033.4479, 50.1009, 0, 0, 0
L 308.1842, 589.3718, 173.2019, 417.6862, 517.9204, 173.2019, 0, 0, 0
L 110.2947, -719.0355, 102.3341, 113.0435, -723.7965, 123.0281, 0, 0, 0
L -1029.0342, 416.7888, 200.0250, -926.4713, 608.6705, 200.1250, 0, 0, 0
L -428.4620, -1034.1543, 200.1250, -220.2581, -1097.3123, 200.1250, 0, 0, 0
L -8.9333, -575.9398, 11.6800, -8.0633, -602.2003, 13.3833, 0, 0, 0
L -66.5888, 609.6143, 4.0307, -66.1923, 590.3969, 11.6818, 0, 0, 0
L -428.9906, 508.6133, 176.5321, -321.0735, 582.4365, 173.2019, 0, 0, 0
L -434.3859, 664.7131, 367.2131, -297.7003, 735.4626, 281.7500, 0, 0, 0
L 562.9981, -166.2565, 56.3508, 584.1925, -53.2787, 56.3508, 0, 0, 0
L -78.2302, 711.1890, 377.3353, 62.5894, 712.7251, 253.4931, 0, 0, 0
L -5.1388, 640.1355, -0.2740, -5.0782, 638.1083, 1.9591, 0, 0, 0
L 889.1873, -551.8820, 102.3341, 891.9361, -547.1209, 102.3341, 0, 0, 0
L -550.0043, -463.5758, 377.3353, -449.3435, -562.0641, 377.3353, 0, 0, 0
L 409.2643, -1005.8428, 200.4339, 596.7847, -905.6110, 234.8106, 0, 0, 0
L -29.1399, 681.8778, -1.5688, -10.2094, 681.9615, -16.8532, 0, 0, 0
L -653.9526, -114.7575, 129.8953, -639.4241, -132.2083, 148.1138, 0, 0, 0
L 921.6310, -626.2111, 49.3937, 1024.4832, -433.7887, 49.2548, 0, 0, 0
L -928.5958, 610.8300, 49.3055, -925.9952, 609.0924, 200.1250, 0, 0, 0
L 919.6657, -624.1061, 200.1250, 922.2661, -625.8436, 49.3937, 0, 0, 0
L -10.3141, -716.7472, 254.0892, -9.9281, -706.2367, 253.9863, 0, 0, 0
L -7.3487, -636.0075, 132.6156, -6.9090, -624.0353, 111.2252, 0, 0, 0
L 920.0118, -624.9981, 200.1250, 1022.5747, -433.1161, 200.1250, 0, 0, 0
L 206.4724, -1065.9642, 200.4339, 408.8036, -1004.5879, 200.4339, 0, 0, 0
L 602.9673, -316.4047, 176.4919, 637.2412, -333.7527, 253.4931, 0, 0, 0
L 29.5776, -740.0000, 123.0281, 35.0752, -740.0000, 123.0281, 0, 0, 0
L -50.4989, 666.7275, -1.4090, -50.3487, 664.3695, -4.0601, 0, 0, 0
L 496.6432, -400.9977, 111.1609, 520.0219, -420.2398, 173.2018, 0, 0, 0
L 417.2136, -1037.5214, 47.9551, 614.4756, -932.7486, 50.1009, 0, 0, 0
L -182.8566, 772.0000, 60.9462, -177.3590, 772.0000, 60.9462, 0, 0, 0
L -559.1967, -308.9963, 111.1609, -488.6904, -412.0648, 111.1609, 0, 0, 0
L 55.4960, 632.6138, 111.1609, 178.2320, 609.5889, 111.1609, 0, 0, 0
L -479.3588, -404.3747, 108.3631, -389.3016, -491.6905, 108.3631, 0, 0, 0
L -979.6990, 264.0000, 40.2522, -974.2014, 264.0000, 40.2522, 0, 0, 0
L 669.0808, -143.2300, 49.3413, 682.5204, -8.6147, 46.7660, 0, 0, 0
L -507.4319, -73.8331, 9.3952, -502.4150, -76.7021, 8.6369, 0, 0, 0
L -724.3580, -406.0000, 123.0281, -718.8604, -406.0000, 123.0281, 0, 0, 0
L -508.0693, -65.3452, 4.2311, -506.9621, -56.5105, -9.7935, 0, 0, 0
L -320.6665, 582.2312, 173.2019, -306.2611, 556.4440, 111.1609, 0, 0, 0
L -508.5032, 43.3523, -9.7935, -507.4132, -56.5609, -9.7935, 0, 0, 0
L 377.5625, -452.0282, 56.3508, 457.9520, -369.8655, 59.2419, 0, 0, 0
L -14.5646, -595.9875, 72.0421, 9.5673, -596.0085, 59.2333, 0, 0, 0
L -345.1899, 626.7933, 377.3353, -215.6775, 682.1019, 253.4932, 0, 0, 0
L -639.9357, 183.6896, 173.2019, -564.6474, 291.6751, 111.1609, 0, 0, 0
L -68.1740, 663.4863, -16.7155, -66.1341, 663.3997, -3.9434, 0, 0, 0
L 68.8862, -686.6387, 64.4435, 128.8130, -679.6716, 148.5806, 0, 0, 0
L 235.1903, 450.7284, 14.2527, 318.8706, 396.1258, 14.2527, 0, 0, 0
L 595.7974, 887.6238, 234.8106, 759.9886, 752.5760, 234.8106, 0, 0, 0
L 142.5707, 488.0185, 14.2527, 235.2957, 450.7903, 14.2527, 0, 0, 0
L -519.8229, 268.3757, 59.2419, -457.0071, 364.6429, 56.3508, 0, 0, 0
L -300.6997, 545.7549, 108.3631, -185.3561, 595.0127, 108.3632, 0, 0, 0
L 567.4838, -439.4807, 377.3353, 573.0134, -431.2024, 359.7860, 0, 0, 0
L 591.1132, -404.1047, 373.6576, 598.1710, -393.5384, 347.2890, 0, 0, 0
L 605.3574, -382.7794, 377.3353, 611.3295, -373.8385, 263.2346, 0, 0, 0
L 478.9279, -493.7458, 148.5806, 565.7216, -389.5614, 49.3413, 0, 0, 0
L 436.7578, 650.3286, 282.0709, 468.5493, 624.3911, 338.2340, 0, 0, 0
L -488.8994, 386.4342, 108.3632, -401.5928, 476.4817, 108.3631, 0, 0, 0
L -149.9638, 778.5206, 367.2131, 6.3781, 791.0275, 281.7499, 0, 0, 0
L 565.1063, 371.4635, 148.5806, 595.7701, 321.8597, 171.4502, 0, 0, 0
L 46.3495, 686.4387, -16.3563, 46.3981, 666.2408, -1.0725, 0, 0, 0
L 636.8659, 198.0959, 176.5321, 663.7719, 70.1424, 176.5321, 0, 0, 0
L -446.9810, -246.3302, 14.2527, -390.5657, -328.7999, -9.7935, 0, 0, 0
L 446.1127, 243.7560, 14.2527, 485.3548, 151.8653, -9.7935, 0, 0, 0
L -558.8788, -178.3045, 56.3508, -513.7339, -284.0170, 56.3508, 0, 0, 0
L -7.5153, 620.2277, 108.3631, 12.0511, 619.8839, 111.2253, 0, 0, 0
L -245.0166, 445.5743, -9.7935, -153.1258, 484.8165, -9.7935, 0, 0, 0
L -668.4172, -166.2258, 200.7255, -659.6915, -154.0735, 176.4919, 0, 0, 0
L -25.9322, 635.4031, 3.1744, -25.9317, 640.0416, -0.2227, 0, 0, 0
L -25.9291, 664.8325, -16.8341, -25.9288, 667.6462, -16.8433, 0, 0, 0
L -487.0596, 474.7835, 148.0600, -383.3574, 559.8898, 148.0600, 0, 0, 0
L 10.5793, -679.3575, 176.5022, 12.5532, -705.8123, 253.9863, 0, 0, 0
L -624.3386, -140.5695, 123.7192, -607.8796, -193.7973, 111.1609, 0, 0, 0
L 584.0784, 317.9016, 176.5321, 635.4295, 197.6561, 173.2018, 0, 0, 0
L -697.7075, -161.6778, 228.4482, -695.1554, -171.6290, 253.4540, 0, 0, 0
L 187.9802, -598.5561, 108.3631, 303.1164, -548.7667, 108.3631, 0, 0, 0
L 376.9116, 559.7698, 148.0600, 383.2365, 562.8532, 171.4865, 0, 0, 0
L 300.6767, -550.3488, 108.3631, 401.8669, -481.1272, 108.3631, 0, 0, 0
L -9.3227, -623.9467, 111.2252, 10.0045, -624.3755, 108.3631, 0, 0, 0
L 421.5027, -1033.2866, 200.1250, 422.6995, -1036.1760, 50.1009, 0, 0, 0
L 44.4294, 506.4919, -12.7782, 142.6357, 488.0688, 14.2527, 0, 0, 0
L 553.8951, -290.6212, 108.3631, 600.0800, -174.0567, 111.2253, 0, 0, 0
L 50.1699, -643.2610, 37.2126, 53.6002, -682.5292, 49.0928, 0, 0, 0
L -129.1766, -785.5187, 337.3238, -108.5263, -789.1952, 281.7401, 0, 0, 0
L -8.9229, -706.7848, 253.9863, 11.4650, -679.9037, 200.9000, 0, 0, 0
L -12.6859, 559.4131, 11.9008, -12.5340, 551.4592, 14.2508, 0, 0, 0
L 10.7304, -666.4854, 176.5363, 10.9759, -679.3338, 176.5022, 0, 0, 0
L -491.6263, 472.0947, 46.7660, -389.1916, 558.8885, 49.3412, 0, 0, 0
L 300.8416, -550.5886, 108.3631, 401.6717, -480.9381, 111.2253, 0, 0, 0
L -9.4767, -575.9719, 28.5463, -8.9068, -602.1728, 13.3833, 0, 0, 0
L 172.0881, 598.7089, 108.3632, 288.6906, 552.5086, 108.3631, 0, 0, 0
L 409.5538, 987.6421, 234.8106, 596.7018, 887.4144, 234.8106, 0, 0, 0
L -999.5048, -421.4433, 200.4339, -898.7003, -609.3518, 234.8106, 0, 0, 0
L -621.2588, -935.9243, 50.1009, -428.6177, -1034.1550, 200.1250, 0, 0, 0
L -22.7048, 640.0886, -16.8670, -22.6540, 642.9664, -1.6052, 0, 0, 0
L 422.7661, -1036.9171, 50.1009, 613.4510, -931.4647, 200.1250, 0, 0, 0
L 258.2090, 623.9573, 46.7660, 377.0845, 560.4169, 49.3412, 0, 0, 0
L -1061.5892, 199.5677, 200.4339, -1000.0359, 403.6878, 200.4339, 0, 0, 0
L -75.5843, 684.6453, -13.2799, -65.9890, 684.3503, -1.1205, 0, 0, 0
L -636.6426, -268.9971, 49.3413, -569.6420, -393.0768, 171.4865, 0, 0, 0
L -632.8482, -71.4145, 111.1609, -631.6624, -77.0541, 111.1609, 0, 0, 0
L -619.8489, -133.2338, 111.1609, -607.1520, -193.6156, 111.1609, 0, 0, 0
L -59.5874, -680.2068, 176.4919, -10.3094, -717.1478, 254.0892, 0, 0, 0
L -654.5979, 448.6145, 281.7499, -555.2424, 567.6077, 281.7499, 0, 0, 0
L 258.3794, -642.4312, 148.5806, 376.6075, -578.4954, 46.7660, 0, 0, 0
L -554.9496, 46.4531, 18.0693, -534.8376, 153.6621, 18.0693, 0, 0, 0
L -51.4848, 640.1385, -18.9167, -51.2446, 642.5004, -16.8952, 0, 0, 0
L -9.2737, -575.9702, 19.5011, -8.6035, -602.1676, 13.3833, 0, 0, 0
L -265.6311, 623.7499, 49.3412, -136.8402, 662.8181, 46.7660, 0, 0, 0
L -540.3596, -61.5317, 8.7265, -527.5689, -64.4976, 8.1936, 0, 0, 0
L -13.4866, 667.8640, -18.9043, -11.3523, 667.9057, -16.8393, 0, 0, 0
L -8.1419, 667.9685, -18.9043, 46.3729, 669.0347, -16.3575, 0, 0, 0
L -140.8486, 663.5932, 49.3412, -7.1981, 676.3958, 148.0600, 0, 0, 0
L 630.4493, -271.1053, 49.3413, 669.4526, -142.5286, 49.3413, 0, 0, 0
L -257.0679, -495.9283, 14.2508, -155.8423, -536.5695, 14.2508, 0, 0, 0
L -552.9354, -62.6794, 18.0693, -530.4894, -169.4245, 14.2774, 0, 0, 0
L -502.2595, -74.3448, 3.7583, -501.2541, -78.6468, 13.1468, 0, 0, 0
L 343.6396, -631.1718, 377.2684, 346.0123, -632.1726, 253.2619, 0, 0, 0
L 1084.7886, 208.4838, 200.1250, 1106.1144, -8.0410, 200.1250, 0, 0, 0
L -63.2235, -717.7529, 253.4931, -59.8774, -679.7657, 176.4919, 0, 0, 0
L -58.7557, -667.0322, 173.2018, -56.0839, -636.7002, 111.1609, 0, 0, 0
L 55.7067, 632.4172, 111.1609, 58.2938, 661.7875, 173.2019, 0, 0, 0
L 56.3443, 673.2954, 171.4865, 129.7847, 661.9430, 148.0600, 0, 0, 0
L -3.4920, 1069.5105, 200.4339, 207.2810, 1048.7152, 234.8106, 0, 0, 0
L 60.6508, -1057.0590, 123.0281, 63.3997, -1061.8201, 143.7221, 0, 0, 0
L -540.2758, -60.8563, 8.7265, -536.0181, -44.3332, 9.7111, 0, 0, 0
L 582.8179, -450.5282, 102.3341, 585.5668, -445.7672, 123.0281, 0, 0, 0
L 493.0396, -258.8949, 14.2508, 533.6806, -157.6694, 14.2508, 0, 0, 0
L 564.4844, -388.6916, 148.5806, 629.6742, -270.4605, 49.3413, 0, 0, 0
L 562.7172, -394.0214, 49.3413, 630.6539, -266.8737, 49.3413, 0, 0, 0
L -10.7590, -679.6577, 200.9000, -10.2544, -716.7612, 254.0892, 0, 0, 0
L -639.4013, -95.5273, 102.5755, -631.1975, -77.5549, 111.1609, 0, 0, 0
L 633.1879, 67.0465, 111.1609, 662.9848, 69.8235, 173.2018, 0, 0, 0
L -391.5419, -489.9399, 108.3631, -286.1797, -558.0094, 108.3631, 0, 0, 0
L 191.6073, -610.3192, 111.1609, 320.8724, -588.0331, 173.2018, 0, 0, 0
L 258.6361, 624.5692, 148.0600, 313.7455, 601.5766, 171.4865, 0, 0, 0
L 326.5474, -598.0773, 176.4919, 436.5327, -522.8393, 176.4919, 0, 0, 0
L -714.1100, -80.3830, 253.3775, -705.1553, -138.2108, 214.0002, 0, 0, 0
L -569.6641, -387.5314, 148.5806, -520.7651, -451.7487, 171.4865, 0, 0, 0
L 640.0819, -189.2408, 173.2018, 664.1900, -60.7307, 176.5321, 0, 0, 0
L 561.0629, -452.3411, 253.2619, 578.4304, -424.9019, 339.6451, 0, 0, 0
L -623.2039, -140.9241, 123.7192, -619.4419, -133.7700, 111.1609, 0, 0, 0
L 320.8074, -587.4647, 173.2018, 428.7245, -513.6416, 173.2018, 0, 0, 0
L -687.1165, -8.6522, 148.0600, -680.9416, 47.1732, 171.4865, 0, 0, 0
L 559.3052, 304.6172, 111.1609, 608.3491, 189.7741, 111.1609, 0, 0, 0
L 510.6908, 425.9535, 173.2019, 584.5140, 318.0364, 176.5321, 0, 0, 0
L 708.6754, -326.5501, 281.7499, 757.7239, -170.5953, 367.2130, 0, 0, 0
L 677.0654, -62.7345, 176.4919, 715.5555, -65.6168, 253.4931, 0, 0, 0
L -548.3971, -57.4751, 12.2785, -543.3994, -57.3343, 12.5387, 0, 0, 0
L -72.2905, 661.2205, 173.2019, -7.2825, 632.5911, 111.1609, 0, 0, 0
L 651.9866, -192.5748, 176.4919, 715.0470, -64.4844, 253.4931, 0, 0, 0
L -546.9459, -62.2402, 9.8842, -542.8954, -61.7345, 12.5387, 0, 0, 0
L -540.1426, -61.3908, 8.7265, -533.6353, -60.5784, 13.0423, 0, 0, 0
L 372.0142, 563.3314, 148.0600, 480.6510, 475.6168, 49.3412, 0, 0, 0
L -572.7175, -389.7949, 46.7660, -486.1755, -495.2469, 171.4865, 0, 0, 0
L 608.0144, 189.5146, 111.1609, 633.7113, 67.3100, 111.1609, 0, 0, 0
L -8.4623, -564.0244, 18.0166, -7.7764, -556.0661, 14.2508, 0, 0, 0
L -11.1166, 712.4493, 254.0892, -9.0989, 673.7564, 176.4920, 0, 0, 0
L 891.8585, -609.4135, 200.4339, 992.6584, -421.5131, 234.8106, 0, 0, 0
L -23.0821, 682.9164, -1.5681, -23.0644, 685.3837, -1.5675, 0, 0, 0
L 9.5887, -623.9200, 111.2253, 10.1084, -666.6542, 173.2018, 0, 0, 0
L 637.4624, -333.9810, 362.0339, 689.9330, -203.2915, 377.3353, 0, 0, 0
L -660.5370, -100.2544, 147.3448, -653.9703, -90.9441, 135.8412, 0, 0, 0
L 9.7299, -555.7731, 14.2508, 10.5024, -563.7335, 14.2508, 0, 0, 0
L -132.7183, 770.0230, 46.9492, -126.2448, 706.4738, 11.1635, 0, 0, 0
L -123.9285, 683.7348, -1.4010, -122.1086, 665.8693, -1.5872, 0, 0, 0
L -7.9107, 681.9702, -0.2029, 46.7479, 682.9788, -16.3563, 0, 0, 0
L -3.9906, 676.2155, 148.0600, 0.3193, 679.9100, 171.4865, 0, 0, 0
L -358.2215, 423.7493, 14.2508, -267.6859, 485.6823, 18.0693, 0, 0, 0
L 51.9906, -1062.0590, 81.6401, 54.7394, -1066.8201, 81.6401, 0, 0, 0
L 565.4221, -295.4814, 111.1609, 592.0112, -309.8037, 173.2018, 0, 0, 0
L -188.0593, 594.0143, 108.3632, -65.3229, 619.8229, 108.3632, 0, 0, 0
L -572.5060, -557.5648, 367.2130, -453.0740, -660.1771, 281.7499, 0, 0, 0
L 1022.3609, -432.8908, 200.1250, 1085.5188, -224.6870, 200.1250, 0, 0, 0
L 10.0594, 579.5287, 13.1567, 10.4221, 581.7865, 29.2475, 0, 0, 0
L 781.2400, 777.3173, 200.1250, 783.4516, 777.5272, 50.1669, 0, 0, 0
L -8.1920, -620.2157, 13.5793, 9.1568, -619.9331, 29.8802, 0, 0, 0
L -428.8294, 508.4350, 173.2019, -306.5070, 556.4710, 111.1609, 0, 0, 0
L -155.7783, -536.4754, 14.2508, -48.5694, -556.5875, 18.0693, 0, 0, 0
L 456.6793, -368.8053, 59.2419, 519.4949, -272.5381, 56.3508, 0, 0, 0
L 481.5340, 476.4957, 49.3412, 569.2877, 367.8316, 49.3413, 0, 0, 0
L 614.9539, -933.5713, 50.1009, 781.4022, -792.9442, 200.1250, 0, 0, 0
L 72.4936, -665.3212, 173.2018, 200.4470, -638.4153, 173.2018, 0, 0, 0
L -99.1294, 1012.3022, 60.9462, -96.3806, 1017.0634, 60.9462, 0, 0, 0
L 153.2202, -486.9509, 14.2527, 245.1108, -447.7088, 14.2527, 0, 0, 0
L -660.3237, -88.0965, 176.5321, -653.6690, -91.0726, 135.8412, 0, 0, 0
L -1145.7457, 1184.0002, 240.6131, 1109.2208, 1183.9998, 300.4429, 0, 0, 0
L 531.3522, 165.3214, 14.2508, 553.7982, 58.5767, 18.0693, 0, 0, 0
L 11.8375, -679.3019, 176.5022, 13.1362, -716.2977, 254.0892, 0, 0, 0
L -8.6667, 506.1184, -11.6838, -8.6403, 516.1401, -10.4364, 0, 0, 0
L -8.5643, 544.9983, 0.1893, -8.3934, 609.8639, 0.1468, 0, 0, 0
L -8.2484, 664.9279, -18.8859, -8.2410, 667.7430, -16.8446, 0, 0, 0
L -8.1510, 701.8832, 253.9864, -8.1230, 712.5225, 254.0892, 0, 0, 0
L -26.0828, 629.4553, 3.1731, -26.0822, 625.1807, -0.2239, 0, 0, 0
L -123.2781, 707.0841, 11.1635, -121.4148, 683.9958, -3.5877, 0, 0, 0
L -176.4918, 557.6157, 59.2419, -64.0033, 581.2694, 56.3508, 0, 0, 0
L -1116.1555, -7.9773, 48.9825, -1091.7020, -224.5021, 200.1250, 0, 0, 0
L 10.8488, 640.4857, -0.2366, 11.1597, 625.3482, -1.5904, 0, 0, 0
L -485.0065, -494.7871, 171.4865, -484.4814, -490.8139, 148.5806, 0, 0, 0
L -758.0994, -222.3077, 341.7807, -751.1973, -246.5188, 334.0195, 0, 0, 0
L -740.1917, -285.1245, 314.9109, -737.0951, -295.9869, 281.7499, 0, 0, 0
L -654.1086, -106.3220, 108.5234, -638.8528, -131.8439, 148.1138, 0, 0, 0
L -1082.4921, -9.0574, 200.4339, -1061.2217, -221.3056, 234.8106, 0, 0, 0
L -508.6929, 43.5438, -9.7935, -490.2698, 141.7499, 14.2527, 0, 0, 0
L -685.7150, -217.9598, 253.4931, -678.5644, -199.8209, 232.7328, 0, 0, 0
L -1029.4241, -433.0302, 200.1250, -926.8610, -624.9120, 200.0250, 0, 0, 0
L -65.1594, 572.6970, -4.2420, -65.1331, 590.6246, -3.6001, 0, 0, 0
L -65.0831, 624.7292, -18.9150, -65.0605, 640.0995, -18.9159, 0, 0, 0
L -667.0594, -130.8092, 169.8472, -659.2933, -112.0916, 159.4982, 0, 0, 0
L -200.8703, 633.3926, 173.2019, -191.8674, 605.2981, 111.1609, 0, 0, 0
L -714.6320, -80.5586, 253.3775, -692.1779, -109.1834, 188.7286, 0, 0, 0
L 637.3054, -456.6298, 281.5010, 645.2930, -439.9442, 367.2130, 0, 0, 0
L 134.6943, 665.5590, 171.4865, 263.7547, 626.4091, 171.4865, 0, 0, 0
L 10.0443, 625.3265, -16.8787, 10.3347, 623.1850, -1.4831, 0, 0, 0
L -8.0441, -679.6319, 176.5124, -7.9132, -636.1168, 111.1609, 0, 0, 0
L -7.8656, -620.2792, 13.5793, -7.8376, -610.9806, 11.7121, 0, 0, 0
L -4.3613, 544.8651, -19.0729, -4.1192, 625.3442, -16.8683, 0, 0, 0
L -4.0875, 635.8840, 3.1218, -4.0808, 638.1245, 1.9591, 0, 0, 0
L -114.0802, 772.1021, 46.8072, -107.9988, 708.5621, 10.8280, 0, 0, 0
L 13.0113, -555.7876, 18.0693, 13.7723, -563.7390, 18.0166, 0, 0, 0
L -558.2870, -308.4507, 111.1609, -510.7282, -431.2667, 173.2018, 0, 0, 0
L -401.6943, 476.3989, 108.3631, -300.5041, 545.6205, 108.3631, 0, 0, 0
L -270.9715, -522.6737, 56.3508, -164.2991, -565.5017, 59.2419, 0, 0, 0
L -220.6770, 1081.5966, 50.1669, 0.4140, 1103.3358, 50.1669, 0, 0, 0
L -327.3902, 389.1069, -9.7935, -244.9208, 445.5220, -9.7935, 0, 0, 0
L 9.8218, 622.9797, -18.9299, 9.8440, 625.3511, -16.8787, 0, 0, 0
L 200.4403, 686.8119, 253.4931, 313.2770, 599.6042, 176.4920, 0, 0, 0
L 49.8762, -667.8128, 49.0928, 51.1604, -682.6222, 66.6383, 0, 0, 0
L -550.6406, -75.4672, 14.1800, -532.5502, -68.4028, 6.5369, 0, 0, 0
L 200.8581, 687.1979, 253.4931, 336.1974, 631.6511, 377.3353, 0, 0, 0
L -636.2177, -203.0340, 173.2018, -607.6462, -193.5375, 111.1609, 0, 0, 0
L 10.1710, -635.9390, 111.1609, 69.2943, -635.4663, 111.1609, 0, 0, 0
L 648.6566, 202.2558, 176.5124, 685.0018, 214.1782, 253.4931, 0, 0, 0
L 294.1136, 562.8723, 111.1609, 307.9589, 588.9677, 173.2019, 0, 0, 0
L -672.7639, -87.4067, 176.4919, -659.0362, -111.5416, 159.4982, 0, 0, 0
L -505.9409, -66.8749, 2.0876, -505.6691, -56.5776, -9.7935, 0, 0, 0
L -790.2593, -796.9476, 50.1009, -788.8693, -792.6300, 200.1250, 0, 0, 0
L -644.6609, -80.4298, 138.0715, -632.2062, -76.7823, 111.1609, 0, 0, 0
L 615.0897, -933.7406, 50.1009, 783.7495, -795.3251, 50.1009, 0, 0, 0
L -416.9709, 987.4220, 200.4339, -214.1619, 1049.0537, 200.4339, 0, 0, 0
L -122.1554, 674.4612, 22.6993, -121.3260, 665.9705, -1.5872, 0, 0, 0
L -774.7535, 163.7235, 367.2131, -727.8544, 311.6147, 281.7499, 0, 0, 0
L -417.5244, -522.8022, 173.2018, -308.0226, -594.2535, 176.5321, 0, 0, 0
L -8.1064, -602.0122, 29.7514, -7.2001, -620.2345, 13.5793, 0, 0, 0
L -50.7548, 666.7045, -1.4090, -50.2907, 642.4332, -4.0336, 0, 0, 0
L 318.7161, 396.0747, 14.2527, 390.1361, 326.1960, 14.2527, 0, 0, 0
L -507.2649, -56.0230, -9.7935, -486.6961, -154.4646, 14.2527, 0, 0, 0
L 1088.7393, 209.1810, 49.6000, 1110.1252, -7.9540, 48.9825, 0, 0, 0
L -43.8293, 626.1632, -1.5379, -41.1274, 626.0587, -16.8939, 0, 0, 0
L -8.1002, 624.7805, -18.9360, -5.0310, 624.6617, -18.9378, 0, 0, 0
L 599.9305, -177.0809, 108.3631, 621.9779, -56.5328, 111.2253, 0, 0, 0
L 648.8344, 199.8837, 171.4865, 668.5469, 121.5824, 171.4865, 0, 0, 0
L -639.7858, -94.5096, 102.5755, -610.0790, -119.9576, 111.2253, 0, 0, 0
L -610.2249, -120.4877, 111.2253, -596.1474, -190.1415, 108.3631, 0, 0, 0
L 12.5477, 660.8271, 173.2019, 55.1335, 631.9531, 111.1609, 0, 0, 0
L 204.3751, -651.0611, 176.4919, 345.8827, -632.6354, 253.2619, 0, 0, 0
L -700.4005, -139.2996, 200.4619, -681.5114, -165.5732, 225.2825, 0, 0, 0
L -636.0151, -270.5269, 148.0600, -597.3940, -341.5932, 171.4865, 0, 0, 0
L -51.4237, 666.7023, -1.4090, -51.4159, 675.6468, -17.0130, 0, 0, 0
L -700.2225, -139.1230, 200.4619, -685.2382, -143.2484, 189.6874, 0, 0, 0
L 763.1464, 140.1584, 283.0944, 775.8960, -16.5175, 281.7499, 0, 0, 0
L 10.2984, 581.5208, 13.2247, 10.3552, 579.4177, 13.1567, 0, 0, 0
L -200.6084, 633.7710, 173.2019, -69.4009, 631.3734, 111.1609, 0, 0, 0
L 488.2229, 406.9505, 111.1609, 511.1871, 425.7274, 173.2019, 0, 0, 0
L -426.7725, -360.3022, 14.2508, -348.8048, -436.5871, 14.2508, 0, 0, 0
L -428.1192, 508.8635, 173.2019, -408.8654, 486.3930, 111.1609, 0, 0, 0
L 81.5073, -680.1013, 171.4865, 129.2880, -678.8514, 171.4865, 0, 0, 0
L -689.0319, -198.3538, 238.6152, -685.2458, -218.1926, 253.4931, 0, 0, 0
L -704.9688, -138.0934, 214.0002, -694.5181, -171.4337, 253.4540, 0, 0, 0
L -585.3872, -323.8445, 176.5321, -511.5640, -431.7617, 173.2018, 0, 0, 0
L 501.5813, 507.3193, 253.7912, 506.2216, 503.2758, 377.3353, 0, 0, 0
L -610.4145, -119.7855, 108.3631, -595.6428, -190.0335, 108.3631, 0, 0, 0
L 630.6458, 343.5574, 253.7912, 649.2291, 202.0064, 176.5124, 0, 0, 0
L 611.5898, -180.1539, 111.1609, 640.3675, -189.0247, 173.2018, 0, 0, 0
L 68.6728, -619.9477, 45.5575, 68.7685, -602.1193, 45.0711, 0, 0, 0
L -47.7181, 664.4520, -17.2314, -47.4626, 642.4421, -4.0615, 0, 0, 0
L -573.9195, 372.5674, 49.3413, -488.6808, 476.4309, 49.3412, 0, 0, 0
L 210.9901, -652.4425, 171.4865, 258.4049, -642.4008, 148.5806, 0, 0, 0
L -9.2407, -680.2231, 200.9000, 73.9630, -678.9410, 176.4919, 0, 0, 0
L -167.4429, 528.8623, 18.0693, -60.5950, 551.3300, 18.0693, 0, 0, 0
L -50.5083, 609.5880, -13.3080, -50.1668, 625.0028, -1.5379, 0, 0, 0
L 1055.5013, 201.4797, 234.8106, 1076.0421, -10.7890, 234.8106, 0, 0, 0
L 497.5147, -401.3801, 111.1609, 565.7559, -296.7982, 111.1609, 0, 0, 0
L -190.1773, -655.1553, 176.4919, -141.8282, -702.8402, 253.4931, 0, 0, 0
L 258.2403, 623.7338, 148.0600, 263.9381, 627.1522, 171.4865, 0, 0, 0
L 258.8224, -643.0848, 148.5806, 332.8327, -600.0149, 171.4865, 0, 0, 0
L 252.6334, -643.4391, 171.4865, 327.6721, -602.6832, 171.4865, 0, 0, 0
L 332.7542, -599.9230, 171.4865, 375.3811, -576.7711, 171.4865, 0, 0, 0
L 2.1065, 590.1104, 29.3153, 10.6187, 590.2474, 13.2670, 0, 0, 0
L 612.5787, -931.1912, 200.1250, 614.3163, -933.7918, 50.1009, 0, 0, 0
L -7.4599, 580.0057, 49.6005, 11.3250, 579.9918, 49.5032, 0, 0, 0
L 258.7371, -642.9713, 148.5806, 376.3175, -578.1700, 148.5806, 0, 0, 0
L -107.3634, 708.7248, 8.5894, -104.8350, 685.5093, 22.8450, 0, 0, 0
L 155.9126, 774.3805, 367.2131, 159.4777, 771.9557, 281.7655, 0, 0, 0
L -639.6122, 183.6924, 176.5321, -590.8963, 305.0298, 173.2018, 0, 0, 0
L 54.7310, -687.8348, 77.5011, 70.8134, -686.4729, 77.0989, 0, 0, 0
L 636.9730, -456.4729, 281.5010, 647.4544, -435.5667, 340.7390, 0, 0, 0
L -663.0153, -75.0785, 173.2018, -644.5038, -80.6179, 138.0715, 0, 0, 0
L 480.2487, -493.0808, 49.3413, 565.3954, -389.2067, 46.7660, 0, 0, 0
L -173.8800, -781.1796, 367.2130, -21.1290, -798.8763, 367.2130, 0, 0, 0
L 377.0931, 561.1805, 148.0600, 426.4944, 526.6838, 171.4865, 0, 0, 0
L -793.5474, 10.7638, 350.5275, -780.5515, -147.3831, 281.6255, 0, 0, 0
L 63.8560, -585.3879, 59.2419, 176.3449, -561.7339, 56.3508, 0, 0, 0
L 203.8304, -651.0679, 176.4919, 212.4471, -687.3796, 253.4262, 0, 0, 0
L -267.7690, 485.8770, 18.0693, -167.1656, 528.8398, 18.0693, 0, 0, 0
L 634.5260, -57.7691, 111.1609, 664.3870, -60.8662, 173.2018, 0, 0, 0
L -3.8522, -1087.5961, 200.4339, 207.1084, -1066.8541, 234.8106, 0, 0, 0
L 67.1585, -643.3809, 55.7662, 67.4796, -620.0331, 29.5434, 0, 0, 0
L -50.0332, 609.7676, 3.9904, -49.7858, 624.8948, -1.5379, 0, 0, 0
L -390.4266, -328.7100, -9.7935, -319.0063, -398.5888, -9.7935, 0, 0, 0
L -675.3429, -142.2254, 148.0600, -637.3829, -271.0097, 49.3413, 0, 0, 0
L 1023.9868, -433.7166, 49.2548, 1084.2550, -224.3158, 200.1250, 0, 0, 0
L -574.2104, 369.5943, 49.3413, -487.0170, 474.9271, 148.0600, 0, 0, 0
L 507.4364, 54.4350, 14.2527, 508.5263, -45.4782, -9.7935, 0, 0, 0
L 607.4456, 189.5068, 111.1609, 636.0334, 198.0326, 173.2018, 0, 0, 0
L 397.6659, -320.1703, -9.7935, 452.2686, -236.4899, 14.2527, 0, 0, 0
L 10.5253, 544.9630, -17.0166, 10.8094, 516.6840, 4.8051, 0, 0, 0
L -493.0936, 254.4413, 14.2508, -433.4851, 345.7932, 18.0693, 0, 0, 0
L -471.4366, 539.8995, 253.4931, -446.1298, 510.2560, 176.4920, 0, 0, 0
L 436.5433, -523.6693, 176.4919, 461.3857, -552.7687, 253.4931, 0, 0, 0
L -451.5392, 233.9477, 14.2527, -396.9365, 317.6281, -9.7935, 0, 0, 0
L -8.0615, 626.2388, -18.9360, -4.9505, 626.1840, -16.8683, 0, 0, 0
L -9.0184, 676.1398, 49.3412, 129.8742, 662.4600, 148.0600, 0, 0, 0
L -701.3060, -223.9920, 298.3651, -673.1371, -217.4688, 298.3651, 0, 0, 0
L 375.6167, -577.1161, 148.5806, 440.7772, -523.0676, 171.4865, 0, 0, 0
L 294.0222, 562.7911, 111.1609, 398.6042, 494.5498, 111.1609, 0, 0, 0
L -730.0500, 311.5130, 367.2131, -654.7679, 449.2034, 367.2131, 0, 0, 0
L -25.8934, 625.5045, -18.9188, -22.8435, 625.5961, -16.8879, 0, 0, 0
L -17.8483, 625.7462, -18.9188, -15.0561, 625.8301, -18.9385, 0, 0, 0
L -705.6238, -138.0996, 214.0002, -659.8008, -111.7526, 159.4982, 0, 0, 0
L 11.2706, 580.0889, 49.5032, 50.9977, 582.7807, 56.3508, 0, 0, 0
L -663.6970, 55.1441, 173.2019, -610.8279, 175.7538, 111.1609, 0, 0, 0
L 54.7332, -687.8603, 46.6262, 70.3622, -686.7738, 46.7805, 0, 0, 0
L -424.4955, -545.2827, 171.4865, -381.8733, -574.8660, 148.5806, 0, 0, 0
L -457.2981, 364.8144, 59.2419, -376.9087, 446.9770, 56.3508, 0, 0, 0
L 332.1726, 635.8101, 377.3353, 450.1130, 558.8524, 377.3353, 0, 0, 0
L -265.0209, -638.8425, 148.5806, -263.0654, -644.0091, 171.4865, 0, 0, 0
L -496.5099, 396.2323, 111.1609, -409.1770, 485.4916, 111.1609, 0, 0, 0
L -640.3351, 184.1844, 173.2019, -611.5738, 176.2843, 111.1609, 0, 0, 0
L -264.2426, -638.1586, 148.5806, -186.4675, -666.3248, 171.4865, 0, 0, 0
L -705.7087, -182.1352, 220.9536, -676.5621, -186.4714, 224.8852, 0, 0, 0
L 129.3353, 663.3991, 148.0600, 134.3528, 667.0241, 171.4865, 0, 0, 0
L 410.1781, -489.5044, 111.1609, 429.4485, -512.9456, 173.2018, 0, 0, 0
L 188.2754, 649.3339, 171.4865, 258.0204, 623.0302, 148.0600, 0, 0, 0
L 48.8518, -619.9493, 27.4142, 50.7599, -643.2090, 37.2126, 0, 0, 0
L -595.3074, -189.7586, 111.2253, -547.2001, -302.4080, 111.2253, 0, 0, 0
L 210.9500, -652.2745, 171.4865, 257.6830, -640.5505, 171.4865, 0, 0, 0
L -8.4963, 640.1731, -16.8682, -8.4540, 643.0227, -16.8775, 0, 0, 0
L 495.5025, 598.2604, 282.0709, 502.0504, 594.1626, 367.2131, 0, 0, 0
L 434.0945, 651.8607, 282.0709, 461.8748, 628.3429, 282.0709, 0, 0, 0
L 496.2209, 599.2668, 282.0709, 554.4306, 549.9885, 282.0709, 0, 0, 0
L 9.9055, -636.4106, 111.1609, 72.2994, -666.2117, 173.2018, 0, 0, 0
L -633.8481, -95.8869, 87.6180, -632.5873, -77.1100, 111.1609, 0, 0, 0
L -1145.7463, -1207.9996, 300.4429, 1109.2202, -1208.0002, 240.6131, 0, 0, 0
L -622.6390, 55.1877, 108.3631, -621.2709, -70.2341, 108.3631, 0, 0, 0
L -601.5873, 170.2531, 108.3631, -555.3853, 286.8594, 108.3631, 0, 0, 0
L -65.7825, 624.5505, -0.2311, -63.4499, 624.8060, 1.9813, 0, 0, 0
L -428.4022, -1035.7208, 51.4341, -428.0169, -1033.4388, 200.1250, 0, 0, 0
L -318.9276, -398.4768, 14.2527, -235.2471, -453.0794, -10.3575, 0, 0, 0
L -7.6166, -576.1064, 11.8260, 0.3368, -576.0260, 11.7016, 0, 0, 0
L 760.0605, 754.2092, 234.8106, 894.1938, 590.7675, 234.8106, 0, 0, 0
L 9.9127, -602.1166, 11.6535, 10.0033, -575.9711, 19.5275, 0, 0, 0
L -637.5015, 254.0830, 49.3413, -574.1635, 372.5801, 49.3413, 0, 0, 0
L 561.3519, -452.5033, 253.2619, 569.6909, -438.5524, 377.3353, 0, 0, 0
L -488.5427, 141.2650, -9.7935, -451.3145, 233.9899, 14.2527, 0, 0, 0
L -90.4691, 1007.3024, 102.3341, -87.7203, 1012.0634, 102.3341, 0, 0, 0
L 301.6560, 724.9018, 282.0709, 436.3316, 649.7350, 282.0709, 0, 0, 0
L -648.5350, -207.0717, 176.4919, -630.0369, -347.7130, 253.4931, 0, 0, 0
L 757.6444, -171.2005, 281.7499, 775.1185, -15.3126, 367.2131, 0, 0, 0
L 409.9029, -490.9154, 111.1609, 520.6146, -420.8981, 173.2018, 0, 0, 0
L -737.8503, -296.1608, 281.7499, -667.4899, -434.8165, 367.2130, 0, 0, 0
L 611.2889, -180.3104, 111.1609, 664.1747, -60.6715, 173.2018, 0, 0, 0
L -606.8114, -193.3752, 111.1609, -557.7672, -308.2184, 111.1609, 0, 0, 0
L 128.5774, -678.8792, 148.5806, 258.1974, -641.6644, 148.5806, 0, 0, 0
L 621.3178, 65.9297, 108.3631, 622.6860, -59.4947, 108.3631, 0, 0, 0
L 626.8189, -271.9754, 148.5806, 667.9197, -144.2600, 49.3413, 0, 0, 0
L -528.1655, -72.1256, 13.1774, -520.5260, -72.8550, 9.9913, 0, 0, 0
L 533.7172, -428.5026, 171.4865, 563.6859, -388.2783, 171.4865, 0, 0, 0
L 73.9708, -678.1030, 176.4919, 212.9930, -686.9933, 253.4262, 0, 0, 0
L 422.8656, -1037.1248, 50.1009, 615.2881, -934.2729, 50.1009, 0, 0, 0
L 67.4991, -643.0884, 37.4748, 68.0566, -666.2413, 47.0429, 0, 0, 0
L 610.3235, -934.1179, 48.3477, 614.6176, -932.7388, 50.1009, 0, 0, 0
L 366.2740, -582.6951, 148.5806, 475.1495, -496.0149, 148.5806, 0, 0, 0
L -294.7192, -567.9333, 111.1609, -187.2107, -643.7153, 173.2018, 0, 0, 0
L -66.2467, 666.7440, -19.3472, -66.0767, 640.0493, -18.9159, 0, 0, 0
L 780.5944, -792.2410, 200.1250, 918.6209, -624.0552, 200.1250, 0, 0, 0
L 783.3290, -794.8859, 50.1009, 919.1440, -624.4886, 200.1250, 0, 0, 0
L 1024.1859, -433.7648, 49.2548, 1087.5219, -224.9742, 49.1181, 0, 0, 0
L -521.4074, -452.3352, 171.4865, -485.6309, -491.3162, 148.5806, 0, 0, 0
L 1087.1753, -225.0598, 49.1181, 1108.5613, -7.9247, 48.9825, 0, 0, 0
L 1085.2151, -224.5586, 200.1250, 1106.5409, -8.0338, 200.1250, 0, 0, 0
L 1088.9579, -225.2231, 49.1181, 1107.2161, -8.0880, 200.1250, 0, 0, 0
L -14.1616, 623.8394, -1.5836, -11.3563, 623.9024, -1.6003, 0, 0, 0
L -5.0170, 624.0448, -0.2746, 11.8431, 624.4236, -1.5904, 0, 0, 0
L -668.3730, -123.0583, 148.1433, -659.2498, -154.1807, 176.4919, 0, 0, 0
L 3.2786, 792.8907, 367.2131, 156.0185, 775.1955, 367.2131, 0, 0, 0
L 642.3558, -441.8333, 367.2130, 644.8664, -437.6226, 340.7390, 0, 0, 0
L 650.2919, -428.5230, 351.1311, 663.2853, -406.7309, 341.6868, 0, 0, 0
L -655.2561, -106.5323, 108.5234, -654.1203, -96.0317, 112.6941, 0, 0, 0
L 1085.4520, 208.5551, 200.1250, 1109.9056, -7.9697, 48.9825, 0, 0, 0
L 301.8649, 726.0080, 367.2131, 435.9928, 649.1495, 282.0709, 0, 0, 0
L 1109.9996, -1208.6704, 300.4429, 1110.0002, 1184.0884, 300.4429, 0, 0, 0
L -4.9585, 640.1382, -0.2740, -4.8619, 627.6711, 1.9578, 0, 0, 0
L 1021.0729, 416.4673, 200.1250, 1084.2310, 208.2635, 200.1250, 0, 0, 0
L 629.9367, 253.8284, 49.3413, 667.8969, 125.0441, 148.5806, 0, 0, 0
L 919.6219, 608.7568, 200.1250, 1022.1848, 416.8749, 200.1250, 0, 0, 0
L -488.3698, -411.9572, 111.1609, -399.1104, -499.2901, 111.1609, 0, 0, 0
L 921.2411, 609.9699, 49.3055, 1024.0931, 417.5475, 49.6000, 0, 0, 0
L -929.3486, -625.7359, 49.3937, -926.7479, -623.9984, 200.1250, 0, 0, 0
L 918.9395, 609.1601, 200.1250, 921.5399, 610.8975, 49.3055, 0, 0, 0
L -572.4324, -389.4839, 49.3413, -569.5962, -387.6832, 148.5806, 0, 0, 0
L -549.8367, -76.7965, 14.1800, -545.8510, -72.9935, 7.9562, 0, 0, 0
L 781.2029, 776.7053, 200.1250, 921.8298, 610.2572, 49.3055, 0, 0, 0
L 784.1481, 777.5259, 50.1669, 922.5635, 610.8677, 49.3055, 0, 0, 0
L 479.6517, 474.8226, 148.0600, 564.7580, 371.1202, 148.5806, 0, 0, 0
L -307.9379, -594.0389, 176.5321, -186.6006, -642.7549, 173.2018, 0, 0, 0
L 615.1461, 915.4058, 50.1669, 783.8060, 777.3605, 50.1669, 0, 0, 0
L -510.9169, -60.4597, 5.1443, -507.1875, -56.0752, 14.0669, 0, 0, 0
L 377.6855, 561.9573, 49.3412, 481.5490, 476.7187, 49.3412, 0, 0, 0
L -636.0696, -203.2218, 173.2018, -623.9572, -140.4975, 123.7192, 0, 0, 0
L -50.4832, 666.7822, -19.3616, -50.0762, 624.9097, -1.5379, 0, 0, 0
L -136.7377, -678.6262, 148.5806, -3.6677, -694.3903, 49.7841, 0, 0, 0
L -650.9495, -218.0859, 171.4865, -635.6452, -270.3806, 148.0600, 0, 0, 0
L -688.0303, -8.5661, 148.0600, -675.9240, -142.2815, 49.3413, 0, 0, 0
L -3.5604, 1101.2739, 200.1250, 213.5746, 1080.6438, 50.1669, 0, 0, 0
L -519.9714, -439.1150, 176.4919, -448.8739, -561.9424, 253.4931, 0, 0, 0
L -659.3859, -88.1534, 176.5321, -659.2979, -100.4398, 147.3448, 0, 0, 0
L -7.3679, 582.2623, 56.3508, 11.4242, 580.2043, 49.5032, 0, 0, 0
L -7.1214, 559.5311, 18.0166, -6.5355, 551.5776, 18.0693, 0, 0, 0
L -331.3942, -638.5010, 253.4931, -200.7062, -690.9709, 253.4931, 0, 0, 0
L 635.5556, -457.8102, 281.5010, 652.4343, -426.0002, 282.0438, 0, 0, 0
L 677.3481, -379.0470, 281.6247, 687.2452, -360.3945, 282.0602, 0, 0, 0
L 565.4307, 371.2838, 171.4502, 595.5029, 321.7010, 171.4502, 0, 0, 0
L -714.8891, 60.4654, 361.8406, -712.9462, -82.2796, 377.3353, 0, 0, 0
L -265.8062, 624.3212, 49.3412, -137.0219, 662.2811, 148.0600, 0, 0, 0
L -635.3087, -270.1310, 148.0600, -569.1287, -387.2326, 148.5806, 0, 0, 0
L 54.3997, 620.6100, 108.3631, 174.8990, 598.0049, 108.3632, 0, 0, 0
L -623.0307, 52.3437, 108.3631, -600.4255, 172.8431, 108.3631, 0, 0, 0
L 530.1790, -428.1784, 176.4919, 602.9996, -316.5782, 176.4919, 0, 0, 0
L -434.5083, 664.3342, 281.7499, -297.5704, 735.8306, 367.2131, 0, 0, 0
L -384.2510, 560.4705, 46.7660, -265.9756, 624.9089, 46.7660, 0, 0, 0
L -59.2934, -680.2546, 176.4919, -9.7238, -680.0468, 176.5124, 0, 0, 0
L 316.9464, -642.8310, 364.5936, 345.8603, -632.4973, 253.2619, 0, 0, 0
L -788.7986, 777.3782, 200.1250, -622.3505, 915.6335, 50.1669, 0, 0, 0
L -790.5863, 776.2192, 50.1669, -788.3748, 776.0092, 200.1250, 0, 0, 0
L -790.4613, 777.5273, 50.1669, -788.2496, 777.3138, 46.7971, 0, 0, 0
L -7.1785, 591.9697, 59.2333, 11.6384, 592.0717, 72.0422, 0, 0, 0
L -1029.4210, 416.9859, 200.1250, -929.4586, 610.6052, 49.3055, 0, 0, 0
L -1030.9425, 417.4612, 49.6000, -928.0906, 609.8837, 49.3055, 0, 0, 0
L -1116.1637, -8.0499, 48.9825, -1094.7778, 209.0851, 49.6000, 0, 0, 0
L -1092.8969, 208.7523, 200.1250, -1032.6285, 418.1532, 49.6000, 0, 0, 0
L -1094.4801, 208.9254, 49.6000, -1031.1442, 417.7161, 49.6000, 0, 0, 0
L -1116.5901, -8.0251, 48.9825, -1095.2042, -225.1602, 49.1181, 0, 0, 0
L -22.0960, 640.0813, -18.9267, -22.0694, 642.9677, -18.9360, 0, 0, 0
L 9.6770, 581.5123, 11.1472, 9.7038, 590.8094, 13.2670, 0, 0, 0
L -674.2234, 124.7780, 46.7660, -636.2761, 253.5648, 49.3413, 0, 0, 0
L -397.1260, 317.6414, -9.7935, -327.2474, 389.0615, 14.2527, 0, 0, 0
L -1112.5900, -8.0825, 200.1250, -1094.3318, 209.0525, 49.6000, 0, 0, 0
L 69.7857, -681.0890, 47.0421, 70.4105, -686.0421, 49.0370, 0, 0, 0
L -50.5091, 666.8399, -19.3616, -50.2924, 664.4534, -17.2034, 0, 0, 0
L 513.4332, 279.6288, 59.2419, 558.5781, 173.9161, 56.3508, 0, 0, 0
L -705.4269, -137.6913, 214.0002, -700.1392, -138.6067, 200.4619, 0, 0, 0
L -1095.3621, -225.2298, 49.1181, -1029.1365, -432.8235, 200.1250, 0, 0, 0
L -1095.7679, -225.3491, 49.1181, -1032.4320, -434.1397, 49.2548, 0, 0, 0
L -1031.8097, -433.8724, 49.2548, -1028.9199, -432.6754, 200.1250, 0, 0, 0
L -675.1981, -137.3677, 148.0600, -634.4691, -271.6332, 171.4865, 0, 0, 0
L -669.2512, -122.8733, 148.1433, -660.9347, -100.2009, 147.3448, 0, 0, 0
L -676.2820, -142.4098, 49.3413, -634.6188, -275.9108, 49.3413, 0, 0, 0
L -6.5484, 516.1423, -13.4057, -6.1332, 544.8907, -16.9411, 0, 0, 0
L -1030.9813, -433.5000, 49.2548, -925.5287, -624.1850, 200.1250, 0, 0, 0
L -569.9883, -387.7833, 148.5806, -487.8766, -493.3681, 49.3413, 0, 0, 0
L -789.0734, -796.3745, 50.1009, -620.2568, -934.4154, 50.1009, 0, 0, 0
L -620.7823, -935.1877, 50.1009, -620.0229, -930.8557, 200.1250, 0, 0, 0
L -382.0465, -575.2647, 148.5806, -264.7884, -639.3099, 148.5806, 0, 0, 0
L -381.3994, -574.1086, 148.5806, -265.6441, -641.3326, 49.3413, 0, 0, 0
L 327.5754, -598.2347, 176.4919, 346.5330, -632.1443, 253.2619, 0, 0, 0
L -661.1622, -100.2389, 147.3448, -654.5236, -114.9774, 129.8953, 0, 0, 0
L -264.3287, -638.3605, 148.5806, -136.6098, -677.9485, 148.5806, 0, 0, 0
L -136.4072, -681.0219, 49.7488, -135.7621, -678.4278, 148.5806, 0, 0, 0
L 560.0837, -451.7307, 253.2619, 570.9748, -434.1418, 352.7507, 0, 0, 0
L -1082.0801, -10.8931, 200.4339, -1061.5381, 201.3886, 200.4339, 0, 0, 0
L -45.4232, 621.8940, -1.6345, -7.9252, 621.9829, -16.8867, 0, 0, 0
L -311.0826, -616.7456, 171.4865, -264.0321, -637.7731, 148.5806, 0, 0, 0
L 306.6105, -561.3419, 111.1609, 428.9495, -514.2765, 173.2018, 0, 0, 0
L 54.0836, -682.4153, 66.6379, 54.6729, -687.1849, 52.1970, 0, 0, 0
L 629.8157, 343.3531, 253.7912, 635.2062, 329.7452, 367.4424, 0, 0, 0
L 70.5692, -684.5162, 148.5806, 81.1482, -679.9235, 171.4865, 0, 0, 0
L 54.7586, -687.4168, 148.5806, 81.6162, -681.1838, 171.4865, 0, 0, 0
L -4.2016, -692.8607, 148.5806, -3.8569, -687.4683, 171.4865, 0, 0, 0
L -548.8777, -303.3181, 108.3631, -479.2275, -404.1484, 111.2253, 0, 0, 0
L -3.2014, -688.3998, 171.4865, 81.5962, -681.6866, 171.4865, 0, 0, 0
L 649.7497, 430.0120, 282.0709, 720.7842, 290.0049, 342.6021, 0, 0, 0
L 332.1197, -598.7081, 171.4865, 375.6897, -576.9767, 148.5806, 0, 0, 0
L -669.1787, -123.2075, 148.1433, -668.0678, -130.7273, 169.8472, 0, 0, 0
L 440.8136, -523.1300, 171.4865, 477.9510, -490.7812, 171.4865, 0, 0, 0
L -5.3445, 625.2786, -18.9378, -5.3093, 622.9287, -18.9237, 0, 0, 0
L 13.9603, -666.4258, 176.5363, 14.1528, -679.3041, 200.9000, 0, 0, 0
L -549.2972, -57.0918, 12.2785, -549.2316, -62.0797, 12.2791, 0, 0, 0
L 313.9093, 601.5296, 171.4865, 377.1129, 561.2824, 148.0600, 0, 0, 0
L 604.2951, -316.2649, 171.4865, 627.7589, -270.0399, 148.5806, 0, 0, 0
L 12.2276, -716.3350, 254.0892, 12.9029, -705.7939, 253.9863, 0, 0, 0
L 563.3451, -387.9614, 171.4865, 604.8305, -316.5650, 171.4865, 0, 0, 0
L -54.0775, -684.3160, 171.4865, -3.5744, -692.6404, 148.5806, 0, 0, 0
L 633.0090, 251.4211, 171.4502, 648.0321, 199.6554, 171.4865, 0, 0, 0
L 628.3511, 252.4999, 148.5806, 633.4133, 250.7933, 171.4502, 0, 0, 0
L -129.9294, 770.5629, 46.9492, -123.8472, 706.9487, 8.8516, 0, 0, 0
L 595.5590, 321.8005, 171.4502, 628.1349, 253.0912, 148.5806, 0, 0, 0
L 596.5135, 322.2808, 171.4502, 634.1516, 251.8650, 171.4502, 0, 0, 0
L -571.1316, -390.4784, 171.4865, -569.7670, -387.5076, 148.5806, 0, 0, 0
L 313.6740, 600.4012, 176.4920, 330.9550, 634.2050, 253.7912, 0, 0, 0
L 487.1718, 476.1509, 171.4865, 522.9485, 434.8780, 171.4865, 0, 0, 0
L 480.6245, 475.6967, 148.0600, 523.0424, 435.0195, 171.4865, 0, 0, 0
L -550.8017, -76.0602, 14.1800, -546.5297, -67.1338, 9.5579, 0, 0, 0
L 0.6671, 679.2051, 171.4865, 134.8820, 665.9861, 171.4865, 0, 0, 0
L -137.1602, 662.8608, 148.0600, -77.8003, 671.9773, 171.4865, 0, 0, 0
L -77.7117, 670.7694, 171.4865, -3.5637, 674.8024, 148.0600, 0, 0, 0
L -262.4848, 626.7943, 171.4865, -133.4278, 665.9433, 171.4865, 0, 0, 0
L -266.2102, 624.2926, 148.0600, -263.2881, 627.7111, 171.4865, 0, 0, 0
L -383.3925, 560.1329, 148.0600, -381.0975, 563.2162, 171.4865, 0, 0, 0
L -383.3255, 559.5892, 148.0600, -331.6188, 589.0837, 171.4865, 0, 0, 0
L -331.9502, 589.6298, 171.4865, -265.3438, 623.3751, 148.0600, 0, 0, 0
L 256.9244, 491.4732, 18.0693, 348.5380, 431.6941, 14.2508, 0, 0, 0
L -486.6850, 474.7893, 148.0600, -484.9395, 477.4217, 171.4865, 0, 0, 0
L -736.0490, -73.9622, 174.9424, -707.8800, -67.4390, 298.3651, 0, 0, 0
L -520.4917, -439.2881, 176.4919, -425.2421, -532.4817, 176.4919, 0, 0, 0
L -695.0356, -173.1059, 221.0482, -693.0275, -158.0713, 218.5151, 0, 0, 0
L -679.0516, -86.9070, 171.4865, -674.3130, -142.0248, 148.0600, 0, 0, 0
L 206.8542, -1067.8804, 234.8106, 409.7301, -1006.4488, 234.8106, 0, 0, 0
L -129.7496, 770.5535, 46.9492, -125.6679, 730.9838, 46.7763, 0, 0, 0
L -120.8281, 684.0653, -3.5877, -119.8464, 674.5481, -3.5973, 0, 0, 0
L 7.0811, -555.9393, 18.0693, 7.9023, -563.9005, 14.2508, 0, 0, 0
L -485.6112, -491.4198, 148.5806, -424.8896, -545.6567, 171.4865, 0, 0, 0
L -382.0224, -575.1492, 148.5806, -311.8147, -618.1669, 171.4865, 0, 0, 0
L -54.0881, -684.0206, 171.4865, -3.2404, -686.9526, 171.4865, 0, 0, 0
L -532.2693, -69.2813, 6.5369, -528.2215, -72.3372, 13.1774, 0, 0, 0
L 486.9969, 265.1464, 14.2508, 529.8365, 164.8317, 18.0693, 0, 0, 0
L -136.6324, -677.4915, 148.5806, -54.0654, -683.8673, 171.4865, 0, 0, 0
L -133.4655, -683.3469, 171.4865, -54.1292, -685.0140, 171.4865, 0, 0, 0
L -313.5731, -604.7076, 176.4919, -189.9104, -654.3570, 176.4919, 0, 0, 0
L -502.7591, -76.7645, 8.6369, -502.2136, -78.8798, 13.1468, 0, 0, 0
L 343.5467, -631.5938, 377.2684, 461.7896, -552.5462, 377.3353, 0, 0, 0
L -348.5619, -436.4547, 14.2508, -257.2101, -496.0632, 14.2508, 0, 0, 0
L 461.4450, -552.1821, 253.4931, 559.9333, -451.5212, 377.3353, 0, 0, 0
L -654.8871, -106.8798, 108.5234, -624.3533, -140.7545, 123.7192, 0, 0, 0
L 758.6178, 753.0269, 234.8106, 893.2835, 588.4915, 200.4339, 0, 0, 0
L -332.4955, -638.9711, 253.4931, -314.6835, -605.2005, 176.4919, 0, 0, 0
L 326.8426, -598.4108, 176.4919, 461.6704, -552.2722, 253.4931, 0, 0, 0
L -604.0148, 888.0354, 200.4339, -416.8643, 988.2645, 200.4339, 0, 0, 0
L -602.0707, 886.9111, 234.8106, -415.6013, 986.5813, 234.8106, 0, 0, 0
L 53.3138, -667.8995, 68.1733, 60.4771, -667.3886, 66.8751, 0, 0, 0
L -900.6157, -608.3755, 200.4339, -765.2100, -772.9233, 234.8106, 0, 0, 0
L -615.6429, -92.4610, 88.6287, -612.1993, -80.5054, 92.6640, 0, 0, 0
L -603.3282, -906.6490, 200.4339, -416.8588, -1006.3192, 200.4339, 0, 0, 0
L -11.0381, -679.6201, 200.9000, -10.1687, -666.5229, 176.5321, 0, 0, 0
L -415.7732, -1004.5636, 234.8106, -213.4420, -1065.9399, 234.8106, 0, 0, 0
L -685.1154, -143.2060, 189.6874, -668.0437, -166.2907, 200.7255, 0, 0, 0
L -8.6290, -596.6183, 72.0421, -8.5649, -624.4845, 108.3631, 0, 0, 0
L -705.9276, -183.1868, 220.9536, -680.3896, -189.6167, 232.5508, 0, 0, 0
L -548.6505, -303.1593, 108.3631, -479.4290, -404.3495, 108.3631, 0, 0, 0
L -685.5217, -143.3562, 189.6874, -681.6170, -165.5043, 225.2825, 0, 0, 0
L -282.2532, 512.3125, 59.2419, -176.5407, 557.4573, 56.3508, 0, 0, 0
L -5.4570, 506.1487, 4.6514, -5.3665, 516.2245, 4.8080, 0, 0, 0
L 70.2871, -665.8469, 66.6395, 71.5627, -680.9500, 49.0922, 0, 0, 0
L -191.6410, 605.5235, 111.1609, -69.4365, 631.2204, 111.1609, 0, 0, 0
L -174.9688, -602.0615, 108.3631, -54.4695, -624.6668, 108.3631, 0, 0, 0
L 690.3498, -203.3100, 253.4931, 716.3157, -64.8962, 253.4931, 0, 0, 0
L -629.7194, -347.5956, 253.4931, -550.2071, -463.8293, 377.3353, 0, 0, 0
L -582.8974, -65.9806, 59.2419, -559.2436, -178.4692, 59.2419, 0, 0, 0
L 68.4059, -666.0092, 49.0935, 70.8132, -665.5970, 66.6395, 0, 0, 0
L -698.1636, -160.2033, 366.5272, -696.6815, -167.6595, 265.1816, 0, 0, 0
L 440.9214, 647.9428, 367.2131, 472.2162, 620.5742, 338.2340, 0, 0, 0
L 502.1238, 594.4187, 367.2131, 558.5281, 545.0908, 367.2131, 0, 0, 0
L 564.3355, -296.0341, 111.1609, 610.8626, -180.1483, 111.1609, 0, 0, 0
L -418.1355, -522.3309, 173.2018, -399.3869, -498.4750, 111.1609, 0, 0, 0
L 191.5348, -609.7719, 111.1609, 306.3780, -560.7281, 111.1609, 0, 0, 0
L -10.3159, 682.1400, 2.0433, -7.9366, 682.1158, -0.2029, 0, 0, 0
L -559.9151, 446.8502, 253.4931, -436.6239, 517.4446, 176.4920, 0, 0, 0
L 414.6232, -671.5029, 367.1411, 537.1803, -574.8132, 367.2130, 0, 0, 0
L -634.6199, 53.3669, 111.1609, -633.2577, -71.5027, 111.1609, 0, 0, 0
L 69.6813, -681.6196, 66.6383, 72.1928, -681.5106, 49.0922, 0, 0, 0
L 633.6403, 67.1866, 111.1609, 636.5312, 197.9171, 173.2018, 0, 0, 0
L 70.2361, -680.9317, 66.6383, 70.8341, -686.0025, 47.0421, 0, 0, 0
L -655.0717, -106.6493, 108.5234, -654.3444, -114.7204, 129.8953, 0, 0, 0
L 331.2460, 634.3964, 377.3353, 453.4819, 553.8716, 253.7912, 0, 0, 0
L -123.9289, 683.1129, -1.4010, -121.6498, 683.3386, 22.8439, 0, 0, 0
L -123.9726, 683.4600, -1.4010, -121.6859, 683.6069, 22.8439, 0, 0, 0
L 74.1468, -679.2797, 176.4919, 204.5523, -651.8583, 176.4919, 0, 0, 0
L -653.5046, -95.3340, 112.6941, -640.3625, -94.3445, 102.5755, 0, 0, 0
L -7.8023, 622.8233, -1.6016, -7.7140, 624.9206, -1.5836, 0, 0, 0
L -449.8526, -379.6912, 56.3508, -367.6898, -460.0807, 59.2419, 0, 0, 0
L -67.0815, 664.4255, -16.7151, -66.9058, 666.7961, -16.5853, 0, 0, 0
L -654.7814, -114.6701, 129.8953, -654.6240, -91.1302, 135.8412, 0, 0, 0
L 530.3582, -428.4259, 176.4919, 637.4529, -334.1736, 253.4931, 0, 0, 0
L -178.6116, -614.3951, 111.1609, -58.4792, -667.7580, 173.2018, 0, 0, 0
L -533.4404, -59.6303, 13.0423, -527.1571, -63.4086, 8.1936, 0, 0, 0
L -6.9607, 559.5170, 11.9008, -6.6342, 551.5648, 18.0693, 0, 0, 0
L 599.6410, -177.0246, 108.3631, 622.2464, -56.5252, 108.3631, 0, 0, 0
L -555.0035, 283.4611, 111.2253, -486.9710, 388.7662, 108.3632, 0, 0, 0
L -314.0465, -605.7496, 176.4919, -201.1705, -691.9902, 253.4931, 0, 0, 0
L 558.1155, 304.8436, 111.1609, 584.3964, 318.7719, 173.2018, 0, 0, 0
L -564.4103, 291.5405, 111.1609, -496.1692, 396.1226, 111.1609, 0, 0, 0
L 191.3091, -609.7449, 111.1609, 200.3286, -638.8099, 173.2018, 0, 0, 0
L 433.1595, -349.9521, 18.0693, 492.7681, -258.5999, 14.2508, 0, 0, 0
L 348.1090, 431.6718, 14.2508, 426.0764, 355.3870, 18.0693, 0, 0, 0
L -10.3759, 701.8446, 253.9864, -8.3582, 673.7910, 176.4920, 0, 0, 0
L -529.7004, 422.3654, 176.4920, -436.5067, 517.6147, 176.4920, 0, 0, 0
L -533.3273, 153.1817, 12.0275, -492.6861, 254.4074, 14.2508, 0, 0, 0
L 178.7220, 609.2595, 111.1609, 187.1158, 637.5437, 173.2019, 0, 0, 0
L -22.0843, 640.0781, -18.9267, -22.0551, 642.4354, -16.8745, 0, 0, 0
L -530.1364, -169.2222, 14.2774, -487.2965, -269.5372, 18.0693, 0, 0, 0
L -736.3393, -73.7759, 298.3651, -701.7503, -223.1409, 174.9424, 0, 0, 0
L 313.9433, 600.4906, 176.4920, 425.0786, 526.8918, 176.5125, 0, 0, 0
L 461.2237, -551.9611, 253.4931, 560.2509, -451.6451, 253.2619, 0, 0, 0
L -1146.0004, -1208.6698, 240.6131, -1145.9998, 1184.0889, 300.4429, 0, 0, 0
L 473.5517, 532.9997, 263.9878, 476.1243, 530.9448, 305.9460, 0, 0, 0
L 10.4197, 551.7632, 18.0693, 10.5411, 559.7187, 18.0166, 0, 0, 0
L 11.0435, 592.6453, 72.0422, 11.4588, 619.8641, 111.2253, 0, 0, 0
L -611.6846, -81.4413, 92.6640, -599.4684, -76.3051, 70.9542, 0, 0, 0
L 67.4558, -610.6371, 45.1885, 67.4913, -602.1061, 29.4126, 0, 0, 0
L 487.0636, 152.3986, -9.7935, 507.6247, 54.6178, 14.2527, 0, 0, 0
L -306.4576, 556.3445, 111.1609, -191.6144, 605.3885, 111.1609, 0, 0, 0
L 12.1725, -715.9886, 254.0892, 78.1776, -715.9254, 253.4931, 0, 0, 0
L -235.2284, -452.9724, -10.3575, -142.5033, -490.2007, -10.5986, 0, 0, 0
L -55.3908, -636.4601, 111.1609, -9.4672, -666.2720, 173.2018, 0, 0, 0
L 178.2254, 609.4795, 111.1609, 294.1111, 562.9524, 111.1609, 0, 0, 0
L -532.2739, -69.3680, 6.5369, -520.5867, -73.1534, 9.9913, 0, 0, 0
L -677.8708, -199.4346, 232.7328, -648.2109, -206.4444, 176.4919, 0, 0, 0
L 68.9685, -681.1940, 49.0922, 69.5037, -686.0552, 65.8003, 0, 0, 0
L 69.2643, -681.1604, 49.0922, 69.7781, -685.9362, 52.1758, 0, 0, 0
L -21.1395, -798.9312, 281.7499, 135.2201, -785.1673, 367.2130, 0, 0, 0
L -673.4031, -86.7914, 176.4919, -660.3239, -87.1653, 176.5321, 0, 0, 0
L -690.6212, 199.3590, 253.3775, -603.5733, 311.6796, 176.4920, 0, 0, 0
L -8.6297, -563.9974, 18.0166, -8.2538, -556.0417, 18.0693, 0, 0, 0
L 70.5598, -666.0242, 49.0934, 71.7702, -680.8138, 66.6383, 0, 0, 0
L 12.1416, 581.5574, 56.3508, 12.1566, 579.2993, 49.5032, 0, 0, 0
L -367.4159, -459.9740, 59.2419, -271.1484, -522.7897, 56.3508, 0, 0, 0
L 417.0053, 517.2584, 173.2019, 487.4995, 407.0401, 111.1609, 0, 0, 0
L 54.9155, -682.3867, 49.0922, 55.4714, -687.0643, 52.1970, 0, 0, 0
L -25.8606, 625.4690, -1.5832, -23.0498, 625.5944, -1.6089, 0, 0, 0
L 402.2565, -481.5439, 108.3631, 489.5733, -391.4851, 108.3631, 0, 0, 0
L -5.9509, 505.9762, 14.2531, 11.3207, 506.0642, 14.2531, 0, 0, 0
L 10.8415, 640.4907, -0.2366, 11.1049, 625.3729, -0.2355, 0, 0, 0
L 58.1494, 661.9583, 173.2019, 178.2654, 609.5661, 111.1609, 0, 0, 0
L -186.2359, -643.1052, 173.2018, -177.8586, -613.8502, 111.1609, 0, 0, 0
L 54.4038, 620.3340, 111.2253, 174.9522, 598.2867, 108.3632, 0, 0, 0
L -78.2339, 711.4014, 253.4932, -10.1690, 711.9418, 254.0892, 0, 0, 0
L -23.0669, 664.9284, -1.5491, -22.9658, 643.0122, -0.2411, 0, 0, 0
L -22.9307, 635.3918, 3.1230, -22.9033, 629.4435, 3.1218, 0, 0, 0
L 9.9662, 506.2370, 4.5678, 10.0481, 516.6841, 4.8051, 0, 0, 0
L 10.7702, 608.8588, 0.1323, 10.8827, 623.2256, -0.2366, 0, 0, 0
L 52.5273, -667.6729, 66.8897, 53.9069, -682.3950, 66.6379, 0, 0, 0
L -4.5810, 624.9850, -0.2746, -4.5321, 627.6616, 1.9578, 0, 0, 0
L -595.9992, -329.5850, 176.4919, -520.7615, -439.5703, 176.4919, 0, 0, 0
L -25.9553, 640.7327, -16.8670, -23.1195, 641.0262, -1.6333, 0, 0, 0
L 68.5777, -643.1931, 55.7662, 68.9176, -620.0097, 29.5434, 0, 0, 0
L 11.0325, -679.0471, 176.5022, 78.3362, -715.9795, 253.4931, 0, 0, 0
L 12.5692, 713.2170, 254.0892, 59.4578, 674.8608, 176.4920, 0, 0, 0
L -54.5534, -625.6559, 108.3631, -9.3111, -624.4626, 111.2252, 0, 0, 0
L 448.6077, 556.8670, 253.7912, 549.5889, 458.7336, 253.7912, 0, 0, 0
L 496.1597, -400.2638, 111.1609, 590.9899, -310.0042, 173.2018, 0, 0, 0
L 611.2255, -180.3551, 111.1609, 634.2504, -57.6191, 111.1609, 0, 0, 0
L 564.5228, -295.9699, 111.1609, 639.8276, -188.9549, 173.2018, 0, 0, 0
L 633.3046, 67.1984, 111.1609, 634.6669, -57.6712, 111.1609, 0, 0, 0
L 634.6385, -57.6955, 111.1609, 663.0732, 69.9511, 173.2018, 0, 0, 0
L 487.3596, 406.9254, 111.1609, 557.8661, 303.8570, 111.1609, 0, 0, 0
L 398.4079, 494.3813, 111.1609, 487.6673, 407.0483, 111.1609, 0, 0, 0
L 307.7656, 588.8243, 173.2019, 398.5024, 494.4877, 111.1609, 0, 0, 0
L -591.4855, 305.1492, 173.2018, -496.6719, 396.3796, 111.1609, 0, 0, 0
L 464.3835, 626.7562, 282.0709, 468.4866, 624.4446, 338.2340, 0, 0, 0
L -612.3671, 176.4011, 111.1609, -565.8400, 292.2868, 111.1609, 0, 0, 0
L -663.0507, -75.3793, 173.2018, -633.2703, -71.6316, 111.1609, 0, 0, 0
L -638.7551, -132.1016, 148.1138, -635.5897, -203.1786, 173.2018, 0, 0, 0
L -607.6547, -193.7190, 111.1609, -584.8748, -323.4612, 173.2018, 0, 0, 0
L -487.5383, -411.3016, 111.1609, -417.0275, -522.4905, 173.2018, 0, 0, 0
L -308.0961, -594.2238, 173.2018, -294.2673, -567.1577, 111.1609, 0, 0, 0
L -398.1503, -498.3528, 111.1609, -307.3970, -593.6602, 173.2018, 0, 0, 0
L -667.4333, -130.6266, 169.8472, -659.4209, -154.2292, 176.4919, 0, 0, 0
L -294.2096, -567.2232, 111.1609, -178.3239, -613.7502, 111.1609, 0, 0, 0
L -178.2980, -613.6463, 111.1609, -55.5621, -636.6712, 111.1609, 0, 0, 0
L -55.5746, -636.8398, 111.1609, -9.5119, -636.1953, 111.1609, 0, 0, 0
L 603.5850, -317.0363, 176.4919, 690.3290, -203.6965, 253.4931, 0, 0, 0
L 486.4412, -392.7317, 111.2253, 553.3788, -290.1474, 111.2253, 0, 0, 0
L 555.4792, -291.2531, 108.3631, 601.1583, -177.4790, 108.3631, 0, 0, 0
L 546.8983, 298.0226, 111.2253, 595.0054, 185.3733, 111.2253, 0, 0, 0
L -5.8365, 640.1343, -1.5995, -5.7485, 642.9255, -1.6016, 0, 0, 0
L 478.1281, 399.1666, 111.2253, 547.2877, 298.0670, 111.2253, 0, 0, 0
L 477.9121, 399.0143, 111.2253, 547.5630, 298.1839, 108.3631, 0, 0, 0
L -696.9361, -161.5423, 228.4482, -695.0465, -172.8968, 221.0482, 0, 0, 0
L -401.4911, 476.2015, 111.2253, -300.6604, 545.8521, 108.3631, 0, 0, 0
L -555.4142, 287.0280, 108.3631, -488.4167, 389.7042, 108.3632, 0, 0, 0
L -698.1595, -152.4558, 353.7180, -697.7564, -154.7540, 264.8921, 0, 0, 0
L 676.5313, 72.3519, 176.5124, 714.0088, 76.6945, 253.4931, 0, 0, 0
L 204.0065, -650.1154, 176.4919, 326.5566, -597.7802, 176.4919, 0, 0, 0
L 437.1516, -523.8151, 176.4919, 561.0212, -452.5986, 253.2619, 0, 0, 0
L -615.9952, -92.0514, 88.6287, -600.3356, -74.9597, 70.9542, 0, 0, 0
L 603.4394, -316.7321, 176.4919, 653.0888, -193.0693, 176.4919, 0, 0, 0
L 651.6450, -192.6851, 176.4919, 676.2153, -61.7125, 176.4919, 0, 0, 0
L 648.1292, 201.8100, 176.5124, 675.9762, 71.5759, 176.5124, 0, 0, 0
L 330.6657, 633.7347, 253.7912, 424.5199, 526.3321, 176.5125, 0, 0, 0
L -78.1881, 712.0505, 253.4932, -8.1054, 673.8979, 176.4920, 0, 0, 0
L -559.7311, 448.1748, 253.4931, -529.6337, 423.5198, 176.4920, 0, 0, 0
L -637.2362, 329.5712, 253.4931, -603.0017, 311.2563, 176.4920, 0, 0, 0
L -637.8323, 330.2330, 253.4931, -530.7771, 423.5184, 176.4920, 0, 0, 0
L -676.0879, -187.1374, 224.8852, -667.6429, -166.6162, 200.7255, 0, 0, 0
L -648.7454, -207.2151, 176.4919, -596.4099, -329.7652, 176.4919, 0, 0, 0
L -685.3250, -217.6446, 253.4931, -648.5145, -206.5155, 176.4919, 0, 0, 0
L -450.2523, -561.9464, 253.4931, -426.1004, -532.3124, 176.4919, 0, 0, 0
L -50.0464, 640.0193, -1.5811, -49.8181, 642.3577, -16.8952, 0, 0, 0
L -425.1325, -532.1664, 176.4919, -313.5322, -604.9873, 176.4919, 0, 0, 0
L -190.4347, -656.1371, 176.4919, -59.4622, -680.7070, 176.4919, 0, 0, 0
L 13.1219, 674.1832, 176.4920, 59.1941, 674.6857, 176.4920, 0, 0, 0
L -62.6496, -717.3868, 253.4931, -10.0255, -716.3407, 254.0892, 0, 0, 0
L 11.6955, 702.2396, 253.9864, 12.5119, 674.0201, 200.9000, 0, 0, 0
L -7.5145, 619.9679, 108.3631, 11.7375, 620.0746, 108.3631, 0, 0, 0
L -714.5090, -80.1614, 253.3775, -675.8022, -76.3632, 176.4919, 0, 0, 0
L -655.1547, -106.5724, 108.5234, -654.2700, -91.1037, 135.8412, 0, 0, 0
L -659.8857, -100.4283, 147.3448, -659.3252, -111.9028, 159.4982, 0, 0, 0
L -705.1672, -138.4345, 214.0002, -691.6678, -109.2316, 188.7286, 0, 0, 0
L -673.4089, -87.7628, 176.4919, -660.2416, -100.4232, 147.3448, 0, 0, 0
L -654.0667, -90.8103, 135.8412, -644.9243, -80.4641, 138.0715, 0, 0, 0
L -652.7078, -96.5335, 112.6941, -643.8165, -81.2191, 138.0715, 0, 0, 0
L -633.7188, -95.7506, 87.6180, -621.5497, -70.0094, 111.2253, 0, 0, 0
L -681.3939, -166.0729, 225.2825, -668.2269, -167.0094, 200.7255, 0, 0, 0
L -689.8110, -198.4531, 238.6152, -689.0772, -203.9521, 253.4811, 0, 0, 0
L -700.6139, -139.2272, 200.4619, -698.0030, -161.7010, 228.4482, 0, 0, 0
L -680.2882, -188.9198, 232.5508, -676.6797, -186.8262, 224.8852, 0, 0, 0
L -705.2084, -183.1729, 220.9536, -695.1724, -173.6060, 221.0482, 0, 0, 0
L -705.9158, -182.4412, 220.9536, -695.2173, -171.4709, 253.4540, 0, 0, 0
L -698.0460, -161.2150, 228.4482, -694.1484, -157.5349, 218.5151, 0, 0, 0
L -699.0719, -155.0120, 264.8921, -697.8651, -160.1605, 366.5272, 0, 0, 0
L 50.8683, -668.3027, 49.0928, 53.1714, -668.1888, 66.8897, 0, 0, 0
L 600.1032, -392.5176, 347.2890, 601.6445, -390.4211, 262.8301, 0, 0, 0
L -676.2078, -186.3246, 224.8852, -647.9331, -206.4574, 176.4919, 0, 0, 0
L -678.7438, -199.9610, 232.7328, -677.3584, -186.8379, 224.8852, 0, 0, 0
L -509.9312, -64.8955, 5.9092, -508.3735, -58.7983, 1.7530, 0, 0, 0
L -508.0309, -74.5802, 9.3952, -503.8445, -77.8981, 10.6064, 0, 0, 0
L -514.8400, -63.9565, 7.5793, -507.3073, -55.9158, 14.0669, 0, 0, 0
L -546.2300, -72.9334, 7.9562, -532.1254, -69.6720, 6.5369, 0, 0, 0
L -65.2014, 664.3623, -16.7151, -65.0297, 642.4181, -16.8492, 0, 0, 0
L -540.2270, -60.8711, 8.7265, -538.5191, -49.0326, 12.7988, 0, 0, 0
L -538.9085, -48.8127, 12.7988, -536.3587, -44.1281, 9.7111, 0, 0, 0
L -548.8820, -61.9667, 12.2791, -548.0054, -57.3016, 9.8842, 0, 0, 0
L -528.5644, -59.3662, 13.3143, -527.4989, -63.8594, 8.1936, 0, 0, 0
L -529.0168, -56.2809, 13.3281, -528.1816, -63.9235, 8.1936, 0, 0, 0
L -546.8936, -72.4571, 7.9562, -546.6074, -67.3336, 9.5579, 0, 0, 0
L -63.9138, 579.7968, 56.3508, -7.4840, 578.3729, 49.6005, 0, 0, 0
L -9.9453, -575.9747, 11.6800, -9.0314, -602.1975, 11.6535, 0, 0, 0
L 11.0883, 590.8304, 13.2670, 11.5355, 581.7078, 29.2475, 0, 0, 0
L 67.0633, -643.0703, 37.4748, 67.3118, -620.0524, 27.4131, 0, 0, 0
L 68.7462, -602.1006, 27.3620, 68.7684, -620.0605, 27.4131, 0, 0, 0
L 710.7214, -319.6841, 281.7499, 757.7973, -170.6190, 367.2130, 0, 0, 0
L 52.1157, -682.3514, 66.6383, 54.5438, -682.2427, 49.0922, 0, 0, 0
L 276.3835, -743.2598, 281.6779, 416.7926, -672.2578, 281.5010, 0, 0, 0
L 65.9596, -665.8511, 70.4214, 68.2617, -665.3959, 68.2090, 0, 0, 0
L 53.9145, -667.5391, 66.8897, 55.3705, -682.2711, 68.2310, 0, 0, 0
L -113.2819, 772.1783, 46.8072, -109.4202, 732.4735, 46.8629, 0, 0, 0
L -66.4094, 581.1704, 11.5339, -66.3518, 590.4929, 11.6818, 0, 0, 0
L -568.6353, 550.1464, 347.8464, -554.2491, 566.7606, 281.7499, 0, 0, 0
L -7.8888, 643.9613, -16.8775, -5.6887, 644.0003, -16.8867, 0, 0, 0
L -47.9159, 635.3640, 3.1230, -47.9153, 639.9418, -0.2740, 0, 0, 0
L -47.8395, 635.3638, 3.1230, -47.8036, 629.4154, 3.1218, 0, 0, 0
L -50.6250, 639.7526, -1.5811, -47.8107, 639.6703, -1.6076, 0, 0, 0
L -53.0138, 624.6395, 1.9800, -50.6537, 624.3586, -0.2543, 0, 0, 0
L 649.7595, -428.1749, 351.1311, 654.4554, -421.3469, 367.2131, 0, 0, 0
L -23.0111, 639.7296, -0.2740, -20.5248, 640.1049, -1.6249, 0, 0, 0
L 132.2133, -786.8134, 281.7499, 276.8810, -744.0214, 367.1410, 0, 0, 0
L 537.5654, -575.6356, 281.7499, 637.5348, -456.9802, 281.5010, 0, 0, 0
L 302.4819, 727.0896, 367.2131, 436.9225, 651.4503, 367.2131, 0, 0, 0
L 156.0634, 774.8064, 367.2131, 301.9191, 725.5333, 282.0709, 0, 0, 0
L -150.0998, 780.1728, 367.2131, 3.1069, 793.0441, 367.2131, 0, 0, 0
L 386.1826, -685.4195, 353.4920, 416.8557, -672.3268, 281.5010, 0, 0, 0
L -758.1904, -224.9173, 341.7807, -757.5715, -227.4236, 281.5768, 0, 0, 0
L 637.2952, -456.6418, 281.5010, 654.0570, -424.3424, 326.6262, 0, 0, 0
L -50.8559, 640.0926, -1.5811, -50.6815, 642.4481, -4.0336, 0, 0, 0
L -51.0022, 640.0770, -16.8670, -50.7893, 642.4494, -16.8952, 0, 0, 0
L -65.9986, 642.4086, -16.8492, -65.8674, 640.0641, -16.8657, 0, 0, 0
L -66.8625, 664.4208, -16.7151, -66.6597, 666.6797, -1.2494, 0, 0, 0
