P 4821.842, 2723.773, -20.0000, 255, 0, 0, 3, to_Frontier_Mountains
P -1545.158, -5321.227, -163.0000, 255, 0, 0, 3, to_Skyfire_Mountains
P 4340.842, -7129.227, -235.0000, 255, 0, 0, 3, to_Chardok
P 1010.842, 4856.773, 196.0000, 255, 0, 0, 3, to_The_Dreadlands
P 4395.842, -7337.227, -234.0000, 240, 0, 0, 3, from_Chardok
P -926.158, -1239.227, -203.0000, 240, 240, 240, 2, Forest_Giant_Fortress
P 595.842, -1258.227, -381.0000, 240, 240, 240, 2, Skeletons_and_Gorillas
P 1301.842, 777.773, -604.0000, 240, 240, 240, 2, The_Burning_Meteor
P -2665.158, -3324.227, -154.0000, 0, 0, 0, 2, Telin_Darkforest
P -2065.158, -3344.227, -252.0000, 0, 0, 0, 2, Fellgoona_Trogue
P -1117.158, -1701.227, -279.0000, 0, 0, 0, 2, Lehell_Sithmoor
P 896.842, -13.227, -645.0000, 0, 0, 0, 2, Fiella_Fallstine
P 2502.842, -1927.227, -237.0000, 0, 0, 0, 2, Drethall
P 817.842, 4532.773, 198.0000, 0, 0, 0, 2, Doacaan_Drakay
P 3980.842, 21.773, -310.0000, 0, 0, 0, 2, Nezekezena
P 1318.842, 595.773, -563.0000, 0, 0, 0, 2, Slixin_Klex
P 3092.842, -675.227, -377.0000, 0, 0, 0, 2, Nadira_(Roam)
P -970.158, -982.227, -270.0000, 127, 64, 0, 2, Gorgul_Paclock_(Hunter)
P -434.158, 1014.773, -379.0000, 127, 64, 0, 2, Gullerback_(Hunter
P 4144.842, 1064.773, -52.0000, 127, 64, 0, 2, Korasal_Klyseer_(Hunter)
P 4400.842, -6703.227, -233.0000, 127, 64, 0, 2, Korasal_Klyseer_(Hunter)
P 2746.842, 393.773, -379.0000, 127, 64, 0, 2, Phurzikon_(Hunter)
P -2489.069, 668.123, -333.4194, 0, 0, 0, 2, Azdalin_(Roam,HS)
P -1014.908, -1257.286, -208.6229, 0, 0, 0, 2, Ghorgash
P -2436.233, 2449.044, -60.5851, 240, 240, 240, 2, Scoriae_Hornet_Nest
P 2319.369, -3469.327, -216.8827, 0, 0, 0, 2, Naxot_Deepwater
P 3694.718, -6372.434, -252.3104, 0, 0, 0, 2, Juikanazza_Deepfinder
P 3942.102, -6714.332, -238.3910, 127, 64, 0, 2, Korasal_Klyseer_(Hunter)
P 4597.941, -6793.816, -236.4354, 127, 64, 0, 2, Korasal_Klyseer_(Hunter)
