P 2986.98, 1388.205, 0.0000, 255, 0, 0, 3, to_The_Greater_Faydark
P 256.98, 3022.205, 0.0000, 255, 0, 0, 3, to_Dagnor`s_Cauldron
P 442.98, -1671.795, -3.0000, 255, 0, 0, 3, to_The_Plane_of_Knowledge_(Click_Book)
P 106.98, -3044.795, 0.0000, 255, 0, 0, 3, to_South_Kaladim
P -3696.02, 2.205, 7.0000, 240, 240, 0, 2, to_Timorous_Deep
P -3432.02, -444.795, 0.0000, 240, 240, 0, 2, from_Timorous_Deep
P -3330.02, -1281.795, 9.0000, 255, 0, 0, 3, to_The_Ocean_of_Tears_(Translocator_Fithop)
P -3241.02, -782.795, 9.0000, 255, 0, 0, 3, to_Timorous_Deep_(Translocator_Gethia)
P -2137.02, 2231.205, 0.0000, 255, 0, 0, 2, Druid_Ring
P 2391.98, 1150.205, -3.0000, 240, 0, 0, 3, Magus_Tira_(Wayfarer_Camp_Port)
P 625.98, -2477.795, 0.0000, 255, 0, 0, 2, Succor
P 2570.298, -2781.959, -2.1080, 128, 0, 128, 2, Brell`s_Sacred_Forge
P 1480.98, -1231.795, 6.0000, 0, 0, 240, 1, GS:_Gyrospire_Beza_Gyroscope_269`231`225
P -191.698, 1993.294, 82.9537, 0, 0, 240, 1, GS:_Oak_Bark
P 102.378, 2278.952, 4.8010, 0, 0, 240, 1, GS:_Oak_Bark
P 508.185, 2444.115, 54.8058, 0, 0, 240, 1, GS:_Oak_Bark
P -3335.02, -1278.795, 8.0000, 255, 255, 0, 2, Dock_(Boat)
P -3255.02, -779.795, 8.0000, 255, 255, 0, 2, Dock_(Shuttles)
P 2411.98, 1156.205, 0.0000, 255, 255, 255, 2, Wayfarer_Camp
P 1739.98, -2015.795, 0.0000, 255, 255, 255, 2, Goblins
P -769.02, -171.795, 0.0000, 255, 255, 255, 2, Goblins
P -1749.02, -181.795, 0.0000, 255, 255, 255, 2, Bandits
P -2984.02, 1609.205, 0.0000, 255, 255, 255, 2, Dwarves
P -958.02, 1612.205, 0.0000, 255, 255, 255, 2, Skeletons
P 109.98, 2149.205, 0.0000, 255, 255, 255, 2, Goblins
P 1381.98, -370.795, 0.0000, 255, 255, 255, 2, Orcs
P 524.98, 617.205, 0.0000, 255, 255, 255, 2, Bandits
P 2204.98, -619.795, 0.0000, 255, 255, 255, 2, Haunted_Chessboard
P 1994.98, 370.205, 0.0000, 255, 255, 255, 2, Goblin_Camp
P -3092.02, -981.795, 9.0000, 240, 240, 240, 2, Faydwer_Port_Authority
P -3233.02, -2053.795, 4.0000, 240, 240, 240, 2, Ship
P 2613.98, -1055.795, -2.0000, 240, 240, 240, 2, Dwarf_Hut
P 1136.98, 46.205, 2.0000, 240, 240, 240, 2, Dismal_Rage_Obelisk
P -202.02, 184.205, -2.0000, 240, 240, 240, 2, Guard_House
P 258.98, -970.795, -2.0000, 240, 240, 240, 2, Guard_House
P 1432.98, -1219.795, -2.0000, 240, 240, 240, 2, Dwarf_Statues
P 713.98, -1974.795, -2.0000, 240, 240, 240, 2, Guard_House
P -475.02, -1951.795, -4.0000, 240, 240, 240, 2, Guard_House
P -1593.02, -1968.795, -3.0000, 240, 240, 240, 2, Dwarf_Statues
P -2995.02, 273.205, 5.0000, 240, 240, 240, 2, Aqua_Goblin_Camp
P -1955.02, 2577.205, 81.0000, 240, 240, 240, 2, Dwarven_Statue
P -3582.02, 1940.205, -5.0000, 240, 240, 240, 2, Aqua_Goblin_Camp
P -3011.02, 791.205, 3.0000, 240, 240, 240, 2, Aqua_Goblin_Camp
P -2126.02, -1198.795, -3.0000, 240, 240, 240, 2, Guard_Post
P -1523.02, -1037.795, -2.0000, 240, 240, 240, 2, Guard_House
P 1868.98, 2510.205, 13.0000, 240, 240, 240, 2, Ogre_Camp
P 2329.98, 1147.205, -3.0000, 0, 127, 0, 2, Mimzit_Furnov_(Augmentation_Distillers)
P 2327.98, 1171.205, -3.0000, 0, 240, 0, 2, Jelqtan_Oretnai_(Adventure_Point_Merchant)
P 2385.98, 1200.205, -3.0000, 0, 240, 0, 2, Karoline_(Parcels)
P 2396.98, 1200.205, -3.0000, 0, 240, 0, 2, Biski_Teezlen_(Adventure_Point_Merchant)
P 2420.98, 1202.205, -3.0000, 0, 127, 127, 2, Xyzelauna_Tu`Valzir_(Group_Missions)
P -2453.02, -52.795, -3.0000, 0, 128, 0, 2, Felen_Razdal_(General)
P 621.98, -2718.795, -2.0000, 0, 128, 0, 2, Kaila_Rucksack_(Smithing)
P 601.98, -2747.795, -2.0000, 0, 128, 0, 2, Ayen_Rundlor_(Smithing)
P 866.98, -2647.795, -3.0000, 0, 128, 0, 2, Gamin_Griststone_(General)
P 888.98, -2640.795, -2.0000, 0, 128, 0, 2, Nalda_Griststone_(Smithing)
P 828.98, -2729.795, 8.0000, 0, 128, 0, 2, Iglan_Thranon_(General)
P 807.98, -2717.795, -2.0000, 0, 128, 0, 2, Urazun_Thranon_(Baking)
P 606.98, -2760.795, 8.0000, 0, 128, 0, 2, Inudul_Dumirgun_(Brewing)
P 1896.98, 1358.205, -2.0000, 0, 128, 0, 2, Izbal_Brightblaze_(Pottery)
P 1918.98, 1380.205, -1.0000, 0, 128, 0, 2, Gand_Truelink_(Armorer)
P 1881.98, 1256.205, -2.0000, 0, 128, 0, 2, Alga_Bruntbuckler_(Tailor)
P -2079.02, 2154.205, -3.0000, 0, 128, 0, 2, Ellona_(Spells)
P -2946.02, 1571.205, -3.0000, 0, 128, 0, 2, Fugan_Mumfur_(Tailoring)
P -2887.02, -1388.795, -3.0000, 0, 128, 0, 2, Parn_Gylwyn_(General)
P -2809.02, -1347.795, -2.0000, 0, 127, 127, 2, Deldryn_Splendyr_(Task_Master)
P -2853.02, -1351.795, -3.0000, 0, 127, 127, 2, Aewin_Keladryn_(Task_Master)
P 622.98, -2740.795, -2.0000, 0, 127, 127, 2, Alun_Bilgum_(Task_Master)
P 608.98, -2724.795, -2.0000, 0, 127, 127, 2, Gibi_Bilgum_(Task_Master)
P 2342.98, 1147.205, -3.0000, 0, 240, 240, 2, Alinai_Kaneriti_(Raid)
P 2429.98, 1223.205, -3.0000, 0, 240, 240, 2, Glopruk_Tigglum_(Raid)
P 2415.98, 1161.205, -3.0000, 0, 240, 240, 2, Kroggl_(Raid)
P -3041.02, -1916.795, -11.0000, 0, 127, 127, 2, Mister_Squich_(Quest)
P -3067.02, -2108.795, -11.0000, 0, 0, 0, 2, Kanthuk_Ogrebane
P 386.98, 2805.205, 4.0000, 0, 0, 0, 2, Droongar_Kaan
P 2451.98, 1194.205, -3.0000, 0, 0, 0, 2, Soulbinder_Tania
P 2434.98, 1182.205, -3.0000, 0, 0, 0, 2, Vual_Stoutest
P 2388.98, 1118.205, -3.0000, 0, 0, 0, 2, Gan_Ironsworthy
P 2376.98, 1138.205, -3.0000, 0, 0, 0, 2, Jilsuia_Lluarea
P 2353.98, 1186.205, -3.0000, 0, 0, 0, 2, Gaellane_Ivyweaver
P 2630.98, -1038.795, -2.0000, 0, 0, 0, 2, Signus_Boran
P 572.98, 602.205, -3.0000, 0, 0, 0, 2, Barma_Dunfire
P 511.98, 573.205, -5.0000, 0, 0, 0, 2, Glynn_Smeltpot
P 498.98, 588.205, -4.0000, 0, 0, 0, 2, Glynda_Smeltpot
P -222.02, 1041.205, 2.0000, 0, 0, 0, 2, Baradiella_Skymoor
P -83.02, 1012.205, -2.0000, 0, 0, 0, 2, Nyzil_Bloodforge
P -185.02, 223.205, -3.0000, 0, 0, 0, 2, Delin_Ironblend
P 2367.98, -1947.795, 8.0000, 0, 0, 0, 2, Renell_Bekea
P -706.02, -1984.795, 32.0000, 0, 0, 0, 2, Durkis_Battlemore
P -1549.02, -1975.795, -4.0000, 0, 0, 0, 2, Darm_Dundam
P -1593.02, -1968.795, -3.0000, 0, 0, 0, 2, Ganbar_Dundam
P -2199.02, -2257.795, -3.0000, 0, 0, 0, 2, Gridbar_Galund
P -2723.02, -1132.795, -1.0000, 0, 0, 0, 2, Happ_Findlefinn
P -2776.02, -1029.795, -2.0000, 0, 0, 0, 2, Doran_Glosglen
P -2831.02, -951.795, -3.0000, 0, 0, 0, 2, Lessein_Rocraft
P -2814.02, -1001.795, -1.0000, 0, 0, 0, 2, Gann_Dunbull
P -3043.02, -847.795, -3.0000, 0, 0, 0, 2, Thar_Kelgand
P -3086.02, -943.795, 8.0000, 0, 0, 0, 2, Vedico_Windwisper
P -1917.02, 586.205, -1.0000, 0, 0, 0, 2, Sigmas_Boran
P -3045.02, 1593.205, -9.0000, 0, 0, 0, 2, Tagnis_Ginfarr
P -2932.02, 1585.205, -2.0000, 0, 0, 0, 2, Den_Ironblend
P -2919.02, 1568.205, -1.0000, 0, 0, 0, 2, Kandin_Firepot
P -2956.02, 1481.205, -1.0000, 0, 0, 0, 2, Dalbar_Tarbrind
P -2969.02, 1469.205, -1.0000, 0, 0, 0, 2, Lann_Dabldrin
P -1715.02, -189.795, -1.0000, 0, 0, 0, 2, Peg_Leg
P -1725.02, -202.795, -1.0000, 0, 0, 0, 2, Crytil_Dunfire
P -1751.02, -193.795, -1.0000, 0, 0, 0, 2, Keldyn_Dunfire
P -1716.02, -156.795, -1.0000, 0, 0, 0, 2, Margyl_Darklin_(Roam)
P -1693.02, 4.205, 18.0000, 0, 0, 0, 2, Qued
P -2626.02, -828.795, -1.0000, 0, 0, 0, 2, Feriella_Vorana
P -3049.02, -1536.795, 1.0000, 0, 0, 0, 2, Dru_Razbind
P -1988.811, -1695.633, 66.2622, 0, 0, 0, 2, Walnan
P 2090.985, -573.975, 20.7150, 0, 0, 0, 2, Tok_Skan
P 2845.98, 1284.205, 2.0000, 0, 0, 0, 2, Savil_Tranquilsong
P -2787.02, -1343.795, 0.0000, 0, 0, 0, 2, Siltria_Marwind
P 130.98, -2878.795, -2.0000, 0, 0, 0, 2, Dandalek_Swillslammer
P 115.168, 1110.641, -12.0086, 0, 0, 0, 2, Zarchoomi
P -3266.02, -1181.795, -43.0000, 127, 64, 0, 2, Glubbsink_(Hunter,Roam)
