P 1363.922, -5.241, -41.0484, 255, 0, 0, 3, to_East_Commonlands
P -532.407, 1158.979, -41.6552, 255, 0, 0, 3, to_Befallen
P -4147.057, -907.114, -51.4677, 255, 0, 0, 3, to_Kithicor_Forest
P -1298.511, -442.277, -54.4365, 255, 0, 0, 2, Druid_Ring
P 12.378, -23.643, -53.9677, 255, 255, 255, 2, Toll_Booth
P -1714.988, 5.771, -54.4365, 255, 255, 255, 2, Minor_Spires
P -1320.354, -450.935, -51.3051, 0, 128, 0, 2, Slea_(Druid_Spells)
P -528.354, 211.086, -48.7258, 0, 128, 0, 2, Ruby_(Merchant)
P -388.354, 148.073, -48.2262, 0, 128, 0, 2, Rooster_(Merchant)
P -402.354, 103.229, -48.2262, 0, 128, 0, 2, Seke_(Bar)
P -404.354, 195.088, -48.2262, 0, 128, 0, 2, Sorsha_(Armor)
P -470.354, 278.079, -48.2401, 0, 128, 0, 2, Parus_(Weapons)
P -203.354, 700.074, -50.7257, 0, 128, 0, 2, Noresa_(Jewelry)
P -2345.354, -405.935, -47.9742, 0, 128, 0, 2, Maula_(Merchant)
P -2763.354, 462.073, -48.2258, 0, 128, 0, 2, Ranon_(Armor)
P -2512.354, 514.072, -49.0054, 0, 128, 0, 2, Opal_(Weapons)
P -2650.354, 383.072, -51.3804, 0, 128, 0, 2, Olissa_(Merchant)
P -2602.354, 399.068, -51.3804, 0, 128, 0, 2, Peron_(Armor)
P -2699.354, 400.069, -51.3804, 0, 128, 0, 2, Redthorn_(Bar)
