L -3577.654, -734.035, -54.4, -3567.354, -732.835, -54.4, 0, 0, 0
L -3577.554, -743.635, -54.4, -3577.654, -734.035, -54.4, 0, 0, 0
L -3567.254, -743.735, -54.4, -3577.554, -743.635, -54.4, 0, 0, 0
L -3567.354, -732.835, -54.4, -3567.254, -743.735, -54.4, 0, 0, 0
L -3813.654, 1100.865, -6.1, -3886.854, 1184.965, 84.6, 150, 150, 150
L -3813.954, 1077.065, -5.1, -3813.654, 1100.865, -6.1, 150, 150, 150
L -3758.554, 1056.265, -32.9, -3813.954, 1077.065, -5.1, 150, 150, 150
L -3697.754, 1010.065, -37.4, -3758.554, 1056.265, -32.9, 150, 150, 150
L -3605.854, 923.165, -48.8, -3697.754, 1010.065, -37.4, 150, 150, 150
L -3553.854, 857.865, -49.7, -3605.854, 923.165, -48.8, 150, 150, 150
L -3476.054, 804.465, -51.3, -3553.854, 857.865, -49.7, 150, 150, 150
L -3441.754, 792.865, -51.3, -3476.054, 804.465, -51.3, 150, 150, 150
L -3371.054, 790.865, -45.4, -3441.754, 792.865, -51.3, 150, 150, 150
L -3346.054, 779.765, -35.6, -3371.054, 790.865, -45.4, 150, 150, 150
L -3315.554, 791.065, -36.8, -3346.054, 779.765, -35.6, 150, 150, 150
L -3282.454, 799.965, -39.7, -3315.554, 791.065, -36.8, 150, 150, 150
L -3252.054, 781.565, -46.0, -3282.454, 799.965, -39.7, 150, 150, 150
L -3191.754, 786.265, -50.0, -3252.054, 781.565, -46.0, 150, 150, 150
L -3160.754, 787.165, -50.7, -3191.754, 786.265, -50.0, 150, 150, 150
L -3122.354, 778.265, -47.9, -3160.754, 787.165, -50.7, 150, 150, 150
L -3078.854, 786.665, -39.7, -3122.354, 778.265, -47.9, 150, 150, 150
L -3055.254, 797.865, -36.0, -3078.854, 786.665, -39.7, 150, 150, 150
L -3007.754, 773.865, -33.5, -3055.254, 797.865, -36.0, 150, 150, 150
L -2935.354, 741.765, -31.4, -3007.754, 773.865, -33.5, 150, 150, 150
L -2896.754, 715.565, -40.0, -2935.354, 741.765, -31.4, 150, 150, 150
L -2876.754, 680.765, -47.0, -2896.754, 715.565, -40.0, 150, 150, 150
L -2845.554, 659.665, -49.2, -2876.754, 680.765, -47.0, 150, 150, 150
L -2817.554, 673.465, -49.7, -2845.554, 659.665, -49.2, 150, 150, 150
L -2807.954, 691.565, -48.9, -2817.554, 673.465, -49.7, 150, 150, 150
L -2738.254, 745.165, -51.1, -2807.954, 691.565, -48.9, 150, 150, 150
L -2711.754, 798.265, -51.3, -2738.254, 745.165, -51.1, 150, 150, 150
L -2690.354, 810.665, -51.3, -2711.754, 798.265, -51.3, 150, 150, 150
L -2679.954, 859.165, -49.9, -2690.354, 810.665, -51.3, 150, 150, 150
L -2661.354, 889.165, -47.7, -2679.954, 859.165, -49.9, 150, 150, 150
L -2644.454, 928.465, -44.9, -2661.354, 889.165, -47.7, 150, 150, 150
L -2595.854, 888.365, -50.8, -2644.454, 928.465, -44.9, 150, 150, 150
L -2551.554, 895.665, -51.3, -2595.854, 888.365, -50.8, 150, 150, 150
L -2539.754, 935.065, -51.3, -2551.554, 895.665, -51.3, 150, 150, 150
L -2500.254, 871.565, -37.0, -2539.754, 935.065, -51.3, 150, 150, 150
L -2476.054, 794.965, -33.1, -2500.254, 871.565, -37.0, 150, 150, 150
L -2469.754, 766.365, -42.6, -2476.054, 794.965, -33.1, 150, 150, 150
L -2436.754, 748.265, -48.5, -2469.754, 766.365, -42.6, 150, 150, 150
L -2335.054, 784.165, -36.2, -2436.754, 748.265, -48.5, 150, 150, 150
L -2245.554, 743.965, -51.3, -2335.054, 784.165, -36.2, 150, 150, 150
L -2227.654, 730.065, -51.3, -2245.554, 743.965, -51.3, 150, 150, 150
L -2183.154, 706.265, -51.3, -2227.654, 730.065, -51.3, 150, 150, 150
L -2153.654, 683.565, -51.3, -2183.154, 706.265, -51.3, 150, 150, 150
L -2121.154, 684.265, -51.3, -2153.654, 683.565, -51.3, 150, 150, 150
L -2073.954, 687.265, -51.3, -2121.154, 684.265, -51.3, 150, 150, 150
L -2054.654, 696.365, -51.3, -2073.954, 687.265, -51.3, 150, 150, 150
L -1994.254, 680.065, -51.3, -2054.654, 696.365, -51.3, 150, 150, 150
L -1970.554, 687.265, -51.3, -1994.254, 680.065, -51.3, 150, 150, 150
L -1922.854, 677.065, -51.3, -1970.554, 687.265, -51.3, 150, 150, 150
L -1887.354, 685.565, -51.3, -1922.854, 677.065, -51.3, 150, 150, 150
L -1869.254, 683.165, -51.3, -1887.354, 685.565, -51.3, 150, 150, 150
L -1839.254, 689.865, -51.3, -1869.254, 683.165, -51.3, 150, 150, 150
L -1797.054, 675.965, -51.3, -1839.254, 689.865, -51.3, 150, 150, 150
L -1756.654, 687.765, -51.3, -1797.054, 675.965, -51.3, 150, 150, 150
L -1727.254, 694.565, -51.3, -1756.654, 687.765, -51.3, 150, 150, 150
L -1693.354, 685.265, -51.3, -1727.254, 694.565, -51.3, 150, 150, 150
L -1656.354, 681.865, -51.3, -1693.354, 685.265, -51.3, 150, 150, 150
L -1631.654, 683.865, -51.3, -1656.354, 681.865, -51.3, 150, 150, 150
L -1606.454, 679.765, -51.3, -1631.654, 683.865, -51.3, 150, 150, 150
L -1582.454, 687.065, -51.3, -1606.454, 679.765, -51.3, 150, 150, 150
L -1535.754, 676.865, -51.3, -1582.454, 687.065, -51.3, 150, 150, 150
L -1500.054, 685.865, -51.3, -1535.754, 676.865, -51.3, 150, 150, 150
L -1408.654, 694.365, -51.3, -1500.054, 685.865, -51.3, 150, 150, 150
L -1391.654, 701.365, -51.3, -1408.654, 694.365, -51.3, 150, 150, 150
L -1362.454, 703.665, -51.3, -1391.654, 701.365, -51.3, 150, 150, 150
L -1352.554, 729.465, -51.3, -1362.454, 703.665, -51.3, 150, 150, 150
L -1306.954, 762.765, -51.3, -1352.554, 729.465, -51.3, 150, 150, 150
L -1291.554, 780.765, -51.3, -1306.954, 762.765, -51.3, 150, 150, 150
L -1260.254, 785.765, -51.3, -1291.554, 780.765, -51.3, 150, 150, 150
L -1255.454, 760.165, -51.3, -1260.254, 785.765, -51.3, 150, 150, 150
L -1234.054, 736.965, -51.3, -1255.454, 760.165, -51.3, 150, 150, 150
L -1203.154, 718.965, -51.3, -1234.054, 736.965, -51.3, 150, 150, 150
L -1181.954, 710.665, -51.3, -1203.154, 718.965, -51.3, 150, 150, 150
L -1176.054, 691.965, -51.3, -1181.954, 710.665, -51.3, 150, 150, 150
L -1157.054, 676.265, -51.3, -1176.054, 691.965, -51.3, 150, 150, 150
L -1122.954, 680.865, -51.3, -1157.054, 676.265, -51.3, 150, 150, 150
L -1105.754, 687.865, -51.3, -1122.954, 680.865, -51.3, 150, 150, 150
L -1093.554, 696.865, -51.3, -1105.754, 687.865, -51.3, 150, 150, 150
L -1079.754, 696.865, -51.3, -1093.554, 696.865, -51.3, 150, 150, 150
L -1066.454, 686.565, -51.3, -1079.754, 696.865, -51.3, 150, 150, 150
L -1029.754, 677.565, -51.3, -1066.454, 686.565, -51.3, 150, 150, 150
L -975.954, 687.965, -51.3, -1029.754, 677.565, -51.3, 150, 150, 150
L -942.354, 678.265, -51.3, -975.954, 687.965, -51.3, 150, 150, 150
L -902.054, 682.565, -51.3, -942.354, 678.265, -51.3, 150, 150, 150
L -864.954, 701.365, -51.3, -902.054, 682.565, -51.3, 150, 150, 150
L -815.154, 677.265, -51.3, -864.954, 701.365, -51.3, 150, 150, 150
L -776.054, 689.765, -51.3, -815.154, 677.265, -51.3, 150, 150, 150
L -755.554, 696.465, -51.3, -776.054, 689.765, -51.3, 150, 150, 150
L -737.054, 689.765, -51.3, -755.554, 696.465, -51.3, 150, 150, 150
L -699.154, 693.265, -51.3, -737.054, 689.765, -51.3, 150, 150, 150
L -662.254, 708.465, -51.3, -699.154, 693.265, -51.3, 150, 150, 150
L -599.754, 774.365, -50.5, -662.254, 708.465, -51.3, 150, 150, 150
L -557.154, 781.365, -50.3, -599.754, 774.365, -50.5, 150, 150, 150
L -552.254, 753.265, -51.0, -557.154, 781.365, -50.3, 150, 150, 150
L -536.954, 747.865, -51.1, -552.254, 753.265, -51.0, 150, 150, 150
L -490.054, 797.565, -51.1, -536.954, 747.865, -51.1, 150, 150, 150
L -470.054, 807.265, -51.3, -490.054, 797.565, -51.1, 150, 150, 150
L -433.054, 844.565, -50.9, -470.054, 807.265, -51.3, 150, 150, 150
L -402.654, 869.465, -48.5, -433.054, 844.565, -50.9, 150, 150, 150
L -370.454, 885.065, -47.1, -402.654, 869.465, -48.5, 150, 150, 150
L -351.054, 877.065, -47.9, -370.454, 885.065, -47.1, 150, 150, 150
L -344.954, 848.565, -50.5, -351.054, 877.065, -47.9, 150, 150, 150
L -331.654, 826.865, -51.3, -344.954, 848.565, -50.5, 150, 150, 150
L -305.954, 780.665, -51.3, -331.654, 826.865, -51.3, 150, 150, 150
L -275.954, 805.065, -51.3, -305.954, 780.665, -51.3, 150, 150, 150
L -251.254, 798.265, -51.3, -275.954, 805.065, -51.3, 150, 150, 150
L -246.454, 833.665, -51.3, -251.254, 798.265, -51.3, 150, 150, 150
L -204.454, 861.165, -51.1, -246.454, 833.665, -51.3, 150, 150, 150
L -166.754, 872.565, -51.0, -204.454, 861.165, -51.1, 150, 150, 150
L -125.454, 873.665, -51.1, -166.754, 872.565, -51.0, 150, 150, 150
L -101.754, 883.065, -51.3, -125.454, 873.665, -51.1, 150, 150, 150
L -74.654, 890.665, -51.4, -101.754, 883.065, -51.3, 150, 150, 150
L -42.254, 886.465, -51.5, -74.654, 890.665, -51.4, 150, 150, 150
L -5.954, 884.465, -51.5, -42.254, 886.465, -51.5, 150, 150, 150
L 9.346, 891.865, -51.5, -5.954, 884.465, -51.5, 150, 150, 150
L 94.846, 891.165, -51.5, 9.346, 891.865, -51.5, 150, 150, 150
L 115.146, 896.365, -51.5, 94.846, 891.165, -51.5, 150, 150, 150
L 143.446, 883.265, -51.5, 115.146, 896.365, -51.5, 150, 150, 150
L 207.546, 891.665, -51.5, 143.446, 883.265, -51.5, 150, 150, 150
L 228.546, 897.965, -51.5, 207.546, 891.665, -51.5, 150, 150, 150
L 268.346, 883.765, -51.5, 228.546, 897.965, -51.5, 150, 150, 150
L 290.546, 878.565, -51.5, 268.346, 883.765, -51.5, 150, 150, 150
L 313.146, 886.465, -51.5, 290.546, 878.565, -51.5, 150, 150, 150
L 349.646, 891.465, -51.5, 313.146, 886.465, -51.5, 150, 150, 150
L 410.246, 870.465, -35.8, 349.646, 891.465, -51.5, 150, 150, 150
L 447.646, 850.065, -31.0, 410.246, 870.465, -35.8, 150, 150, 150
L 526.146, 800.765, -27.7, 447.646, 850.065, -31.0, 150, 150, 150
L 542.146, 770.865, -39.4, 526.146, 800.765, -27.7, 150, 150, 150
L 567.946, 751.565, -47.7, 542.146, 770.865, -39.4, 150, 150, 150
L 586.946, 767.565, -44.7, 567.946, 751.565, -47.7, 150, 150, 150
L 602.246, 770.065, -44.7, 586.946, 767.565, -44.7, 150, 150, 150
L 611.946, 782.865, -41.9, 602.246, 770.065, -44.7, 150, 150, 150
L 643.346, 782.465, -42.0, 611.946, 782.865, -41.9, 150, 150, 150
L 644.546, 756.165, -47.9, 643.346, 782.465, -42.0, 150, 150, 150
L 662.746, 747.165, -49.8, 644.546, 756.165, -47.9, 150, 150, 150
L 697.346, 790.865, -47.7, 662.746, 747.165, -49.8, 150, 150, 150
L 709.446, 807.265, -46.8, 697.346, 790.865, -47.7, 150, 150, 150
L 733.046, 811.565, -51.0, 709.446, 807.265, -46.8, 150, 150, 150
L 744.546, 831.465, -49.2, 733.046, 811.565, -51.0, 150, 150, 150
L 759.846, 839.365, -50.8, 744.546, 831.465, -49.2, 150, 150, 150
L 805.746, 880.365, -51.5, 759.846, 839.365, -50.8, 150, 150, 150
L 844.446, 883.465, -51.5, 805.746, 880.365, -51.5, 150, 150, 150
L 848.946, 852.265, -51.5, 844.446, 883.465, -51.5, 150, 150, 150
L 904.146, 816.265, -46.6, 848.946, 852.265, -51.5, 150, 150, 150
L 917.646, 798.965, -45.8, 904.146, 816.265, -46.6, 150, 150, 150
L 930.246, 796.965, -46.3, 917.646, 798.965, -45.8, 150, 150, 150
L 940.146, 770.265, -55.8, 930.246, 796.965, -46.3, 150, 150, 150
L 979.946, 699.265, -70.2, 940.146, 770.265, -55.8, 150, 150, 150
L 993.746, 685.865, -70.5, 979.946, 699.265, -70.2, 150, 150, 150
L 1017.446, 689.665, -68.3, 993.746, 685.865, -70.5, 150, 150, 150
L 1050.646, 703.665, -64.2, 1017.446, 689.665, -68.3, 150, 150, 150
L 1076.946, 707.965, -61.5, 1050.646, 703.665, -64.2, 150, 150, 150
L 1097.246, 698.165, -60.3, 1076.946, 707.965, -61.5, 150, 150, 150
L 1131.546, 700.365, -56.5, 1097.246, 698.165, -60.3, 150, 150, 150
L 1150.346, 699.565, -53.5, 1131.546, 700.365, -56.5, 150, 150, 150
L 1176.346, 728.965, -51.5, 1150.346, 699.565, -53.5, 150, 150, 150
L 1192.646, 720.065, -51.5, 1176.346, 728.965, -51.5, 150, 150, 150
L 1215.346, 715.665, -51.5, 1192.646, 720.065, -51.5, 150, 150, 150
L 1221.646, 695.365, -51.5, 1215.346, 715.665, -51.5, 150, 150, 150
L 1241.046, 679.065, -51.5, 1221.646, 695.365, -51.5, 150, 150, 150
L 1259.646, 685.065, -51.5, 1241.046, 679.065, -51.5, 150, 150, 150
L 1287.946, 670.665, -41.5, 1259.646, 685.065, -51.5, 150, 150, 150
L 1310.046, 672.865, -35.5, 1287.946, 670.665, -41.5, 150, 150, 150
L 1318.746, 653.165, -36.8, 1310.046, 672.865, -35.5, 150, 150, 150
L 1353.146, 645.865, -30.5, 1318.746, 653.165, -36.8, 150, 150, 150
L 1405.846, 613.765, -27.9, 1353.146, 645.865, -30.5, 150, 150, 150
L 1417.746, 596.365, -29.7, 1405.846, 613.765, -27.9, 150, 150, 150
L 1433.146, 585.465, -33.6, 1417.746, 596.365, -29.7, 150, 150, 150
L 1448.846, 564.065, -42.0, 1433.146, 585.465, -33.6, 150, 150, 150
L 1464.646, 533.865, -51.6, 1448.846, 564.065, -42.0, 150, 150, 150
L 1475.046, 506.965, -53.0, 1464.646, 533.865, -51.6, 150, 150, 150
L 1481.446, 501.465, -53.8, 1475.046, 506.965, -53.0, 150, 150, 150
L 1498.046, 478.265, -55.9, 1481.446, 501.465, -53.8, 150, 150, 150
L 1516.346, 504.665, -58.2, 1498.046, 478.265, -55.9, 150, 150, 150
L 1517.646, 508.165, -61.5, 1516.346, 504.665, -58.2, 150, 150, 150
L 1527.646, 498.265, -63.3, 1517.646, 508.165, -61.5, 150, 150, 150
L 1539.846, 504.765, -65.4, 1527.646, 498.265, -63.3, 150, 150, 150
L 1546.546, 491.065, -68.2, 1539.846, 504.765, -65.4, 150, 150, 150
L 1545.146, 507.365, -63.2, 1546.546, 491.065, -68.2, 150, 150, 150
L -484.154, 1153.565, -41.7, -526.154, 1153.565, -41.7, 178, 102, 255
L -484.054, 1125.165, -41.6, -484.154, 1153.565, -41.7, 178, 102, 255
L -475.054, 1042.365, -40.7, -484.054, 1125.165, -41.6, 178, 102, 255
L 1651.246, -1201.935, 68.8, 1479.946, 1175.365, 85.8, 199, 21, 133
L 1510.846, 1175.365, 86.9, 1479.946, 1175.365, 85.8, 0, 0, 0
L 1651.246, -1201.935, 68.8, 1293.146, -1202.135, 70.9, 0, 0, 0
L 1293.146, -1202.135, 70.9, 1242.646, -1202.135, 84.3, 0, 0, 0
L 1242.646, -1202.135, 84.3, 1123.846, -1202.235, 113.9, 0, 0, 0
L 1123.846, -1202.235, 113.9, 1023.946, -1202.335, 112.1, 0, 0, 0
L 1023.946, -1202.335, 112.1, 709.246, -1202.435, 83.3, 0, 0, 0
L 709.246, -1202.435, 83.3, 659.846, -1202.535, 104.2, 0, 0, 0
L 659.846, -1202.535, 104.2, 518.846, -1202.535, 98.7, 0, 0, 0
L 518.846, -1202.535, 98.7, -955.654, -1203.335, 25.4, 0, 0, 0
L -955.654, -1203.335, 25.4, -1648.954, -1203.735, 89.9, 0, 0, 0
L -1648.954, -1203.735, 89.9, -2066.254, -1203.935, 135.3, 0, 0, 0
L -2066.254, -1203.935, 135.3, -2453.154, -1204.135, 42.6, 0, 0, 0
L -2453.154, -1204.135, 42.6, -2647.354, -1204.235, 124.6, 0, 0, 0
L -2647.354, -1204.235, 124.6, -2913.654, -1204.435, 76.1, 0, 0, 0
L -2913.654, -1204.435, 76.1, -3259.554, -1204.635, 76.5, 0, 0, 0
L -3259.554, -1204.635, 76.5, -3499.054, -1204.735, 53.9, 0, 0, 0
L -3499.054, -1204.735, 53.9, -3817.454, -1204.935, 16.6, 0, 0, 0
L -3817.454, -1204.935, 16.6, -3876.954, -1204.935, 10.0, 0, 0, 0
L -3876.954, -1204.935, 10.0, -3970.454, -1109.735, 29.0, 0, 0, 0
L -3970.454, -1109.735, 29.0, -3978.854, -1058.835, -48.4, 0, 0, 0
L -3978.854, -1058.835, -48.4, -4014.954, -1093.935, -51.5, 0, 0, 0
L -4014.954, -1093.935, -51.5, -4037.654, -1105.935, -51.5, 0, 0, 0
L -4037.654, -1105.935, -51.5, -4070.254, -1101.435, -51.5, 0, 0, 0
L -4070.254, -1101.435, -51.5, -4106.254, -1040.135, -51.5, 0, 0, 0
L -4106.254, -1040.135, -51.5, -4100.754, -977.735, -51.5, 0, 0, 0
L -4100.754, -977.735, -51.5, -4068.554, -964.235, -51.5, 0, 0, 0
L -4068.554, -964.235, -51.5, -4049.654, -948.135, -51.5, 0, 0, 0
L -4049.654, -948.135, -51.5, -4049.554, -920.935, -51.5, 0, 0, 0
L -4049.554, -920.935, -51.5, -4085.654, -899.135, -51.5, 0, 0, 0
L -4085.654, -899.135, -51.5, -4125.354, -929.835, -51.5, 0, 0, 0
L -4125.354, -929.835, -51.5, -4171.554, -909.535, -51.5, 0, 0, 0
L -4157.854, -889.535, -51.5, -4144.154, -897.635, -51.5, 0, 0, 0
L -4157.854, -889.535, -51.5, -4171.554, -909.535, -51.5, 199, 21, 133
L -4144.154, -897.635, -51.5, -4122.954, -910.235, -51.5, 0, 0, 0
L -4122.954, -910.235, -51.5, -4083.654, -879.135, -51.5, 0, 0, 0
L -4083.654, -879.135, -51.5, -4033.854, -901.035, -51.4, 0, 0, 0
L -4033.854, -901.035, -51.4, -4027.254, -954.635, -51.5, 0, 0, 0
L -4027.254, -954.635, -51.5, -4055.254, -986.735, -51.5, 0, 0, 0
L -4055.254, -986.735, -51.5, -4079.754, -1032.735, -51.5, 0, 0, 0
L -4079.754, -1032.735, -51.5, -4057.054, -1070.835, -51.5, 0, 0, 0
L -4057.054, -1070.835, -51.5, -4044.754, -1077.935, -51.5, 0, 0, 0
L -4044.754, -1077.935, -51.5, -4024.754, -1063.935, -51.5, 0, 0, 0
L -4024.754, -1063.935, -51.5, -3977.554, -1006.835, -51.4, 0, 0, 0
L -3977.554, -1006.835, -51.4, -3964.954, -961.235, -20.9, 0, 0, 0
L -3964.954, -961.235, -20.9, -3913.254, -840.835, 25.6, 0, 0, 0
L -3913.254, -840.835, 25.6, -3912.254, -761.835, 80.4, 0, 0, 0
L -3912.254, -761.835, 80.4, -3910.154, -600.035, 81.0, 0, 0, 0
L -3910.154, -600.035, 81.0, -3906.954, -354.135, 114.0, 0, 0, 0
L -3906.954, -354.135, 114.0, -3904.354, -155.935, 112.8, 0, 0, 0
L -3904.354, -155.935, 112.8, -3902.754, -33.435, 84.8, 0, 0, 0
L -3902.754, -33.435, 84.8, -3901.054, 95.865, 102.8, 0, 0, 0
L -3901.054, 95.865, 102.8, -3899.454, 214.965, 100.1, 0, 0, 0
L -3899.454, 214.965, 100.1, -3898.054, 324.065, 109.0, 0, 0, 0
L -3898.054, 324.065, 109.0, -3896.554, 439.465, 126.5, 0, 0, 0
L -3896.554, 439.465, 126.5, -3895.054, 553.565, 123.6, 0, 0, 0
L -3895.054, 553.565, 123.6, -3893.454, 679.865, 103.9, 0, 0, 0
L -3893.454, 679.865, 103.9, -3891.754, 806.065, 96.9, 0, 0, 0
L -3891.754, 806.065, 96.9, -3888.654, 1047.465, 86.0, 0, 0, 0
L -3888.654, 1047.465, 86.0, -3886.854, 1184.965, 84.6, 0, 0, 0
L -3886.854, 1184.965, 84.6, -3645.454, 1184.365, 91.1, 0, 0, 0
L -3645.454, 1184.365, 91.1, -3565.554, 1184.165, 101.4, 0, 0, 0
L -3565.554, 1184.165, 101.4, -3430.854, 1183.765, 121.2, 0, 0, 0
L -3430.854, 1183.765, 121.2, -3292.654, 1183.465, 123.7, 0, 0, 0
L -3292.654, 1183.465, 123.7, -3164.254, 1183.165, 126.3, 0, 0, 0
L -3164.254, 1183.165, 126.3, -3044.554, 1182.765, 126.0, 0, 0, 0
L -3044.554, 1182.765, 126.0, -2917.754, 1182.465, 113.0, 0, 0, 0
L -2917.754, 1182.465, 113.0, -2790.054, 1182.165, 102.0, 0, 0, 0
L -2790.054, 1182.165, 102.0, -2647.154, 1181.765, 108.2, 0, 0, 0
L -2647.154, 1181.765, 108.2, -2493.754, 1181.365, 91.0, 0, 0, 0
L -2493.754, 1181.365, 91.0, -2352.054, 1180.965, 85.4, 0, 0, 0
L -2352.054, 1180.965, 85.4, -2187.354, 1180.565, 88.0, 0, 0, 0
L -2187.354, 1180.565, 88.0, -2006.354, 1180.065, 87.0, 0, 0, 0
L -2006.354, 1180.065, 87.0, -1861.654, 1179.665, 107.0, 0, 0, 0
L -1861.654, 1179.665, 107.0, -1695.354, 1179.265, 108.1, 0, 0, 0
L -1695.354, 1179.265, 108.1, -1543.854, 1178.865, 152.9, 0, 0, 0
L -1543.854, 1178.865, 152.9, -1430.654, 1178.565, 133.7, 0, 0, 0
L -1430.654, 1178.565, 133.7, -1325.254, 1178.265, 107.6, 0, 0, 0
L -1325.254, 1178.265, 107.6, -1233.054, 1178.065, 77.9, 0, 0, 0
L -1233.054, 1178.065, 77.9, -1181.054, 1177.865, 75.4, 0, 0, 0
L -1181.054, 1177.865, 75.4, -1133.754, 1177.765, 81.1, 0, 0, 0
L -1133.754, 1177.765, 81.1, -1088.354, 1177.665, 80.4, 0, 0, 0
L -1088.354, 1177.665, 80.4, -971.654, 1177.365, 86.5, 0, 0, 0
L -971.654, 1177.365, 86.5, -843.254, 1177.065, 52.0, 0, 0, 0
L -843.254, 1177.065, 52.0, -690.154, 1176.665, 53.1, 0, 0, 0
L -690.154, 1176.665, 53.1, -680.154, 1173.665, 53.5, 0, 0, 0
L -680.154, 1173.665, 53.5, -589.754, 1176.365, 74.6, 0, 0, 0
L -589.754, 1176.365, 74.6, -459.754, 1175.965, 94.0, 0, 0, 0
L -459.754, 1175.965, 94.0, -309.254, 1175.665, 97.8, 0, 0, 0
L -309.254, 1175.665, 97.8, -192.054, 1175.365, 96.9, 0, 0, 0
L -192.054, 1175.365, 96.9, -84.154, 1175.065, 70.5, 0, 0, 0
L -84.154, 1175.065, 70.5, 23.246, 1174.765, 77.3, 0, 0, 0
L 23.246, 1174.765, 77.3, 180.746, 1174.365, 79.0, 0, 0, 0
L 180.746, 1174.365, 79.0, 334.046, 1173.865, 78.4, 0, 0, 0
L 334.046, 1173.865, 78.4, 442.446, 1173.665, 70.5, 0, 0, 0
L 442.446, 1173.665, 70.5, 538.346, 1173.365, 72.9, 0, 0, 0
L 538.346, 1173.365, 72.9, 654.746, 1173.565, 78.3, 0, 0, 0
L 654.746, 1173.565, 78.3, 761.246, 1174.265, 80.8, 0, 0, 0
L 761.246, 1174.265, 80.8, 922.246, 1175.465, 66.5, 0, 0, 0
L -526.154, 1153.565, -41.7, -526.154, 1161.065, -41.7, 178, 102, 255
L -539.454, 1160.265, -41.7, -539.454, 1155.965, -41.7, 178, 102, 255
L -539.454, 1155.965, -41.7, -539.454, 1140.265, -41.7, 178, 102, 255
L -539.454, 1140.265, -41.7, -497.354, 1140.265, -41.7, 178, 102, 255
L -497.354, 1140.265, -41.7, -497.654, 1125.065, -41.7, 178, 102, 255
L -497.654, 1125.065, -41.7, -501.854, 1041.965, -41.8, 178, 102, 255
L -384.054, -1114.935, -49.8, -402.654, -1150.635, -49.3, 0, 0, 0
L -402.654, -1150.635, -48.5, -438.354, -1132.035, -48.4, 0, 0, 0
L -438.354, -1132.035, -49.9, -419.854, -1096.235, -50.6, 0, 0, 0
L -403.654, -1147.435, -49.0, -387.254, -1115.935, -49.2, 0, 0, 0
L -387.254, -1115.935, -50.1, -400.054, -1109.335, -50.3, 0, 0, 0
L -435.254, -1131.035, -48.9, -403.654, -1147.435, -48.5, 0, 0, 0
L -398.954, -1107.135, -50.6, -384.054, -1114.935, -50.4, 0, 0, 0
L -405.054, -1104.035, -50.9, -419.854, -1096.235, -51.1, 0, 0, 0
L -418.754, -1099.535, -50.3, -435.254, -1131.035, -50.1, 0, 0, 0
L -406.154, -1106.135, -50.3, -418.754, -1099.535, -50.3, 0, 0, 0
L -179.154, 703.665, -54.5, -179.154, 700.865, -54.5, 0, 0, 0
L -179.154, 700.865, -54.5, -190.654, 689.165, -54.5, 0, 0, 0
L -190.654, 689.165, -54.5, -206.754, 689.065, -54.5, 0, 0, 0
L -206.754, 689.065, -54.5, -210.854, 692.765, -54.4, 0, 0, 0
L -210.854, 692.765, -54.4, -214.254, 689.365, -54.4, 0, 0, 0
L -214.254, 689.365, -54.4, -219.154, 693.765, -54.4, 0, 0, 0
L -219.154, 693.765, -54.4, -215.754, 697.665, -54.4, 0, 0, 0
L -215.754, 697.665, -54.4, -218.754, 700.765, -54.4, 0, 0, 0
L -218.754, 700.765, -54.4, -218.754, 716.965, -54.4, 0, 0, 0
L -218.754, 716.965, -54.4, -207.254, 728.665, -54.5, 0, 0, 0
L -207.254, 728.665, -54.5, -191.054, 728.765, -54.5, 0, 0, 0
L -191.054, 728.765, -54.5, -179.454, 717.465, -54.5, 0, 0, 0
L -179.454, 717.465, -54.5, -179.154, 713.765, -54.5, 0, 0, 0
L -181.054, 713.565, -53.9, -181.154, 716.065, -53.9, 0, 0, 0
L -181.154, 716.065, -53.9, -191.554, 726.465, -53.9, 0, 0, 0
L -191.554, 726.465, -53.9, -206.354, 726.265, -53.9, 0, 0, 0
L -206.354, 726.265, -53.9, -216.654, 716.065, -53.9, 0, 0, 0
L -216.654, 716.065, -53.9, -216.654, 701.365, -53.9, 0, 0, 0
L -216.654, 701.365, -53.9, -214.254, 698.965, -53.9, 0, 0, 0
L -214.254, 698.965, -53.9, -213.454, 699.865, -53.9, 0, 0, 0
L -213.454, 699.865, -53.9, -208.654, 694.865, -53.9, 0, 0, 0
L -209.454, 694.165, -53.9, -206.254, 690.965, -53.9, 0, 0, 0
L -209.454, 694.165, -53.9, -208.654, 694.865, -53.9, 0, 0, 0
L -206.254, 690.965, -53.9, -191.554, 690.965, -53.9, 0, 0, 0
L -181.154, 701.365, -53.9, -191.554, 690.965, -53.9, 0, 0, 0
L -181.154, 701.365, -53.9, -181.154, 703.665, -53.9, 0, 0, 0
L 14.546, -36.135, -54.6, 13.446, -29.635, -54.6, 0, 0, 0
L 13.446, -29.635, -54.6, 33.246, -26.435, -54.6, 0, 0, 0
L 33.246, -26.435, -54.6, 36.446, -46.235, -54.6, 0, 0, 0
L 36.446, -46.235, -54.6, 16.646, -49.435, -54.6, 0, 0, 0
L 16.646, -49.435, -54.6, 15.546, -42.735, -54.6, 0, 0, 0
L 14.846, -30.635, -54.6, 15.746, -35.935, -54.6, 0, 0, 0
L 16.846, -42.535, -54.6, 17.646, -48.035, -54.6, 0, 0, 0
L 17.646, -48.035, -54.6, 35.046, -45.235, -54.6, 0, 0, 0
L 35.046, -45.235, -54.6, 32.246, -27.835, -54.6, 0, 0, 0
L 32.246, -27.835, -54.6, 14.846, -30.635, -54.6, 0, 0, 0
L -926.654, -1155.535, -37.6, -935.254, -1154.935, -37.4, 0, 0, 0
L -935.254, -1154.935, -36.7, -938.954, -1147.135, -35.9, 0, 0, 0
L -938.954, -1147.135, -35.8, -936.054, -1141.335, -36.5, 0, 0, 0
L -924.154, -1141.135, -38.9, -921.154, -1147.135, -39.3, 0, 0, 0
L -921.154, -1147.135, -39.2, -926.654, -1155.535, -38.9, 0, 0, 0
L -898.454, -1130.535, -43.4, -895.454, -1147.635, -43.4, 0, 0, 0
L -895.454, -1147.635, -44.0, -879.154, -1145.435, -44.6, 0, 0, 0
L -880.954, -1126.935, -46.1, -879.154, -1145.435, -46.0, 0, 0, 0
L -898.454, -1130.535, -44.0, -880.954, -1126.935, -44.7, 0, 0, 0
L -880.054, -1101.535, -46.8, -873.154, -1108.735, -47.7, 0, 0, 0
L -873.154, -1108.735, -47.7, -865.554, -1105.735, -49.0, 0, 0, 0
L -865.554, -1105.735, -49.0, -863.354, -1098.235, -49.5, 0, 0, 0
L -863.354, -1098.235, -49.5, -868.054, -1092.235, -48.9, 0, 0, 0
L -868.054, -1092.235, -48.9, -877.054, -1093.535, -47.2, 0, 0, 0
L -914.954, -1064.435, -39.0, -929.354, -1068.135, -36.2, 0, 0, 0
L -929.354, -1068.135, -36.2, -932.854, -1058.935, -35.3, 0, 0, 0
L -932.854, -1058.935, -35.3, -919.354, -1053.335, -38.0, 0, 0, 0
L -856.454, -1008.735, -50.8, -852.854, -1000.935, -51.0, 0, 0, 0
L -852.854, -1000.935, -51.7, -843.754, -999.835, -52.3, 0, 0, 0
L -843.754, -999.835, -53.4, -838.654, -1007.835, -53.6, 0, 0, 0
L -838.654, -1007.835, -53.6, -843.154, -1016.035, -53.5, 0, 0, 0
L -843.154, -1016.035, -52.5, -851.754, -1016.035, -52.1, 0, 0, 0
L -852.954, -1015.035, -51.3, -851.754, -1016.035, -51.3, 0, 0, 0
L -918.854, -1092.035, -39.5, -913.954, -1088.435, -39.9, 0, 0, 0
L -913.954, -1088.435, -40.4, -907.654, -1091.035, -40.7, 0, 0, 0
L -908.454, -1097.935, -40.7, -907.654, -1091.035, -40.7, 0, 0, 0
L -908.454, -1097.935, -40.5, -912.454, -1100.935, -40.3, 0, 0, 0
L -912.454, -1100.935, -39.8, -918.054, -1098.535, -39.3, 0, 0, 0
L -918.054, -1098.535, -39.4, -918.854, -1092.035, -39.3, 0, 0, 0
L -1355.954, -432.135, -54.4, -1355.354, -423.435, -54.4, 125, 125, 125
L -1355.354, -423.435, -54.4, -1346.654, -424.135, -54.4, 125, 125, 125
L -1346.654, -424.135, -54.4, -1347.354, -432.735, -54.4, 125, 125, 125
L -1347.354, -432.735, -54.4, -1349.354, -432.635, -54.4, 125, 125, 125
L -1356.454, -439.335, -54.4, -1357.154, -448.035, -54.4, 125, 125, 125
L -1357.154, -448.035, -54.4, -1348.454, -448.635, -54.4, 125, 125, 125
L -1348.454, -448.635, -54.4, -1347.854, -439.935, -54.4, 125, 125, 125
L -1347.854, -439.935, -54.4, -1356.454, -439.335, -54.4, 125, 125, 125
L -1351.754, -432.435, -54.4, -1355.954, -432.135, -54.4, 125, 125, 125
L -1349.354, -432.635, -54.4, -1351.754, -432.435, -54.4, 125, 125, 125
L -1347.054, -429.035, -54.4, -1346.954, -427.435, -54.4, 125, 125, 125
L -1350.754, -423.835, -54.4, -1352.754, -423.635, -54.4, 125, 125, 125
L -1355.754, -428.935, -54.4, -1355.854, -430.135, -54.4, 125, 125, 125
L -1327.954, -429.635, -54.4, -1329.254, -447.035, -54.4, 125, 125, 125
L -1329.254, -447.035, -54.4, -1311.954, -448.335, -54.4, 125, 125, 125
L -1311.954, -448.335, -54.4, -1310.654, -430.935, -54.4, 125, 125, 125
L -1310.654, -430.935, -54.4, -1327.954, -429.635, -54.4, 125, 125, 125
L -1322.354, -406.635, -54.4, -1331.054, -406.035, -54.4, 125, 125, 125
L -1331.054, -406.035, -54.4, -1330.354, -397.335, -54.4, 125, 125, 125
L -1330.354, -397.335, -54.4, -1321.754, -398.035, -54.4, 125, 125, 125
L -1321.754, -398.035, -54.4, -1322.354, -406.635, -54.4, 125, 125, 125
L -1315.154, -407.135, -54.4, -1314.554, -398.535, -54.4, 125, 125, 125
L -1314.554, -398.535, -54.4, -1305.854, -399.135, -54.4, 125, 125, 125
L -1305.854, -399.135, -54.4, -1306.454, -407.835, -54.4, 125, 125, 125
L -1306.454, -407.835, -54.4, -1315.154, -407.135, -54.4, 125, 125, 125
L -1286.954, -436.035, -54.4, -1286.354, -427.335, -54.4, 125, 125, 125
L -1286.354, -427.335, -54.4, -1277.654, -428.035, -54.4, 125, 125, 125
L -1277.654, -428.035, -54.4, -1278.354, -436.635, -54.4, 125, 125, 125
L -1278.354, -436.635, -54.4, -1286.954, -436.035, -54.4, 125, 125, 125
L -1287.454, -443.235, -54.4, -1278.854, -443.835, -54.4, 125, 125, 125
L -1278.854, -443.835, -54.4, -1279.454, -452.535, -54.4, 125, 125, 125
L -1279.454, -452.535, -54.4, -1288.154, -451.935, -54.4, 125, 125, 125
L -1288.154, -451.935, -54.4, -1287.454, -443.235, -54.4, 125, 125, 125
L -1309.654, -471.435, -54.4, -1310.254, -480.035, -54.4, 125, 125, 125
L -1310.254, -480.035, -54.4, -1318.854, -479.435, -54.4, 125, 125, 125
L -1318.854, -479.435, -54.4, -1318.254, -470.835, -54.4, 125, 125, 125
L -1318.254, -470.835, -54.4, -1309.654, -471.435, -54.4, 125, 125, 125
L -1325.454, -470.335, -54.4, -1326.154, -478.935, -54.4, 125, 125, 125
L -1326.154, -478.935, -54.4, -1334.754, -478.335, -54.4, 125, 125, 125
L -1334.754, -478.335, -54.4, -1334.154, -469.635, -54.4, 125, 125, 125
L -1334.154, -469.635, -54.4, -1325.454, -470.335, -54.4, 125, 125, 125
L 3.746, -27.635, -54.6, 2.846, -21.935, -54.6, 0, 0, 0
L 2.846, -21.935, -54.6, 7.546, -21.135, -54.6, 0, 0, 0
L 7.546, -21.135, -54.6, 8.446, -26.835, -54.6, 0, 0, 0
L 3.746, -27.635, -54.6, 8.446, -26.835, -54.6, 0, 0, 0
L 0.546, -21.935, -51.5, -4.054, 6.265, -51.5, 255, 255, 0
L 5.346, -21.135, -54.0, 0.546, -21.935, -54.0, 0, 0, 0
L -2147.554, -170.335, -64.4, -2231.354, -159.635, -64.9, 0, 0, 255
L -2231.354, -159.635, -64.9, -2231.054, -153.635, -64.8, 0, 0, 255
L -2231.054, -153.635, -64.8, -2236.954, -153.935, -64.9, 0, 0, 255
L -2236.954, -153.935, -64.9, -2242.454, -65.235, -65.9, 0, 0, 255
L -2242.454, -65.235, -65.9, -2250.154, -59.735, -64.7, 0, 0, 255
L -2250.154, -59.735, -64.7, -2250.354, 26.665, -64.8, 0, 0, 255
L -2250.354, 26.665, -64.8, -2337.254, 29.865, -64.7, 0, 0, 255
L -2337.254, 29.865, -64.7, -2344.654, 39.865, -64.7, 0, 0, 255
L -2344.654, 39.865, -64.7, -2340.254, 107.965, -58.1, 0, 0, 255
L -2340.254, 107.965, -58.1, -2346.754, 129.765, -64.6, 0, 0, 255
L -2346.754, 129.765, -64.6, -2345.754, 141.865, -64.8, 0, 0, 255
L -2345.754, 141.865, -64.8, -2340.954, 240.265, -64.8, 0, 0, 255
L -2340.954, 240.265, -64.8, -2335.654, 246.265, -64.9, 0, 0, 255
L -2335.654, 246.265, -64.9, -2240.154, 338.965, -64.2, 0, 0, 255
L -2240.154, 338.965, -64.2, -2270.454, 406.765, -64.6, 0, 0, 255
L -2270.454, 406.765, -64.6, -2337.354, 408.365, -64.5, 0, 0, 255
L -2337.354, 408.365, -64.5, -2366.854, 411.065, -64.9, 0, 0, 255
L -2366.854, 411.065, -64.9, -2437.554, 436.665, -64.8, 0, 0, 255
L -2437.554, 436.665, -64.8, -2441.554, 436.565, -64.5, 0, 0, 255
L -2441.554, 436.565, -64.5, -2537.354, 430.565, -64.8, 0, 0, 255
L -2537.354, 430.565, -64.8, -2665.154, 311.865, -64.9, 0, 0, 255
L -2665.154, 311.865, -64.9, -2737.454, 298.065, -64.9, 0, 0, 255
L -2737.454, 298.065, -64.9, -2811.654, 268.065, -64.9, 0, 0, 255
L -2811.654, 268.065, -64.9, -2836.854, 261.865, -64.8, 0, 0, 255
L -2836.854, 261.865, -64.8, -2847.454, 329.365, -65.0, 0, 0, 255
L -2847.454, 329.365, -65.0, -2937.454, 329.265, -64.8, 0, 0, 255
L -2937.454, 329.265, -64.8, -2957.654, 319.565, -64.9, 0, 0, 255
L -2957.654, 319.565, -64.9, -3036.554, 316.165, -64.9, 0, 0, 255
L -3036.554, 316.165, -64.9, -3116.254, 239.965, -64.8, 0, 0, 255
L -3116.254, 239.965, -64.8, -3116.354, 160.265, -64.8, 0, 0, 255
L -3116.354, 160.265, -64.8, -3127.954, 139.965, -64.8, 0, 0, 255
L -3127.954, 139.965, -64.8, -3129.454, 46.865, -64.6, 0, 0, 255
L -3129.454, 46.865, -64.6, -3116.954, 40.265, -64.7, 0, 0, 255
L -3116.954, 40.265, -64.7, -3112.454, -35.735, -64.8, 0, 0, 255
L -3112.454, -35.735, -64.8, -3083.654, -60.035, -64.9, 0, 0, 255
L -3083.654, -60.035, -64.9, -3083.754, -106.235, -64.8, 0, 0, 255
L -3083.754, -106.235, -64.8, -3036.854, -106.935, -64.8, 0, 0, 255
L -3036.854, -106.935, -64.8, -3031.354, -154.335, -64.9, 0, 0, 255
L -3031.354, -154.335, -64.9, -2977.454, -159.935, -64.9, 0, 0, 255
L -2977.454, -159.935, -64.9, -2977.754, -200.635, -64.9, 0, 0, 255
L -2977.754, -200.635, -64.9, -2936.554, -200.835, -65.0, 0, 0, 255
L -2936.554, -200.835, -65.0, -2930.454, -253.735, -64.8, 0, 0, 255
L -2930.454, -253.735, -64.8, -2830.754, -253.535, -64.5, 0, 0, 255
L -2830.754, -253.535, -64.5, -2816.454, -260.235, -64.7, 0, 0, 255
L -2816.454, -260.235, -64.7, -2815.954, -339.435, -64.8, 0, 0, 255
L -2815.954, -339.435, -64.8, -2736.554, -339.035, -64.8, 0, 0, 255
L -2736.554, -339.035, -64.8, -2657.154, -259.935, -64.6, 0, 0, 255
L -2657.154, -259.935, -64.6, -2636.154, -250.135, -64.8, 0, 0, 255
L -2636.154, -250.135, -64.8, -2607.154, -230.535, -64.8, 0, 0, 255
L -2607.154, -230.535, -64.8, -2536.354, -230.935, -64.9, 0, 0, 255
L -2536.354, -230.935, -64.9, -2528.854, -251.435, -65.0, 0, 0, 255
L -2528.854, -251.435, -65.0, -2436.554, -251.835, -64.9, 0, 0, 255
L -2436.554, -251.835, -64.9, -2431.154, -255.335, -64.8, 0, 0, 255
L -2431.154, -255.335, -64.8, -2425.254, -259.735, -64.9, 0, 0, 255
L -2425.254, -259.735, -64.9, -2425.354, -348.435, -64.8, 0, 0, 255
L -2425.354, -348.435, -64.8, -2237.054, -348.935, -64.8, 0, 0, 255
L -2237.054, -348.935, -64.8, -2147.654, -259.335, -64.7, 0, 0, 255
L -2147.654, -259.335, -64.7, -2147.554, -170.335, -64.7, 0, 0, 255
L -2356.754, -382.235, -53.8, -2360.754, -382.235, -53.8, 100, 50, 0
L -2343.954, -382.235, -53.8, -2347.554, -382.235, -53.8, 100, 50, 0
L -2343.954, -382.235, -53.8, -2332.154, -394.035, -53.8, 100, 50, 0
L -2332.154, -394.035, -53.8, -2332.054, -410.835, -53.8, 100, 50, 0
L -2332.054, -410.835, -53.8, -2335.654, -414.335, -53.8, 100, 50, 0
L -2335.654, -414.335, -53.8, -2331.954, -418.135, -53.8, 100, 50, 0
L -2331.954, -418.135, -53.8, -2337.454, -423.535, -53.8, 100, 50, 0
L -2337.454, -423.535, -53.8, -2341.054, -419.735, -53.8, 100, 50, 0
L -2360.654, -422.635, -53.8, -2372.554, -410.835, -53.8, 100, 50, 0
L -2372.554, -410.835, -53.8, -2372.554, -394.035, -53.8, 100, 50, 0
L -2372.554, -394.035, -53.8, -2360.754, -382.235, -53.8, 100, 50, 0
L -2343.954, -422.635, -53.8, -2341.054, -419.735, -53.8, 100, 50, 0
L -2343.954, -422.635, -53.8, -2360.654, -422.635, -53.8, 100, 50, 0
L -2356.754, -385.035, -50.5, -2359.354, -385.035, -50.5, 100, 50, 0
L -2359.354, -385.035, -50.5, -2369.554, -395.235, -50.5, 100, 50, 0
L -2369.554, -395.235, -50.5, -2369.454, -409.635, -50.5, 100, 50, 0
L -2369.454, -409.635, -50.5, -2359.354, -419.735, -50.5, 100, 50, 0
L -2344.954, -419.735, -50.5, -2359.354, -419.735, -50.5, 100, 50, 0
L -2344.954, -419.735, -50.5, -2342.954, -417.735, -50.5, 100, 50, 0
L -2342.954, -417.735, -50.5, -2343.754, -416.935, -50.5, 100, 50, 0
L -2343.754, -416.935, -50.5, -2338.554, -411.835, -50.5, 100, 50, 0
L -2337.554, -412.435, -50.5, -2338.554, -411.835, -50.5, 100, 50, 0
L -2337.554, -412.435, -50.5, -2334.754, -409.535, -50.5, 100, 50, 0
L -2334.754, -409.535, -50.5, -2334.754, -395.135, -50.5, 100, 50, 0
L -2334.754, -395.135, -50.5, -2344.954, -385.035, -50.5, 100, 50, 0
L -2344.954, -385.035, -50.5, -2347.554, -385.035, -50.5, 100, 50, 0
L -1815.254, 33.865, -54.4, -1738.654, 33.865, -54.4, 125, 125, 125
L -1738.654, 33.865, -54.4, -1738.654, -39.735, -54.4, 125, 125, 125
L -1738.654, -39.735, -54.4, -1814.654, -39.735, -54.4, 125, 125, 125
L -1814.654, -39.735, -54.4, -1815.354, -13.835, -54.4, 125, 125, 125
L -1815.354, -13.835, -54.4, -1816.654, -13.835, -54.4, 125, 125, 125
L -1816.654, -13.835, -54.4, -1816.854, 7.765, -54.4, 125, 125, 125
L -1815.154, 7.765, -54.4, -1815.254, 33.865, -54.4, 125, 125, 125
L -1815.154, 7.765, -54.4, -1816.854, 7.765, -54.4, 125, 125, 125
L -1841.054, -53.735, -54.4, -1819.754, -16.735, -54.4, 125, 125, 125
L -1819.754, -16.735, -54.4, -1815.354, -16.735, -54.4, 125, 125, 125
L -1815.354, -16.735, -54.4, -1828.554, -54.935, -54.4, 125, 125, 125
L -1828.554, -54.935, -54.4, -1841.054, -53.735, -54.4, 125, 125, 125
L -1827.654, 47.665, -54.4, -1828.154, 60.265, -54.4, 125, 125, 125
L -1828.154, 60.265, -54.3, -1840.154, 59.865, -54.1, 125, 125, 125
L -1840.154, 59.865, -54.2, -1840.354, 47.365, -54.4, 125, 125, 125
L -1840.354, 47.365, -54.4, -1827.654, 47.665, -54.4, 125, 125, 125
L -1724.154, 60.165, -54.4, -1711.454, 60.065, -54.4, 125, 125, 125
L -1711.454, 60.065, -54.4, -1711.254, 47.365, -54.4, 125, 125, 125
L -1711.254, 47.365, -54.4, -1724.354, 47.565, -54.4, 125, 125, 125
L -1724.354, 47.565, -54.4, -1724.154, 60.165, -54.4, 125, 125, 125
L -1711.654, -53.135, -54.4, -1712.054, -61.235, -54.0, 125, 125, 125
L -1712.054, -61.235, -54.0, -1712.754, -64.335, -53.0, 125, 125, 125
L -1712.754, -64.335, -52.8, -1724.154, -64.635, -52.9, 125, 125, 125
L -1764.654, -15.035, -18.1, -1764.654, 9.065, -18.1, 125, 125, 125
L -1764.654, 9.065, -18.1, -1789.454, 9.065, -18.1, 125, 125, 125
L -1789.454, 9.065, -18.1, -1789.454, 7.265, -18.2, 125, 125, 125
L -1789.454, 7.265, -18.1, -1790.954, 7.365, -18.1, 125, 125, 125
L -1790.954, 7.365, -18.1, -1790.654, -13.435, -18.1, 125, 125, 125
L -1790.654, -13.435, -18.1, -1789.354, -13.335, -18.1, 125, 125, 125
L -1789.354, -13.335, -18.1, -1789.354, -14.735, -18.1, 125, 125, 125
L -1789.354, -14.735, -18.1, -1764.654, -15.035, -18.1, 125, 125, 125
L -1724.654, -52.535, -54.4, -1724.154, -64.635, -54.4, 125, 125, 125
L -1724.654, -52.535, -54.4, -1711.654, -53.135, -54.4, 125, 125, 125
L -526.154, 1161.065, -41.7, -539.454, 1160.265, -41.7, 199, 21, 133
L -2376.654, -1057.435, -52.6, -2373.254, -1058.835, -52.7, 0, 0, 0
L -2373.254, -1058.835, -52.7, -2372.854, -1062.335, -52.8, 0, 0, 0
L -2372.854, -1062.335, -52.8, -2375.654, -1064.535, -52.7, 0, 0, 0
L -2375.654, -1064.535, -52.7, -2378.954, -1063.235, -52.6, 0, 0, 0
L -2379.454, -1059.635, -52.4, -2376.654, -1057.435, -52.5, 0, 0, 0
L -2379.454, -1059.635, -52.5, -2378.954, -1063.235, -52.5, 0, 0, 0
L -2500.954, -1149.635, -47.3, -2499.954, -1151.135, -47.4, 0, 0, 0
L -2504.654, -1144.435, -47.0, -2505.454, -1143.335, -46.9, 0, 0, 0
L -2505.454, -1143.335, -46.5, -2514.754, -1141.935, -46.3, 0, 0, 0
L -2514.754, -1141.935, -46.0, -2522.354, -1147.335, -45.9, 0, 0, 0
L -2522.354, -1147.335, -45.8, -2523.954, -1156.535, -45.8, 0, 0, 0
L -2523.954, -1156.535, -46.0, -2519.454, -1162.935, -46.0, 0, 0, 0
L -2501.454, -1160.235, -47.5, -2499.954, -1151.135, -47.5, 0, 0, 0
L -2509.754, -1164.335, -38.7, -2519.454, -1162.935, -39.4, 0, 0, 0
L -2509.754, -1164.335, -40.7, -2501.454, -1160.235, -42.2, 0, 0, 0
L -2408.954, -1120.235, -52.5, -2411.754, -1120.335, -52.4, 0, 0, 0
L -2411.754, -1120.335, -52.2, -2422.854, -1131.535, -52.2, 0, 0, 0
L -2422.854, -1131.535, -52.1, -2422.954, -1147.135, -52.2, 0, 0, 0
L -2422.954, -1147.135, -51.6, -2411.454, -1157.535, -50.5, 0, 0, 0
L -2411.454, -1157.535, -49.4, -2396.554, -1157.035, -48.9, 0, 0, 0
L -2396.554, -1157.035, -48.7, -2386.154, -1146.735, -48.8, 0, 0, 0
L -2386.154, -1146.735, -49.5, -2385.554, -1131.735, -50.1, 0, 0, 0
L -2385.554, -1131.735, -51.1, -2395.754, -1120.235, -51.9, 0, 0, 0
L -2398.854, -1120.235, -52.9, -2395.754, -1120.235, -53.0, 0, 0, 0
L -2358.654, -1117.435, -49.7, -2356.654, -1117.535, -49.6, 0, 0, 0
L -2356.654, -1117.535, -49.0, -2350.354, -1124.135, -48.6, 0, 0, 0
L -2350.354, -1124.135, -47.6, -2350.554, -1133.135, -47.3, 0, 0, 0
L -2350.554, -1133.135, -47.0, -2356.854, -1139.435, -47.0, 0, 0, 0
L -2356.854, -1139.435, -47.2, -2365.754, -1139.535, -47.5, 0, 0, 0
L -2365.754, -1139.535, -48.1, -2372.354, -1133.235, -48.5, 0, 0, 0
L -2372.354, -1133.235, -49.5, -2372.554, -1124.035, -49.8, 0, 0, 0
L -2372.554, -1124.035, -50.3, -2365.954, -1117.335, -50.4, 0, 0, 0
L -2364.154, -1117.335, -50.3, -2365.954, -1117.335, -50.3, 0, 0, 0
L -2262.954, -1129.235, -25.3, -2262.954, -1127.135, -25.1, 0, 0, 0
L -2262.954, -1127.135, -24.3, -2256.154, -1120.735, -23.7, 0, 0, 0
L -2240.754, -1127.435, -21.2, -2240.554, -1136.435, -21.6, 0, 0, 0
L -2256.254, -1143.435, -25.7, -2263.154, -1136.735, -26.0, 0, 0, 0
L -2263.154, -1135.135, -26.0, -2263.154, -1136.735, -26.1, 0, 0, 0
L -2256.154, -1120.735, -22.7, -2247.054, -1121.035, -22.4, 0, 0, 0
L -2247.054, -1121.035, -21.1, -2240.754, -1127.435, -21.0, 0, 0, 0
L -2240.554, -1136.435, -22.4, -2246.854, -1143.135, -23.2, 0, 0, 0
L -2246.854, -1143.135, -24.6, -2256.254, -1143.435, -25.0, 0, 0, 0
L 90.546, -363.735, -54.6, 93.946, -363.735, -54.6, 0, 0, 0
L 93.946, -363.735, -54.6, 105.546, -375.335, -54.6, 0, 0, 0
L 105.546, -375.335, -54.6, 105.546, -391.735, -54.6, 0, 0, 0
L 105.546, -391.735, -54.6, 101.846, -395.435, -54.6, 0, 0, 0
L 101.846, -395.435, -54.6, 105.646, -399.235, -54.6, 0, 0, 0
L 105.646, -399.235, -54.6, 100.646, -404.035, -54.6, 0, 0, 0
L 100.646, -404.035, -54.6, 97.046, -400.235, -54.6, 0, 0, 0
L 97.046, -400.235, -54.6, 93.946, -403.335, -54.6, 0, 0, 0
L 93.946, -403.335, -54.6, 77.546, -403.335, -54.6, 0, 0, 0
L 77.546, -403.335, -54.6, 65.846, -391.735, -54.6, 0, 0, 0
L 65.846, -391.735, -54.6, 65.846, -375.335, -54.6, 0, 0, 0
L 65.846, -375.335, -54.6, 77.446, -363.735, -54.6, 0, 0, 0
L 77.446, -363.735, -54.6, 81.246, -363.735, -54.6, 0, 0, 0
L 81.246, -365.735, -51.9, 78.546, -365.735, -51.9, 0, 0, 0
L 78.546, -365.735, -51.9, 68.146, -376.135, -51.9, 0, 0, 0
L 68.146, -376.135, -51.9, 68.146, -390.835, -51.9, 0, 0, 0
L 68.146, -390.835, -51.9, 78.546, -401.235, -51.9, 0, 0, 0
L 78.546, -401.235, -51.9, 93.246, -401.235, -51.9, 0, 0, 0
L 93.246, -401.235, -51.9, 95.646, -398.835, -51.9, 0, 0, 0
L 95.646, -398.835, -51.9, 94.846, -398.035, -51.9, 0, 0, 0
L 94.846, -398.035, -51.9, 99.746, -393.235, -51.9, 0, 0, 0
L 100.446, -394.035, -51.9, 103.646, -390.835, -51.9, 0, 0, 0
L 100.446, -394.035, -51.9, 99.746, -393.235, -51.9, 0, 0, 0
L 103.646, -390.835, -51.9, 103.646, -376.135, -51.9, 0, 0, 0
L 103.646, -376.135, -51.9, 93.246, -365.735, -51.9, 0, 0, 0
L 90.446, -365.735, -51.9, 93.246, -365.735, -51.9, 0, 0, 0
L -518.154, 184.865, -54.4, -521.054, 183.165, -54.4, 0, 0, 0
L -521.054, 183.165, -54.4, -536.954, 187.365, -54.4, 0, 0, 0
L -536.954, 187.365, -54.4, -545.254, 201.565, -54.4, 0, 0, 0
L -545.254, 201.565, -54.4, -543.954, 206.565, -54.4, 0, 0, 0
L -543.954, 206.565, -54.4, -549.054, 208.065, -54.4, 0, 0, 0
L -549.054, 208.065, -54.4, -547.154, 214.665, -54.4, 0, 0, 0
L -547.154, 214.665, -54.4, -542.154, 213.265, -54.4, 0, 0, 0
L -542.154, 213.265, -54.4, -541.054, 217.465, -54.4, 0, 0, 0
L -541.054, 217.465, -54.4, -526.854, 225.765, -54.4, 0, 0, 0
L -526.854, 225.765, -54.4, -510.954, 221.565, -54.4, 0, 0, 0
L -510.954, 221.565, -54.4, -502.654, 207.365, -54.4, 0, 0, 0
L -502.654, 207.365, -54.4, -506.854, 191.465, -54.4, 0, 0, 0
L -506.854, 191.465, -54.4, -510.154, 189.565, -54.4, 0, 0, 0
L -511.154, 191.365, -51.9, -508.854, 192.665, -51.9, 0, 0, 0
L -508.854, 192.665, -51.9, -505.054, 206.865, -51.9, 0, 0, 0
L -505.054, 206.865, -51.9, -512.454, 219.565, -51.9, 0, 0, 0
L -512.454, 219.565, -51.9, -526.754, 223.365, -51.9, 0, 0, 0
L -526.754, 223.365, -51.9, -539.454, 215.965, -51.9, 0, 0, 0
L -539.454, 215.965, -51.9, -540.254, 212.865, -51.9, 0, 0, 0
L -540.254, 212.865, -51.9, -539.154, 212.265, -51.9, 0, 0, 0
L -539.154, 212.265, -51.9, -540.954, 205.765, -51.9, 0, 0, 0
L -542.054, 206.065, -51.9, -543.154, 201.665, -51.9, 0, 0, 0
L -543.154, 201.665, -51.9, -535.754, 188.965, -51.9, 0, 0, 0
L -542.054, 206.065, -51.9, -540.954, 205.765, -51.9, 0, 0, 0
L -535.754, 188.965, -51.9, -521.554, 185.265, -51.9, 0, 0, 0
L -519.154, 186.665, -51.9, -521.554, 185.265, -51.9, 0, 0, 0
L -473.954, 251.765, -54.2, -477.354, 251.765, -54.2, 0, 0, 0
L -477.354, 251.765, -54.1, -488.954, 263.365, -54.0, 0, 0, 0
L -488.954, 263.365, -53.8, -488.954, 279.765, -53.7, 0, 0, 0
L -488.954, 279.765, -53.5, -485.354, 283.465, -53.4, 0, 0, 0
L -485.354, 283.465, -53.4, -489.054, 287.265, -53.4, 0, 0, 0
L -484.054, 292.065, -53.3, -480.454, 288.365, -53.3, 0, 0, 0
L -480.454, 288.365, -53.3, -477.354, 291.365, -53.3, 0, 0, 0
L -477.354, 291.365, -53.2, -460.954, 291.365, -53.2, 0, 0, 0
L -460.954, 291.365, -53.3, -449.254, 279.765, -53.4, 0, 0, 0
L -449.254, 279.765, -53.7, -449.254, 263.365, -53.8, 0, 0, 0
L -449.254, 263.365, -54.0, -460.954, 251.765, -54.0, 0, 0, 0
L -460.954, 251.765, -54.2, -464.654, 251.765, -54.2, 0, 0, 0
L -489.054, 287.265, -53.3, -484.054, 292.065, -53.3, 0, 0, 0
L -464.654, 253.765, -51.4, -461.954, 253.765, -51.4, 0, 0, 0
L -461.954, 253.765, -51.4, -451.554, 264.165, -51.4, 0, 0, 0
L -451.554, 264.165, -51.4, -451.554, 278.865, -51.4, 0, 0, 0
L -451.554, 278.865, -51.4, -461.954, 289.265, -51.4, 0, 0, 0
L -461.954, 289.265, -51.4, -476.754, 289.265, -51.4, 0, 0, 0
L -476.754, 289.265, -51.4, -479.054, 286.865, -51.4, 0, 0, 0
L -479.054, 286.865, -51.4, -478.254, 286.065, -51.4, 0, 0, 0
L -478.254, 286.065, -51.4, -483.154, 281.265, -51.4, 0, 0, 0
L -483.954, 282.065, -51.4, -483.154, 281.265, -51.4, 0, 0, 0
L -483.954, 282.065, -51.4, -487.154, 278.865, -51.4, 0, 0, 0
L -487.154, 278.865, -51.4, -487.154, 264.165, -51.4, 0, 0, 0
L -487.154, 264.165, -51.4, -476.654, 253.765, -51.4, 0, 0, 0
L -473.954, 253.765, -51.4, -476.654, 253.765, -51.4, 0, 0, 0
L -423.854, 152.165, -54.4, -423.854, 155.565, -54.4, 0, 0, 0
L -423.854, 155.565, -54.4, -413.154, 166.265, -54.4, 0, 0, 0
L -413.154, 166.265, -54.4, -423.854, 176.965, -54.4, 0, 0, 0
L -423.854, 176.965, -54.4, -423.754, 193.465, -54.4, 0, 0, 0
L -423.754, 193.465, -54.4, -420.154, 197.065, -54.4, 0, 0, 0
L -420.154, 197.065, -54.4, -423.754, 200.965, -54.4, 0, 0, 0
L -423.754, 200.965, -54.4, -418.854, 205.665, -54.4, 0, 0, 0
L -418.854, 205.665, -54.4, -415.254, 201.965, -54.4, 0, 0, 0
L -415.254, 201.965, -54.4, -412.154, 205.065, -54.4, 0, 0, 0
L -412.154, 205.065, -54.4, -395.754, 205.065, -54.4, 0, 0, 0
L -395.754, 205.065, -54.4, -384.154, 193.365, -54.4, 0, 0, 0
L -384.154, 193.365, -54.4, -384.154, 176.965, -54.4, 0, 0, 0
L -384.154, 176.965, -54.4, -394.854, 166.265, -54.4, 0, 0, 0
L -394.854, 166.265, -54.4, -392.054, 163.465, -54.4, 0, 0, 0
L -392.054, 163.465, -54.4, -388.254, 167.165, -54.4, 0, 0, 0
L -388.254, 167.165, -54.4, -383.554, 162.265, -54.4, 0, 0, 0
L -383.554, 162.265, -54.4, -387.254, 158.665, -54.4, 0, 0, 0
L -387.254, 158.665, -54.4, -384.154, 155.565, -54.4, 0, 0, 0
L -384.154, 155.565, -54.4, -384.154, 139.065, -54.4, 0, 0, 0
L -384.154, 139.065, -54.4, -394.654, 128.565, -54.4, 0, 0, 0
L -394.654, 128.565, -54.4, -384.254, 118.165, -54.4, 0, 0, 0
L -384.254, 118.165, -54.4, -384.154, 101.665, -54.4, 0, 0, 0
L -384.154, 101.665, -54.4, -387.854, 98.065, -54.4, 0, 0, 0
L -387.854, 98.065, -54.4, -384.254, 94.265, -54.4, 0, 0, 0
L -389.154, 89.465, -54.4, -392.754, 93.165, -54.4, 0, 0, 0
L -392.754, 93.165, -54.4, -395.854, 90.065, -54.4, 0, 0, 0
L -395.854, 90.065, -54.4, -412.254, 90.065, -54.4, 0, 0, 0
L -412.254, 90.065, -54.4, -423.854, 101.665, -54.4, 0, 0, 0
L -423.854, 101.665, -54.4, -423.954, 118.065, -54.4, 0, 0, 0
L -423.954, 118.065, -54.4, -413.354, 128.665, -54.4, 0, 0, 0
L -413.354, 128.665, -54.4, -423.854, 139.065, -54.4, 0, 0, 0
L -423.854, 139.065, -54.4, -423.854, 142.865, -54.4, 0, 0, 0
L -389.154, 89.465, -54.4, -384.254, 94.265, -54.4, 0, 0, 0
L -421.854, 142.865, -51.4, -421.854, 140.165, -51.4, 0, 0, 0
L -421.854, 140.165, -51.4, -411.354, 129.765, -51.4, 0, 0, 0
L -411.354, 129.765, -51.4, -408.554, 129.765, -51.4, 0, 0, 0
L -408.554, 127.765, -51.4, -411.254, 127.765, -51.4, 0, 0, 0
L -411.254, 127.765, -51.4, -421.654, 117.265, -51.4, 0, 0, 0
L -421.654, 117.265, -51.4, -421.554, 102.565, -51.4, 0, 0, 0
L -421.554, 102.565, -51.4, -411.154, 92.165, -51.4, 0, 0, 0
L -411.154, 92.165, -51.4, -396.454, 92.265, -51.4, 0, 0, 0
L -396.454, 92.265, -51.4, -394.154, 94.565, -51.4, 0, 0, 0
L -394.154, 94.565, -51.4, -394.954, 95.465, -51.4, 0, 0, 0
L -394.954, 95.465, -51.4, -389.954, 100.265, -51.4, 0, 0, 0
L -389.054, 99.665, -51.4, -386.054, 102.665, -51.4, 0, 0, 0
L -389.254, 99.465, -51.4, -389.954, 100.265, -51.4, 0, 0, 0
L -386.054, 102.665, -51.4, -386.054, 117.365, -51.4, 0, 0, 0
L -386.054, 117.365, -51.4, -396.554, 127.765, -51.4, 0, 0, 0
L -399.254, 127.765, -51.4, -396.554, 127.765, -51.4, 0, 0, 0
L -399.254, 129.765, -51.4, -396.754, 129.765, -51.4, 0, 0, 0
L -396.754, 129.765, -51.4, -386.354, 140.165, -51.4, 0, 0, 0
L -386.354, 140.165, -51.4, -386.354, 151.165, -51.4, 0, 0, 0
L -386.354, 151.165, -51.4, -393.154, 151.165, -51.4, 205, 133, 63
L -393.154, 151.165, -51.4, -393.154, 145.965, -51.4, 205, 133, 63
L -393.154, 145.965, -51.4, -396.454, 145.965, -51.4, 205, 133, 63
L -396.454, 145.965, -51.4, -396.454, 154.165, -51.4, 205, 133, 63
L -386.354, 154.865, -51.4, -388.654, 157.265, -51.4, 0, 0, 0
L -388.654, 157.265, -51.4, -389.554, 156.465, -51.4, 0, 0, 0
L -389.554, 156.465, -51.4, -394.254, 161.365, -51.4, 0, 0, 0
L -394.254, 161.365, -51.4, -393.554, 162.065, -51.4, 0, 0, 0
L -393.554, 162.065, -51.4, -396.754, 165.365, -51.4, 0, 0, 0
L -399.554, 165.365, -51.4, -396.754, 165.365, -51.4, 0, 0, 0
L -399.554, 167.365, -51.4, -396.854, 167.365, -51.4, 0, 0, 0
L -396.854, 167.365, -51.4, -386.454, 177.765, -51.4, 0, 0, 0
L -386.454, 177.765, -51.4, -386.454, 192.465, -51.4, 0, 0, 0
L -386.454, 192.465, -51.4, -396.854, 202.865, -51.4, 0, 0, 0
L -396.854, 202.865, -51.4, -411.554, 202.865, -51.4, 0, 0, 0
L -411.554, 202.865, -51.4, -413.854, 200.565, -51.4, 0, 0, 0
L -413.854, 200.565, -51.4, -413.054, 199.665, -51.4, 0, 0, 0
L -413.054, 199.665, -51.4, -418.054, 194.865, -51.4, 0, 0, 0
L -418.754, 195.665, -51.4, -421.954, 192.465, -51.4, 0, 0, 0
L -418.754, 195.665, -51.4, -418.054, 194.865, -51.4, 0, 0, 0
L -421.954, 192.465, -51.4, -421.954, 177.765, -51.4, 0, 0, 0
L -421.954, 177.765, -51.4, -411.554, 167.365, -51.4, 0, 0, 0
L -408.754, 167.365, -51.4, -411.554, 167.365, -51.4, 0, 0, 0
L -408.754, 165.365, -51.4, -411.354, 165.365, -51.4, 0, 0, 0
L -411.354, 165.365, -51.4, -421.854, 154.865, -51.4, 0, 0, 0
L -421.854, 152.065, -51.4, -421.854, 154.865, -51.4, 0, 0, 0
L -393.554, 154.165, -51.4, -396.454, 154.165, -51.4, 205, 133, 63
L -393.554, 154.165, -51.4, -393.454, 154.365, -51.4, 205, 133, 63
L -393.454, 154.365, -51.4, -386.354, 154.365, -51.4, 205, 133, 63
L -408.754, 165.365, -50.9, -408.754, 167.365, -50.9, 0, 0, 0
L -399.554, 165.365, -50.9, -399.554, 167.365, -50.9, 0, 0, 0
L -399.254, 127.765, -50.9, -399.254, 129.765, -50.9, 0, 0, 0
L -408.554, 129.765, -50.9, -408.554, 127.765, -50.9, 0, 0, 0
L -421.854, 142.865, -50.9, -423.854, 142.865, -50.9, 0, 0, 0
L -423.854, 152.165, -50.9, -421.854, 152.065, -50.9, 0, 0, 0
L -464.654, 253.765, -50.9, -464.654, 251.765, -50.9, 0, 0, 0
L -473.954, 253.765, -50.9, -473.954, 251.765, -50.9, 0, 0, 0
L -511.154, 191.365, -51.4, -510.154, 189.565, -51.4, 0, 0, 0
L -518.154, 184.865, -51.4, -519.154, 186.665, -51.4, 0, 0, 0
L 16.846, -42.535, -53.8, 15.546, -42.735, -53.8, 0, 0, 0
L 14.546, -36.135, -53.8, 15.746, -35.935, -53.8, 0, 0, 0
L 81.246, -365.735, -51.4, 81.246, -363.735, -51.4, 0, 0, 0
L 90.446, -365.735, -51.4, 90.546, -363.735, -51.4, 0, 0, 0
L -400.054, -1109.335, -48.8, -398.954, -1107.135, -48.8, 0, 0, 0
L -405.054, -1104.035, -48.8, -406.154, -1106.135, -48.8, 0, 0, 0
L -2356.754, -385.035, -50.6, -2356.754, -382.235, -50.6, 100, 50, 0
L -2347.554, -385.035, -50.6, -2347.554, -382.235, -50.6, 100, 50, 0
L -1227.154, 140.665, -54.4, -1227.154, 137.265, -54.4, 0, 0, 0
L -1227.154, 137.265, -54.4, -1238.754, 125.665, -54.4, 0, 0, 0
L -1238.754, 125.665, -54.4, -1255.154, 125.665, -54.4, 0, 0, 0
L -1255.154, 125.665, -54.4, -1258.854, 129.365, -54.4, 0, 0, 0
L -1258.854, 129.365, -54.4, -1262.654, 125.665, -54.4, 0, 0, 0
L -1262.654, 125.665, -54.4, -1267.454, 130.565, -54.4, 0, 0, 0
L -1267.454, 130.565, -54.4, -1263.654, 134.165, -54.4, 0, 0, 0
L -1263.654, 134.165, -54.4, -1266.754, 137.265, -54.4, 0, 0, 0
L -1266.754, 137.265, -54.4, -1266.754, 153.765, -54.3, 0, 0, 0
L -1266.754, 153.765, -54.0, -1255.154, 165.365, -54.0, 0, 0, 0
L -1255.154, 165.365, -53.8, -1238.754, 165.365, -53.8, 0, 0, 0
L -1238.754, 165.365, -54.1, -1227.154, 153.765, -54.2, 0, 0, 0
L -1227.154, 153.765, -54.4, -1227.154, 149.965, -54.4, 0, 0, 0
L -1229.154, 149.965, -52.0, -1229.154, 152.665, -52.0, 0, 0, 0
L -1229.154, 152.665, -52.0, -1239.554, 163.065, -52.0, 0, 0, 0
L -1239.554, 163.065, -52.0, -1254.254, 163.065, -52.0, 0, 0, 0
L -1254.254, 163.065, -52.0, -1264.654, 152.665, -52.0, 0, 0, 0
L -1264.654, 152.665, -52.0, -1264.654, 137.965, -52.0, 0, 0, 0
L -1264.654, 137.965, -52.0, -1262.254, 135.565, -52.0, 0, 0, 0
L -1262.254, 135.565, -52.0, -1261.454, 136.465, -52.0, 0, 0, 0
L -1261.454, 136.465, -52.0, -1256.654, 131.465, -52.0, 0, 0, 0
L -1256.654, 131.465, -52.0, -1257.454, 130.765, -52.0, 0, 0, 0
L -1257.454, 130.765, -52.0, -1254.254, 127.565, -52.0, 0, 0, 0
L -1254.254, 127.565, -52.0, -1239.554, 127.565, -52.0, 0, 0, 0
L -1239.554, 127.565, -52.0, -1229.154, 137.965, -52.0, 0, 0, 0
L -1229.154, 140.765, -52.0, -1229.154, 137.965, -52.0, 0, 0, 0
L -1229.154, 149.965, -51.5, -1227.154, 149.965, -51.5, 0, 0, 0
L -1227.154, 140.665, -51.5, -1229.154, 140.765, -51.5, 0, 0, 0
L -2740.854, 466.065, -54.4, -2740.854, 469.865, -54.4, 0, 0, 0
L -2740.854, 469.865, -54.4, -2752.454, 481.465, -54.4, 0, 0, 0
L -2752.454, 481.465, -54.4, -2768.854, 481.465, -54.4, 0, 0, 0
L -2768.854, 481.465, -54.4, -2780.554, 469.765, -54.4, 0, 0, 0
L -2780.554, 469.765, -54.4, -2780.554, 453.365, -54.4, 0, 0, 0
L -2768.854, 441.765, -54.4, -2752.454, 441.765, -54.4, 0, 0, 0
L -2752.454, 441.765, -54.4, -2740.854, 453.365, -54.4, 0, 0, 0
L -2740.854, 456.765, -54.4, -2740.854, 453.365, -54.4, 0, 0, 0
L -2780.554, 453.365, -54.4, -2777.454, 450.265, -54.4, 0, 0, 0
L -2777.454, 450.265, -54.4, -2781.154, 446.665, -54.4, 0, 0, 0
L -2781.154, 446.665, -54.4, -2776.354, 441.665, -54.4, 0, 0, 0
L -2776.354, 441.665, -54.4, -2772.554, 445.365, -54.4, 0, 0, 0
L -2772.554, 445.365, -54.4, -2768.854, 441.765, -54.4, 0, 0, 0
L -2740.854, 466.065, -50.9, -2742.854, 466.065, -50.9, 0, 0, 0
L -2740.854, 456.765, -50.9, -2742.854, 456.765, -50.9, 0, 0, 0
L -2742.854, 466.065, -51.4, -2742.854, 468.765, -51.4, 0, 0, 0
L -2742.854, 468.765, -51.4, -2753.254, 479.165, -51.4, 0, 0, 0
L -2753.254, 479.165, -51.4, -2767.954, 479.165, -51.4, 0, 0, 0
L -2767.954, 479.165, -51.4, -2778.354, 468.765, -51.4, 0, 0, 0
L -2778.354, 468.765, -51.4, -2778.354, 454.065, -51.4, 0, 0, 0
L -2778.354, 454.065, -51.4, -2775.954, 451.665, -51.4, 0, 0, 0
L -2775.954, 451.665, -51.4, -2775.154, 452.465, -51.4, 0, 0, 0
L -2775.154, 452.465, -51.4, -2770.354, 447.565, -51.4, 0, 0, 0
L -2770.354, 447.565, -51.4, -2771.154, 446.765, -51.4, 0, 0, 0
L -2771.154, 446.765, -51.4, -2767.954, 443.665, -51.4, 0, 0, 0
L -2767.954, 443.665, -51.4, -2753.254, 443.665, -51.4, 0, 0, 0
L -2753.254, 443.665, -51.4, -2742.854, 454.065, -51.4, 0, 0, 0
L -2742.854, 456.765, -51.4, -2742.854, 454.065, -51.4, 0, 0, 0
L -2646.254, 419.165, -55.6, -2642.754, 419.165, -55.7, 0, 0, 0
L -2642.754, 419.165, -55.8, -2632.054, 408.365, -56.2, 0, 0, 0
L -2632.054, 408.365, -56.6, -2621.354, 419.065, -56.3, 0, 0, 0
L -2621.354, 419.065, -56.1, -2604.954, 419.065, -56.2, 0, 0, 0
L -2604.954, 419.065, -56.3, -2601.254, 415.365, -56.4, 0, 0, 0
L -2601.254, 415.365, -56.5, -2597.454, 419.065, -56.4, 0, 0, 0
L -2597.454, 419.065, -56.5, -2592.654, 414.165, -56.6, 0, 0, 0
L -2592.654, 414.165, -56.7, -2596.454, 410.565, -56.8, 0, 0, 0
L -2596.454, 410.565, -56.9, -2593.254, 407.465, -57.0, 0, 0, 0
L -2593.254, 407.465, -57.3, -2593.354, 390.965, -57.7, 0, 0, 0
L -2593.354, 390.965, -58.5, -2604.954, 379.365, -58.8, 0, 0, 0
L -2604.954, 379.365, -58.9, -2621.354, 379.365, -58.9, 0, 0, 0
L -2621.354, 379.365, -58.5, -2632.054, 390.165, -58.3, 0, 0, 0
L -2632.054, 390.165, -58.0, -2634.854, 387.365, -58.1, 0, 0, 0
L -2634.854, 387.365, -58.2, -2631.254, 383.565, -58.3, 0, 0, 0
L -2631.254, 383.565, -58.6, -2636.054, 378.865, -58.7, 0, 0, 0
L -2636.054, 378.865, -58.6, -2639.754, 382.565, -58.4, 0, 0, 0
L -2639.754, 382.565, -58.4, -2642.854, 379.465, -58.5, 0, 0, 0
L -2642.854, 379.465, -58.4, -2659.254, 379.465, -58.1, 0, 0, 0
L -2659.254, 379.465, -57.8, -2669.754, 389.965, -57.3, 0, 0, 0
L -2669.754, 389.965, -56.9, -2680.154, 379.465, -57.1, 0, 0, 0
L -2680.154, 379.465, -57.1, -2696.654, 379.465, -56.8, 0, 0, 0
L -2696.654, 379.465, -56.7, -2700.354, 383.165, -56.6, 0, 0, 0
L -2700.354, 383.165, -56.6, -2704.154, 379.465, -56.7, 0, 0, 0
L -2704.154, 379.465, -56.6, -2708.854, 384.365, -56.6, 0, 0, 0
L -2708.854, 384.365, -56.5, -2705.154, 387.965, -56.4, 0, 0, 0
L -2705.154, 387.965, -56.4, -2708.254, 391.065, -56.3, 0, 0, 0
L -2708.254, 391.065, -55.9, -2708.254, 407.465, -55.7, 0, 0, 0
L -2708.254, 407.465, -55.6, -2696.654, 419.165, -55.3, 0, 0, 0
L -2696.654, 419.165, -55.2, -2680.254, 419.165, -55.2, 0, 0, 0
L -2680.254, 419.165, -55.3, -2669.654, 408.665, -55.5, 0, 0, 0
L -2669.654, 408.665, -55.6, -2659.254, 419.065, -55.4, 0, 0, 0
L -2655.454, 419.065, -55.3, -2659.254, 419.065, -55.2, 0, 0, 0
L -2655.454, 419.065, -54.0, -2655.454, 417.065, -54.0, 0, 0, 0
L -2646.254, 417.065, -54.0, -2646.254, 419.165, -54.0, 0, 0, 0
L -2655.454, 417.065, -54.5, -2658.154, 417.065, -54.5, 0, 0, 0
L -2658.154, 417.065, -54.5, -2668.654, 406.665, -54.5, 0, 0, 0
L -2668.654, 403.765, -54.5, -2668.654, 406.665, -54.5, 0, 0, 0
L -2668.554, 394.565, -54.0, -2670.654, 394.565, -54.0, 0, 0, 0
L -2668.654, 403.765, -54.0, -2670.654, 403.765, -54.0, 0, 0, 0
L -2670.654, 403.765, -54.5, -2670.654, 406.465, -54.5, 0, 0, 0
L -2670.654, 406.465, -54.5, -2681.054, 416.865, -54.5, 0, 0, 0
L -2681.054, 416.865, -54.5, -2695.754, 416.865, -54.5, 0, 0, 0
L -2695.754, 416.865, -54.5, -2706.154, 406.465, -54.5, 0, 0, 0
L -2706.154, 406.465, -54.5, -2706.154, 391.765, -54.5, 0, 0, 0
L -2706.154, 391.765, -54.5, -2703.754, 389.365, -54.5, 0, 0, 0
L -2703.754, 389.365, -54.5, -2702.854, 390.165, -54.5, 0, 0, 0
L -2702.854, 390.165, -54.5, -2698.154, 385.265, -54.5, 0, 0, 0
L -2698.854, 384.565, -54.5, -2695.754, 381.365, -54.5, 0, 0, 0
L -2698.854, 384.565, -54.5, -2698.154, 385.265, -54.5, 0, 0, 0
L -2695.754, 381.365, -54.5, -2680.954, 381.365, -54.5, 0, 0, 0
L -2680.954, 381.365, -54.5, -2670.554, 391.765, -54.5, 0, 0, 0
L -2670.654, 394.565, -54.5, -2670.554, 391.765, -54.5, 0, 0, 0
L -2668.554, 394.565, -54.5, -2668.554, 391.965, -54.5, 0, 0, 0
L -2668.554, 391.965, -54.5, -2658.154, 381.565, -54.5, 0, 0, 0
L -2658.154, 381.565, -54.5, -2646.954, 381.565, -54.5, 0, 0, 0
L -2643.754, 386.965, -54.5, -2643.754, 381.365, -54.5, 205, 133, 63
L -2643.754, 381.365, -54.5, -2641.054, 383.965, -54.5, 0, 0, 0
L -2641.054, 383.965, -54.5, -2641.954, 384.765, -54.5, 0, 0, 0
L -2641.954, 384.765, -54.5, -2636.954, 389.565, -54.5, 0, 0, 0
L -2636.254, 388.765, -54.5, -2632.954, 392.065, -54.5, 0, 0, 0
L -2636.254, 388.765, -54.5, -2636.954, 389.565, -54.5, 0, 0, 0
L -2632.954, 394.765, -54.5, -2632.954, 392.065, -54.5, 0, 0, 0
L -2632.954, 394.765, -54.0, -2630.954, 394.765, -54.0, 0, 0, 0
L -2630.954, 404.065, -54.0, -2632.954, 404.065, -54.0, 0, 0, 0
L -2630.954, 393.165, -54.5, -2630.954, 392.365, -54.5, 0, 0, 0
L -2630.954, 392.365, -54.5, -2630.954, 392.065, -54.5, 0, 0, 0
L -2630.954, 394.765, -54.5, -2630.954, 392.365, -54.5, 0, 0, 0
L -2630.954, 392.065, -54.5, -2620.554, 381.665, -54.5, 0, 0, 0
L -2620.554, 381.665, -54.5, -2605.854, 381.665, -54.5, 0, 0, 0
L -2605.854, 381.665, -54.5, -2595.454, 392.065, -54.5, 0, 0, 0
L -2595.454, 392.065, -54.5, -2595.454, 406.765, -54.5, 0, 0, 0
L -2595.454, 406.765, -54.5, -2597.854, 409.165, -54.5, 0, 0, 0
L -2597.854, 409.165, -54.5, -2598.654, 408.365, -54.5, 0, 0, 0
L -2598.654, 408.365, -54.5, -2603.454, 413.265, -54.5, 0, 0, 0
L -2602.654, 414.065, -54.5, -2605.854, 417.165, -54.5, 0, 0, 0
L -2602.654, 414.065, -54.5, -2603.454, 413.265, -54.5, 0, 0, 0
L -2605.854, 417.165, -54.5, -2620.554, 417.165, -54.5, 0, 0, 0
L -2620.554, 417.165, -54.5, -2630.954, 406.765, -54.5, 0, 0, 0
L -2630.954, 404.065, -54.5, -2630.954, 406.765, -54.5, 0, 0, 0
L -2632.954, 404.065, -54.5, -2632.954, 406.665, -54.5, 0, 0, 0
L -2632.954, 406.665, -54.5, -2643.454, 417.065, -54.5, 0, 0, 0
L -2646.254, 417.065, -54.5, -2643.454, 417.065, -54.5, 0, 0, 0
L -2643.754, 386.965, -54.5, -2643.754, 388.765, -54.5, 205, 133, 63
L -2654.354, 388.465, -54.5, -2643.754, 388.765, -54.5, 205, 133, 63
L -2654.354, 388.465, -54.5, -2654.254, 385.265, -54.5, 205, 133, 63
L -2654.254, 385.265, -54.5, -2646.954, 385.465, -54.5, 205, 133, 63
L -2646.954, 385.465, -54.5, -2646.954, 381.565, -54.5, 205, 133, 63
L -2591.054, 454.465, -54.7, -2591.054, 450.665, -54.8, 0, 0, 0
L -2591.054, 450.665, -54.8, -2579.454, 439.065, -54.8, 0, 0, 0
L -2579.454, 439.065, -55.1, -2562.954, 439.065, -55.1, 0, 0, 0
L -2562.954, 439.065, -55.1, -2551.354, 450.665, -55.1, 0, 0, 0
L -2551.354, 450.665, -55.1, -2551.354, 467.165, -55.1, 0, 0, 0
L -2551.354, 467.165, -55.0, -2554.454, 470.265, -55.0, 0, 0, 0
L -2554.454, 470.265, -54.9, -2550.654, 473.865, -54.9, 0, 0, 0
L -2550.654, 473.865, -54.9, -2555.454, 478.765, -54.9, 0, 0, 0
L -2555.454, 478.765, -54.8, -2559.354, 475.065, -54.8, 0, 0, 0
L -2559.354, 475.065, -54.8, -2562.954, 478.765, -54.8, 0, 0, 0
L -2562.954, 478.765, -54.8, -2579.454, 478.765, -54.7, 0, 0, 0
L -2579.454, 478.765, -54.6, -2591.054, 467.165, -54.6, 0, 0, 0
L -2591.054, 467.165, -54.6, -2591.054, 463.765, -54.6, 0, 0, 0
L -2591.054, 454.465, -51.3, -2589.054, 454.465, -51.3, 0, 0, 0
L -2589.054, 463.665, -51.3, -2591.054, 463.765, -51.3, 0, 0, 0
L -2589.054, 454.465, -51.8, -2589.054, 451.765, -51.8, 0, 0, 0
L -2589.054, 451.765, -51.8, -2578.654, 441.365, -51.8, 0, 0, 0
L -2578.654, 441.365, -51.8, -2563.954, 441.365, -51.8, 0, 0, 0
L -2563.954, 441.365, -51.8, -2553.554, 451.765, -51.8, 0, 0, 0
L -2553.554, 451.765, -51.8, -2553.554, 466.465, -51.8, 0, 0, 0
L -2553.554, 466.465, -51.8, -2555.854, 468.865, -51.8, 0, 0, 0
L -2555.854, 468.865, -51.8, -2556.754, 468.065, -51.8, 0, 0, 0
L -2556.754, 468.065, -51.8, -2561.554, 472.965, -51.8, 0, 0, 0
L -2563.954, 476.865, -51.8, -2578.654, 476.865, -51.8, 0, 0, 0
L -2578.654, 476.865, -51.8, -2589.054, 466.465, -51.8, 0, 0, 0
L -2589.054, 463.665, -51.8, -2589.054, 466.465, -51.8, 0, 0, 0
L -2537.154, 506.765, -54.8, -2537.154, 502.965, -54.8, 0, 0, 0
L -2537.154, 502.965, -54.8, -2525.554, 491.365, -54.8, 0, 0, 0
L -2525.554, 491.365, -54.9, -2509.154, 491.365, -54.9, 0, 0, 0
L -2509.154, 491.365, -54.9, -2497.554, 502.965, -54.8, 0, 0, 0
L -2497.554, 502.965, -54.8, -2497.554, 519.465, -54.7, 0, 0, 0
L -2497.554, 519.465, -54.6, -2500.554, 522.565, -54.6, 0, 0, 0
L -2500.554, 522.565, -54.6, -2496.854, 526.165, -54.6, 0, 0, 0
L -2496.854, 526.165, -54.6, -2501.654, 531.065, -54.5, 0, 0, 0
L -2501.654, 531.065, -54.5, -2505.454, 527.365, -54.5, 0, 0, 0
L -2505.454, 527.365, -54.6, -2509.154, 531.065, -54.5, 0, 0, 0
L -2509.154, 531.065, -54.5, -2525.554, 531.065, -54.5, 0, 0, 0
L -2525.554, 531.065, -54.5, -2537.154, 519.465, -54.6, 0, 0, 0
L -2537.154, 516.065, -54.7, -2537.154, 519.465, -54.6, 0, 0, 0
L -2535.154, 506.765, -52.1, -2535.154, 504.065, -52.1, 0, 0, 0
L -2535.154, 504.065, -52.1, -2524.754, 493.665, -52.1, 0, 0, 0
L -2524.754, 493.665, -52.1, -2510.054, 493.665, -52.1, 0, 0, 0
L -2510.054, 493.665, -52.1, -2499.654, 504.065, -52.1, 0, 0, 0
L -2499.654, 504.065, -52.1, -2499.654, 518.765, -52.1, 0, 0, 0
L -2499.654, 518.765, -52.1, -2502.054, 521.165, -52.1, 0, 0, 0
L -2502.054, 521.165, -52.1, -2502.854, 520.265, -52.1, 0, 0, 0
L -2502.854, 520.265, -52.1, -2507.654, 525.265, -52.1, 0, 0, 0
L -2506.854, 525.965, -52.1, -2510.054, 529.165, -52.1, 0, 0, 0
L -2506.854, 525.965, -52.1, -2507.654, 525.265, -52.1, 0, 0, 0
L -2510.054, 529.165, -52.1, -2524.754, 529.165, -52.1, 0, 0, 0
L -2524.754, 529.165, -52.1, -2535.154, 518.765, -52.1, 0, 0, 0
L -2535.154, 515.965, -52.1, -2535.154, 518.765, -52.1, 0, 0, 0
L -2535.154, 506.765, -51.7, -2537.154, 506.765, -51.7, 0, 0, 0
L -2537.154, 516.065, -51.7, -2535.154, 515.965, -51.7, 0, 0, 0
L -3141.954, 617.365, -54.6, -3141.954, 606.765, -54.7, 0, 0, 0
L -3141.954, 606.765, -54.6, -3152.454, 606.765, -54.6, 0, 0, 0
L -3152.454, 606.765, -54.5, -3152.454, 617.365, -54.5, 0, 0, 0
L -3152.454, 617.365, -54.5, -3141.954, 617.365, -54.6, 0, 0, 0
L -136.754, -4.635, -54.5, -135.254, 5.865, -54.5, 0, 0, 0
L -135.254, 5.865, -54.5, -124.854, 4.465, -54.5, 0, 0, 0
L -124.854, 4.465, -54.5, -126.254, -6.035, -54.5, 0, 0, 0
L -126.254, -6.035, -54.5, -136.754, -4.635, -54.5, 0, 0, 0
L 1547.746, -5.035, -54.6, 1532.246, -20.035, -54.6, 205, 133, 63
L 1532.246, -20.035, -54.6, 1517.946, -12.035, -54.6, 205, 133, 63
L 1517.946, -12.035, -54.6, 1501.246, -4.635, -52.2, 205, 133, 63
L 1501.246, -4.635, -52.2, 1480.646, -13.635, -50.5, 205, 133, 63
L 1480.646, -13.635, -50.5, 1463.546, -10.635, -47.7, 205, 133, 63
L 1463.546, -10.635, -47.7, 1444.146, -11.235, -47.7, 205, 133, 63
L 1444.146, -11.235, -47.7, 1423.146, -14.435, -48.1, 205, 133, 63
L 1423.146, -14.435, -48.1, 1398.846, -8.735, -45.7, 205, 133, 63
L 1398.846, -8.735, -45.7, 1376.246, -14.035, -44.6, 205, 133, 63
L 1376.246, -14.035, -44.6, 1362.046, -9.335, -42.0, 205, 133, 63
L 1362.046, -9.335, -42.0, 1341.046, -7.335, -41.5, 205, 133, 63
L 1341.046, -7.335, -41.5, 1322.446, -6.535, -41.3, 205, 133, 63
L 1322.446, -6.535, -41.3, 1301.746, 0.365, -41.9, 205, 133, 63
L 1301.746, 0.365, -41.9, 1278.346, -6.935, -45.4, 205, 133, 63
L 1278.346, -6.935, -45.4, 1256.046, -2.935, -46.5, 205, 133, 63
L 1256.046, -2.935, -46.5, 1225.446, 1.165, -46.0, 205, 133, 63
L 1225.446, 1.165, -46.0, 1195.846, -6.135, -49.9, 205, 133, 63
L 1195.846, -6.135, -49.9, 1182.346, -31.535, -51.9, 205, 133, 63
L 1182.346, -31.535, -51.9, 1166.146, -53.635, -54.2, 205, 133, 63
L 1166.146, -53.635, -54.2, 1138.846, -92.335, -54.6, 205, 133, 63
L 1138.846, -92.335, -54.6, 1091.646, -101.935, -54.6, 205, 133, 63
L 1091.646, -101.935, -54.6, 1080.246, -125.735, -54.6, 205, 133, 63
L 1080.246, -125.735, -54.6, 1076.046, -144.635, -54.6, 205, 133, 63
L 1076.046, -144.635, -54.6, 1049.846, -180.135, -54.6, 205, 133, 63
L 1049.846, -180.135, -54.6, 1042.446, -196.935, -54.6, 205, 133, 63
L 1042.446, -196.935, -54.6, 1034.446, -215.235, -54.6, 205, 133, 63
L 1034.446, -215.235, -54.6, 1021.946, -217.435, -54.6, 205, 133, 63
L 1021.946, -217.435, -54.6, 988.446, -226.435, -54.6, 205, 133, 63
L 988.446, -226.435, -54.6, 969.946, -251.235, -54.6, 205, 133, 63
L 969.946, -251.235, -54.6, 953.646, -272.035, -54.6, 205, 133, 63
L 953.646, -272.035, -54.6, 947.046, -297.135, -54.6, 205, 133, 63
L 947.046, -297.135, -54.6, 932.146, -317.335, -54.6, 205, 133, 63
L 932.146, -317.335, -54.6, 883.446, -332.835, -54.6, 205, 133, 63
L 883.446, -332.835, -54.6, 851.346, -373.235, -54.6, 205, 133, 63
L 851.346, -373.235, -54.6, 844.446, -398.535, -54.6, 205, 133, 63
L 844.446, -398.535, -54.6, 831.346, -416.135, -54.6, 205, 133, 63
L 831.346, -416.135, -54.6, 809.346, -418.835, -54.6, 205, 133, 63
L 809.346, -418.835, -54.6, 786.946, -428.935, -53.8, 205, 133, 63
L 786.946, -428.935, -53.8, 770.246, -448.435, -54.1, 205, 133, 63
L 770.246, -448.435, -54.1, 754.746, -467.835, -54.9, 205, 133, 63
L 754.746, -467.835, -54.9, 744.746, -491.735, -55.4, 205, 133, 63
L 744.746, -491.735, -55.4, 732.546, -514.135, -56.0, 205, 133, 63
L 732.546, -514.135, -56.0, 708.546, -521.835, -57.1, 205, 133, 63
L 708.546, -521.835, -57.1, 681.946, -530.335, -57.8, 205, 133, 63
L 681.946, -530.335, -57.8, 662.946, -555.835, -59.0, 205, 133, 63
L 662.946, -555.835, -59.0, 626.146, -611.935, -62.8, 205, 133, 63
L 626.146, -611.935, -62.8, 617.146, -616.135, -63.4, 205, 133, 63
L 617.146, -616.135, -63.4, 594.946, -612.335, -64.1, 205, 133, 63
L 594.946, -612.335, -64.1, 551.546, -609.535, -64.6, 205, 133, 63
L 551.546, -609.535, -64.6, 530.046, -613.835, -63.7, 205, 133, 63
L 530.046, -613.835, -63.7, 507.346, -613.335, -62.6, 205, 133, 63
L 507.346, -613.335, -62.6, 456.246, -609.535, -60.4, 205, 133, 63
L 456.246, -609.535, -60.4, 437.346, -611.535, -58.9, 205, 133, 63
L 437.346, -611.535, -58.9, 387.446, -614.235, -55.7, 205, 133, 63
L 387.446, -614.235, -55.7, 349.346, -610.535, -54.6, 205, 133, 63
L 349.346, -610.535, -54.6, 329.346, -613.035, -54.6, 205, 133, 63
L 329.346, -613.035, -54.6, 307.446, -614.835, -54.6, 205, 133, 63
L 307.446, -614.835, -54.6, 289.546, -604.235, -54.6, 205, 133, 63
L 289.546, -604.235, -54.6, 277.646, -584.635, -54.6, 205, 133, 63
L 277.646, -584.635, -54.6, 261.746, -559.935, -54.6, 205, 133, 63
L 261.746, -559.935, -54.6, 216.946, -528.635, -54.6, 205, 133, 63
L 216.946, -528.635, -54.6, 208.046, -511.235, -54.6, 205, 133, 63
L 208.046, -511.235, -54.6, 210.646, -489.935, -54.6, 205, 133, 63
L 210.646, -489.935, -54.6, 212.646, -421.835, -54.6, 205, 133, 63
L 212.646, -421.835, -54.6, 205.446, -402.535, -54.6, 205, 133, 63
L 203.346, -396.935, -54.6, 173.646, -370.335, -54.6, 205, 133, 63
L 173.646, -370.335, -54.6, 153.346, -351.835, -54.6, 205, 133, 63
L 153.346, -351.835, -54.6, 133.646, -340.235, -54.6, 205, 133, 63
L 133.646, -340.235, -54.6, 122.746, -315.435, -54.6, 205, 133, 63
L 122.746, -315.435, -54.6, 118.546, -290.235, -54.6, 205, 133, 63
L 118.546, -290.235, -54.6, 100.746, -277.035, -54.6, 205, 133, 63
L 100.746, -277.035, -54.6, 76.146, -267.535, -54.6, 205, 133, 63
L 76.146, -267.535, -54.6, 32.146, -238.635, -54.6, 205, 133, 63
L 32.146, -238.635, -54.6, 22.046, -218.835, -54.6, 205, 133, 63
L 22.046, -218.835, -54.6, 19.646, -194.435, -54.6, 205, 133, 63
L 19.646, -194.435, -54.6, 6.746, -178.335, -54.6, 205, 133, 63
L 6.746, -178.335, -54.6, -16.254, -173.535, -54.6, 205, 133, 63
L -16.254, -173.535, -54.6, -38.254, -161.035, -54.6, 205, 133, 63
L -38.254, -161.035, -54.6, -69.854, -135.735, -54.6, 205, 133, 63
L -69.854, -135.735, -54.6, -82.754, -90.435, -54.5, 205, 133, 63
L -82.754, -90.435, -54.5, -99.554, -75.235, -54.5, 205, 133, 63
L -99.554, -75.235, -54.5, -127.054, -66.935, -54.5, 205, 133, 63
L -127.054, -66.935, -54.5, -170.054, -19.835, -54.5, 205, 133, 63
L -170.054, -19.835, -54.5, -171.254, -18.535, -54.5, 205, 133, 63
L -170.054, -19.835, -54.5, -191.454, -8.035, -54.5, 205, 133, 63
L -191.454, -8.035, -54.5, -226.054, -7.935, -54.4, 205, 133, 63
L -226.054, -7.935, -54.4, -312.054, -11.835, -54.4, 205, 133, 63
L -312.054, -11.835, -54.4, -338.454, -7.035, -54.4, 205, 133, 63
L -338.454, -7.035, -54.4, -360.054, -11.035, -54.4, 205, 133, 63
L -360.054, -11.035, -54.4, -383.954, -10.135, -54.4, 205, 133, 63
L -383.954, -10.135, -54.4, -464.354, -11.735, -54.4, 205, 133, 63
L -464.354, -11.735, -54.4, -498.754, 79.865, -54.4, 205, 133, 63
L -498.754, 79.865, -54.4, -504.954, 89.565, -54.4, 205, 133, 63
L -504.954, 89.565, -54.4, -518.554, 92.565, -54.4, 205, 133, 63
L -518.554, 92.565, -54.4, -587.454, 88.265, -54.4, 205, 133, 63
L -587.454, 88.265, -54.4, -603.354, 90.865, -54.4, 205, 133, 63
L -603.354, 90.865, -54.4, -612.254, 99.765, -54.4, 205, 133, 63
L -612.254, 99.765, -54.4, -642.354, 147.565, -54.4, 205, 133, 63
L -642.354, 147.565, -54.4, -678.654, 161.465, -54.4, 205, 133, 63
L -678.654, 161.465, -54.4, -702.954, 207.665, -54.4, 205, 133, 63
L -702.954, 207.665, -54.4, -740.154, 245.765, -54.4, 205, 133, 63
L -740.154, 245.765, -54.4, -764.954, 256.165, -54.4, 205, 133, 63
L -764.954, 256.165, -54.4, -788.054, 281.565, -54.4, 205, 133, 63
L -788.054, 281.565, -54.4, -812.654, 322.065, -54.4, 205, 133, 63
L -812.654, 322.065, -54.4, -850.254, 351.965, -54.4, 205, 133, 63
L -850.254, 351.965, -54.4, -887.754, 366.865, -54.4, 205, 133, 63
L -887.754, 366.865, -54.4, -904.454, 414.065, -54.4, 205, 133, 63
L -904.454, 414.065, -54.4, -939.654, 445.265, -54.1, 205, 133, 63
L -939.654, 445.265, -54.1, -976.554, 494.565, -49.8, 205, 133, 63
L -976.554, 494.565, -49.8, -1036.154, 491.365, -48.7, 205, 133, 63
L -1036.154, 491.365, -48.7, -1097.854, 484.265, -34.6, 205, 133, 63
L -1097.854, 484.265, -34.6, -1142.154, 532.265, -52.9, 205, 133, 63
L -1142.154, 532.265, -52.9, -1168.554, 495.965, -47.0, 205, 133, 63
L -1168.554, 495.965, -47.0, -1181.454, 485.865, -46.8, 205, 133, 63
L -1181.454, 485.865, -46.8, -1195.854, 486.165, -49.4, 205, 133, 63
L -1195.854, 486.165, -49.4, -1215.554, 490.665, -49.8, 205, 133, 63
L -1215.554, 490.665, -49.8, -1340.954, 491.965, -53.4, 205, 133, 63
L -1340.954, 491.965, -53.4, -1364.154, 487.465, -53.8, 205, 133, 63
L -1364.154, 487.465, -53.8, -1389.354, 491.165, -54.4, 205, 133, 63
L -1389.354, 491.165, -54.4, -1574.154, 487.565, -54.4, 205, 133, 63
L -1696.354, 490.365, -54.4, -1574.154, 487.565, -54.4, 205, 133, 63
L -1811.754, 495.665, -54.4, -1834.754, 539.065, -54.4, 205, 133, 63
L -1811.754, 495.665, -54.4, -1766.854, 487.365, -54.4, 205, 133, 63
L -1766.854, 487.365, -54.4, -1715.654, 487.065, -54.4, 205, 133, 63
L -1715.654, 487.065, -54.4, -1696.354, 490.365, -54.4, 205, 133, 63
L -1834.754, 539.065, -54.4, -1868.954, 589.465, -54.4, 205, 133, 63
L -1868.954, 589.465, -54.4, -1899.354, 595.365, -54.4, 205, 133, 63
L -1899.354, 595.365, -54.4, -1900.954, 594.965, -54.4, 205, 133, 63
L -1900.954, 594.965, -54.4, -1947.554, 589.165, -54.4, 205, 133, 63
L -1947.554, 589.165, -54.4, -2040.754, 589.065, -54.4, 205, 133, 63
L -2040.754, 589.065, -54.4, -2062.254, 586.265, -54.4, 205, 133, 63
L -2062.254, 586.265, -54.4, -2088.954, 588.465, -54.4, 205, 133, 63
L -2088.954, 588.465, -54.4, -2116.654, 587.765, -54.4, 205, 133, 63
L -2116.654, 587.765, -54.4, -2141.554, 589.765, -54.4, 205, 133, 63
L -2141.554, 589.765, -54.4, -2164.654, 586.665, -54.4, 205, 133, 63
L -2164.654, 586.665, -54.4, -2181.054, 586.165, -54.4, 205, 133, 63
L -2181.054, 586.165, -54.4, -2222.454, 591.865, -54.4, 205, 133, 63
L -2222.454, 591.865, -54.4, -2268.154, 586.565, -42.9, 205, 133, 63
L -2268.154, 586.565, -42.9, -2296.654, 585.365, -33.7, 205, 133, 63
L -2296.654, 585.365, -33.7, -2316.654, 597.465, -38.1, 205, 133, 63
L -2316.654, 597.465, -38.1, -2333.354, 623.865, -48.0, 205, 133, 63
L -2333.354, 623.865, -48.0, -2361.454, 601.965, -49.1, 205, 133, 63
L -2361.454, 601.965, -49.1, -2382.354, 586.365, -51.2, 205, 133, 63
L -2382.354, 586.365, -51.2, -2408.854, 590.465, -54.4, 205, 133, 63
L -2408.854, 590.465, -54.4, -2442.954, 590.265, -54.4, 205, 133, 63
L -2442.954, 590.265, -54.4, -2467.054, 584.965, -54.4, 205, 133, 63
L -2467.054, 584.965, -54.4, -2496.954, 589.465, -54.4, 205, 133, 63
L -2496.954, 589.465, -54.4, -2530.954, 587.965, -54.4, 205, 133, 63
L -2530.954, 587.965, -54.4, -2555.954, 587.965, -54.4, 205, 133, 63
L -2555.954, 587.965, -54.4, -2586.654, 591.865, -54.4, 205, 133, 63
L -2586.654, 591.865, -54.4, -2613.554, 590.665, -54.4, 205, 133, 63
L -2613.554, 590.665, -54.4, -2638.354, 592.565, -54.4, 205, 133, 63
L -2638.354, 592.565, -54.4, -2669.254, 585.065, -54.4, 205, 133, 63
L -2669.254, 585.065, -54.4, -2694.054, 591.265, -54.4, 205, 133, 63
L -2694.054, 591.265, -54.4, -2725.154, 589.465, -54.4, 205, 133, 63
L -2725.154, 589.465, -54.4, -2756.054, 587.865, -54.4, 205, 133, 63
L -2756.054, 587.865, -54.4, -2790.354, 588.565, -54.4, 205, 133, 63
L -2790.354, 588.565, -54.4, -2847.954, 590.865, -54.4, 205, 133, 63
L -2847.954, 590.865, -54.4, -2870.054, 586.765, -54.4, 205, 133, 63
L -2870.054, 586.765, -54.4, -2891.554, 590.165, -54.4, 205, 133, 63
L -2891.554, 590.165, -54.4, -2966.354, 584.265, -54.4, 205, 133, 63
L -2966.354, 584.265, -54.4, -3012.654, 587.565, -54.4, 205, 133, 63
L -3012.654, 587.565, -54.4, -3061.354, 588.565, -54.7, 205, 133, 63
L -3061.354, 588.565, -54.7, -3100.754, 598.065, -54.8, 205, 133, 63
L -3100.754, 598.065, -54.8, -3152.054, 587.965, -54.8, 205, 133, 63
L -3152.054, 587.965, -54.8, -3197.454, 597.065, -54.4, 205, 133, 63
L -3197.454, 597.065, -54.4, -3216.954, 561.965, -54.4, 205, 133, 63
L -3216.954, 561.965, -54.4, -3240.554, 540.565, -54.3, 205, 133, 63
L -3240.554, 540.565, -54.3, -3255.454, 510.065, -52.7, 205, 133, 63
L -3255.454, 510.065, -52.7, -3284.054, 484.765, -53.2, 205, 133, 63
L -3284.054, 484.765, -53.2, -3331.754, 492.665, -52.2, 205, 133, 63
L -3331.754, 492.665, -52.2, -3394.754, 493.065, -52.4, 205, 133, 63
L -3394.754, 493.065, -52.4, -3420.654, 458.965, -53.6, 205, 133, 63
L -3420.654, 458.965, -53.6, -3450.654, 425.665, -54.3, 205, 133, 63
L -3450.654, 425.665, -54.3, -3467.054, 395.965, -51.8, 205, 133, 63
L -3467.054, 395.965, -51.8, -3480.554, 385.265, -52.3, 205, 133, 63
L -3480.554, 385.265, -52.3, -3503.354, 389.465, -54.4, 205, 133, 63
L -3503.354, 389.465, -54.4, -3585.354, 375.165, -54.4, 205, 133, 63
L -3585.354, 375.165, -54.4, -3591.754, 361.365, -54.4, 205, 133, 63
L -3591.754, 361.365, -54.4, -3588.854, 333.465, -54.4, 205, 133, 63
L -3588.854, 333.465, -54.4, -3578.854, 310.465, -54.4, 205, 133, 63
L -3578.854, 310.465, -54.4, -3587.254, 295.065, -54.4, 205, 133, 63
L -3587.254, 295.065, -54.4, -3586.554, 270.965, -53.1, 205, 133, 63
L -3586.554, 270.965, -53.1, -3582.954, 256.365, -51.8, 205, 133, 63
L -3582.954, 256.365, -51.8, -3585.154, 242.265, -50.9, 205, 133, 63
L -3585.154, 242.265, -50.9, -3584.654, 215.165, -50.8, 205, 133, 63
L -3584.654, 215.165, -50.8, -3581.354, 199.765, -50.5, 205, 133, 63
L -3581.354, 199.765, -50.5, -3585.854, 171.565, -50.4, 205, 133, 63
L -3585.854, 171.565, -50.4, -3588.054, 135.965, -49.9, 205, 133, 63
L -3588.054, 135.965, -49.9, -3578.354, 109.265, -49.0, 205, 133, 63
L -3578.354, 109.265, -49.0, -3591.854, 77.365, -50.4, 205, 133, 63
L -3591.854, 77.365, -50.4, -3584.754, 49.165, -50.4, 205, 133, 63
L -3584.754, 49.165, -50.4, -3587.654, 24.465, -50.8, 205, 133, 63
L -3587.654, 24.465, -50.8, -3577.054, 7.965, -50.1, 205, 133, 63
L -3577.054, 7.965, -50.1, -3589.154, -14.035, -51.0, 205, 133, 63
L -3589.154, -14.035, -51.0, -3584.054, -39.335, -52.9, 205, 133, 63
L -3584.054, -39.335, -52.9, -3588.954, -61.635, -54.4, 205, 133, 63
L -3588.954, -61.635, -54.4, -3579.854, -90.235, -54.4, 205, 133, 63
L -3579.854, -90.235, -54.4, -3589.954, -114.135, -54.4, 205, 133, 63
L -3589.954, -114.135, -54.4, -3587.854, -134.035, -54.4, 205, 133, 63
L -3587.854, -134.035, -54.4, -3583.754, -147.735, -54.4, 205, 133, 63
L -3583.754, -147.735, -54.4, -3588.954, -170.735, -54.4, 205, 133, 63
L -3588.954, -170.735, -54.4, -3584.254, -187.135, -54.4, 205, 133, 63
L -3584.254, -187.135, -54.4, -3585.854, -210.535, -54.4, 205, 133, 63
L -3585.854, -210.535, -54.4, -3586.854, -247.235, -54.4, 205, 133, 63
L -3586.854, -247.235, -54.4, -3584.754, -279.635, -54.4, 205, 133, 63
L -3584.754, -279.635, -54.4, -3585.254, -319.035, -54.4, 205, 133, 63
L -3585.254, -319.035, -54.4, -3589.354, -424.735, -54.4, 205, 133, 63
L -3589.354, -424.735, -54.4, -3583.854, -457.435, -54.4, 205, 133, 63
L -3583.854, -457.435, -54.4, -3584.754, -478.835, -54.4, 205, 133, 63
L -3584.754, -478.835, -54.4, -3583.254, -499.835, -54.4, 205, 133, 63
L -3583.254, -499.835, -54.4, -3588.754, -526.635, -54.4, 205, 133, 63
L -3588.754, -526.635, -54.4, -3586.654, -556.335, -54.4, 205, 133, 63
L -3586.654, -556.335, -54.4, -3586.454, -578.135, -54.4, 205, 133, 63
L -3586.454, -578.135, -54.4, -3590.354, -612.335, -54.4, 205, 133, 63
L -3590.354, -612.335, -54.4, -3586.954, -634.035, -54.4, 205, 133, 63
L -3586.954, -634.035, -54.4, -3585.954, -656.035, -54.4, 205, 133, 63
L -3585.954, -656.035, -54.4, -3583.054, -680.635, -54.4, 205, 133, 63
L -3583.054, -680.635, -54.4, -3582.754, -697.535, -54.4, 205, 133, 63
L -3582.754, -697.535, -54.4, -3586.154, -728.335, -54.4, 205, 133, 63
L -3586.154, -728.335, -54.4, -3584.954, -746.635, -54.4, 205, 133, 63
L -3584.954, -746.635, -54.4, -3588.254, -767.835, -54.4, 205, 133, 63
L -3588.254, -767.835, -54.4, -3588.154, -779.435, -54.4, 205, 133, 63
L -3588.154, -779.435, -54.4, -3584.754, -801.935, -54.4, 205, 133, 63
L -3584.754, -801.935, -54.4, -3586.154, -829.335, -54.4, 205, 133, 63
L -3586.154, -829.335, -54.4, -3583.754, -881.735, -54.4, 205, 133, 63
L -3583.754, -881.735, -54.4, -3587.954, -908.435, -54.4, 205, 133, 63
L -3587.954, -908.435, -54.4, -3585.954, -933.935, -54.4, 205, 133, 63
L -3585.954, -933.935, -54.4, -3589.354, -969.335, -53.6, 205, 133, 63
L -3589.354, -969.335, -53.6, -3600.654, -1004.635, -50.1, 205, 133, 63
L -3600.654, -1004.635, -50.1, -3613.754, -1012.535, -49.4, 205, 133, 63
L -3613.754, -1012.535, -49.4, -3639.654, -1013.435, -49.6, 205, 133, 63
L -3639.654, -1013.435, -49.6, -3658.454, -1009.435, -50.4, 205, 133, 63
L -3658.454, -1009.435, -50.4, -3682.054, -1009.735, -51.1, 205, 133, 63
L -3682.054, -1009.735, -51.1, -3698.554, -1015.335, -51.1, 205, 133, 63
L -3698.554, -1015.335, -51.1, -3715.354, -1015.335, -51.6, 205, 133, 63
L -3715.354, -1015.335, -51.6, -3739.854, -1011.735, -52.6, 205, 133, 63
L -3739.854, -1011.735, -52.6, -3758.254, -1014.835, -53.2, 205, 133, 63
L -3758.254, -1014.835, -53.2, -3779.454, -1014.835, -54.0, 205, 133, 63
L -3779.454, -1014.835, -54.0, -3800.054, -1009.435, -54.1, 205, 133, 63
L -3800.054, -1009.435, -54.1, -3815.654, -1011.935, -53.8, 205, 133, 63
L -3815.654, -1011.935, -53.8, -3827.054, -1014.035, -53.6, 205, 133, 63
L -3827.054, -1014.035, -53.6, -3849.854, -1014.235, -53.0, 205, 133, 63
L -3849.854, -1014.235, -53.0, -3863.654, -1017.135, -52.7, 205, 133, 63
L -3863.654, -1017.135, -52.7, -3882.054, -1014.035, -52.1, 205, 133, 63
L -3882.054, -1014.035, -52.1, -3906.554, -1010.435, -51.8, 205, 133, 63
L -3906.554, -1010.435, -51.8, -3924.754, -1013.035, -51.7, 205, 133, 63
L -3924.754, -1013.035, -51.7, -3944.754, -1011.735, -51.6, 205, 133, 63
L -3944.754, -1011.735, -51.6, -3964.554, -1021.535, -51.5, 205, 133, 63
L -3964.554, -1021.535, -51.5, -3967.154, -1023.235, -51.5, 205, 133, 63
L -383.954, -10.135, -54.4, -385.554, -83.235, -54.4, 205, 133, 63
L -385.554, -83.235, -54.4, -380.454, -102.235, -54.4, 205, 133, 63
L -380.454, -102.235, -54.4, -383.154, -123.935, -54.4, 205, 133, 63
L -383.154, -123.935, -54.4, -410.454, -141.935, -54.4, 205, 133, 63
L -410.454, -141.935, -54.4, -441.454, -163.935, -54.4, 205, 133, 63
L -441.454, -163.935, -54.4, -455.054, -198.435, -54.4, 205, 133, 63
L -455.054, -198.435, -54.4, -482.954, -219.935, -54.4, 205, 133, 63
L -482.954, -219.935, -54.4, -522.954, -237.335, -54.4, 205, 133, 63
L -522.954, -237.335, -54.4, -544.054, -268.835, -54.4, 205, 133, 63
L -544.054, -268.835, -54.4, -559.654, -289.335, -54.4, 205, 133, 63
L -559.654, -289.335, -54.4, -573.754, -317.935, -54.4, 205, 133, 63
L -573.754, -317.935, -54.4, -604.954, -324.235, -54.4, 205, 133, 63
L -604.954, -324.235, -54.4, -629.754, -353.435, -54.4, 205, 133, 63
L -629.754, -353.435, -54.4, -664.954, -402.835, -54.4, 205, 133, 63
L -664.954, -402.835, -54.4, -678.854, -414.035, -54.4, 205, 133, 63
L -678.854, -414.035, -54.4, -699.154, -415.235, -54.4, 205, 133, 63
L -699.154, -415.235, -54.4, -739.454, -407.135, -54.4, 205, 133, 63
L -739.454, -407.135, -54.4, -769.554, -414.435, -54.4, 205, 133, 63
L -769.554, -414.435, -54.4, -788.454, -416.835, -54.4, 205, 133, 63
L -788.454, -416.835, -54.4, -788.554, -416.835, -54.4, 205, 133, 63
L -171.254, -18.535, -54.5, -144.754, -8.135, -54.5, 205, 133, 63
L -144.754, -8.135, -54.5, -125.054, -13.035, -54.5, 205, 133, 63
L -125.054, -13.035, -54.5, -113.754, -11.135, -54.5, 205, 133, 63
L -113.754, -11.135, -54.5, -101.354, -6.635, -54.5, 205, 133, 63
L -101.354, -6.635, -54.5, -81.054, -8.035, -54.6, 205, 133, 63
L -81.054, -8.035, -54.6, -64.654, -12.135, -54.6, 205, 133, 63
L -64.654, -12.135, -54.6, -47.054, -8.735, -54.6, 205, 133, 63
L -47.054, -8.735, -54.6, -23.954, -13.035, -54.6, 205, 133, 63
L -23.954, -13.035, -54.6, -4.254, -8.335, -54.6, 205, 133, 63
L -4.254, -8.335, -54.6, 36.046, -11.335, -54.6, 205, 133, 63
L 36.046, -11.335, -54.6, 65.246, -10.035, -54.6, 205, 133, 63
L 65.246, -10.035, -54.6, 102.746, -8.135, -54.6, 205, 133, 63
L 102.746, -8.135, -54.6, 126.946, -11.135, -54.6, 205, 133, 63
L 126.946, -11.135, -54.6, 149.546, -11.835, -54.6, 205, 133, 63
L 149.546, -11.835, -54.6, 174.746, -14.035, -55.3, 205, 133, 63
L 174.746, -14.035, -55.3, 202.146, -16.535, -57.3, 205, 133, 63
L 202.146, -16.535, -57.3, 218.046, -50.835, -55.2, 205, 133, 63
L 218.046, -50.835, -55.2, 217.146, -89.835, -54.6, 205, 133, 63
L 217.146, -89.835, -54.6, 212.746, -125.935, -54.6, 205, 133, 63
L 212.746, -125.935, -54.6, 214.746, -156.135, -54.6, 205, 133, 63
L 214.746, -156.135, -54.6, 215.846, -193.135, -54.6, 205, 133, 63
L 215.846, -193.135, -54.6, 210.846, -222.835, -54.6, 205, 133, 63
L 210.846, -222.835, -54.6, 212.746, -250.535, -54.6, 205, 133, 63
L 212.746, -250.535, -54.6, 212.846, -278.435, -54.6, 205, 133, 63
L 212.846, -278.435, -54.6, 212.446, -304.635, -54.6, 205, 133, 63
L 212.446, -304.635, -54.6, 210.346, -326.635, -54.6, 205, 133, 63
L 210.346, -326.635, -54.6, 212.646, -352.335, -54.6, 205, 133, 63
L 205.446, -402.535, -54.6, 203.346, -396.935, -54.6, 205, 133, 63
L 212.646, -352.335, -54.6, 205.446, -402.535, -54.6, 205, 133, 63
L -3501.154, 894.965, -50.3, -3493.054, 910.765, -50.0, 0, 0, 0
L -3493.054, 910.765, -49.3, -3508.754, 918.765, -49.1, 0, 0, 0
L -3508.754, 918.765, -49.2, -3516.854, 903.265, -49.5, 0, 0, 0
L -3516.854, 903.265, -50.1, -3501.154, 894.965, -50.3, 0, 0, 0
L -3587.354, 902.265, -50.8, -3600.954, 913.565, -51.3, 0, 0, 0
L -3600.954, 913.565, -51.5, -3613.454, 899.765, -51.6, 0, 0, 0
L -3613.454, 899.765, -51.7, -3598.354, 888.365, -51.0, 0, 0, 0
L -3598.354, 888.365, -50.6, -3587.354, 902.265, -50.4, 0, 0, 0
L -3549.854, 839.665, -54.2, -3555.254, 839.465, -54.1, 0, 0, 0
L -3555.254, 839.465, -54.1, -3554.554, 818.865, -54.2, 0, 0, 0
L -3554.554, 818.865, -54.4, -3533.854, 819.665, -54.4, 0, 0, 0
L -3533.854, 819.665, -54.4, -3534.654, 840.265, -54.4, 0, 0, 0
L -3540.054, 840.065, -54.4, -3534.654, 840.265, -54.4, 0, 0, 0
L -3070.054, -996.835, -54.4, -3062.654, -998.235, -54.4, 0, 0, 0
L -3058.554, -1001.935, -54.4, -3060.854, -1013.235, -54.4, 0, 0, 0
L -3064.754, -1016.235, -54.4, -3075.854, -1013.935, -54.4, 0, 0, 0
L -3078.554, -1010.235, -54.4, -3076.754, -1000.935, -54.4, 0, 0, 0
L -3097.954, -1038.035, -54.4, -3092.554, -1037.635, -54.4, 0, 0, 0
L -3092.554, -1037.635, -54.4, -3091.354, -1058.335, -54.4, 0, 0, 0
L -3091.354, -1058.335, -54.4, -3111.954, -1059.535, -54.4, 0, 0, 0
L -3111.954, -1059.535, -54.4, -3113.154, -1038.935, -54.4, 0, 0, 0
L -3108.054, -1038.635, -54.4, -3113.154, -1038.935, -54.4, 0, 0, 0
L -3079.154, -1013.335, -54.4, -3075.654, -995.735, -54.4, 0, 0, 0
L -3075.654, -995.735, -54.4, -3058.054, -999.235, -54.4, 0, 0, 0
L -3058.054, -999.235, -54.4, -3061.554, -1016.835, -54.4, 0, 0, 0
L -3061.554, -1016.835, -54.4, -3079.154, -1013.335, -54.4, 0, 0, 0
L 887.046, -1033.235, -54.6, 874.846, -1046.435, -54.5, 0, 0, 0
L 874.846, -1046.435, -54.6, 888.046, -1058.635, -54.6, 0, 0, 0
L 888.046, -1058.635, -54.6, 900.246, -1045.435, -54.6, 0, 0, 0
L 900.246, -1045.435, -54.6, 887.046, -1033.235, -54.6, 0, 0, 0
L 937.846, -1038.935, -54.6, 934.246, -1043.035, -54.6, 0, 0, 0
L 934.246, -1043.035, -54.6, 949.646, -1056.735, -54.6, 0, 0, 0
L 949.646, -1056.735, -54.6, 963.346, -1041.235, -54.6, 0, 0, 0
L 963.346, -1041.235, -54.6, 947.846, -1027.535, -54.6, 0, 0, 0
L 944.546, -1031.335, -54.6, 947.846, -1027.535, -54.6, 0, 0, 0
L -4157.854, -889.535, -51.5, -4175.454, -875.135, -51.5, 0, 0, 0
L -4171.554, -909.535, -51.5, -4196.154, -889.535, -51.5, 0, 0, 0
L 1651.246, -1201.935, 68.8, 1698.946, -1201.935, 68.8, 0, 0, 0
L 1479.946, 1175.365, 85.8, 922.246, 1175.465, 66.5, 0, 0, 0
L -2643.754, 381.365, -54.5, -2646.954, 381.565, -54.5, 0, 0, 0
L -386.354, 154.865, -51.4, -386.354, 154.365, -51.4, 0, 0, 0
L -386.354, 154.365, -51.4, -386.354, 151.165, -51.4, 0, 0, 0
L -526.154, 1161.065, -41.7, -526.154, 1170.665, -41.7, 178, 102, 255
L -539.454, 1160.265, -41.7, -539.454, 1170.665, -41.7, 178, 102, 255
