P -154.487, 741.102, 0.0019, 255, 0, 0, 3, to_The_Greater_Faydark
P -157.89, 728.925, 0.0000, 255, 0, 0, 2, Succor
P -755.849, 42.65, -20.9989, 0, 0, 0, 2, Dwarven_Smith
P -750.947, 1.13, -20.9989, 0, 0, 0, 2, Elven_Priest
P 150.825, -153.121, 0.0009, 0, 0, 0, 2, Orc_Taskmaster
P -106.358, -69.533, 16.0959, 255, 255, 255, 2, Throne_Room
P 95.281, 163.352, 0.0009, 255, 255, 255, 2, North_Wall
P 316.804, -9.671, 0.0009, 255, 255, 255, 2, Safe_Spot
P -426.39, 10.955, -16.9989, 255, 255, 255, 2, Slave_Mines
P -118.755, 297.124, 80.1879, 255, 255, 255, 2, Trainer_Hill
P 213.4, -49.776, -13.2229, 255, 255, 255, 2, Slaver_Pits
P 134.767, -185.299, -31.6617, 0, 127, 127, 2, Retlon_Brenclog_(Quest)
P 21.535, 6.381, -42.6104, 0, 0, 240, 1, GS:_Blood_Suspension
P -705.576, 129.397, -30.9979, 240, 240, 240, 2, Iron_Orc
P 64.01, -1.505, 31.5323, 0, 0, 0, 2, Emperor_Crush
P -25.136, -76.585, 18.2729, 0, 0, 0, 2, Lord_Darish
P -325.822, -183.846, 0.0009, 0, 0, 0, 2, The_Prophet
P -114.737, 248.475, 84.9459, 0, 0, 0, 2, Orc_Trainer
P -705.475, 177.87, -28.0216, 0, 0, 0, 2, Orc_Scoutsman
P -441.502, -15.299, -16.9979, 0, 0, 0, 2, Orc_Warden
P 150.825, -153.534, 0.0999, 127, 64, 0, 2, orc_taskmaster_(Hunter)
P -61.608, -22.116, 0.0029, 127, 64, 0, 2, orc_warlord_(Hunter)
P 1.469, 70.163, 3.5536, 240, 240, 240, 2, Crushbone_Keep
