L -184.89, 746.925, 0.0000, -141.89, 746.925, 0.0000, 199, 21, 133
L -141.89, 746.925, 0.0000, -141.89, 652.925, 0.0000, 0, 0, 0
L -141.89, 652.925, 0.0000, -220.89, 652.925, 0.0000, 0, 0, 0
L -320.89, 546.925, 0.0000, -284.89, 608.925, 0.0000, 0, 0, 0
L -284.89, 608.925, 0.0000, -272.89, 651.925, 0.0000, 0, 0, 0
L -272.89, 651.925, 0.0000, -272.89, 706.925, 0.0000, 0, 0, 0
L -272.89, 706.925, 0.0000, -184.89, 706.925, 0.0000, 0, 0, 0
L -184.89, 706.925, 0.0000, -184.89, 746.925, 0.0000, 0, 0, 0
L -220.89, 652.925, 0.0000, -220.89, 486.925, 0.0000, 0, 0, 0
L -220.89, 486.925, 0.0000, -85.89, 577.925, 0.0000, 0, 0, 0
L -85.89, 577.925, 0.0000, -27.89, 519.925, 0.0000, 0, 0, 0
L -27.89, 519.925, 0.0000, 37.11, 519.925, 0.0000, 0, 0, 0
L 37.11, 519.925, 0.0000, 107.11, 471.925, 0.0000, 0, 0, 0
L 107.11, 471.925, 0.0000, 115.11, 420.925, 0.0000, 0, 0, 0
L 115.11, 420.925, 0.0000, 94.11, 372.925, 0.0000, 0, 0, 0
L 94.11, 372.925, 0.0000, 101.11, 220.925, 0.0000, 0, 0, 0
L 101.11, 220.925, 0.0000, 142.11, 141.925, 0.0000, 0, 0, 0
L 142.11, 141.925, 0.0000, 201.11, 93.925, 0.0000, 0, 0, 0
L 201.11, 93.925, 0.0000, 220.11, 63.925, 0.0000, 0, 0, 0
L 220.11, 63.925, 0.0000, 231.11, 13.925, 0.0000, 0, 0, 0
L 231.11, 13.925, 0.0000, 300.11, 13.925, 0.0000, 0, 0, 0
L 300.11, 13.925, 0.0000, 325.11, -17.075, 0.0000, 0, 0, 0
L 325.11, -17.075, 0.0000, 325.11, -39.075, 0.0000, 0, 0, 0
L 325.11, -39.075, 0.0000, 300.11, -61.075, 0.0000, 0, 0, 0
L 300.11, -61.075, 0.0000, 283.11, -79.075, 0.0000, 0, 0, 0
L 283.11, -79.075, 0.0000, 247.11, -111.075, 0.0000, 0, 0, 0
L 247.11, -111.075, 0.0000, 232.11, -140.075, 0.0000, 0, 0, 0
L 232.11, -140.075, 0.0000, 177.11, -140.075, 0.0000, 0, 0, 0
L 177.11, -140.075, 0.0000, 197.11, -164.075, 0.0000, 0, 0, 0
L 197.11, -164.075, 0.0000, 176.11, -176.075, 0.0000, 0, 0, 0
L 176.11, -176.075, 0.0000, 176.11, -202.075, 0.0000, 0, 0, 0
L 176.11, -202.075, 0.0000, 156.11, -191.075, 0.0000, 0, 0, 0
L 106.11, -191.075, 0.0000, 69.11, -213.075, 0.0000, 0, 0, 0
L 69.11, -213.075, 0.0000, 68.11, -227.075, 0.0000, 0, 0, 0
L 68.11, -227.075, 0.0000, 47.11, -239.075, 0.0000, 0, 0, 0
L 47.11, -239.075, 0.0000, 21.11, -239.075, 0.0000, 0, 0, 0
L 21.11, -239.075, 0.0000, 0.11, -227.075, 0.0000, 0, 0, 0
L 0.11, -227.075, 0.0000, 0.11, -214.075, 0.0000, 150, 150, 150
L 0.11, -214.075, 0.0000, 24.11, -203.075, 0.0000, 150, 150, 150
L 24.11, -203.075, 0.0000, 49.11, -203.075, 0.0000, 150, 150, 150
L 49.11, -203.075, 0.0000, 77.11, -193.075, 0.0000, 150, 150, 150
L 77.11, -193.075, 0.0000, 136.11, -142.075, 0.0000, 150, 150, 150
L -0.89, -227.075, -25.0000, -19.89, -246.075, 0.0000, 0, 0, 0
L -0.89, -227.075, -25.0000, -0.89, -213.075, -25.0000, 150, 150, 150
L -0.89, -213.075, -25.0000, 24.11, -201.075, -25.0000, 150, 150, 150
L 24.11, -201.075, -25.0000, 48.11, -201.075, -27.0000, 150, 150, 150
L 48.11, -201.075, -27.0000, 76.11, -192.075, -22.0000, 150, 150, 150
L 76.11, -192.075, -22.0000, 136.11, -142.075, -27.0000, 150, 150, 150
L 136.11, -142.075, -27.0000, 124.11, -112.075, -1.0000, 150, 150, 150
L 124.11, -112.075, -1.0000, 154.11, -80.075, -1.0000, 0, 0, 0
L 154.11, -80.075, -1.0000, 188.11, -60.075, -3.0000, 0, 0, 0
L 188.11, -60.075, -3.0000, 188.11, -14.075, -3.0000, 0, 0, 0
L 275.11, -14.075, 0.0000, 275.11, -47.075, 0.0000, 150, 150, 150
L 124.11, -112.075, -1.0000, -19.89, -203.075, 0.0000, 0, 0, 0
L -19.89, -246.075, 0.0000, -19.89, -203.075, 0.0000, 150, 150, 150
L -19.89, -246.075, 0.0000, -61.89, -246.075, 0.0000, 0, 0, 0
L -61.89, -246.075, 0.0000, -60.89, -222.075, 0.0000, 0, 0, 0
L -60.89, -234.075, 0.0000, -45.89, -218.075, 0.0000, 0, 0, 0
L -45.89, -218.075, 0.0000, -19.89, -203.075, 0.0000, 0, 0, 0
L 275.11, -14.075, 0.0000, 188.11, -14.075, -3.0000, 150, 150, 150
L 180.11, -59.075, 0.0000, 165.11, -65.075, 0.0000, 0, 0, 0
L 165.11, -65.075, 0.0000, 144.11, -79.075, 0.0000, 0, 0, 0
L 144.11, -79.075, 0.0000, 128.11, -97.075, 0.0000, 0, 0, 0
L 128.11, -97.075, 0.0000, 112.11, -111.075, 0.0000, 0, 0, 0
L 112.11, -111.075, 0.0000, -46.89, -211.075, 0.0000, 0, 0, 0
L -46.89, -211.075, 0.0000, -62.89, -224.075, 0.0000, 0, 0, 0
L -62.89, -224.075, 0.0000, -78.89, -229.075, 0.0000, 0, 0, 0
L -78.89, -229.075, 0.0000, -90.89, -237.075, 0.0000, 0, 0, 0
L -90.89, -237.075, 0.0000, -151.89, -247.075, 0.0000, 0, 0, 0
L -151.89, -247.075, 0.0000, -216.89, -230.075, 0.0000, 0, 0, 0
L -216.89, -230.075, 0.0000, -285.89, -279.075, 0.0000, 0, 0, 0
L -285.89, -279.075, 0.0000, -303.89, -286.075, 0.0000, 0, 0, 0
L -303.89, -286.075, 0.0000, -303.89, -314.075, 0.0000, 0, 0, 0
L -303.89, -314.075, 0.0000, -355.89, -343.075, 0.0000, 0, 0, 0
L -355.89, -343.075, 0.0000, -401.89, -343.075, 0.0000, 0, 0, 0
L -401.89, -343.075, 0.0000, -479.89, -286.075, 0.0000, 0, 0, 0
L -479.89, -286.075, 0.0000, -504.89, -226.075, 0.0000, 0, 0, 0
L -504.89, -226.075, -10.0000, -550.89, -226.075, -11.0000, 0, 0, 0
L -481.89, -226.075, -10.0000, -481.89, -208.075, -10.0000, 0, 0, 0
L -481.89, -208.075, -11.0000, -461.89, -199.075, -4.0000, 0, 0, 0
L -461.89, -199.075, -4.0000, -447.89, -205.075, 0.0000, 0, 0, 0
L -878.89, -10.075, -11.0000, -878.89, 35.925, -24.0000, 0, 0, 0
L -878.89, -10.075, -11.0000, -853.89, -40.075, -15.0000, 0, 0, 0
L -853.89, -40.075, -15.0000, -805.89, -51.075, -6.0000, 0, 0, 0
L -805.89, -51.075, -6.0000, -773.89, -87.075, -14.0000, 0, 0, 0
L -773.89, -87.075, -14.0000, -753.89, -87.075, -13.0000, 0, 0, 0
L -753.89, -87.075, -13.0000, -740.89, -95.075, -6.0000, 0, 0, 0
L -740.89, -95.075, -6.0000, -722.89, -114.075, -6.0000, 0, 0, 0
L -722.89, -114.075, -6.0000, -702.89, -149.075, -6.0000, 0, 0, 0
L -702.89, -149.075, -6.0000, -682.89, -173.075, -6.0000, 0, 0, 0
L -682.89, -173.075, -6.0000, -579.89, -227.075, 0.0000, 0, 0, 0
L -579.89, -227.075, 0.0000, -568.89, -282.075, 0.0000, 0, 0, 0
L -568.89, -282.075, 0.0000, -550.89, -226.075, -11.0000, 0, 0, 0
L -504.89, -226.075, -10.0000, -481.89, -226.075, -10.0000, 0, 0, 0
L -461.89, -201.075, 0.0000, -480.89, -208.075, 0.0000, 0, 0, 0
L -480.89, -208.075, 0.0000, -480.89, -227.075, 0.0000, 0, 0, 0
L -480.89, -227.075, 0.0000, -504.89, -226.075, 0.0000, 0, 0, 0
L -878.89, 35.925, -24.0000, -860.89, 45.925, -23.0000, 0, 0, 0
L -860.89, 45.925, -23.0000, -834.89, 45.925, -23.0000, 0, 0, 0
L -834.89, 45.925, -23.0000, -834.89, 53.925, -22.0000, 0, 0, 0
L -834.89, 53.925, -22.0000, -798.89, 58.925, -33.0000, 0, 0, 0
L -461.89, -201.075, 0.0000, -447.89, -205.075, 0.0000, 0, 0, 0
L -630.89, -117.075, -30.0000, -584.89, -117.075, -30.0000, 0, 0, 255
L -630.89, -117.075, -30.0000, -659.89, -126.075, -32.0000, 0, 0, 255
L -659.89, -126.075, -32.0000, -682.89, -116.075, -32.0000, 0, 0, 255
L -682.89, -116.075, -32.0000, -702.89, -91.075, -33.0000, 0, 0, 255
L -702.89, -91.075, -33.0000, -722.89, -60.075, -33.0000, 0, 0, 255
L -722.89, -60.075, -33.0000, -739.89, -43.075, -33.0000, 0, 0, 255
L -739.89, -43.075, -33.0000, -753.89, -32.075, -33.0000, 0, 0, 255
L -753.89, -32.075, -33.0000, -774.89, -29.075, -33.0000, 0, 0, 255
L -774.89, -29.075, -33.0000, -789.89, -4.075, -33.0000, 0, 0, 255
L -789.89, -4.075, -33.0000, -791.89, 3.925, -33.0000, 0, 0, 255
L -791.89, 3.925, -33.0000, -797.89, 8.925, -33.0000, 0, 0, 255
L -797.89, 8.925, -33.0000, -805.89, 21.925, -33.0000, 0, 0, 255
L -810.89, 21.925, -33.0000, -786.89, 21.925, -33.0000, 139, 69, 19
L -786.89, 21.925, -33.0000, -785.89, 21.925, -33.0000, 240, 240, 240
L -786.89, 21.925, -33.0000, -775.89, -4.075, -33.0000, 0, 0, 255
L -775.89, -4.075, -33.0000, -765.89, -15.075, -33.0000, 0, 0, 255
L -765.89, -15.075, -33.0000, -754.89, -22.075, -33.0000, 0, 0, 255
L -754.89, -22.075, -33.0000, -746.89, -21.075, -33.0000, 0, 0, 255
L -746.89, -21.075, -33.0000, -741.89, -24.075, -33.0000, 0, 0, 255
L -741.89, -24.075, -33.0000, -723.89, -16.075, -33.0000, 0, 0, 255
L -723.89, -16.075, -33.0000, -660.89, -16.075, -33.0000, 0, 0, 255
L -660.89, -16.075, -33.0000, -600.89, -74.075, -33.0000, 0, 0, 255
L -600.89, -74.075, -33.0000, -595.89, -86.075, -33.0000, 0, 0, 255
L -595.89, -86.075, -33.0000, -586.89, -98.075, -33.0000, 0, 0, 255
L -586.89, -98.075, -33.0000, -584.89, -117.075, -33.0000, 0, 0, 255
L -810.89, 35.925, -33.0000, -793.49, 35.925, -30.8999, 139, 69, 19
L -775.89, 36.925, -30.0000, -775.89, 21.925, -30.0000, 0, 0, 0
L -775.89, 21.925, -30.0000, -760.89, 21.925, -30.0000, 0, 0, 0
L -760.89, 21.925, -30.0000, -760.89, 8.925, -30.0000, 0, 0, 0
L -760.89, 8.925, -30.0000, -763.89, 8.925, -30.0000, 0, 0, 0
L -763.89, 8.925, -30.0000, -763.89, -5.075, -30.0000, 0, 0, 0
L -763.89, -5.075, -30.0000, -754.89, -9.075, -30.0000, 0, 0, 0
L -754.89, -9.075, -30.0000, -754.89, -12.075, -30.0000, 0, 0, 0
L -754.89, -12.075, -30.0000, -745.89, -12.075, -30.0000, 0, 0, 0
L -745.89, -12.075, -30.0000, -745.89, -9.075, -30.0000, 0, 0, 0
L -745.89, -9.075, -30.0000, -740.89, -5.075, -30.0000, 0, 0, 0
L -740.89, -5.075, -30.0000, -723.89, -17.075, -30.0000, 0, 0, 0
L -723.89, -17.075, -30.0000, -720.89, -13.075, -30.0000, 0, 0, 0
L -720.89, -13.075, -30.0000, -685.89, -13.075, -30.0000, 0, 0, 0
L -685.89, -13.075, -30.0000, -685.89, 64.925, -30.0000, 0, 0, 0
L -685.89, 64.925, -30.0000, -663.89, 64.925, -30.0000, 0, 0, 0
L -663.89, 64.925, -30.0000, -663.89, 99.925, -30.0000, 0, 0, 0
L -663.89, 99.925, -30.0000, -697.89, 99.925, -30.0000, 0, 0, 0
L -697.89, 99.925, -30.0000, -696.89, 104.925, -30.0000, 0, 0, 0
L -696.89, 104.925, -30.0000, -696.89, 111.925, -30.0000, 0, 0, 0
L -699.89, 108.925, -30.0000, -696.89, 111.925, -30.0000, 0, 0, 0
L -711.89, 108.925, -30.0000, -714.89, 111.925, -30.0000, 0, 0, 0
L -714.89, 111.925, -30.0000, -714.89, 104.925, -30.0000, 0, 0, 0
L -714.89, 104.925, -30.0000, -713.89, 99.925, -30.0000, 0, 0, 0
L -713.89, 99.925, -30.0000, -742.89, 99.925, -30.0000, 0, 0, 0
L -742.89, 99.925, -30.0000, -742.89, 65.925, -30.0000, 0, 0, 0
L -742.89, 65.925, -30.0000, -747.89, 59.925, -30.0000, 0, 0, 0
L -747.89, 59.925, -30.0000, -763.89, 59.925, -30.0000, 0, 0, 0
L -763.89, 59.925, -30.0000, -763.89, 47.925, -30.0000, 0, 0, 0
L -757.89, 47.925, -30.0000, -763.89, 47.925, -30.0000, 0, 0, 0
L -763.89, 38.925, -30.0000, -772.89, 41.925, -30.0000, 0, 0, 0
L -761.89, 45.925, -30.0000, -763.89, 38.925, -30.0000, 0, 0, 0
L -757.89, 47.925, -30.0000, -761.89, 45.925, -30.0000, 0, 0, 0
L -772.89, 38.925, -30.0000, -772.89, 41.925, -30.0000, 0, 0, 0
L -772.89, 38.925, -30.0000, -775.89, 36.925, -30.0000, 0, 0, 0
L -793.49, 35.925, -30.8999, -775.89, 60.925, -33.0000, 0, 0, 255
L -775.89, 60.925, -33.0000, -765.89, 113.925, -33.0000, 0, 0, 255
L -765.89, 113.925, -33.0000, -747.89, 155.925, -33.0000, 0, 0, 255
L -747.89, 155.925, -33.0000, -755.89, 179.925, -33.0000, 0, 0, 255
L -755.89, 179.925, -33.0000, -747.89, 209.925, -33.0000, 0, 0, 255
L -747.89, 209.925, -33.0000, -747.89, 248.925, -33.0000, 0, 0, 255
L -747.89, 248.925, -33.0000, -723.89, 295.925, -33.0000, 0, 0, 255
L -723.89, 295.925, -33.0000, -658.89, 337.925, -33.0000, 0, 0, 255
L -658.89, 357.925, -33.0000, -722.89, 320.925, -33.0000, 0, 0, 255
L -722.89, 320.925, -33.0000, -762.89, 248.925, -33.0000, 0, 0, 255
L -762.89, 248.925, -33.0000, -770.89, 191.925, -33.0000, 0, 0, 255
L -770.89, 191.925, -33.0000, -770.89, 147.925, -33.0000, 0, 0, 255
L -770.89, 147.925, -33.0000, -785.89, 112.925, -33.0000, 0, 0, 255
L -785.89, 112.925, -33.0000, -798.89, 58.925, -33.0000, 0, 0, 255
L -798.89, 58.925, -33.0000, -810.89, 35.925, -33.0000, 0, 0, 255
L -699.89, 108.925, -30.0000, -699.89, 106.925, -30.0000, 0, 0, 0
L -699.89, 98.925, -30.0000, -666.89, 98.925, -30.0000, 0, 0, 0
L -666.89, 98.925, -30.0000, -666.89, 67.925, -30.0000, 0, 0, 0
L -666.89, 67.925, -30.0000, -688.89, 67.925, -30.0000, 0, 0, 0
L -688.89, 67.925, -30.0000, -688.89, -11.075, -30.0000, 0, 0, 0
L -729.89, -11.075, -30.0000, -738.89, -2.075, -23.0000, 0, 0, 0
L -738.89, -2.075, -23.0000, -741.89, -2.075, -21.0000, 0, 0, 0
L -741.89, -2.075, -21.0000, -748.89, -8.075, -20.0000, 0, 0, 0
L -748.89, -8.075, -20.0000, -751.89, -8.075, -20.0000, 0, 0, 0
L -759.89, -4.075, -20.0000, -751.89, -8.075, -20.0000, 0, 0, 0
L -759.89, -4.075, -20.0000, -760.89, 6.925, -20.0000, 0, 0, 0
L -760.89, 6.925, -20.0000, -757.89, 6.925, -20.0000, 0, 0, 0
L -757.89, 6.925, -20.0000, -757.89, 16.925, -20.0000, 0, 0, 0
L -757.89, 16.925, -20.0000, -752.89, 16.925, -20.0000, 0, 0, 0
L -752.89, 16.925, -20.0000, -752.89, 6.925, -20.0000, 0, 0, 0
L -752.89, 6.925, -20.0000, -742.89, 6.925, -20.0000, 0, 0, 0
L -742.89, 6.925, -20.0000, -739.89, 4.925, -22.0000, 0, 0, 0
L -739.89, 4.925, -22.0000, -739.89, 23.925, -22.0000, 0, 0, 0
L -742.89, 22.925, -20.0000, -739.89, 23.925, -22.0000, 0, 0, 0
L -742.89, 22.925, -20.0000, -757.89, 22.925, -20.0000, 0, 0, 0
L -757.89, 22.925, -20.0000, -772.89, 23.925, -20.0000, 0, 0, 0
L -772.89, 23.925, -20.0000, -771.89, 36.925, -20.0000, 0, 0, 0
L -771.89, 36.925, -20.0000, -765.89, 36.925, -20.0000, 0, 0, 0
L -765.89, 36.925, -20.0000, -760.89, 34.925, -20.0000, 0, 0, 0
L -760.89, 34.925, -20.0000, -755.89, 30.925, -20.0000, 0, 0, 0
L -755.89, 30.925, -20.0000, -742.89, 30.925, -20.0000, 0, 0, 0
L -742.89, 30.925, -20.0000, -739.89, 28.925, -22.0000, 0, 0, 0
L -739.89, 28.925, -22.0000, -739.89, 37.925, -22.0000, 0, 0, 0
L -739.89, 37.925, -22.0000, -743.89, 35.925, -20.0000, 0, 0, 0
L -743.89, 35.925, -20.0000, -752.89, 35.925, -20.0000, 0, 0, 0
L -752.89, 35.925, -20.0000, -757.89, 39.925, -20.0000, 0, 0, 0
L -757.89, 39.925, -20.0000, -757.89, 43.925, -20.0000, 0, 0, 0
L -757.89, 43.925, -20.0000, -752.89, 46.925, -20.0000, 0, 0, 0
L -752.89, 46.925, -20.0000, -752.89, 49.925, -20.0000, 0, 0, 0
L -752.89, 49.925, -20.0000, -760.89, 49.925, -20.0000, 0, 0, 0
L -760.89, 49.925, -20.0000, -760.89, 57.925, -20.0000, 0, 0, 0
L -760.89, 57.925, -20.0000, -744.89, 57.925, -20.0000, 0, 0, 0
L -744.89, 57.925, -20.0000, -744.89, 44.925, -20.0000, 0, 0, 0
L -744.89, 44.925, -20.0000, -740.89, 42.925, -22.0000, 0, 0, 0
L -740.89, 42.925, -22.0000, -738.89, 44.925, -24.0000, 0, 0, 0
L -738.89, 44.925, -24.0000, -730.89, 51.925, -27.0000, 0, 0, 0
L -730.89, 51.925, -27.0000, -726.89, 55.925, -29.0000, 0, 0, 0
L -726.89, 55.925, -29.0000, -718.89, 55.925, -30.0000, 0, 0, 0
L -718.89, 55.925, -30.0000, -718.89, 67.925, -30.0000, 0, 0, 0
L -718.89, 67.925, -30.0000, -739.89, 67.925, -30.0000, 0, 0, 0
L -739.89, 67.925, -30.0000, -739.89, 98.925, -30.0000, 0, 0, 0
L -739.89, 98.925, -30.0000, -711.89, 98.925, -30.0000, 0, 0, 0
L -711.89, 108.925, -30.0000, -711.89, 106.925, -30.0000, 0, 0, 0
L -711.89, 106.925, -30.0000, -711.89, 98.925, -30.0000, 0, 0, 0
L -699.89, 106.925, -30.0000, -699.89, 98.925, -30.0000, 0, 0, 0
L -729.89, -11.075, -30.0000, -688.89, -11.075, -30.0000, 0, 0, 0
L -574.89, 40.925, -14.0000, -585.89, 44.925, -27.0000, 0, 0, 0
L -585.89, 44.925, -27.0000, -576.89, 60.925, -24.0000, 0, 0, 0
L -576.89, 60.925, -24.0000, -562.89, 75.925, -11.0000, 0, 0, 0
L -562.89, 75.925, -11.0000, -558.89, 77.925, -11.0000, 0, 0, 0
L -554.89, 78.925, -11.0000, -558.89, 77.925, -11.0000, 0, 0, 0
L -554.89, 78.925, -11.0000, -548.89, 83.925, -11.0000, 0, 0, 0
L -548.89, 75.925, -11.0000, -548.89, 83.925, -11.0000, 0, 0, 0
L -548.89, 75.925, -11.0000, -529.89, 72.925, -11.0000, 0, 0, 0
L -529.89, 72.925, -11.0000, -526.89, 74.925, -11.0000, 0, 0, 0
L -526.89, 74.925, -11.0000, -460.89, 74.925, -16.0000, 0, 0, 0
L -460.89, 74.925, -16.0000, -434.89, 62.925, -16.0000, 0, 0, 0
L -434.89, 62.925, -16.0000, -468.89, 13.925, -16.0000, 0, 0, 0
L -468.89, 13.925, -16.0000, -490.89, 40.925, -16.0000, 0, 0, 0
L -490.89, 40.925, -16.0000, -504.89, 40.925, -16.0000, 0, 0, 0
L -504.89, 40.925, -16.0000, -518.89, 62.925, -17.0000, 0, 0, 0
L -518.89, 62.925, -17.0000, -549.89, 38.925, -22.0000, 0, 0, 0
L -559.89, 27.925, -19.0000, -559.89, 10.925, -22.0000, 0, 0, 0
L -573.89, 10.925, -25.0000, -574.89, 40.925, -14.0000, 0, 0, 0
L -574.89, 0.925, -24.0000, -574.89, -16.075, -23.0000, 0, 0, 0
L -574.89, -16.075, -23.0000, -568.89, -21.075, -23.0000, 0, 0, 0
L -568.89, -21.075, -23.0000, -558.89, -21.075, -20.0000, 0, 0, 0
L -558.89, -21.075, -20.0000, -544.89, -31.075, -20.0000, 0, 0, 0
L -544.89, -31.075, -20.0000, -529.89, -29.075, -19.0000, 0, 0, 0
L -527.89, -21.075, -17.0000, -529.89, -29.075, -19.0000, 0, 0, 0
L -527.89, -21.075, -17.0000, -527.89, -11.075, -20.0000, 0, 0, 0
L -533.89, -11.075, -20.0000, -527.89, -11.075, -20.0000, 0, 0, 0
L -533.89, -11.075, -20.0000, -533.89, -4.075, -20.0000, 0, 0, 0
L -533.89, -4.075, -20.0000, -549.89, 1.925, -24.0000, 0, 0, 0
L -549.89, 1.925, -24.0000, -574.89, 0.925, -24.0000, 0, 0, 0
L -518.89, -21.075, -17.0000, -502.89, -23.075, -15.0000, 0, 0, 0
L -502.89, -23.075, -15.0000, -502.89, -4.075, -16.0000, 0, 0, 0
L -502.89, -4.075, -16.0000, -518.89, -4.075, -16.0000, 0, 0, 0
L -518.89, -4.075, -16.0000, -518.89, -21.075, -17.0000, 0, 0, 0
L -490.89, -23.075, -15.0000, -490.89, -4.075, -16.0000, 0, 0, 0
L -490.89, -4.075, -16.0000, -468.89, 0.925, -16.0000, 0, 0, 0
L -468.89, 0.925, -16.0000, -435.89, -30.075, -16.0000, 0, 0, 0
L -435.89, -30.075, -16.0000, -394.89, -30.075, -16.0000, 0, 0, 0
L -394.89, -30.075, -16.0000, -361.89, -0.075, -16.0000, 0, 0, 0
L -361.89, -0.075, -16.0000, -361.89, 14.925, -16.0000, 0, 0, 0
L -361.89, 14.925, -16.0000, -396.89, 64.925, -16.0000, 0, 0, 0
L -396.89, 64.925, -16.0000, -313.89, 30.925, -16.0000, 0, 0, 0
L -313.89, 30.925, -16.0000, -292.89, 33.925, -12.0000, 0, 0, 0
L -292.89, 42.925, -11.0000, -292.89, 33.925, -11.0000, 150, 150, 150
L -292.89, 42.925, -12.0000, -314.89, 44.925, -16.0000, 0, 0, 0
L -314.89, 44.925, -16.0000, -365.89, 73.925, -16.0000, 0, 0, 0
L -365.89, 73.925, -16.0000, -365.89, 89.925, -16.0000, 0, 0, 0
L -365.89, 89.925, -16.0000, -460.89, 89.925, -16.0000, 0, 0, 0
L -460.89, 89.925, -16.0000, -504.89, 92.925, -12.0000, 0, 0, 0
L -504.89, 92.925, -12.0000, -526.89, 92.925, -11.0000, 0, 0, 0
L -526.89, 92.925, -11.0000, -530.89, 97.925, -11.0000, 0, 0, 0
L -481.89, -25.075, -13.0000, -490.89, -23.075, -15.0000, 0, 0, 0
L -481.89, -25.075, -13.0000, -481.89, -47.075, -16.0000, 0, 0, 0
L -481.89, -47.075, -16.0000, -475.89, -48.075, -9.0000, 0, 0, 0
L -475.89, -48.075, -9.0000, -461.89, -52.075, -4.0000, 0, 0, 0
L -461.89, -52.075, -4.0000, -443.89, -52.075, 0.0000, 0, 0, 0
L -443.89, -52.075, 0.0000, -305.89, -52.075, 0.0000, 0, 0, 0
L -303.89, -51.075, 0.0000, -303.89, -38.075, 0.0000, 0, 0, 0
L -303.89, -38.075, 0.0000, -278.89, -46.075, 0.0000, 0, 0, 0
L -278.89, -46.075, 0.0000, -278.89, -37.075, 0.0000, 0, 0, 0
L -278.89, -37.075, 0.0000, -268.89, -8.075, 0.0000, 0, 0, 0
L -268.89, -8.075, 0.0000, -268.89, 4.925, 0.0000, 0, 0, 0
L -268.89, 4.925, 0.0000, -279.89, 11.925, -13.0000, 0, 0, 0
L -279.89, 11.925, -13.0000, -252.89, 11.925, -13.0000, 0, 0, 255
L -252.89, 11.925, -13.0000, -244.89, 4.925, -13.0000, 0, 0, 255
L -244.89, 4.925, -13.0000, -244.89, -7.075, -14.0000, 0, 0, 255
L -244.89, -7.075, -14.0000, -239.89, -16.075, -13.0000, 0, 0, 255
L -239.89, -16.075, -13.0000, -239.89, -37.075, -13.0000, 0, 0, 255
L -239.89, -37.075, -13.0000, -243.89, -45.075, -13.0000, 0, 0, 255
L -243.89, -45.075, -13.0000, -243.89, -51.075, -13.0000, 0, 0, 255
L -243.89, -51.075, -13.0000, -240.89, -55.075, -13.0000, 0, 0, 255
L -231.89, -65.075, -14.0000, -240.89, -55.075, -13.0000, 0, 0, 255
L -231.89, -65.075, -14.0000, -231.89, -71.075, -13.0000, 0, 0, 255
L -231.89, -71.075, -13.0000, -234.89, -89.075, -13.0000, 0, 0, 255
L -234.89, -89.075, -13.0000, -234.89, -144.075, -11.0000, 0, 0, 255
L -234.89, -154.075, -11.0000, -215.89, -186.075, -14.0000, 0, 0, 255
L -215.89, -186.075, -14.0000, -151.89, -221.075, -13.0000, 0, 0, 255
L -151.89, -221.075, -13.0000, -89.89, -202.075, -13.0000, 0, 0, 255
L -89.89, -202.075, -13.0000, -78.89, -208.075, -13.0000, 0, 0, 255
L -78.89, -208.075, -13.0000, -62.89, -199.075, -13.0000, 0, 0, 255
L -62.89, -199.075, -13.0000, -46.89, -195.075, -13.0000, 0, 0, 255
L -46.89, -195.075, -13.0000, 50.11, -141.075, -13.0000, 0, 0, 255
L 50.11, -141.075, -13.0000, 84.11, -111.075, -13.0000, 0, 0, 255
L 84.11, -111.075, -13.0000, 87.11, -97.075, -14.0000, 0, 0, 255
L 87.11, -97.075, -14.0000, 96.11, -79.075, -13.0000, 0, 0, 255
L 96.11, -79.075, -13.0000, 120.11, -65.075, -13.0000, 0, 0, 255
L 120.11, -65.075, -13.0000, 148.11, -59.075, -13.0000, 0, 0, 255
L 148.11, -59.075, -13.0000, 173.11, -15.075, 0.0000, 0, 0, 255
L 162.11, 14.925, 0.0000, 137.11, 53.925, -14.0000, 0, 0, 255
L 137.11, 53.925, -14.0000, 89.11, 93.925, -13.0000, 0, 0, 255
L 89.11, 93.925, -13.0000, 10.11, 136.925, 0.0000, 0, 0, 255
L -7.89, 136.925, 0.0000, -51.89, 116.925, -14.0000, 0, 0, 255
L -51.89, 116.925, -14.0000, -101.89, 110.925, -13.0000, 0, 0, 255
L -101.89, 110.925, -13.0000, -130.89, 72.925, -14.0000, 0, 0, 255
L -130.89, 72.925, -14.0000, -155.89, 48.925, -12.0000, 0, 0, 255
L -155.89, 48.925, -12.0000, -183.89, 30.925, -13.0000, 0, 0, 255
L -183.89, 30.925, -13.0000, -212.89, -27.075, -14.0000, 0, 0, 255
L -212.89, -27.075, -14.0000, -226.89, -38.075, -13.0000, 0, 0, 255
L -226.89, -38.075, -13.0000, -226.89, -17.075, -11.0000, 0, 0, 255
L -226.89, -17.075, -11.0000, -231.89, -11.075, -14.0000, 0, 0, 255
L -231.89, -11.075, -14.0000, -241.89, 10.925, -13.0000, 0, 0, 255
L -241.89, 10.925, -13.0000, -271.89, 29.925, -13.0000, 0, 0, 255
L -271.89, 29.925, -13.0000, -280.89, 52.925, -14.0000, 0, 0, 255
L -280.89, 52.925, -14.0000, -272.89, 76.925, -13.0000, 0, 0, 255
L -272.89, 76.925, -13.0000, -290.89, 102.925, -13.0000, 0, 0, 255
L -290.89, 102.925, -13.0000, -298.89, 109.925, -13.0000, 0, 0, 255
L -298.89, 109.925, -13.0000, -323.89, 125.925, -13.0000, 0, 0, 255
L -323.89, 125.925, -13.0000, -323.89, 150.925, -13.0000, 0, 0, 255
L -323.89, 150.925, -13.0000, -345.89, 154.925, -13.0000, 0, 0, 255
L -345.89, 154.925, -13.0000, -397.89, 155.925, -13.0000, 0, 0, 255
L -397.89, 155.925, -13.0000, -417.89, 179.925, -13.0000, 0, 0, 255
L -417.89, 179.925, -13.0000, -445.89, 208.925, -13.0000, 0, 0, 255
L -445.89, 208.925, -13.0000, -445.89, 268.925, -13.0000, 0, 0, 255
L -445.89, 268.925, -13.0000, -414.89, 315.925, -13.0000, 0, 0, 255
L -414.89, 315.925, -13.0000, -447.89, 416.925, -13.0000, 0, 0, 255
L -447.89, 416.925, -13.0000, -436.89, 473.925, -13.0000, 0, 0, 255
L -436.89, 473.925, -13.0000, -436.89, 507.925, -13.0000, 0, 0, 255
L -436.89, 507.925, -13.0000, -447.89, 530.925, -13.0000, 0, 0, 255
L -445.89, 608.925, 0.0000, -485.89, 644.925, -13.0000, 0, 0, 255
L -485.89, 644.925, -13.0000, -516.89, 644.925, -14.0000, 0, 0, 255
L -516.89, 644.925, -14.0000, -536.89, 670.925, -13.0000, 0, 0, 255
L -536.89, 670.925, -13.0000, -591.89, 670.925, -13.0000, 0, 0, 255
L -591.89, 670.925, -13.0000, -632.89, 605.925, -13.0000, 0, 0, 255
L -632.89, 605.925, -13.0000, -616.89, 522.925, -13.0000, 0, 0, 255
L -616.89, 522.925, -13.0000, -592.89, 474.925, -13.0000, 0, 0, 255
L -592.89, 474.925, -13.0000, -584.89, 416.925, -13.0000, 0, 0, 255
L -584.89, 416.925, -13.0000, -614.89, 379.925, -12.0000, 0, 0, 255
L -614.89, 379.925, -12.0000, -627.89, 370.925, -12.0000, 0, 0, 255
L -627.89, 370.925, -12.0000, -658.89, 357.925, -33.0000, 0, 0, 255
L -476.89, 267.925, -13.0000, -476.89, 209.925, -14.0000, 0, 0, 255
L -476.89, 209.925, -14.0000, -416.89, 156.925, -13.0000, 0, 0, 255
L -416.89, 156.925, -13.0000, -387.89, 142.925, -13.0000, 0, 0, 255
L -387.89, 142.925, -13.0000, -345.89, 142.925, -13.0000, 0, 0, 255
L -345.89, 142.925, -13.0000, -340.89, 137.925, -13.0000, 0, 0, 255
L -340.89, 137.925, -13.0000, -340.89, 121.925, -13.0000, 0, 0, 255
L -340.89, 121.925, -13.0000, -322.89, 103.925, -13.0000, 0, 0, 255
L -322.89, 103.925, -13.0000, -303.89, 103.925, -13.0000, 0, 0, 255
L -303.89, 103.925, -13.0000, -287.89, 74.925, -13.0000, 0, 0, 255
L -292.89, 42.925, -11.0000, -287.89, 74.925, -14.0000, 0, 0, 255
L -292.89, 33.925, -11.0000, -279.89, 11.925, -13.0000, 0, 0, 255
L -338.89, 116.925, 0.0000, -335.89, 119.925, -14.0000, 255, 165, 0
L -335.89, 119.925, -14.0000, -330.89, 114.925, -13.0000, 255, 165, 0
L -330.89, 114.925, -13.0000, -333.89, 111.925, 0.0000, 255, 165, 0
L -338.89, 116.925, 0.0000, -333.89, 111.925, 0.0000, 255, 165, 0
L -476.89, 267.925, -13.0000, -452.89, 314.925, -13.0000, 0, 0, 255
L -452.89, 314.925, -13.0000, -483.89, 417.925, -13.0000, 0, 0, 255
L -464.89, 348.925, 0.0000, -461.89, 349.925, -15.0000, 255, 165, 0
L -461.89, 349.925, -15.0000, -463.89, 356.925, -15.0000, 255, 165, 0
L -463.89, 356.925, -15.0000, -466.89, 355.925, 0.0000, 255, 165, 0
L -466.89, 355.925, 0.0000, -464.89, 348.925, 0.0000, 255, 165, 0
L -483.89, 417.925, -13.0000, -496.89, 473.925, -14.0000, 0, 0, 255
L -496.89, 473.925, -14.0000, -496.89, 521.925, -11.0000, 0, 0, 255
L -496.89, 521.925, -11.0000, -483.89, 530.925, -13.0000, 0, 0, 255
L -483.89, 530.925, -13.0000, -485.89, 555.925, 0.0000, 0, 0, 255
L -485.89, 608.925, 0.0000, -509.89, 618.925, -13.0000, 0, 0, 255
L -509.89, 618.925, -13.0000, -553.89, 647.925, -13.0000, 0, 0, 255
L -553.89, 647.925, -13.0000, -592.89, 606.925, -13.0000, 0, 0, 255
L -592.89, 606.925, -13.0000, -592.89, 521.925, -13.0000, 0, 0, 255
L -592.89, 521.925, -13.0000, -572.89, 473.925, -11.0000, 0, 0, 255
L -572.89, 473.925, -11.0000, -572.89, 417.925, -14.0000, 0, 0, 255
L -572.89, 417.925, -14.0000, -600.89, 359.925, -13.0000, 0, 0, 255
L -600.89, 359.925, -13.0000, -615.89, 359.925, -13.0000, 0, 0, 255
L -615.89, 359.925, -13.0000, -628.89, 348.925, -13.0000, 0, 0, 255
L -628.89, 348.925, -13.0000, -658.89, 337.925, -33.0000, 0, 0, 255
L -382.89, -164.075, 0.0000, -382.89, -185.075, 0.0000, 0, 0, 0
L -382.89, -185.075, 0.0000, -360.89, -185.075, 0.0000, 0, 0, 0
L -360.89, -185.075, 0.0000, -360.89, -164.075, 0.0000, 0, 0, 0
L -356.89, -164.075, 0.0000, -360.89, -164.075, 0.0000, 0, 0, 0
L -356.89, -164.075, 0.0000, -356.89, -189.075, 0.0000, 0, 0, 0
L -356.89, -189.075, 0.0000, -386.89, -189.075, 0.0000, 0, 0, 0
L -386.89, -189.075, 0.0000, -386.89, -164.075, 0.0000, 0, 0, 0
L -382.89, -164.075, 0.0000, -386.89, -164.075, 0.0000, 0, 0, 0
L -339.89, -149.075, 0.0000, -339.89, -153.075, 0.0000, 0, 0, 0
L -339.89, -153.075, 0.0000, -310.89, -153.075, 0.0000, 0, 0, 0
L -310.89, -153.075, 0.0000, -310.89, -121.075, 0.0000, 0, 0, 0
L -310.89, -121.075, 0.0000, -339.89, -121.075, 0.0000, 0, 0, 0
L -339.89, -121.075, 0.0000, -339.89, -125.075, 0.0000, 0, 0, 0
L -339.89, -125.075, 0.0000, -314.89, -125.075, 0.0000, 0, 0, 0
L -314.89, -125.075, 0.0000, -314.89, -149.075, 0.0000, 0, 0, 0
L -314.89, -149.075, 0.0000, -339.89, -149.075, 0.0000, 0, 0, 0
L -302.89, -95.075, 0.0000, -302.89, -72.075, 0.0000, 127, 64, 0
L -302.89, -72.075, 0.0000, -326.89, -72.075, 0.0000, 127, 64, 0
L -326.89, -72.075, 0.0000, -326.89, -95.075, 0.0000, 127, 64, 0
L -326.89, -95.075, 0.0000, -302.89, -95.075, 0.0000, 127, 64, 0
L -336.89, -88.075, 0.0000, -364.89, -88.075, 0.0000, 127, 64, 0
L -364.89, -88.075, 0.0000, -364.89, -60.075, 0.0000, 127, 64, 0
L -364.89, -60.075, 0.0000, -336.89, -60.075, 0.0000, 127, 64, 0
L -336.89, -60.075, 0.0000, -336.89, -88.075, 0.0000, 127, 64, 0
L -341.89, -201.075, 0.0000, -368.89, -201.075, 0.0000, 0, 0, 0
L -368.89, -201.075, 0.0000, -383.89, -207.075, 0.0000, 0, 0, 0
L -383.89, -207.075, 0.0000, -394.89, -219.075, 0.0000, 0, 0, 0
L -394.89, -219.075, 0.0000, -396.89, -232.075, 0.0000, 0, 0, 0
L -396.89, -232.075, 0.0000, -394.89, -250.075, 0.0000, 0, 0, 0
L -394.89, -250.075, 0.0000, -412.89, -259.075, 0.0000, 0, 0, 0
L -412.89, -259.075, 0.0000, -416.89, -259.075, 0.0000, 0, 0, 0
L -416.89, -259.075, 0.0000, -414.89, -263.075, 0.0000, 0, 0, 0
L -414.89, -263.075, 0.0000, -411.89, -263.075, 0.0000, 0, 0, 0
L -411.89, -263.075, 0.0000, -390.89, -251.075, 0.0000, 0, 0, 0
L -390.89, -251.075, 0.0000, -392.89, -238.075, 0.0000, 0, 0, 0
L -392.89, -238.075, 0.0000, -392.89, -231.075, 0.0000, 0, 0, 0
L -392.89, -231.075, 0.0000, -390.89, -220.075, 0.0000, 0, 0, 0
L -390.89, -220.075, 0.0000, -381.89, -209.075, 0.0000, 0, 0, 0
L -381.89, -209.075, 0.0000, -367.89, -204.075, 0.0000, 0, 0, 0
L -367.89, -204.075, 0.0000, -360.89, -204.075, 0.0000, 0, 0, 0
L -343.89, -208.075, 0.0000, -360.89, -204.075, 0.0000, 0, 0, 0
L -343.89, -208.075, 0.0000, -341.89, -201.075, 0.0000, 0, 0, 0
L -336.89, -218.075, 0.0000, -329.89, -218.075, 0.0000, 0, 0, 0
L -329.89, -218.075, 0.0000, -329.89, -238.075, 0.0000, 0, 0, 0
L -329.89, -238.075, 0.0000, -331.89, -250.075, 0.0000, 0, 0, 0
L -331.89, -250.075, 0.0000, -322.89, -252.075, 0.0000, 0, 0, 0
L -322.89, -252.075, 0.0000, -318.89, -252.075, 0.0000, 0, 0, 0
L -318.89, -252.075, 0.0000, -320.89, -256.075, 0.0000, 0, 0, 0
L -320.89, -256.075, 0.0000, -323.89, -256.075, 0.0000, 0, 0, 0
L -323.89, -256.075, 0.0000, -336.89, -252.075, 0.0000, 0, 0, 0
L -336.89, -252.075, 0.0000, -332.89, -238.075, 0.0000, 0, 0, 0
L -332.89, -238.075, 0.0000, -332.89, -232.075, 0.0000, 0, 0, 0
L -332.89, -232.075, 0.0000, -336.89, -218.075, 0.0000, 0, 0, 0
L -360.89, -264.075, 0.0000, -345.89, -261.075, 0.0000, 0, 0, 0
L -345.89, -261.075, 0.0000, -322.89, -272.075, 0.0000, 0, 0, 0
L -322.89, -272.075, 0.0000, -318.89, -276.075, 0.0000, 0, 0, 0
L -318.89, -276.075, 0.0000, -323.89, -276.075, 0.0000, 0, 0, 0
L -323.89, -276.075, 0.0000, -347.89, -265.075, 0.0000, 0, 0, 0
L -347.89, -265.075, 0.0000, -356.89, -267.075, 0.0000, 0, 0, 0
L -356.89, -267.075, 0.0000, -367.89, -267.075, 0.0000, 0, 0, 0
L -367.89, -267.075, 0.0000, -382.89, -265.075, 0.0000, 0, 0, 0
L -382.89, -265.075, 0.0000, -411.89, -282.075, 0.0000, 0, 0, 0
L -411.89, -282.075, 0.0000, -416.89, -282.075, 0.0000, 0, 0, 0
L -416.89, -282.075, 0.0000, -412.89, -278.075, 0.0000, 0, 0, 0
L -412.89, -278.075, 0.0000, -383.89, -261.075, 0.0000, 0, 0, 0
L -383.89, -261.075, 0.0000, -367.89, -264.075, 0.0000, 0, 0, 0
L -367.89, -264.075, 0.0000, -360.89, -264.075, 0.0000, 0, 0, 0
L -260.89, -155.075, 0.0000, -260.89, -192.075, 0.0000, 0, 0, 0
L -260.89, -192.075, 0.0000, -284.89, -192.075, 0.0000, 0, 0, 0
L -284.89, -192.075, 0.0000, -303.89, -202.075, 0.0000, 0, 0, 0
L -303.89, -202.075, 0.0000, -303.89, -164.075, 0.0000, 0, 0, 0
L -303.89, -164.075, 0.0000, -285.89, -164.075, 0.0000, 0, 0, 0
L -285.89, -164.075, 0.0000, -285.89, -80.075, 0.0000, 0, 0, 0
L -285.89, -80.075, 0.0000, -270.89, -50.075, 0.0000, 0, 0, 0
L -270.89, -50.075, 0.0000, -244.89, -51.075, 1.0000, 0, 0, 0
L -536.89, 670.925, -13.0000, -485.89, 670.925, 0.0000, 0, 0, 0
L -485.89, 670.925, 0.0000, -421.89, 608.925, 0.0000, 0, 0, 0
L -421.89, 608.925, 0.0000, -320.89, 499.925, 0.0000, 0, 0, 0
L -320.89, 499.925, 0.0000, -320.89, 546.925, 0.0000, 0, 0, 0
L -219.89, 414.925, 0.0000, -84.89, 510.925, 0.0000, 150, 150, 150
L -84.89, 510.925, 2.0000, -84.89, 392.925, 22.0000, 150, 150, 150
L -84.89, 392.925, 22.0000, 8.11, 392.925, 11.0000, 150, 150, 150
L 8.11, 392.925, 11.0000, 38.11, 373.925, 0.0000, 150, 150, 150
L 38.11, 373.925, 0.0000, 38.11, 201.925, 0.0000, 150, 150, 150
L 38.11, 201.925, 0.0000, -34.89, 141.925, 0.0000, 150, 150, 150
L -34.89, 141.925, 0.0000, -298.89, 141.925, 0.0000, 150, 150, 150
L -298.89, 141.925, 0.0000, -298.89, 315.925, 13.0000, 150, 150, 150
L -298.89, 315.925, 13.0000, -218.89, 393.925, 12.0000, 150, 150, 150
L -219.89, 414.925, 0.0000, -322.89, 315.925, 0.0000, 150, 150, 150
L -322.89, 315.925, 0.0000, -323.89, 150.925, 0.0000, 150, 150, 150
L -218.89, 393.925, 12.0000, -94.89, 391.925, 48.0000, 150, 150, 150
L -94.89, 391.925, 48.0000, -218.89, 391.925, 48.0000, 150, 150, 150
L -218.89, 391.925, 48.0000, -297.89, 314.925, 45.0000, 150, 150, 150
L -297.89, 314.925, 45.0000, -297.89, 143.925, 44.0000, 150, 150, 150
L -297.89, 143.925, 44.0000, -35.89, 143.925, 48.0000, 150, 150, 150
L -35.89, 143.925, 48.0000, 35.11, 201.925, 48.0000, 150, 150, 150
L 35.11, 201.925, 48.0000, 35.11, 372.925, 48.0000, 150, 150, 150
L 35.11, 372.925, 48.0000, 6.11, 390.925, 48.0000, 150, 150, 150
L 6.11, 390.925, 48.0000, -94.89, 391.925, 48.0000, 150, 150, 150
L -372.89, 136.925, 0.0000, -372.89, 163.925, 0.0000, 139, 69, 19
L -372.89, 163.925, 0.0000, -344.89, 163.925, 0.0000, 139, 69, 19
L -344.89, 163.925, 0.0000, -344.89, 136.925, 0.0000, 139, 69, 19
L -344.89, 136.925, 0.0000, -372.89, 136.925, 0.0000, 139, 69, 19
L 77.11, 472.925, 0.0000, 85.11, 472.925, 0.0000, 0, 0, 0
L 85.11, 472.925, 0.0000, 88.11, 419.925, 0.0000, 0, 0, 0
L 88.11, 419.925, 0.0000, 74.11, 372.925, 0.0000, 0, 0, 0
L 74.11, 372.925, 0.0000, 74.11, 221.925, 0.0000, 0, 0, 0
L 74.11, 221.925, 0.0000, 116.11, 142.925, 0.0000, 0, 0, 0
L 116.11, 142.925, 0.0000, 168.11, 94.925, 0.0000, 0, 0, 0
L 168.11, 94.925, 0.0000, 188.11, 64.925, 0.0000, 0, 0, 0
L 188.11, 64.925, 0.0000, 188.11, 13.925, 0.0000, 0, 0, 0
L 188.11, 13.925, 0.0000, 180.11, 13.925, 0.0000, 0, 0, 0
L 180.11, 13.925, 0.0000, 180.11, 63.925, 0.0000, 0, 0, 0
L 180.11, 63.925, 0.0000, 158.11, 93.925, 0.0000, 0, 0, 0
L 158.11, 93.925, 0.0000, 108.11, 141.925, 0.0000, 0, 0, 0
L 108.11, 141.925, 0.0000, 68.11, 220.925, 0.0000, 0, 0, 0
L 68.11, 373.925, 0.0000, 80.11, 419.925, 0.0000, 0, 0, 0
L 80.11, 419.925, 0.0000, 77.11, 472.925, 0.0000, 0, 0, 0
L 180.11, -14.075, 0.0000, 180.11, -59.075, 0.0000, 0, 0, 0
L 188.11, -14.075, -3.0000, 180.11, -14.075, 0.0000, 0, 0, 0
L -234.89, -144.075, -11.0000, -260.89, -116.075, 31.0000, 0, 0, 0
L -260.89, -116.075, 31.0000, -260.89, -155.075, 0.0000, 0, 0, 0
L -223.89, -122.075, -13.0000, -223.89, -88.075, -13.0000, 0, 0, 255
L -223.89, -54.075, -13.0000, -213.89, -54.075, -13.0000, 0, 0, 255
L -213.89, -54.075, -13.0000, -175.89, 17.925, -13.0000, 0, 0, 255
L -175.89, 17.925, -13.0000, -124.89, 49.925, -13.0000, 0, 0, 255
L -124.89, 49.925, -13.0000, -112.89, 73.925, -13.0000, 0, 0, 255
L -112.89, 73.925, -13.0000, -100.89, 84.925, -13.0000, 0, 0, 255
L -100.89, 84.925, -14.0000, -94.89, 88.925, -13.0000, 0, 0, 255
L -94.89, 88.925, -13.0000, -52.89, 100.925, -13.0000, 0, 0, 255
L -52.89, 100.925, -13.0000, -30.89, 98.925, -13.0000, 0, 0, 255
L -30.89, 98.925, -13.0000, -7.89, 115.325, 0.0000, 0, 0, 255
L 10.11, 114.525, 0.0000, 34.11, 97.925, -12.0000, 0, 0, 255
L 34.11, 97.925, -12.0000, 60.11, 94.925, -13.0000, 0, 0, 255
L 60.11, 94.925, -13.0000, 79.11, 64.925, -12.0000, 0, 0, 255
L 79.11, 64.925, -12.0000, 105.11, 54.925, -13.0000, 0, 0, 255
L 105.11, 54.925, -13.0000, 118.11, 36.925, -13.0000, 0, 0, 255
L 118.11, 36.925, -13.0000, 129.11, 14.925, 0.0000, 0, 0, 255
L 129.11, -15.075, 0.0000, 79.11, -60.075, -13.0000, 0, 0, 255
L 79.11, -60.075, -13.0000, 65.11, -66.075, -13.0000, 0, 0, 255
L 65.11, -66.075, -13.0000, 65.11, -98.075, -13.0000, 0, 0, 255
L 65.11, -98.075, -13.0000, 51.11, -112.075, -10.0000, 0, 0, 255
L 51.11, -112.075, -10.0000, -19.89, -140.075, -13.0000, 0, 0, 255
L -19.89, -140.075, -13.0000, -45.89, -152.075, -13.0000, 0, 0, 255
L -45.89, -152.075, -13.0000, -61.89, -152.075, -13.0000, 0, 0, 255
L -61.89, -152.075, -13.0000, -90.89, -163.075, -13.0000, 0, 0, 255
L -90.89, -163.075, -13.0000, -152.89, -187.075, -13.0000, 0, 0, 255
L -152.89, -187.075, -13.0000, -203.89, -155.075, -13.0000, 0, 0, 255
L -203.89, -155.075, -13.0000, -223.89, -122.075, -13.0000, 0, 0, 255
L 275.11, -47.075, -1.0000, 223.11, -55.075, -1.0000, 150, 150, 150
L 223.11, -55.075, -1.0000, 188.11, -60.075, -3.0000, 150, 150, 150
L 173.11, -15.075, 0.0000, 129.11, -15.075, 0.0000, 139, 69, 19
L 162.11, 14.925, 0.0000, 129.11, 14.925, 0.0000, 139, 69, 19
L 79.11, 14.925, 0.0000, 90.11, -2.075, 0.0000, 0, 0, 0
L 90.11, -2.075, 0.0000, 79.11, -15.075, 0.0000, 0, 0, 0
L 79.11, -15.075, 0.0000, 64.11, -15.075, 0.0000, 0, 0, 0
L 64.11, -15.075, 0.0000, 54.11, -9.075, 0.0000, 0, 0, 0
L 54.11, -9.075, 0.0000, 52.11, 6.925, 0.0000, 0, 0, 0
L 52.11, 6.925, 0.0000, 64.11, 14.925, 0.0000, 0, 0, 0
L 64.11, 14.925, 0.0000, 79.11, 14.925, 0.0000, 0, 0, 0
L 24.11, -13.075, 0.0000, 33.11, -28.075, 0.0000, 0, 0, 0
L 33.11, -28.075, 0.0000, 27.11, -37.075, 0.0000, 0, 0, 0
L 27.11, -37.075, 0.0000, 27.11, -65.075, 0.0000, 0, 0, 0
L 50.11, -79.075, 0.0000, 27.11, -65.075, 0.0000, 0, 0, 0
L 50.11, -79.075, 0.0000, 23.11, -98.075, 0.0000, 0, 0, 0
L 23.11, -98.075, 0.0000, 10.11, -98.075, 0.0000, 0, 0, 0
L 10.11, -98.075, 0.0000, 2.11, -93.075, 0.0000, 0, 0, 0
L 2.11, -93.075, 0.0000, -8.89, -112.075, 0.0000, 0, 0, 0
L -8.89, -112.075, 0.0000, -45.89, -128.075, 0.0000, 0, 0, 0
L -45.89, -128.075, 0.0000, -62.89, -128.075, 0.0000, 0, 0, 0
L -62.89, -128.075, 0.0000, -90.89, -112.075, 0.0000, 0, 0, 0
L -90.89, -112.075, 0.0000, -152.89, -93.075, 0.0000, 0, 0, 0
L -152.89, -93.075, 0.0000, -173.89, -78.075, 0.0000, 0, 0, 0
L -173.89, -78.075, 0.0000, -173.89, -55.075, 0.0000, 0, 0, 0
L -173.89, -55.075, 0.0000, -141.89, -31.075, 0.0000, 0, 0, 0
L -141.89, -31.075, 0.0000, -136.89, -18.075, 0.0000, 0, 0, 0
L -136.89, -18.075, 0.0000, -139.89, -14.075, 0.0000, 0, 0, 0
L -139.89, -14.075, 0.0000, -139.89, -1.075, 0.0000, 0, 0, 0
L -139.89, -1.075, 0.0000, -135.89, 9.925, 0.0000, 0, 0, 0
L -135.89, 9.925, 0.0000, -124.89, 17.925, 0.0000, 0, 0, 0
L -124.89, 17.925, 0.0000, -111.89, 18.925, 0.0000, 0, 0, 0
L -111.89, 18.925, 0.0000, -91.89, 10.925, 0.0000, 0, 0, 0
L -91.89, 10.925, 0.0000, -75.89, 11.925, 0.0000, 0, 0, 0
L -75.89, 11.925, 0.0000, -61.89, 4.925, 0.0000, 0, 0, 0
L -61.89, 4.925, 0.0000, -47.89, 4.925, 0.0000, 0, 0, 0
L -47.89, 4.925, 0.0000, -50.89, 9.925, 0.0000, 0, 0, 0
L -50.89, 9.925, 0.0000, -50.89, 21.925, 0.0000, 0, 0, 0
L -50.89, 21.925, 0.0000, -59.89, 29.925, 1.0000, 0, 0, 0
L -59.89, 29.925, 1.0000, -39.89, 40.925, 4.0000, 0, 0, 0
L -39.89, 40.925, 4.0000, -21.89, 40.925, 4.0000, 0, 0, 0
L -27.89, 50.925, 7.0000, -26.89, 64.925, 0.0000, 0, 0, 0
L -26.89, 64.925, 0.0000, -12.89, 64.925, 0.0000, 0, 0, 0
L -12.89, 64.925, 0.0000, -12.89, 67.925, 0.0000, 0, 0, 0
L -21.89, 40.925, 4.0000, -27.89, 50.925, 7.0000, 0, 0, 0
L -9.89, 67.925, 0.0000, -12.89, 67.925, 0.0000, 0, 0, 0
L -9.89, 63.925, 2.0000, -9.89, 67.925, 0.0000, 0, 0, 0
L -9.89, 63.925, 2.0000, -22.89, 50.925, 8.0000, 0, 0, 0
L -22.89, 50.925, 8.0000, -7.89, 34.925, 16.0000, 0, 0, 0
L 15.11, 27.925, 16.0000, 20.11, 19.925, 16.0000, 0, 0, 0
L 20.11, 19.925, 16.0000, 22.11, 11.925, 16.0000, 0, 0, 0
L 22.11, 11.925, 16.0000, 22.11, 7.925, 16.0000, 0, 0, 0
L 22.11, 7.925, 16.0000, 13.11, 1.925, 16.0000, 0, 0, 0
L 13.11, -1.075, 16.0000, 13.11, 1.925, 16.0000, 0, 0, 0
L -5.89, 28.925, 16.0000, -6.89, 32.925, 16.0000, 0, 0, 0
L 10.11, 33.925, 16.0000, 25.11, 50.925, 8.0000, 0, 0, 0
L 25.11, 50.925, 8.0000, 12.11, 63.925, 1.0000, 0, 0, 0
L 12.11, 67.925, 0.0000, 12.11, 63.925, 1.0000, 0, 0, 0
L 12.11, 67.925, 0.0000, 15.11, 67.925, 0.0000, 0, 0, 0
L 15.11, 64.925, 0.0000, 15.11, 67.925, 0.0000, 0, 0, 0
L 21.11, 39.925, 0.0000, 29.11, 50.925, 0.0000, 0, 0, 0
L 21.11, 39.925, 0.0000, 19.11, 29.925, 0.0000, 0, 0, 0
L 19.11, 29.925, 0.0000, 23.11, 18.925, 0.0000, 0, 0, 0
L 23.11, 18.925, 0.0000, 24.11, 14.925, 0.0000, 0, 0, 0
L 24.11, 14.925, 0.0000, 24.11, 3.925, 0.0000, 0, 0, 0
L 24.11, 3.925, 0.0000, 13.11, -1.075, 0.0000, 0, 0, 0
L 13.11, -1.075, 0.0000, 2.11, -1.075, 0.0000, 0, 0, 0
L 2.11, -1.075, 0.0000, -19.89, 2.925, 0.0000, 0, 0, 0
L -19.89, 2.925, 0.0000, -25.89, -6.075, 0.0000, 0, 0, 0
L -25.89, -6.075, 0.0000, -31.89, -13.075, 0.0000, 0, 0, 0
L -31.89, -13.075, 0.0000, -45.89, -15.075, 0.0000, 0, 0, 0
L -45.89, -15.075, 0.0000, -52.89, -14.075, 0.0000, 0, 0, 0
L -52.89, -14.075, 0.0000, -66.89, -14.075, 0.0000, 0, 0, 0
L -66.89, -14.075, 0.0000, -76.89, -8.075, 0.0000, 0, 0, 0
L -76.89, -8.075, 0.0000, -91.89, -8.075, 0.0000, 0, 0, 0
L -91.89, -8.075, 0.0000, -98.89, -18.075, 0.0000, 0, 0, 0
L -98.89, -18.075, 0.0000, -94.89, -30.075, 0.0000, 0, 0, 0
L -94.89, -30.075, 0.0000, -93.89, -33.075, 0.0000, 0, 0, 0
L -93.89, -33.075, 0.0000, -89.89, -39.075, 0.0000, 0, 0, 0
L -89.89, -39.075, 0.0000, -78.89, -41.075, 0.0000, 0, 0, 0
L -78.89, -41.075, 0.0000, -62.89, -32.075, 0.0000, 0, 0, 0
L -43.89, -32.075, 0.0000, -62.89, -32.075, 0.0000, 0, 0, 0
L -43.89, -32.075, 0.0000, -31.89, -38.075, 0.0000, 0, 0, 0
L -31.89, -38.075, 0.0000, -25.89, -42.075, 0.0000, 0, 0, 0
L -25.89, -42.075, 0.0000, -11.89, -49.075, 0.0000, 0, 0, 0
L -11.89, -49.075, 0.0000, -1.89, -59.075, 0.0000, 0, 0, 0
L -1.89, -59.075, 0.0000, 2.11, -67.075, 0.0000, 0, 0, 0
L 2.11, -67.075, 0.0000, 4.11, -67.075, 0.0000, 0, 0, 0
L 4.11, -67.075, 0.0000, 6.11, -36.075, 0.0000, 0, 0, 0
L 6.11, -36.075, 0.0000, 12.11, -28.075, 0.0000, 0, 0, 0
L 12.11, -28.075, 0.0000, 19.11, -22.075, 0.0000, 0, 0, 0
L 19.11, -22.075, 0.0000, 24.11, -13.075, 0.0000, 0, 0, 0
L 62.11, 60.925, 0.0000, 62.11, 45.925, 0.0000, 0, 64, 0
L 62.11, 45.925, 0.0000, 48.11, 41.925, 0.0000, 0, 64, 0
L 48.11, 41.925, 0.0000, 34.11, 53.925, 0.0000, 0, 64, 0
L 34.11, 53.925, 0.0000, 43.11, 65.925, 0.0000, 0, 64, 0
L 43.11, 65.925, 0.0000, 62.11, 60.925, 0.0000, 0, 64, 0
L 29.11, 50.925, 0.0000, 29.11, 64.925, 0.0000, 0, 0, 0
L 29.11, 64.925, 0.0000, 15.11, 64.925, 0.0000, 0, 0, 0
L 0.11, -1.075, 16.0000, 0.11, 1.925, 16.0000, 0, 0, 0
L 13.11, 1.925, 12.0000, 13.11, 3.925, 12.0000, 255, 0, 0
L -5.89, 28.925, 16.0000, -5.89, 24.925, 16.0000, 0, 0, 0
L -5.89, 24.925, 16.0000, -9.89, 16.925, 16.0000, 0, 0, 0
L -9.89, 16.925, 16.0000, -14.89, 16.925, 16.0000, 0, 0, 0
L -14.89, 16.925, 16.0000, -14.89, 22.925, 16.0000, 0, 0, 0
L -14.89, 22.925, 16.0000, -11.89, 29.925, 16.0000, 0, 0, 0
L -11.89, 29.925, 16.0000, -24.89, 37.925, 16.0000, 0, 0, 0
L -24.89, 37.925, 16.0000, -37.89, 37.925, 16.0000, 0, 0, 0
L -37.89, 37.925, 16.0000, -48.89, 29.925, 16.0000, 0, 0, 0
L -48.89, 29.925, 16.0000, -43.89, 22.925, 16.0000, 0, 0, 0
L -43.89, 22.925, 16.0000, -43.89, 16.925, 16.0000, 0, 0, 0
L -43.89, 16.925, 16.0000, -44.89, 12.925, 16.0000, 0, 0, 0
L -44.89, 12.925, 16.0000, -34.89, 6.925, 16.0000, 0, 0, 0
L -34.89, 6.925, 16.0000, -39.89, -3.075, 16.0000, 0, 0, 0
L -39.89, -3.075, 16.0000, -46.89, 1.925, 16.0000, 0, 0, 0
L -46.89, 1.925, 16.0000, -66.89, 1.925, 16.0000, 0, 0, 0
L -66.89, 1.925, 16.0000, -76.89, 7.925, 16.0000, 0, 0, 0
L -76.89, 7.925, 16.0000, -102.89, 7.925, 16.0000, 0, 0, 0
L -102.89, 7.925, 16.0000, -113.89, 13.925, 16.0000, 0, 0, 0
L -113.89, 13.925, 16.0000, -122.89, 13.925, 16.0000, 0, 0, 0
L -122.89, 13.925, 16.0000, -131.89, 7.925, 16.0000, 0, 0, 0
L -131.89, 7.925, 16.0000, -135.89, -3.075, 16.0000, 0, 0, 0
L -135.89, -3.075, 16.0000, -135.89, -12.075, 16.0000, 0, 0, 0
L -135.89, -12.075, 16.0000, -130.89, -17.075, 16.0000, 0, 0, 0
L -130.89, -17.075, 16.0000, -134.89, -26.075, 16.0000, 0, 0, 0
L -134.89, -26.075, 16.0000, -134.89, -30.075, 16.0000, 0, 0, 0
L -134.89, -30.075, 16.0000, -137.89, -34.075, 16.0000, 0, 0, 0
L -137.89, -34.075, 16.0000, -151.89, -42.075, 16.0000, 0, 0, 0
L -151.89, -42.075, 16.0000, -169.89, -58.075, 16.0000, 0, 0, 0
L -169.89, -58.075, 16.0000, -169.89, -75.075, 16.0000, 0, 0, 0
L -169.89, -75.075, 16.0000, -151.89, -89.075, 16.0000, 0, 0, 0
L -151.89, -89.075, 16.0000, -89.89, -107.075, 16.0000, 0, 0, 0
L -89.89, -107.075, 16.0000, -60.89, -125.075, 16.0000, 0, 0, 0
L -60.89, -125.075, 16.0000, -47.89, -125.075, 16.0000, 0, 0, 0
L -47.89, -125.075, 16.0000, -10.89, -107.075, 16.0000, 0, 0, 0
L -10.89, -107.075, 16.0000, -6.89, -103.075, 17.0000, 0, 0, 0
L -6.89, -103.075, 17.0000, 0.11, -84.075, 16.0000, 0, 0, 0
L 0.11, -84.075, 16.0000, 3.11, -84.075, 16.0000, 0, 0, 0
L 3.11, -84.075, 16.0000, 5.11, -89.075, 16.0000, 0, 0, 0
L 5.11, -89.075, 16.0000, 11.11, -92.075, 16.0000, 0, 0, 0
L 11.11, -92.075, 16.0000, 22.11, -92.075, 16.0000, 0, 0, 0
L 22.11, -92.075, 16.0000, 30.11, -87.075, 16.0000, 0, 0, 0
L 30.11, -87.075, 16.0000, 43.11, -79.075, 16.0000, 0, 0, 0
L 43.11, -79.075, 16.0000, 30.11, -72.075, 16.0000, 0, 0, 0
L 30.11, -72.075, 16.0000, 22.11, -66.075, 16.0000, 0, 0, 0
L 22.11, -66.075, 16.0000, 22.11, -63.075, 16.0000, 0, 0, 0
L 22.11, -63.075, 16.0000, 24.11, -59.075, 16.0000, 0, 0, 0
L 24.11, -59.075, 16.0000, 21.11, -35.075, 21.0000, 0, 0, 0
L 21.11, -35.075, 21.0000, 26.11, -31.075, 25.0000, 0, 204, 0
L 26.11, -31.075, 25.0000, 28.11, -27.075, 25.0000, 0, 204, 0
L 28.11, -27.075, 25.0000, 34.11, -23.075, 27.0000, 0, 204, 0
L 55.11, 3.925, 30.0000, 47.11, 3.925, 30.0000, 0, 204, 0
L 33.11, -8.075, 29.0000, 25.11, -16.075, 27.0000, 0, 204, 0
L 25.11, -16.075, 27.0000, 21.11, -24.075, 25.0000, 0, 204, 0
L 21.11, -24.075, 25.0000, 13.11, -32.075, 23.0000, 0, 204, 0
L 13.11, -32.075, 23.0000, 11.11, -36.075, 22.0000, 0, 0, 0
L 11.11, -36.075, 22.0000, 9.11, -59.075, 16.0000, 0, 0, 0
L 9.11, -59.075, 16.0000, 11.11, -63.075, 16.0000, 0, 0, 0
L 11.11, -63.075, 16.0000, 11.11, -66.075, 16.0000, 0, 0, 0
L 11.11, -66.075, 16.0000, 5.11, -70.075, 16.0000, 0, 0, 0
L 5.11, -70.075, 16.0000, 3.11, -74.075, 16.0000, 0, 0, 0
L -6.89, -58.075, 17.0000, -10.89, -54.075, 16.0000, 0, 0, 0
L -10.89, -54.075, 16.0000, -47.89, -36.075, 16.0000, 0, 0, 0
L -47.89, -36.075, 16.0000, -59.89, -36.075, 16.0000, 0, 0, 0
L -59.89, -36.075, 16.0000, -78.89, -47.075, 17.0000, 0, 0, 0
L -78.89, -47.075, 16.0000, -90.89, -42.075, 16.0000, 0, 0, 0
L -90.89, -42.075, 16.0000, -96.89, -34.075, 16.0000, 0, 0, 0
L -96.89, -34.075, 16.0000, -98.89, -30.075, 16.0000, 0, 0, 0
L -98.89, -30.075, 16.0000, -98.89, -26.075, 16.0000, 0, 0, 0
L -98.89, -26.075, 16.0000, -103.89, -17.075, 16.0000, 0, 0, 0
L -103.89, -17.075, 16.0000, -92.89, -5.075, 16.0000, 0, 0, 0
L -92.89, -5.075, 16.0000, -75.89, -5.075, 16.0000, 0, 0, 0
L -75.89, -5.075, 16.0000, -65.89, -10.075, 16.0000, 0, 0, 0
L -65.89, -10.075, 16.0000, -51.89, -11.075, 16.0000, 0, 0, 0
L -51.89, -11.075, 16.0000, -45.89, -12.075, 16.0000, 0, 0, 0
L -45.89, -12.075, 16.0000, -32.89, -11.075, 16.0000, 0, 0, 0
L -32.89, -11.075, 16.0000, -20.89, 7.925, 16.0000, 0, 0, 0
L -20.89, 7.925, 16.0000, -16.89, 4.925, 16.0000, 0, 0, 0
L -16.89, 4.925, 16.0000, 0.11, 1.925, 16.0000, 0, 0, 0
L 34.11, -23.075, 27.0000, 38.11, -19.075, 28.0000, 0, 204, 0
L 38.11, -19.075, 28.0000, 38.11, -15.075, 28.0000, 0, 204, 0
L 38.11, -15.075, 28.0000, 46.11, -6.075, 30.0000, 0, 204, 0
L 46.11, -6.075, 30.0000, 55.11, -7.075, 30.0000, 0, 204, 0
L 33.11, -8.075, 29.0000, 47.11, 3.925, 30.0000, 0, 204, 0
L 55.11, 3.925, 30.0000, 66.11, 9.925, 30.0000, 0, 204, 0
L 66.11, 9.925, 30.0000, 77.11, 9.925, 30.0000, 0, 204, 0
L 77.11, 9.925, 30.0000, 82.11, -1.075, 30.0000, 0, 204, 0
L 82.11, -1.075, 30.0000, 77.11, -11.075, 30.0000, 0, 204, 0
L 77.11, -11.075, 30.0000, 66.11, -11.075, 30.0000, 0, 204, 0
L 66.11, -11.075, 30.0000, 55.11, -7.075, 30.0000, 0, 204, 0
L -419.89, -226.075, 0.0000, -404.89, -229.075, 0.0000, 0, 0, 0
L -404.89, -229.075, 0.0000, -403.89, -240.075, 0.0000, 0, 0, 0
L -403.89, -240.075, 0.0000, -414.89, -244.075, 0.0000, 0, 0, 0
L -424.89, -236.075, 0.0000, -414.89, -244.075, 0.0000, 0, 0, 0
L -424.89, -236.075, 0.0000, -419.89, -226.075, 0.0000, 0, 0, 0
L 10.11, 99.925, 0.0000, 10.11, 114.525, 0.0000, 139, 69, 19
L -7.89, 99.925, 0.0000, -7.89, 115.325, 0.0000, 139, 69, 19
L -559.89, 27.925, -19.0000, -549.89, 38.925, -22.0000, 0, 0, 0
L -234.89, -89.075, -13.0000, -246.89, -80.075, 0.0000, 0, 0, 0
L -246.89, -80.075, 0.0000, -244.89, -51.075, 1.0000, 0, 0, 0
L -88.89, 18.925, 0.0000, -75.89, 13.925, 0.0000, 0, 64, 0
L -75.89, 13.925, 0.0000, -66.89, 28.925, 0.0000, 0, 64, 0
L -66.89, 28.925, 0.0000, -73.89, 42.925, 0.0000, 0, 64, 0
L -73.89, 42.925, 0.0000, -88.89, 38.925, 0.0000, 0, 64, 0
L -88.89, 38.925, 0.0000, -88.89, 18.925, 0.0000, 0, 64, 0
L -173.89, -210.075, 0.0000, -171.89, -207.075, -14.0000, 255, 165, 0
L -171.89, -207.075, -14.0000, -165.89, -211.075, -14.0000, 255, 165, 0
L -165.89, -211.075, -14.0000, -167.89, -214.075, 0.0000, 255, 165, 0
L -167.89, -214.075, 0.0000, -173.89, -210.075, 0.0000, 255, 165, 0
L 68.11, 220.925, 0.0000, 68.11, 373.925, 0.0000, 0, 0, 0
L -223.89, -88.075, -13.0000, -212.89, -76.075, 0.0000, 127, 64, 0
L -212.89, -76.075, 0.0000, -172.89, -121.075, 0.0000, 127, 64, 0
L -172.89, -121.075, 1.0000, -150.89, -154.075, 1.0000, 127, 64, 0
L -150.89, -154.075, 1.0000, -150.89, -187.075, 1.0000, 127, 64, 0
L -331.89, -179.075, 0.0000, -336.89, -181.075, 0.0000, 0, 0, 0
L -336.89, -187.075, 0.0000, -336.89, -181.075, 0.0000, 0, 0, 0
L -336.89, -187.075, 0.0000, -325.89, -198.075, 0.0000, 0, 0, 0
L -325.89, -198.075, 0.0000, -321.89, -198.075, 0.0000, 0, 0, 0
L -321.89, -198.075, 0.0000, -310.89, -187.075, 0.0000, 0, 0, 0
L -310.89, -183.075, 0.0000, -310.89, -187.075, 0.0000, 0, 0, 0
L -310.89, -183.075, 0.0000, -321.89, -171.075, 0.0000, 0, 0, 0
L -321.89, -171.075, 0.0000, -327.89, -171.075, 0.0000, 0, 0, 0
L -328.89, -174.075, 0.0000, -327.89, -171.075, 0.0000, 0, 0, 0
L -322.89, -174.075, 0.0000, -328.89, -177.075, 0.0000, 0, 0, 0
L -322.89, -174.075, 0.0000, -313.89, -184.075, 0.0000, 0, 0, 0
L -313.89, -184.075, 0.0000, -324.89, -195.075, 0.0000, 0, 0, 0
L -324.89, -195.075, 0.0000, -333.89, -186.075, 0.0000, 0, 0, 0
L -333.89, -186.075, 0.0000, -331.89, -179.075, 0.0000, 0, 0, 0
L -328.89, -174.075, 0.0000, -328.89, -177.075, 0.0000, 0, 0, 0
L -703.89, 164.925, -30.0000, -693.89, 176.925, -30.0000, 0, 0, 0
L -703.89, 195.925, -30.0000, -710.89, 195.925, -30.0000, 0, 0, 0
L -720.89, 176.925, -30.0000, -710.89, 164.925, -30.0000, 0, 0, 0
L -691.89, 173.925, -30.0000, -701.89, 162.925, -30.0000, 0, 0, 0
L -710.89, 164.925, -30.0000, -703.89, 164.925, -30.0000, 0, 0, 0
L -691.89, 185.925, -30.0000, -681.89, 185.925, -30.0000, 0, 0, 0
L -687.89, 183.925, -30.0000, -681.89, 185.925, -30.0000, 0, 0, 0
L -710.89, 195.925, -30.0000, -720.89, 183.925, -30.0000, 0, 0, 0
L -687.89, 176.925, -30.0000, -681.89, 174.925, -30.0000, 0, 0, 0
L -723.89, 185.925, -30.0000, -712.89, 197.925, -30.0000, 0, 0, 0
L -687.89, 183.925, -30.0000, -693.89, 183.925, -30.0000, 0, 0, 0
L -681.89, 174.925, -30.0000, -691.89, 173.925, -30.0000, 0, 0, 0
L -693.89, 183.925, -30.0000, -703.89, 195.925, -30.0000, 0, 0, 0
L -712.89, 162.925, -30.0000, -723.89, 174.925, -30.0000, 0, 0, 0
L -720.89, 183.925, -30.0000, -720.89, 176.925, -30.0000, 0, 0, 0
L -701.89, 197.925, -30.0000, -691.89, 185.925, -30.0000, 0, 0, 0
L -693.89, 176.925, -30.0000, -687.89, 176.925, -30.0000, 0, 0, 0
L -701.89, 162.925, -30.0000, -712.89, 162.925, -30.0000, 0, 0, 0
L -723.89, 174.925, -30.0000, -723.89, 185.925, -30.0000, 0, 0, 0
L -712.89, 197.925, -30.0000, -701.89, 197.925, -30.0000, 0, 0, 0
L -14.89, -70.075, 16.0000, -9.89, -70.075, 16.0000, 150, 150, 150
L -5.89, -72.075, 16.0000, -5.89, -86.075, 16.0000, 150, 150, 150
L -14.89, -88.075, 16.0000, -14.89, -84.075, 16.0000, 150, 150, 150
L -9.89, -88.075, 16.0000, -9.89, -86.075, 16.0000, 150, 150, 150
L -9.89, -86.075, 16.0000, -9.89, -84.075, 16.0000, 150, 150, 150
L -9.89, -86.075, 16.0000, -5.89, -86.075, 16.0000, 150, 150, 150
L -9.89, -88.075, 16.0000, -14.89, -88.075, 16.0000, 150, 150, 150
L -9.89, -84.075, 16.0000, -9.89, -74.075, 16.0000, 150, 150, 150
L -14.89, -84.075, 16.0000, -14.89, -74.075, 16.0000, 150, 150, 150
L -9.89, -84.075, 16.0000, -14.89, -84.075, 16.0000, 150, 150, 150
L 0.11, -74.075, 16.0000, -6.89, -58.075, 16.0000, 0, 0, 0
L 0.11, -74.075, 16.0000, 3.11, -74.075, 16.0000, 0, 0, 0
L -9.89, -74.075, 16.0000, -9.89, -72.075, 16.0000, 150, 150, 150
L -14.89, -74.075, 16.0000, -14.89, -70.075, 16.0000, 150, 150, 150
L -9.89, -74.075, 16.0000, -14.89, -74.075, 16.0000, 150, 150, 150
L -9.89, -72.075, 16.0000, -9.89, -70.075, 16.0000, 150, 150, 150
L -9.89, -72.075, 16.0000, -5.89, -72.075, 16.0000, 150, 150, 150
L -234.89, -144.075, -11.0000, -234.89, -154.075, -11.0000, 0, 0, 255
L -223.89, -88.075, -13.0000, -223.89, -54.075, -13.0000, 0, 0, 255
L -447.89, 530.925, -13.0000, -445.89, 555.925, 0.0000, 0, 0, 255
L -445.89, 555.925, 0.0000, -485.89, 555.925, 0.0000, 127, 64, 0
L -485.89, 608.925, 0.0000, -445.89, 608.925, 0.0000, 127, 64, 0
L 156.11, -191.075, 0.0000, 157.11, -191.075, -8.0000, 0, 0, 0
L 106.11, -191.075, -43.0000, 157.11, -191.075, -8.0000, 0, 0, 0
L 106.11, -191.075, -43.0000, 106.11, -191.075, 0.0000, 0, 0, 0
L 157.11, -191.075, 0.0000, 157.11, -177.075, 0.0000, 150, 150, 150
L 157.11, -191.075, -8.0000, 157.11, -177.075, -12.0000, 0, 0, 0
L 157.11, -177.075, 0.0000, 137.11, -166.075, 0.0000, 150, 150, 150
L 157.11, -177.075, -12.0000, 137.11, -166.075, -27.0000, 0, 0, 0
L 137.11, -166.075, 0.0000, 106.11, -191.075, 0.0000, 150, 150, 150
L 137.11, -166.075, -27.0000, 106.11, -191.075, -43.0000, 0, 0, 0
L 156.11, -191.075, 0.0000, 106.11, -191.075, 0.0000, 0, 0, 0
L -141.89, 746.925, 0.0000, -141.89, 761.925, 0.0000, 0, 0, 0
L -184.89, 746.925, 0.0000, -184.89, 761.925, 0.0000, 0, 0, 0
L -477.89, 211.925, -10.0000, -490.89, 230.925, -1.0000, 0, 0, 0
L -490.89, 230.925, -1.0000, -492.89, 250.925, 0.0000, 0, 0, 0
L -492.89, 250.925, 0.0000, -501.89, 250.925, 0.0000, 0, 0, 0
L -501.89, 250.925, 0.0000, -501.89, 260.925, 0.0000, 0, 0, 0
L -501.89, 260.925, 0.0000, -502.89, 263.925, 8.0000, 0, 0, 0
L -502.89, 263.925, 8.0000, -570.89, 288.925, 8.0000, 0, 0, 0
L -530.89, 96.925, -11.0000, -529.89, 207.925, -1.0000, 0, 0, 0
L -529.89, 207.925, -1.0000, -572.89, 208.925, -9.0000, 0, 0, 0
L -572.89, 208.925, -9.0000, -607.89, 247.925, -17.0000, 0, 0, 0
L -607.89, 247.925, -17.0000, -612.89, 304.925, 4.0000, 0, 0, 0
L -612.89, 304.925, 4.0000, -571.89, 304.925, 0.0000, 0, 0, 0
L -571.89, 304.925, 0.0000, -570.89, 288.925, 8.0000, 0, 0, 0
L -559.89, 10.925, -24.0000, -570.89, 10.925, -24.0000, 0, 0, 0
L -570.89, 10.925, -24.0000, -573.89, 10.925, -24.0000, 0, 0, 0
L -397.89, -69.075, 1.0000, -399.89, -66.075, 1.0000, 0, 0, 255
L -399.89, -66.075, 1.0000, -399.89, -64.075, 1.0000, 0, 0, 255
L -399.89, -64.075, 1.0000, -396.89, -60.075, 1.0000, 0, 0, 255
L -396.89, -60.075, 1.0000, -382.89, -60.075, 1.0000, 0, 0, 255
L -382.89, -60.075, 1.0000, -380.89, -64.075, 1.0000, 0, 0, 255
L -380.89, -64.075, 1.0000, -380.89, -66.075, 1.0000, 0, 0, 255
L -380.89, -66.075, 1.0000, -382.89, -69.075, 1.0000, 0, 0, 255
L -382.89, -69.075, 1.0000, -397.89, -69.075, 1.0000, 0, 0, 255
L -379.89, -113.075, 2.0000, -375.89, -109.075, 2.0000, 255, 0, 0
L -375.89, -109.075, 2.0000, -368.89, -108.075, 2.0000, 255, 0, 0
L -368.89, -108.075, 2.0000, -363.89, -108.075, 2.0000, 255, 0, 0
L -363.89, -108.075, 2.0000, -356.89, -109.075, 2.0000, 255, 0, 0
L -356.89, -109.075, 2.0000, -352.89, -113.075, 2.0000, 255, 0, 0
L -352.89, -113.075, 2.0000, -352.89, -119.075, 2.0000, 255, 0, 0
L -352.89, -119.075, 2.0000, -356.89, -129.075, 2.0000, 255, 0, 0
L -356.89, -129.075, 2.0000, -365.89, -132.075, 2.0000, 255, 0, 0
L -365.89, -132.075, 2.0000, -375.89, -129.075, 2.0000, 255, 0, 0
L -375.89, -129.075, 2.0000, -379.89, -119.075, 2.0000, 255, 0, 0
L -379.89, -119.075, 2.0000, -379.89, -113.075, 2.0000, 255, 0, 0
L 71.11, 102.925, 0.0000, 75.11, 100.925, 0.0000, 255, 165, 0
L 75.11, 100.925, 0.0000, 75.11, 98.925, -23.0000, 255, 165, 0
L 75.11, 98.925, -23.0000, 71.11, 100.925, -23.0000, 255, 165, 0
L 71.11, 100.925, -23.0000, 71.11, 102.925, 0.0000, 255, 165, 0
L -6.89, 32.925, 16.0000, -7.89, 34.925, 16.0000, 0, 0, 0
L 10.11, 33.925, 16.0000, 10.11, 32.925, 16.0000, 0, 0, 0
L 10.11, 31.925, 16.0000, 15.11, 27.925, 16.0000, 0, 0, 0
L 5.11, 31.925, 16.0000, -1.89, 31.925, 16.0000, 205, 133, 63
L -1.89, 33.925, 16.0000, 5.11, 33.925, 16.0000, 205, 133, 63
L 5.11, 31.925, 16.0000, 5.11, 32.925, 16.0000, 205, 133, 63
L -1.89, 31.925, 16.0000, -1.89, 32.925, 16.0000, 205, 133, 63
L 10.11, 32.925, 16.0000, 10.11, 31.925, 16.0000, 0, 0, 0
L 10.11, 32.925, 16.0000, 5.11, 32.925, 16.0000, 205, 133, 63
L 5.11, 32.925, 16.0000, 5.11, 33.925, 16.0000, 205, 133, 63
L -1.89, 32.925, 16.0000, -1.89, 33.925, 16.0000, 205, 133, 63
L -1.89, 32.925, 16.0000, -6.89, 32.925, 16.0000, 205, 133, 63
L 13.11, 3.925, 12.0000, 0.11, 3.925, 12.0000, 255, 0, 0
L 0.11, 1.925, 12.0000, 0.11, 3.925, 12.0000, 255, 0, 0
L -16.89, 7.925, -3.0000, -16.89, 4.925, -3.0000, 255, 0, 0
L 22.11, 4.925, -3.0000, 13.11, 1.925, -3.0000, 255, 0, 0
L -16.89, 4.925, -3.0000, 0.11, 1.925, -3.0000, 255, 0, 0
L 22.11, 7.925, -3.0000, -16.89, 7.925, -3.0000, 255, 0, 0
L 22.11, 4.925, -3.0000, 22.11, 7.925, -3.0000, 255, 0, 0
L 13.11, 1.925, -3.0000, 0.11, 1.925, -3.0000, 255, 0, 0
L 13.11, 1.925, 12.0000, 0.11, 1.925, 12.0000, 255, 0, 0
L -708.89, 105.925, -30.0000, -702.89, 105.925, -30.0000, 205, 133, 63
L -702.89, 108.925, -30.0000, -708.89, 108.925, -30.0000, 205, 133, 63
L -699.89, 106.925, -30.0000, -702.89, 106.925, -30.0000, 205, 133, 63
L -708.89, 105.925, -30.0000, -708.89, 106.925, -30.0000, 205, 133, 63
L -708.89, 106.925, -30.0000, -711.89, 106.925, -30.0000, 205, 133, 63
L -708.89, 106.925, -30.0000, -708.89, 108.925, -30.0000, 205, 133, 63
L -702.89, 105.925, -30.0000, -702.89, 106.925, -30.0000, 205, 133, 63
L -702.89, 106.925, -30.0000, -702.89, 108.925, -30.0000, 205, 133, 63
L -445.89, 555.925, 0.0000, -433.79, 555.925, 0.0000, 139, 69, 19
L -445.89, 608.925, 0.0000, -433.79, 608.925, 0.0000, 139, 69, 19
L -485.89, 555.925, 0.0000, -493.69, 555.925, 0.0000, 139, 69, 19
L -485.89, 608.925, 0.0000, -493.69, 608.925, 0.0000, 139, 69, 19
L -493.69, 608.925, 0.0000, -493.69, 603.825, 0.0000, 139, 69, 19
L -433.79, 608.925, 0.0000, -433.79, 603.825, 0.0000, 139, 69, 19
L -433.79, 603.825, 0.0000, -493.69, 603.825, 0.0000, 139, 69, 19
L -433.79, 555.925, 0.0000, -433.79, 561.925, 0.0000, 139, 69, 19
L -493.69, 555.925, 0.0000, -493.69, 561.925, 0.0000, 139, 69, 19
L -493.69, 561.925, 0.0000, -433.79, 561.925, 0.0000, 139, 69, 19
L 10.11, 114.525, 0.0000, 10.11, 136.925, 0.0000, 139, 69, 19
L -7.89, 115.325, 0.0000, -7.89, 136.925, 0.0000, 139, 69, 19
L 10.11, 136.925, 0.0000, 7.91, 136.925, 0.0000, 139, 69, 19
L 7.91, 136.925, 0.0000, 7.91, 99.725, 0.0000, 139, 69, 19
L 7.91, 99.725, 0.0000, 10.11, 99.925, 0.0000, 139, 69, 19
L -7.89, 99.925, 0.0000, -5.19, 99.925, 0.0000, 139, 69, 19
L -7.89, 136.925, 0.0000, -5.19, 136.925, 0.0000, 139, 69, 19
L -5.19, 136.925, 0.0000, -5.19, 99.925, 0.0000, 139, 69, 19
L 129.11, 14.925, 0.0000, 129.11, 10.925, 0.0000, 139, 69, 19
L 129.11, -15.075, 0.0000, 129.11, -11.175, 0.0000, 139, 69, 19
L 173.11, -15.075, 0.0000, 173.11, -11.175, 0.0000, 139, 69, 19
L 173.11, -11.175, 0.0000, 129.11, -11.175, 0.0000, 139, 69, 19
L 173.11, 14.925, 0.0000, 162.11, 14.925, 0.0000, 139, 69, 19
L 173.11, 10.925, 0.0000, 173.11, 14.925, 0.0000, 139, 69, 19
L 129.11, 10.925, 0.0000, 173.11, 10.925, 0.0000, 139, 69, 19
L -785.89, 35.925, -30.0000, -785.89, 33.825, -30.0000, 139, 69, 19
L -810.89, 35.925, -33.0000, -810.89, 33.825, -33.0000, 139, 69, 19
L -810.89, 33.825, -33.0000, -785.89, 33.825, -30.0000, 139, 69, 19
L -786.89, 21.925, -33.0000, -786.89, 24.125, -33.0000, 139, 69, 19
L -786.89, 24.125, -33.0000, -810.89, 24.125, -33.0000, 139, 69, 19
L -810.89, 24.125, -33.0000, -810.89, 21.925, -33.0000, 139, 69, 19
L -793.49, 35.925, -30.8999, -785.89, 35.925, -30.0000, 139, 69, 19
