P -1261.772, 20.532, -37.3416, 255, 0, 0, 3, to_The_Northern_Plains_of_Karana
P 1855.775, -3599.31, 3.1592, 255, 0, 0, 3, to_The_Gorge_of_King_Xorbb
P -556.805, -1328.661, -2.1171, 255, 0, 0, 2, Druid_Ring
P 8171.357, 3106.717, 691.4274, 255, 0, 0, 3, to_Highpass_Hold
P -1027.225, 12.565, 0.0000, 255, 0, 0, 2, Succor
P 511.968, -1423.701, 1.5318, 240, 240, 240, 2, Bandit_Camp
P -374.535, 51.892, 0.8068, 255, 255, 255, 2, Mile_Marker
P -82.334, 13.399, 0.4697, 255, 255, 255, 2, Mile_Marker
P 2153.488, 3724.753, -28.2546, 255, 255, 255, 2, Barbarian_Fishing_Village
P 1899.101, 2728.641, 2.8833, 255, 255, 255, 2, Farm
P -84.735, 795.911, 0.0831, 240, 240, 240, 2, Farm
P 107.735, 3222.294, 113.2289, 240, 240, 240, 2, Haunted_Obelisk
P 1110.07, 2470.641, 2.3843, 240, 240, 240, 2, Farm
P 4413.926, 1008.47, 179.6580, 240, 240, 240, 2, Guard_Tower
P 3574.743, 2372.704, 99.3456, 240, 240, 240, 2, Guard_Tower
P 5858.643, 1741.813, 389.2729, 240, 240, 240, 2, Guard_Tower
P 2340.775, -1281.435, 6.8219, 0, 128, 0, 2, Silvia_(Tailor)
P 2471.775, -1170.435, 4.5533, 0, 128, 0, 2, Sorn_(General)
P 2482.775, -1200.435, 4.5533, 0, 128, 0, 2, Stace_(General)
P 2594.775, -1278.435, 6.1443, 0, 128, 0, 2, Lucetta_(General)
P 2559.775, -1300.435, 6.1443, 0, 128, 0, 2, Balthazar_(General)
P 2514.775, -1501.435, 1.2258, 0, 128, 0, 2, Tanrak_(Weapons)
P 31.775, 759.565, 5.3251, 0, 128, 0, 2, Paulina_(General)
P -63.225, 883.565, 11.1574, 0, 128, 0, 2, Bradly_(General)
P -25.225, 918.565, 11.1574, 0, 128, 0, 2, Julie_(General)
P -150.225, 913.565, 10.3108, 0, 128, 0, 2, Bryan_(Fletching)
P 2236.775, 3817.565, -47.4976, 0, 128, 0, 2, Sharna_(General)
P -35.347, 723.939, 1.6076, 0, 127, 0, 2, Iago_(General)
P 2982.73, 335.483, 6.0517, 0, 0, 0, 2, Felodius_Sworddancer
P 5833.121, 1759.506, 387.0329, 0, 0, 0, 2, Donrigin_Fleetfoot
P 7313.929, 3283.784, 1.5291, 0, 0, 0, 2, Tenal_Redblade
P 5916.472, 1854.102, 3.9758, 0, 0, 0, 2, Milea_Clothspinner
P -1053.377, -476.835, -62.8703, 0, 0, 0, 2, Brynnsu_Frostreaver
P -1020.615, 43.713, -37.0551, 0, 0, 0, 2, Squire_Wimbley
P 1049.89, 2456.961, 1.4579, 0, 0, 0, 2, Brettaru_Tyco
P 1168.639, 2506.287, 0.4502, 0, 0, 0, 2, Lgador_Leafwell
P 2027.308, 3158.652, 0.0019, 0, 0, 0, 2, Drevlon_Knacknabber_(WAR:1.5)
P 2146.104, 3568.811, 0.0019, 0, 0, 0, 2, Leon
P 2002.853, 3571.253, 0.7928, 0, 0, 0, 2, Nella_Taraiss
P 1441.646, 3685.974, -20.2175, 0, 0, 0, 2, Tholris
P 1435.859, 3679.682, -18.9142, 0, 0, 0, 2, Althele
P 1428.506, 3675.474, -18.0429, 0, 0, 0, 2, Fang
P 1617.286, 3488.671, 0.0019, 0, 0, 0, 2, Ganelorn_Oast
P 2097.266, 1093.72, 61.2408, 0, 0, 0, 2, Beanu_Mucktail
P 2186.142, 1116.301, 56.1015, 0, 0, 0, 2, Chief_SaNre`Rexsa
P 2206.472, 1040.191, 33.5049, 0, 0, 0, 2, Burah_Mucktail
P -921.776, -1009.538, -39.9302, 0, 0, 0, 2, Proon_(Roam)
P -638.646, 12.959, 2.7129, 0, 0, 0, 2, Broon_(Roam)
P 489.787, -1501.08, 1.5466, 0, 0, 0, 2, Tallus_Holton
P -1238.06, 370.092, -39.6280, 240, 240, 240, 2, Serpent_River
