L -3803.44, -832.465, -52.6, -3803.44, -830.365, -52.6, 0, 0, 0
L -3813.84, -842.865, -52.6, -3803.44, -832.465, -52.6, 0, 0, 0
L -3828.54, -842.865, -52.6, -3813.84, -842.865, -52.6, 0, 0, 0
L -3831.74, -839.665, -52.6, -3828.54, -842.865, -52.6, 0, 0, 0
L -3838.94, -832.465, -52.6, -3836.64, -834.865, -52.6, 0, 0, 0
L -3838.94, -817.765, -52.6, -3838.94, -832.465, -52.6, 0, 0, 0
L -3828.54, -807.365, -52.6, -3838.94, -817.765, -52.6, 0, 0, 0
L -3813.84, -807.365, -52.6, -3828.54, -807.365, -52.6, 0, 0, 0
L -3803.44, -817.765, -52.6, -3813.84, -807.365, -52.6, 0, 0, 0
L -3803.44, -819.465, -52.6, -3803.44, -817.765, -52.6, 0, 0, 0
L -3737.54, -849.965, -53.1, -3739.54, -849.965, -53.1, 0, 0, 0
L -3727.04, -860.465, -53.1, -3737.54, -849.965, -53.1, 0, 0, 0
L -3727.04, -861.865, -53.1, -3727.04, -860.465, -53.1, 0, 0, 0
L -3725.04, -860.265, -53.1, -3725.04, -862.665, -53.1, 0, 0, 0
L -3714.64, -849.865, -53.1, -3725.04, -860.265, -53.1, 0, 0, 0
L -3700.24, -849.865, -53.1, -3714.64, -849.865, -53.1, 0, 0, 0
L -3696.74, -853.065, -53.1, -3700.24, -849.865, -53.1, 0, 0, 0
L -3689.54, -860.365, -53.1, -3691.94, -857.965, -53.1, 0, 0, 0
L -3689.54, -875.065, -53.1, -3689.54, -860.365, -53.1, 0, 0, 0
L -3699.94, -885.465, -53.1, -3689.54, -875.065, -53.1, 0, 0, 0
L -3714.44, -885.465, -53.1, -3699.94, -885.465, -53.1, 0, 0, 0
L -3725.04, -874.965, -53.1, -3714.44, -885.465, -53.1, 0, 0, 0
L -3725.04, -873.165, -53.1, -3725.04, -874.965, -53.1, 0, 0, 0
L -3727.04, -875.065, -53.1, -3727.04, -872.565, -53.1, 0, 0, 0
L -3730.34, -878.265, -53.1, -3727.04, -875.065, -53.1, 0, 0, 0
L -3737.54, -885.465, -53.1, -3735.14, -883.165, -53.1, 0, 0, 0
L -3740.24, -885.465, -53.1, -3737.54, -885.465, -53.1, 0, 0, 0
L -3740.24, -878.565, -53.1, -3740.24, -885.465, -53.1, 205, 133, 63
L -3751.04, -878.365, -53.1, -3740.24, -878.565, -53.1, 205, 133, 63
L -3750.94, -881.465, -53.1, -3751.04, -878.365, -53.1, 205, 133, 63
L -3743.44, -881.465, -53.1, -3750.94, -881.465, -53.1, 205, 133, 63
L -3743.44, -885.465, -53.1, -3743.44, -881.465, -53.1, 205, 133, 63
L -3752.24, -885.565, -53.1, -3743.44, -885.465, -53.1, 0, 0, 0
L -3762.64, -875.065, -53.1, -3752.24, -885.565, -53.1, 0, 0, 0
L -3762.64, -874.065, -53.1, -3762.64, -875.065, -53.1, 0, 0, 0
L -3764.64, -875.365, -53.1, -3764.64, -873.865, -53.1, 0, 0, 0
L -3775.04, -885.765, -53.1, -3764.64, -875.365, -53.1, 0, 0, 0
L -3789.74, -885.765, -53.1, -3775.04, -885.765, -53.1, 0, 0, 0
L -3792.94, -882.565, -53.1, -3789.74, -885.765, -53.1, 0, 0, 0
L -3800.24, -875.365, -53.1, -3797.84, -877.765, -53.1, 0, 0, 0
L -3800.24, -861.065, -53.1, -3800.24, -875.365, -53.1, 0, 0, 0
L -3789.84, -850.265, -53.1, -3800.24, -861.065, -53.1, 0, 0, 0
L -3775.14, -850.265, -53.1, -3789.84, -850.265, -53.1, 0, 0, 0
L -3764.74, -860.665, -53.1, -3775.14, -850.265, -53.1, 0, 0, 0
L -3764.74, -862.165, -53.1, -3764.74, -860.665, -53.1, 0, 0, 0
L -3762.64, -860.465, -53.1, -3762.84, -863.165, -53.1, 0, 0, 0
L -3752.24, -849.965, -53.1, -3762.64, -860.465, -53.1, 0, 0, 0
L -3750.84, -849.965, -53.1, -3752.24, -849.965, -53.1, 0, 0, 0
L -4817.74, -75.165, -52.3, -4818.04, -77.865, -51.9, 0, 0, 0
L -4807.34, -64.765, -52.3, -4817.74, -75.165, -52.3, 0, 0, 0
L -4792.64, -64.765, -52.3, -4807.34, -64.765, -52.3, 0, 0, 0
L -4789.54, -67.965, -52.3, -4792.64, -64.765, -52.3, 0, 0, 0
L -4784.64, -72.765, -52.3, -4789.54, -67.965, -52.3, 0, 0, 0
L -4782.24, -75.165, -52.3, -4784.64, -72.765, -52.3, 0, 0, 0
L -4782.24, -76.665, -52.3, -4782.24, -75.165, -52.3, 0, 0, 0
L -4782.24, -89.865, -52.3, -4782.24, -76.665, -52.3, 0, 0, 0
L -4792.64, -100.265, -52.3, -4782.24, -89.865, -52.3, 0, 0, 0
L -4807.34, -100.265, -52.3, -4792.64, -100.265, -52.3, 0, 0, 0
L -4817.74, -89.865, -52.3, -4807.34, -100.265, -52.3, 0, 0, 0
L -4817.74, -88.465, -52.3, -4817.74, -89.865, -52.3, 0, 0, 0
L -4952.64, -123.065, -52.3, -4952.64, -121.265, -52.3, 0, 0, 0
L -4963.04, -133.465, -52.3, -4952.64, -123.065, -52.3, 0, 0, 0
L -4977.74, -133.465, -52.3, -4963.04, -133.465, -52.3, 0, 0, 0
L -4980.94, -130.265, -52.3, -4977.74, -133.465, -52.3, 0, 0, 0
L -4988.14, -123.065, -52.3, -4985.84, -125.365, -52.3, 0, 0, 0
L -4988.24, -108.365, -52.3, -4988.14, -123.065, -52.3, 0, 0, 0
L -4977.84, -97.965, -52.3, -4988.24, -108.365, -52.3, 0, 0, 0
L -4963.24, -97.965, -52.3, -4977.84, -97.965, -52.3, 0, 0, 0
L -4952.64, -108.365, -52.3, -4963.24, -97.965, -52.3, 0, 0, 0
L -4952.64, -109.965, -52.3, -4952.64, -108.365, -52.3, 0, 0, 0
L -4897.64, -145.465, -51.8, -4899.24, -145.465, -51.8, 0, 0, 0
L -4887.14, -155.965, -51.8, -4897.64, -145.465, -51.8, 0, 0, 0
L -4887.14, -157.965, -51.8, -4887.14, -155.965, -51.8, 0, 0, 0
L -4885.14, -155.765, -51.8, -4885.14, -157.965, -51.8, 0, 0, 0
L -4874.74, -145.365, -51.8, -4885.14, -155.765, -51.8, 0, 0, 0
L -4860.04, -145.365, -51.8, -4874.74, -145.365, -51.8, 0, 0, 0
L -4856.84, -148.565, -51.8, -4860.04, -145.365, -51.8, 0, 0, 0
L -4849.64, -155.765, -51.8, -4851.94, -153.465, -51.8, 0, 0, 0
L -4849.64, -169.965, -51.8, -4849.64, -155.765, -51.8, 0, 0, 0
L -4860.14, -180.865, -51.8, -4849.64, -169.965, -51.8, 0, 0, 0
L -4874.74, -180.865, -51.8, -4860.14, -180.865, -51.8, 0, 0, 0
L -4885.14, -170.465, -51.8, -4874.74, -180.865, -51.8, 0, 0, 0
L -4885.14, -169.265, -51.8, -4885.14, -170.465, -51.8, 0, 0, 0
L -4887.14, -170.565, -51.8, -4887.14, -169.165, -51.8, 0, 0, 0
L -4890.34, -173.765, -51.8, -4887.14, -170.565, -51.8, 0, 0, 0
L -4897.74, -180.965, -51.8, -4895.24, -178.665, -51.8, 0, 0, 0
L -4898.04, -173.865, -51.8, -4897.74, -180.965, -51.8, 205, 133, 63
L -4907.44, -174.065, -51.8, -4898.04, -173.865, -51.8, 205, 133, 63
L -4907.54, -177.265, -51.8, -4907.44, -174.065, -51.8, 205, 133, 63
L -4900.94, -177.165, -51.8, -4907.54, -177.265, -51.8, 205, 133, 63
L -4900.94, -180.965, -51.8, -4900.94, -177.165, -51.8, 205, 133, 63
L -4912.34, -180.965, -51.8, -4900.94, -180.965, -51.8, 0, 0, 0
L -4922.74, -170.565, -51.8, -4912.34, -180.965, -51.8, 0, 0, 0
L -4922.74, -168.765, -51.8, -4922.74, -170.565, -51.8, 0, 0, 0
L -4924.74, -170.865, -51.8, -4924.74, -168.665, -51.8, 0, 0, 0
L -4935.14, -181.265, -51.8, -4924.74, -170.865, -51.8, 0, 0, 0
L -4949.84, -181.265, -51.8, -4935.14, -181.265, -51.8, 0, 0, 0
L -4953.04, -178.065, -51.8, -4949.84, -181.265, -51.8, 0, 0, 0
L -4960.24, -170.865, -51.8, -4957.94, -173.165, -51.8, 0, 0, 0
L -4960.24, -156.165, -51.8, -4960.24, -170.865, -51.8, 0, 0, 0
L -4949.84, -145.765, -51.8, -4960.24, -156.165, -51.8, 0, 0, 0
L -4934.54, -146.365, -51.8, -4949.84, -145.765, -51.8, 0, 0, 0
L -4924.74, -156.065, -51.8, -4934.54, -146.365, -51.8, 0, 0, 0
L -4924.74, -157.165, -51.8, -4924.74, -156.065, -51.8, 0, 0, 0
L -4922.74, -155.965, -51.8, -4922.74, -158.165, -51.8, 0, 0, 0
L -4912.34, -145.465, -51.8, -4922.74, -155.965, -51.8, 0, 0, 0
L -4911.14, -145.465, -51.8, -4912.34, -145.465, -51.8, 0, 0, 0
L -4785.94, 253.535, -54.0, -4787.54, 253.535, -54.0, 0, 0, 0
L -4775.54, 263.935, -54.0, -4785.94, 253.535, -54.0, 0, 0, 0
L -4775.54, 277.635, -54.0, -4775.54, 263.935, -54.0, 0, 0, 0
L -4785.94, 289.035, -54.0, -4775.54, 277.635, -54.0, 0, 0, 0
L -4800.64, 289.035, -54.0, -4785.94, 289.035, -54.0, 0, 0, 0
L -4803.04, 286.635, -54.0, -4800.64, 289.035, -54.0, 0, 0, 0
L -4811.04, 278.635, -54.0, -4807.84, 281.835, -54.0, 0, 0, 0
L -4811.04, 263.935, -54.0, -4811.04, 278.635, -54.0, 0, 0, 0
L -4800.64, 253.535, -54.0, -4811.04, 263.935, -54.0, 0, 0, 0
L -4799.04, 253.535, -54.0, -4800.64, 253.535, -54.0, 0, 0, 0
L -4144.14, -193.165, -52.4, -4133.74, -203.565, -52.4, 0, 0, 0
L -4144.14, -178.465, -52.4, -4144.14, -193.165, -52.4, 0, 0, 0
L -4133.74, -168.065, -52.4, -4144.14, -178.465, -52.4, 0, 0, 0
L -4131.84, -168.065, -52.4, -4133.74, -168.065, -52.4, 0, 0, 0
L -4119.34, -168.065, -52.4, -4121.64, -168.065, -52.4, 0, 0, 0
L -4108.64, -178.465, -52.4, -4119.34, -168.065, -52.4, 0, 0, 0
L -4108.64, -193.165, -52.4, -4108.64, -178.465, -52.4, 0, 0, 0
L -4111.84, -196.365, -52.4, -4108.64, -193.165, -52.4, 0, 0, 0
L -4117.44, -201.965, -52.4, -4116.74, -201.265, -52.4, 0, 0, 0
L -4119.44, -203.565, -52.4, -4117.44, -201.965, -52.4, 0, 0, 0
L -4133.74, -203.565, -52.4, -4119.44, -203.565, -52.4, 0, 0, 0
L -1725.54, 232.435, -52.4, -1727.14, 232.435, -52.4, 0, 0, 0
L -1715.14, 242.835, -52.4, -1725.54, 232.435, -52.4, 0, 0, 0
L -1715.14, 257.535, -52.4, -1715.14, 242.835, -52.4, 0, 0, 0
L -1725.34, 267.735, -52.4, -1715.14, 257.535, -52.4, 0, 0, 0
L -1740.24, 267.935, -52.4, -1725.34, 267.735, -52.4, 0, 0, 0
L -1742.64, 265.535, -52.4, -1740.24, 267.935, -52.4, 0, 0, 0
L -1750.64, 257.535, -52.4, -1747.44, 260.735, -52.4, 0, 0, 0
L -1750.64, 242.835, -52.4, -1750.64, 257.535, -52.4, 0, 0, 0
L -1740.24, 232.435, -52.4, -1750.64, 242.835, -52.4, 0, 0, 0
L -1738.74, 232.435, -52.4, -1740.24, 232.435, -52.4, 0, 0, 0
L -1702.54, 284.935, -54.7, -1715.34, 297.035, -54.7, 0, 0, 0
L -1705.94, 281.335, -54.7, -1702.54, 284.935, -54.7, 0, 0, 0
L -1714.74, 272.235, -54.7, -1710.94, 275.935, -54.7, 0, 0, 0
L -1727.44, 284.335, -54.7, -1714.74, 272.235, -54.7, 0, 0, 0
L -1715.34, 297.035, -54.7, -1727.44, 284.335, -54.7, 0, 0, 0
L -1070.14, -492.665, -52.4, -1070.14, -490.465, -52.4, 0, 0, 0
L -1080.54, -503.065, -52.4, -1070.14, -492.665, -52.4, 0, 0, 0
L -1095.24, -503.065, -52.4, -1080.54, -503.065, -52.4, 0, 0, 0
L -1098.44, -499.865, -52.4, -1095.24, -503.065, -52.4, 0, 0, 0
L -1105.64, -492.665, -52.4, -1103.34, -495.065, -52.4, 0, 0, 0
L -1105.64, -477.965, -52.4, -1105.64, -492.665, -52.4, 0, 0, 0
L -1095.24, -467.565, -52.4, -1105.64, -477.965, -52.4, 0, 0, 0
L -1080.54, -467.565, -52.4, -1095.24, -467.565, -52.4, 0, 0, 0
L -1070.14, -477.965, -52.4, -1080.54, -467.565, -52.4, 0, 0, 0
L -1070.14, -479.865, -52.4, -1070.14, -477.965, -52.4, 0, 0, 0
L -1075.04, -422.365, -54.7, -1085.94, -408.565, -54.7, 0, 0, 0
L -1078.64, -425.165, -54.7, -1075.04, -422.365, -54.7, 0, 0, 0
L -1088.94, -433.165, -54.7, -1086.04, -430.965, -54.7, 0, 0, 0
L -1099.74, -419.365, -54.7, -1088.94, -433.165, -54.7, 0, 0, 0
L -1085.94, -408.565, -54.7, -1099.74, -419.365, -54.7, 0, 0, 0
L -1085.44, -431.965, -54.7, -1086.74, -433.065, -54.7, 0, 0, 0
L -1073.34, -422.565, -54.7, -1078.14, -426.265, -54.7, 0, 0, 0
L -1085.64, -406.765, -54.7, -1073.34, -422.565, -54.7, 0, 0, 0
L -1101.54, -419.165, -54.7, -1085.64, -406.765, -54.7, 0, 0, 0
L -1089.14, -434.965, -54.7, -1101.54, -419.165, -54.7, 0, 0, 0
L -1086.74, -433.065, -54.7, -1086.84, -433.065, -54.7, 0, 0, 0
L -1086.74, -433.065, -54.7, -1089.14, -434.965, -54.7, 0, 0, 0
L -1026.14, -431.165, -52.6, -1027.74, -431.165, -52.6, 0, 0, 0
L -1015.74, -420.765, -52.6, -1026.14, -431.165, -52.6, 0, 0, 0
L -1015.74, -406.065, -52.6, -1015.74, -420.765, -52.6, 0, 0, 0
L -1026.14, -395.665, -52.6, -1015.74, -406.065, -52.6, 0, 0, 0
L -1040.84, -395.665, -52.6, -1026.14, -395.665, -52.6, 0, 0, 0
L -1043.24, -397.965, -52.6, -1040.84, -395.665, -52.6, 0, 0, 0
L -1051.24, -406.065, -52.6, -1048.14, -402.865, -52.6, 0, 0, 0
L -1051.24, -420.765, -52.6, -1051.24, -406.065, -52.6, 0, 0, 0
L -1040.84, -431.165, -52.6, -1051.24, -420.765, -52.6, 0, 0, 0
L -1038.84, -431.165, -52.6, -1040.84, -431.165, -52.6, 0, 0, 0
L -974.34, -439.865, -52.6, -973.84, -439.865, -52.6, 0, 0, 0
L -973.84, -439.865, -52.6, -973.34, -439.865, -52.6, 0, 0, 0
L -975.14, -439.865, -52.6, -973.84, -439.865, -52.6, 0, 0, 0
L -985.54, -429.465, -52.6, -975.14, -439.865, -52.6, 0, 0, 0
L -985.54, -414.765, -52.6, -985.54, -429.465, -52.6, 0, 0, 0
L -982.44, -411.565, -52.6, -985.54, -414.765, -52.6, 0, 0, 0
L -975.14, -404.365, -52.6, -977.54, -406.765, -52.6, 0, 0, 0
L -960.44, -404.365, -52.6, -975.14, -404.365, -52.6, 0, 0, 0
L -950.04, -415.065, -52.6, -960.44, -404.365, -52.6, 0, 0, 0
L -950.04, -429.465, -52.6, -950.04, -415.065, -52.6, 0, 0, 0
L -960.44, -439.865, -52.6, -950.04, -429.465, -52.6, 0, 0, 0
L -961.64, -439.865, -52.6, -960.44, -439.865, -52.6, 0, 0, 0
L 276.96, 140.135, -51.3, 880.16, 146.735, -51.1, 205, 133, 63
L -3852.74, -300.865, 2.2, -3854.84, -304.465, 3.3, 0, 0, 0
L -3873.34, -300.465, 2.2, -3852.74, -300.865, 2.2, 0, 0, 0
L -3875.74, -317.265, 1.8, -3873.34, -300.465, 2.2, 0, 0, 0
L -3854.84, -316.865, 1.6, -3875.74, -317.265, 1.8, 0, 0, 0
L -3854.84, -304.265, 3.3, -3854.84, -316.865, 1.6, 0, 0, 0
L -2852.64, 1136.635, -36.5, -2857.04, 1143.035, -35.9, 0, 0, 0
L -2847.54, 1142.135, -32.9, -2852.64, 1136.635, -36.5, 0, 0, 0
L -2852.34, 1147.835, -32.8, -2847.54, 1142.135, -32.9, 0, 0, 0
L -2856.64, 1143.435, -35.7, -2852.34, 1147.835, -32.8, 0, 0, 0
L -2896.04, 1142.235, -38.8, -2898.84, 1142.535, -38.7, 0, 0, 0
L -2897.54, 1151.035, -36.0, -2896.04, 1142.235, -38.8, 0, 0, 0
L -2905.64, 1148.935, -36.7, -2897.54, 1151.035, -36.0, 0, 0, 0
L -2903.84, 1141.835, -38.9, -2905.64, 1148.935, -36.7, 0, 0, 0
L -2899.14, 1142.435, -38.7, -2903.84, 1141.835, -38.9, 0, 0, 0
L -2880.54, 1147.635, -37.1, -2884.34, 1147.435, -37.1, 0, 0, 0
L -2881.64, 1155.535, -34.5, -2880.54, 1147.635, -37.1, 0, 0, 0
L -2889.24, 1154.735, -34.8, -2881.64, 1155.535, -34.5, 0, 0, 0
L -2888.34, 1146.635, -37.4, -2889.24, 1154.735, -34.8, 0, 0, 0
L -2884.54, 1147.335, -37.2, -2888.34, 1146.635, -37.4, 0, 0, 0
L -2877.14, 1125.535, -44.1, -2875.94, 1120.135, -45.9, 0, 0, 0
L -2893.44, 1122.035, -45.2, -2877.14, 1125.535, -44.1, 0, 0, 0
L -2887.34, 1105.935, -50.4, -2893.44, 1122.035, -45.2, 0, 0, 0
L -2872.84, 1110.235, -49.0, -2887.34, 1105.935, -50.4, 0, 0, 0
L -2876.04, 1120.335, -45.8, -2872.84, 1110.235, -49.0, 0, 0, 0
L -2857.64, 1118.735, -43.9, -2857.74, 1118.535, -43.9, 0, 0, 0
L -2855.94, 1114.635, -44.6, -2857.64, 1118.735, -43.9, 0, 0, 0
L -2849.24, 1116.235, -41.8, -2855.94, 1114.635, -44.6, 0, 0, 0
L -2851.04, 1124.635, -39.7, -2849.24, 1116.235, -41.8, 0, 0, 0
L -2858.44, 1122.335, -43.0, -2851.04, 1124.635, -39.7, 0, 0, 0
L -2857.54, 1118.435, -44.0, -2858.44, 1122.335, -43.0, 0, 0, 0
L -2872.84, 1093.635, -54.3, -2867.94, 1095.435, -53.7, 0, 0, 0
L -2870.54, 1085.635, -53.6, -2872.84, 1093.635, -54.3, 0, 0, 0
L -2862.84, 1087.735, -52.4, -2870.54, 1085.635, -53.6, 0, 0, 0
L -2864.54, 1096.035, -52.7, -2862.84, 1087.735, -52.4, 0, 0, 0
L -2868.34, 1095.335, -53.8, -2864.54, 1096.035, -52.7, 0, 0, 0
L -2884.04, 1081.335, -53.0, -2886.14, 1089.235, -54.2, 0, 0, 0
L -2875.84, 1083.135, -53.3, -2884.04, 1081.335, -53.0, 0, 0, 0
L -2878.24, 1091.535, -54.6, -2875.84, 1083.135, -53.3, 0, 0, 0
L -2885.84, 1089.335, -54.2, -2878.24, 1091.535, -54.6, 0, 0, 0
L -2914.64, 1110.735, -48.8, -2917.54, 1110.335, -49.0, 0, 0, 0
L -2916.44, 1118.635, -46.3, -2914.64, 1110.735, -48.8, 0, 0, 0
L -2925.24, 1116.335, -47.1, -2916.44, 1118.635, -46.3, 0, 0, 0
L -2923.24, 1108.835, -49.5, -2925.24, 1116.335, -47.1, 0, 0, 0
L -2917.54, 1110.335, -49.0, -2923.24, 1108.835, -49.5, 0, 0, 0
L -2909.74, 1095.635, -53.7, -2910.94, 1095.635, -53.7, 0, 0, 0
L -2912.14, 1103.535, -51.1, -2909.74, 1095.635, -53.7, 0, 0, 0
L -2920.44, 1101.235, -51.9, -2912.14, 1103.535, -51.1, 0, 0, 0
L -2918.04, 1093.835, -54.2, -2920.44, 1101.235, -51.9, 0, 0, 0
L -2911.14, 1095.535, -53.7, -2918.04, 1093.835, -54.2, 0, 0, 0
L 55.66, 2574.735, 0.6, 19.86, 2633.035, 0.6, 199, 21, 133
L -674.14, -1280.365, -17.8, -748.14, -1227.065, -17.8, 0, 0, 0
L -646.94, -1374.065, -17.4, -674.14, -1280.365, -17.8, 0, 0, 0
L -710.84, -1294.865, -17.8, -762.24, -1257.365, -17.8, 0, 0, 0
L -689.44, -1371.465, -17.8, -710.84, -1294.865, -17.8, 0, 0, 0
L -646.94, -1374.065, -17.4, -689.44, -1371.465, -17.8, 199, 21, 133
L -5048.94, 1122.035, -17.2, -5024.54, 1329.635, 75.9, 199, 21, 133
L -5109.74, -288.565, -51.5, -5048.94, 1122.035, -17.2, 199, 21, 133
L 1458.16, -424.165, -50.7, 996.36, -421.665, -20.0, 0, 0, 0
L 996.36, -421.665, -20.0, 882.16, -441.965, 28.8, 0, 0, 0
L 882.16, -441.965, 28.8, 763.46, -583.665, 61.5, 0, 0, 0
L 763.46, -583.665, 61.5, 445.46, -816.465, 55.7, 0, 0, 0
L 445.46, -816.465, 55.7, 237.56, -928.565, 59.6, 0, 0, 0
L 237.56, -928.565, 59.6, -67.64, -1011.065, 89.7, 0, 0, 0
L -67.64, -1011.065, 89.7, -317.04, -1031.165, 59.5, 0, 0, 0
L -317.04, -1031.165, 59.5, -684.34, -1028.965, 55.2, 0, 0, 0
L -684.34, -1028.965, 55.2, -802.34, -1049.165, 11.5, 0, 0, 0
L -802.34, -1049.165, 11.5, -865.84, -1135.865, -17.4, 0, 0, 0
L -865.84, -1135.865, -17.4, -865.44, -1175.865, -17.8, 0, 0, 0
L -865.44, -1175.865, -17.8, -748.14, -1227.065, -17.8, 0, 0, 0
L -762.24, -1257.365, -17.8, -825.94, -1238.365, -17.8, 0, 0, 0
L -825.94, -1238.365, -17.8, -935.24, -1175.065, -17.0, 0, 0, 0
L -935.24, -1175.065, -17.0, -979.34, -1100.265, 8.6, 0, 0, 0
L -979.34, -1100.265, 8.6, -990.44, -1036.665, 23.2, 0, 0, 0
L -990.44, -1036.665, 23.2, -1066.74, -1011.765, 39.3, 0, 0, 0
L -1066.74, -1011.765, 39.3, -1157.64, -1048.165, 58.8, 0, 0, 0
L -1157.64, -1048.165, 58.8, -1381.54, -1070.965, 118.7, 0, 0, 0
L -1381.54, -1070.965, 118.7, -1776.04, -1068.065, 97.1, 0, 0, 0
L -1776.04, -1068.065, 97.1, -2315.44, -1047.465, 78.0, 0, 0, 0
L -2315.44, -1047.465, 78.0, -2609.54, -1053.865, 161.1, 0, 0, 0
L -2609.54, -1053.865, 161.1, -3158.34, -1046.865, 69.0, 0, 0, 0
L -3158.34, -1046.865, 69.0, -3383.74, -1000.165, 83.7, 0, 0, 0
L -3383.74, -1000.165, 83.7, -3995.44, -1042.165, 70.4, 0, 0, 0
L -3995.44, -1042.165, 70.4, -4269.74, -1045.065, 76.3, 0, 0, 0
L -4269.74, -1045.065, 76.3, -4790.64, -1027.365, 48.6, 0, 0, 0
L -5109.74, -288.565, -51.5, -5002.94, -1015.265, 88.4, 199, 21, 133
L -5002.94, -1015.265, 88.4, -4787.24, -1028.465, 47.3, 0, 0, 0
L -5031.44, 1329.635, 74.8, -4231.44, 1328.835, 103.4, 0, 0, 0
L -4231.44, 1328.835, 103.4, -3447.64, 1312.135, 95.7, 0, 0, 0
L -3447.64, 1312.135, 95.7, -2913.64, 1327.435, 109.6, 0, 0, 0
L -2913.64, 1327.435, 109.6, -2252.44, 1326.735, 116.6, 0, 0, 0
L -2252.44, 1326.735, 116.6, -1944.94, 1282.535, 145.9, 0, 0, 0
L -1944.94, 1282.535, 145.9, -1195.34, 1325.635, 111.5, 0, 0, 0
L -1195.34, 1325.635, 111.5, -959.74, 1313.335, 66.0, 0, 0, 0
L -861.04, 1310.335, 75.1, -462.64, 1283.935, 78.8, 0, 0, 0
L -462.64, 1283.935, 78.8, -208.64, 1320.035, 83.7, 0, 0, 0
L -208.64, 1320.035, 83.7, 304.96, 1167.735, 41.0, 0, 0, 0
L 304.96, 1167.735, 41.0, 467.56, 1130.635, 55.5, 0, 0, 0
L 467.56, 1130.635, 55.5, 495.26, 1054.435, 82.8, 0, 0, 0
L 495.26, 1054.435, 82.8, 596.76, 947.735, 92.6, 0, 0, 0
L 596.76, 947.735, 92.6, 634.56, 892.835, 150.7, 0, 0, 0
L 634.56, 892.835, 150.7, 723.66, 718.735, 84.0, 0, 0, 0
L 723.66, 718.735, 84.0, 884.46, 715.035, -14.7, 0, 0, 0
L 884.46, 715.035, -14.7, 986.86, 708.835, -45.8, 0, 0, 0
L 986.86, 708.835, -45.8, 1015.46, 726.335, -50.7, 0, 0, 0
L 1015.46, 726.335, -50.7, 1467.36, 729.135, -50.7, 0, 0, 0
L 1467.36, 729.135, -50.7, 1525.76, 729.535, -50.7, 0, 0, 0
L 1525.76, 729.535, -50.7, 1510.86, -424.165, -50.7, 199, 21, 133
L 1510.86, -424.165, -50.7, 1454.16, -424.165, -50.7, 0, 0, 0
L 276.26, 140.635, -51.3, -428.64, 138.035, -51.6, 205, 133, 63
L -428.64, 138.035, -51.6, -696.64, 439.235, -51.6, 205, 133, 63
L -696.64, 439.235, -51.6, -1222.54, 444.335, -51.6, 205, 133, 63
L -1222.54, 444.335, -51.6, -1299.14, 335.635, -51.6, 205, 133, 63
L -1299.14, 335.635, -51.6, -1380.54, 283.435, -51.6, 205, 133, 63
L -1380.54, 283.435, -51.6, -1443.64, 217.935, -51.6, 205, 133, 63
L -1443.64, 217.935, -51.6, -1509.54, 133.235, -51.6, 205, 133, 63
L -1509.54, 133.235, -51.6, -1925.64, 142.035, -51.6, 205, 133, 63
L -1925.64, 142.035, -51.6, -2011.84, 260.835, -51.6, 205, 133, 63
L -2011.84, 260.835, -51.6, -2110.64, 326.835, -51.6, 205, 133, 63
L -2110.64, 326.835, -51.6, -2110.04, 453.935, -51.6, 205, 133, 63
L -2110.04, 453.935, -51.6, -2194.64, 539.535, -51.6, 205, 133, 63
L -2194.64, 539.535, -51.6, -2412.44, 547.135, -51.6, 205, 133, 63
L -2412.44, 547.135, -51.6, -2507.54, 434.435, -49.7, 205, 133, 63
L -2507.54, 434.435, -49.7, -3024.84, 442.735, -51.6, 205, 133, 63
L -3024.84, 442.735, -51.6, -3110.34, 362.135, -52.0, 205, 133, 63
L -3110.34, 362.135, -52.0, -3109.94, 128.335, -51.6, 205, 133, 63
L -3109.94, 128.335, -51.6, -3201.64, 45.135, -51.6, 205, 133, 63
L -3201.64, 45.135, -51.6, -3819.54, 37.835, -51.6, 205, 133, 63
L -3819.54, 37.835, -51.6, -3896.64, 142.135, -51.6, 205, 133, 63
L -3896.64, 142.135, -51.6, -4503.94, 143.435, -51.5, 205, 133, 63
L -4512.64, 143.435, -51.5, -4957.84, 142.635, -65.2, 205, 133, 63
L -4957.84, 142.635, -65.2, -5098.04, 142.635, -73.3, 205, 133, 63
L -4503.94, 143.435, -51.5, -4517.44, -270.565, -51.5, 205, 133, 63
L -4517.44, -270.565, -51.5, -4223.24, -558.565, -51.6, 205, 133, 63
L -4223.24, -558.565, -51.6, -4118.24, -562.165, -56.1, 205, 133, 63
L 270.96, 138.135, -51.3, 185.96, 59.235, -51.3, 205, 133, 63
L 185.96, 59.235, -51.3, 188.06, -259.165, -46.9, 205, 133, 63
L 188.06, -259.165, -46.9, -11.54, -464.665, -51.3, 205, 133, 63
L -11.54, -464.665, -51.3, -420.74, -455.565, -51.6, 205, 133, 63
L -420.74, -455.565, -51.6, -514.14, -546.165, -51.6, 205, 133, 63
L -514.14, -546.165, -51.6, -510.04, -770.165, -51.6, 205, 133, 63
L -510.04, -770.165, -51.6, -602.44, -864.065, -51.6, 205, 133, 63
L -602.44, -864.065, -51.6, -892.54, -862.565, -39.7, 205, 133, 63
L -892.54, -862.565, -39.7, -920.04, -901.765, -30.1, 205, 133, 63
L -920.04, -901.765, -30.1, -911.54, -968.665, -29.6, 205, 133, 63
L -863.44, 1308.035, 1.5, -861.14, 1399.935, 3.8, 0, 0, 0
L -861.14, 1399.935, 3.8, -790.84, 1501.535, 3.8, 0, 0, 0
L -790.84, 1501.535, 3.8, -742.64, 1663.935, 3.8, 0, 0, 0
L -742.64, 1663.935, 3.8, -742.54, 1733.635, 3.8, 0, 0, 0
L -742.54, 1733.635, 3.8, -689.34, 1800.435, 3.8, 0, 0, 0
L -689.34, 1800.435, 3.8, -502.44, 1798.135, 3.8, 0, 0, 0
L -502.44, 1798.135, 3.8, -318.44, 1775.135, 3.8, 0, 0, 0
L -318.44, 1775.135, 3.8, -133.64, 1886.835, 3.8, 0, 0, 0
L -133.64, 1886.835, 3.8, -77.94, 1894.735, 3.8, 0, 0, 0
L -77.94, 1894.735, 3.8, -75.44, 1694.635, 6.7, 0, 0, 0
L -75.44, 1694.635, 6.7, 123.56, 1656.435, 3.8, 0, 0, 0
L 123.56, 1656.435, 3.8, 256.76, 1663.135, 6.6, 0, 0, 0
L 256.76, 1663.135, 6.6, 359.26, 1765.635, 3.8, 0, 0, 0
L 359.26, 1765.635, 3.8, 353.16, 1861.735, 0.6, 0, 0, 0
L 353.16, 1861.735, 0.6, 348.56, 1916.535, 0.6, 0, 0, 0
L 348.56, 1916.535, 0.6, 344.46, 1957.035, 0.6, 0, 0, 0
L 344.46, 1957.035, 0.6, 265.56, 2035.835, 0.6, 0, 0, 0
L 265.56, 2035.835, 0.6, 156.76, 2029.035, 0.6, 0, 0, 0
L 156.76, 2029.035, 0.6, 136.86, 2027.535, 0.6, 0, 0, 0
L 136.86, 2027.535, 0.6, 80.86, 2010.335, 0.6, 0, 0, 0
L 80.86, 2010.335, 0.6, 30.06, 1995.235, 0.6, 0, 0, 0
L 30.06, 1995.235, 0.6, -9.54, 2042.435, 0.6, 0, 0, 0
L -9.54, 2042.435, 0.6, -38.74, 2161.135, 0.6, 0, 0, 0
L -38.74, 2161.135, 0.6, -46.04, 2267.435, 0.6, 0, 0, 0
L -46.04, 2267.435, 0.6, -147.14, 2432.235, 0.6, 0, 0, 0
L -147.14, 2432.235, 0.6, -12.24, 2565.035, 0.6, 0, 0, 0
L -12.24, 2565.035, 0.6, 212.96, 2595.435, 0.6, 0, 0, 0
L 201.36, 2666.635, 0.6, -17.34, 2625.235, 0.6, 0, 0, 0
L -17.34, 2625.235, 0.6, -110.24, 2586.035, 0.6, 0, 0, 0
L -110.24, 2586.035, 0.6, -231.84, 2459.435, 0.6, 0, 0, 0
L -231.84, 2459.435, 0.6, -109.04, 2145.735, 0.6, 0, 0, 0
L -109.04, 2145.735, 0.6, -103.54, 2031.535, 0.6, 0, 0, 0
L -103.54, 2031.535, 0.6, -165.64, 1931.735, 0.6, 0, 0, 0
L -165.64, 1931.735, 0.6, -359.24, 1844.635, 0.6, 0, 0, 0
L -359.24, 1844.635, 0.6, -542.24, 1873.435, 0.6, 0, 0, 0
L -542.24, 1873.435, 0.6, -740.84, 1851.435, 0.6, 0, 0, 0
L -740.84, 1851.435, 0.6, -835.84, 1719.035, 0.6, 0, 0, 0
L -835.84, 1719.035, 0.6, -862.24, 1537.735, 0.6, 0, 0, 0
L -862.24, 1537.735, 0.6, -963.64, 1397.335, 0.6, 0, 0, 0
L -963.64, 1397.335, 0.6, -964.04, 1312.635, -1.7, 0, 0, 0
L 778.36, 310.735, -54.4, 776.36, 310.735, -54.4, 0, 0, 0
L 776.36, 310.735, -54.4, 764.56, 321.935, -54.4, 0, 0, 0
L 764.56, 321.935, -54.4, 764.16, 338.135, -54.4, 0, 0, 0
L 764.16, 338.135, -54.4, 767.76, 342.435, -54.4, 0, 0, 0
L 767.76, 342.435, -54.4, 764.16, 346.435, -54.4, 0, 0, 0
L 764.16, 346.435, -54.4, 768.16, 350.235, -54.4, 0, 0, 0
L 768.16, 350.235, -54.4, 768.96, 350.935, -54.4, 0, 0, 0
L 768.96, 350.935, -54.4, 772.66, 347.335, -54.4, 0, 0, 0
L 772.66, 347.335, -54.4, 775.56, 350.235, -54.4, 0, 0, 0
L 775.56, 350.235, -54.4, 792.66, 350.435, -54.4, 0, 0, 0
L 792.66, 350.435, -54.4, 803.66, 338.935, -54.4, 0, 0, 0
L 803.66, 338.935, -54.4, 803.66, 322.035, -54.4, 0, 0, 0
L 803.66, 322.035, -54.4, 792.16, 310.735, -54.4, 0, 0, 0
L 792.16, 310.735, -54.4, 789.16, 310.735, -54.4, 0, 0, 0
L 743.96, 280.035, -54.4, 743.96, 282.735, -54.4, 0, 0, 0
L 743.96, 282.735, -54.4, 732.36, 294.635, -54.4, 0, 0, 0
L 732.36, 294.635, -54.4, 716.06, 294.635, -54.4, 0, 0, 0
L 716.06, 294.635, -54.4, 704.26, 281.935, -54.4, 0, 0, 0
L 704.26, 281.935, -54.4, 704.26, 267.135, -54.4, 0, 0, 0
L 704.26, 267.135, -54.4, 707.36, 263.535, -54.4, 0, 0, 0
L 707.36, 263.535, -54.4, 703.76, 259.935, -54.4, 0, 0, 0
L 703.76, 259.935, -54.4, 707.76, 255.535, -54.4, 0, 0, 0
L 707.76, 255.535, -54.4, 712.26, 258.635, -54.4, 0, 0, 0
L 712.26, 258.635, -54.4, 715.96, 254.935, -54.4, 0, 0, 0
L 715.96, 254.935, -54.4, 732.46, 255.035, -54.4, 0, 0, 0
L 732.46, 255.035, -54.4, 743.76, 266.435, -54.4, 0, 0, 0
L 743.76, 266.435, -54.4, 743.96, 269.235, -54.4, 0, 0, 0
L 787.36, -13.465, -54.4, 784.76, -13.465, -54.4, 0, 0, 0
L 784.76, -13.465, -54.4, 772.96, -24.865, -54.4, 0, 0, 0
L 772.96, -24.865, -54.4, 772.96, -41.765, -54.4, 0, 0, 0
L 772.96, -41.765, -54.4, 784.66, -53.265, -54.4, 0, 0, 0
L 784.66, -53.265, -54.4, 800.86, -53.165, -54.4, 0, 0, 0
L 800.86, -53.165, -54.4, 803.96, -50.065, -54.4, 0, 0, 0
L 803.96, -50.065, -54.4, 807.26, -53.465, -54.4, 0, 0, 0
L 807.26, -53.465, -54.4, 812.56, -48.665, -54.4, 0, 0, 0
L 812.56, -48.665, -54.4, 808.76, -45.165, -54.4, 0, 0, 0
L 808.76, -45.165, -54.4, 812.46, -41.365, -54.4, 0, 0, 0
L 812.46, -41.365, -54.4, 812.56, -24.765, -54.4, 0, 0, 0
L 812.56, -24.765, -54.4, 801.16, -13.765, -54.4, 0, 0, 0
L 801.16, -13.765, -54.4, 798.16, -13.465, -54.4, 0, 0, 0
L -173.94, 315.835, -53.9, -171.24, 315.835, -53.9, 0, 0, 0
L -171.24, 315.835, -53.9, -160.34, 326.335, -53.7, 0, 0, 0
L -160.34, 326.335, -53.7, -149.74, 315.735, -54.2, 0, 0, 0
L -149.74, 315.735, -54.2, -132.84, 316.135, -54.4, 0, 0, 0
L -132.84, 316.135, -54.4, -122.04, 327.135, -54.4, 0, 0, 0
L -122.04, 327.135, -54.4, -121.84, 343.935, -54.2, 0, 0, 0
L -121.84, 343.935, -54.2, -124.84, 346.935, -54.1, 0, 0, 0
L -124.84, 346.935, -54.1, -121.34, 350.835, -54.1, 0, 0, 0
L -121.34, 350.835, -54.1, -126.34, 355.735, -53.8, 0, 0, 0
L -126.34, 355.735, -53.8, -129.74, 351.835, -53.8, 0, 0, 0
L -129.74, 351.835, -53.8, -134.24, 355.535, -53.6, 0, 0, 0
L -134.24, 355.535, -53.6, -150.04, 355.235, -53.3, 0, 0, 0
L -150.04, 355.235, -53.3, -160.34, 344.935, -53.3, 0, 0, 0
L -160.34, 344.935, -53.3, -171.14, 355.535, -53.0, 0, 0, 0
L -171.14, 355.535, -53.0, -187.34, 355.435, -53.0, 0, 0, 0
L -187.34, 355.435, -53.0, -190.34, 352.435, -53.1, 0, 0, 0
L -190.34, 352.435, -53.1, -193.54, 355.735, -53.0, 0, 0, 0
L -193.54, 355.735, -53.0, -198.24, 351.935, -53.1, 0, 0, 0
L -198.24, 351.935, -53.1, -195.14, 347.535, -53.2, 0, 0, 0
L -195.14, 347.535, -53.2, -197.94, 344.835, -53.3, 0, 0, 0
L -197.94, 344.835, -53.3, -208.34, 355.235, -53.2, 0, 0, 0
L -208.34, 355.235, -53.2, -225.04, 355.535, -53.6, 0, 0, 0
L -225.04, 355.535, -53.6, -236.44, 344.235, -53.9, 0, 0, 0
L -236.44, 344.235, -53.9, -236.64, 327.335, -53.9, 0, 0, 0
L -236.64, 327.335, -53.9, -233.64, 324.435, -53.8, 0, 0, 0
L -233.64, 324.435, -53.8, -236.94, 321.135, -53.9, 0, 0, 0
L -236.94, 321.135, -53.9, -232.94, 316.135, -54.0, 0, 0, 0
L -232.94, 316.135, -54.0, -228.84, 319.535, -53.9, 0, 0, 0
L -228.84, 319.535, -53.9, -225.24, 315.935, -54.0, 0, 0, 0
L -225.24, 315.935, -54.0, -208.94, 315.835, -54.0, 0, 0, 0
L -208.94, 315.835, -54.0, -197.94, 326.535, -53.7, 0, 0, 0
L -197.94, 326.535, -53.7, -187.24, 315.835, -53.9, 0, 0, 0
L -187.24, 315.835, -53.9, -184.04, 315.835, -53.5, 0, 0, 0
L -113.74, 293.235, -54.4, -113.64, 295.835, -54.4, 0, 0, 0
L -113.64, 295.835, -54.4, -102.34, 307.135, -54.4, 0, 0, 0
L -102.34, 307.135, -54.4, -85.74, 307.335, -54.4, 0, 0, 0
L -85.74, 307.335, -54.4, -82.04, 303.635, -54.4, 0, 0, 0
L -82.04, 303.635, -54.4, -78.24, 307.135, -54.4, 0, 0, 0
L -78.24, 307.135, -54.4, -73.54, 302.235, -54.4, 0, 0, 0
L -73.54, 302.235, -54.4, -77.14, 298.735, -54.4, 0, 0, 0
L -77.14, 298.735, -54.4, -73.74, 294.835, -54.4, 0, 0, 0
L -73.74, 294.835, -54.4, -74.14, 279.535, -54.4, 0, 0, 0
L -74.14, 279.535, -54.4, -85.84, 267.635, -54.4, 0, 0, 0
L -85.84, 267.635, -54.4, -102.04, 267.635, -54.4, 0, 0, 0
L -102.04, 267.635, -54.4, -113.74, 280.335, -54.4, 0, 0, 0
L -113.74, 280.335, -54.4, -113.74, 282.535, -54.4, 0, 0, 0
L -273.54, 266.335, -54.6, -273.54, 263.835, -54.6, 0, 0, 0
L -273.54, 263.835, -54.6, -285.54, 251.835, -54.6, 0, 0, 0
L -285.54, 251.835, -54.6, -301.54, 252.035, -54.6, 0, 0, 0
L -301.54, 252.035, -54.6, -305.24, 255.735, -54.6, 0, 0, 0
L -305.24, 255.735, -54.6, -308.84, 252.235, -54.6, 0, 0, 0
L -308.84, 252.235, -54.6, -313.84, 257.135, -54.7, 0, 0, 0
L -313.84, 257.135, -54.7, -310.14, 260.635, -54.7, 0, 0, 0
L -310.14, 260.635, -54.7, -313.14, 263.935, -54.7, 0, 0, 0
L -313.14, 263.935, -54.7, -313.14, 280.135, -54.7, 0, 0, 0
L -313.14, 280.135, -54.7, -301.24, 291.935, -54.6, 0, 0, 0
L -301.24, 291.935, -54.6, -285.04, 291.635, -54.6, 0, 0, 0
L -285.04, 291.635, -54.6, -273.44, 280.035, -54.6, 0, 0, 0
L -273.44, 280.035, -54.6, -273.54, 277.135, -54.6, 0, 0, 0
L -1028.04, -433.165, -54.7, -1024.54, -432.765, -54.7, 0, 0, 0
L -1024.54, -432.765, -54.7, -1013.24, -421.165, -54.7, 0, 0, 0
L -1013.24, -421.165, -54.7, -1013.44, -405.465, -54.7, 0, 0, 0
L -1013.44, -405.465, -54.7, -1026.14, -393.465, -54.7, 0, 0, 0
L -1026.14, -393.465, -54.7, -1041.14, -393.465, -54.7, 0, 0, 0
L -1041.14, -393.465, -54.7, -1044.64, -396.565, -54.7, 0, 0, 0
L -1044.64, -396.565, -54.7, -1048.14, -392.965, -54.7, 0, 0, 0
L -1048.14, -392.965, -54.7, -1052.84, -397.965, -54.7, 0, 0, 0
L -1052.84, -397.965, -54.7, -1049.44, -401.465, -54.7, 0, 0, 0
L -1049.44, -401.465, -54.7, -1053.14, -405.065, -54.7, 0, 0, 0
L -1053.14, -405.065, -54.7, -1053.04, -421.865, -54.7, 0, 0, 0
L -1053.04, -421.865, -54.7, -1041.34, -433.265, -54.7, 0, 0, 0
L -1041.34, -433.265, -54.7, -1038.84, -433.165, -54.7, 0, 0, 0
L -973.24, -441.865, -54.7, -975.54, -441.865, -54.7, 0, 0, 0
L -975.54, -441.865, -54.7, -987.64, -429.865, -54.7, 0, 0, 0
L -987.64, -429.865, -54.7, -987.34, -413.565, -54.7, 0, 0, 0
L -987.34, -413.565, -54.7, -983.84, -410.165, -54.7, 0, 0, 0
L -983.84, -410.165, -54.7, -987.44, -405.865, -54.7, 0, 0, 0
L -987.44, -405.865, -54.7, -982.94, -401.965, -54.7, 0, 0, 0
L -982.94, -401.965, -54.7, -978.94, -405.265, -54.7, 0, 0, 0
L -978.94, -405.265, -54.7, -975.84, -402.265, -54.7, 0, 0, 0
L -975.84, -402.265, -54.7, -959.04, -402.365, -54.7, 0, 0, 0
L -959.04, -402.365, -54.7, -947.74, -414.165, -54.7, 0, 0, 0
L -947.74, -414.165, -54.7, -947.84, -430.665, -54.7, 0, 0, 0
L -947.84, -430.665, -54.7, -959.04, -441.565, -54.7, 0, 0, 0
L -959.04, -441.565, -54.7, -962.34, -441.865, -54.7, 0, 0, 0
L -962.34, -441.865, -54.7, -962.24, -441.965, -54.7, 0, 0, 0
L -1068.14, -479.865, -54.7, -1068.54, -475.865, -54.7, 0, 0, 0
L -1068.54, -475.865, -54.7, -1079.34, -465.765, -54.7, 0, 0, 0
L -1079.34, -465.765, -54.7, -1096.24, -465.365, -54.7, 0, 0, 0
L -1096.24, -465.365, -54.7, -1107.64, -476.765, -54.7, 0, 0, 0
L -1107.64, -476.765, -54.7, -1107.84, -493.365, -54.7, 0, 0, 0
L -1107.84, -493.365, -54.7, -1104.74, -496.465, -54.7, 0, 0, 0
L -1104.74, -496.465, -54.7, -1108.34, -499.965, -54.7, 0, 0, 0
L -1108.34, -499.965, -54.7, -1103.14, -504.865, -54.7, 0, 0, 0
L -1103.14, -504.865, -54.7, -1099.84, -501.265, -54.7, 0, 0, 0
L -1099.84, -501.265, -54.7, -1096.44, -504.665, -54.7, 0, 0, 0
L -1096.44, -504.665, -54.7, -1079.34, -504.665, -54.7, 0, 0, 0
L -1079.34, -504.665, -54.7, -1068.24, -493.465, -54.7, 0, 0, 0
L -1068.24, -493.465, -54.7, -1068.14, -490.665, -54.7, 0, 0, 0
L -1723.44, 290.335, -54.7, -1715.24, 298.735, -54.7, 0, 0, 0
L -1715.24, 298.735, -54.7, -1700.94, 284.735, -54.7, 0, 0, 0
L -1700.94, 284.735, -54.7, -1705.44, 280.235, -54.7, 0, 0, 0
L -1710.04, 275.535, -54.7, -1714.44, 270.735, -54.7, 0, 0, 0
L -1714.44, 270.735, -54.7, -1728.64, 283.735, -54.7, 0, 0, 0
L -1728.64, 283.735, -54.7, -1723.44, 290.335, -54.7, 0, 0, 0
L -1727.44, 230.335, -54.7, -1724.84, 230.335, -54.7, 0, 0, 0
L -1724.84, 230.335, -54.7, -1712.84, 242.135, -54.7, 0, 0, 0
L -1712.84, 242.135, -54.7, -1712.84, 258.135, -54.7, 0, 0, 0
L -1712.84, 258.135, -54.7, -1725.34, 270.035, -54.7, 0, 0, 0
L -1725.34, 270.035, -54.7, -1740.94, 270.035, -54.7, 0, 0, 0
L -1740.94, 270.035, -54.7, -1744.04, 267.035, -54.7, 0, 0, 0
L -1744.04, 267.035, -54.7, -1747.04, 270.135, -54.7, 0, 0, 0
L -1747.04, 270.135, -54.7, -1752.44, 265.735, -54.7, 0, 0, 0
L -1752.44, 265.735, -54.7, -1748.84, 262.135, -54.7, 0, 0, 0
L -1748.84, 262.135, -54.7, -1752.64, 258.135, -54.7, 0, 0, 0
L -1752.64, 258.135, -54.7, -1752.54, 242.635, -54.7, 0, 0, 0
L -1752.54, 242.635, -54.7, -1740.64, 230.235, -54.7, 0, 0, 0
L -1740.64, 230.235, -54.7, -1738.24, 230.335, -54.7, 0, 0, 0
L -3081.24, 450.835, -55.2, -3078.24, 450.835, -55.1, 0, 0, 0
L -3078.24, 450.835, -55.1, -3067.64, 461.235, -54.8, 0, 0, 0
L -3067.64, 461.235, -54.8, -3057.34, 450.935, -54.7, 0, 0, 0
L -3057.34, 450.935, -54.7, -3040.84, 450.735, -54.7, 0, 0, 0
L -3040.84, 450.735, -54.7, -3029.14, 462.235, -54.7, 0, 0, 0
L -3029.14, 462.235, -54.7, -3029.04, 478.435, -54.7, 0, 0, 0
L -3029.04, 478.435, -54.7, -3032.14, 481.935, -54.7, 0, 0, 0
L -3032.14, 481.935, -54.7, -3028.74, 485.935, -54.7, 0, 0, 0
L -3028.74, 485.935, -54.7, -3032.74, 489.935, -54.7, 0, 0, 0
L -3032.74, 489.935, -54.7, -3037.04, 486.735, -54.7, 0, 0, 0
L -3037.04, 486.735, -54.7, -3040.64, 490.335, -54.7, 0, 0, 0
L -3040.64, 490.335, -54.7, -3056.54, 490.435, -54.7, 0, 0, 0
L -3056.54, 490.435, -54.7, -3067.64, 479.935, -54.8, 0, 0, 0
L -3067.64, 479.935, -54.8, -3078.14, 490.435, -55.3, 0, 0, 0
L -3078.14, 490.435, -55.3, -3094.44, 490.435, -56.1, 0, 0, 0
L -3094.44, 490.435, -56.1, -3097.64, 487.435, -56.2, 0, 0, 0
L -3097.64, 487.435, -56.2, -3101.14, 490.935, -56.5, 0, 0, 0
L -3101.14, 490.935, -56.5, -3105.84, 486.635, -56.6, 0, 0, 0
L -3105.84, 486.635, -56.6, -3102.44, 482.535, -56.4, 0, 0, 0
L -3102.44, 482.535, -56.4, -3105.24, 479.735, -56.4, 0, 0, 0
L -3105.24, 479.735, -56.4, -3116.34, 490.535, -57.2, 0, 0, 0
L -3116.34, 490.535, -57.2, -3132.24, 490.535, -58.0, 0, 0, 0
L -3132.24, 490.535, -58.0, -3144.14, 478.635, -58.3, 0, 0, 0
L -3144.14, 478.635, -58.3, -3143.94, 462.235, -57.9, 0, 0, 0
L -3143.94, 462.235, -57.9, -3140.94, 459.335, -57.7, 0, 0, 0
L -3140.94, 459.335, -57.7, -3144.64, 455.535, -57.8, 0, 0, 0
L -3144.64, 455.535, -57.8, -3140.44, 451.435, -57.5, 0, 0, 0
L -3140.44, 451.435, -57.5, -3136.04, 454.535, -57.4, 0, 0, 0
L -3136.04, 454.535, -57.4, -3131.64, 450.835, -57.1, 0, 0, 0
L -3131.64, 450.835, -57.1, -3115.74, 450.935, -56.3, 0, 0, 0
L -3115.74, 450.935, -56.3, -3105.24, 461.535, -56.0, 0, 0, 0
L -3105.24, 461.535, -56.0, -3094.54, 450.835, -55.5, 0, 0, 0
L -3094.54, 450.835, -55.5, -3090.74, 450.835, -55.4, 0, 0, 0
L -3090.74, 450.835, -55.4, -3090.64, 450.635, -55.4, 0, 0, 0
L -3173.54, 414.635, -58.0, -3173.74, 411.435, -58.0, 0, 0, 0
L -3173.74, 411.435, -58.0, -3185.04, 400.135, -58.0, 0, 0, 0
L -3185.04, 400.135, -58.0, -3200.94, 400.035, -58.3, 0, 0, 0
L -3200.94, 400.035, -58.3, -3205.24, 403.735, -58.5, 0, 0, 0
L -3205.24, 403.735, -58.5, -3209.14, 400.235, -58.5, 0, 0, 0
L -3209.14, 400.235, -58.5, -3213.74, 405.235, -58.8, 0, 0, 0
L -3213.74, 405.235, -58.8, -3210.14, 408.635, -58.8, 0, 0, 0
L -3210.14, 408.635, -58.8, -3213.14, 411.535, -58.9, 0, 0, 0
L -3213.14, 411.535, -58.9, -3213.24, 427.135, -59.3, 0, 0, 0
L -3213.24, 427.135, -59.3, -3201.84, 439.535, -59.3, 0, 0, 0
L -3201.84, 439.535, -59.3, -3185.24, 439.735, -58.9, 0, 0, 0
L -3185.24, 439.735, -58.9, -3173.64, 428.235, -58.4, 0, 0, 0
L -3173.64, 428.235, -58.4, -3173.54, 425.035, -58.3, 0, 0, 0
L -3173.54, 425.035, -58.3, -3173.44, 425.235, -58.3, 0, 0, 0
L -3739.54, -847.965, -54.7, -3737.14, -847.965, -54.7, 0, 0, 0
L -3737.14, -847.965, -54.7, -3726.14, -858.665, -54.7, 0, 0, 0
L -3726.14, -858.665, -54.7, -3715.94, -848.465, -54.7, 0, 0, 0
L -3715.94, -848.465, -54.7, -3699.34, -848.065, -54.7, 0, 0, 0
L -3699.34, -848.065, -54.7, -3695.34, -851.665, -54.7, 0, 0, 0
L -3695.34, -851.665, -54.7, -3691.34, -847.865, -54.7, 0, 0, 0
L -3691.34, -847.865, -54.7, -3686.74, -852.565, -54.7, 0, 0, 0
L -3686.74, -852.565, -54.7, -3690.44, -856.565, -54.7, 0, 0, 0
L -3690.44, -856.565, -54.7, -3687.34, -859.865, -54.7, 0, 0, 0
L -3687.34, -859.865, -54.7, -3687.54, -876.765, -54.7, 0, 0, 0
L -3687.54, -876.765, -54.7, -3699.44, -887.965, -54.7, 0, 0, 0
L -3699.44, -887.965, -54.7, -3715.74, -887.565, -54.7, 0, 0, 0
L -3715.74, -887.565, -54.7, -3726.14, -876.965, -54.7, 0, 0, 0
L -3726.14, -876.965, -54.7, -3728.94, -879.765, -54.7, 0, 0, 0
L -3728.94, -879.765, -54.7, -3725.44, -883.465, -54.7, 0, 0, 0
L -3725.44, -883.465, -54.7, -3730.34, -888.265, -54.7, 0, 0, 0
L -3730.34, -888.265, -54.7, -3733.84, -884.565, -54.7, 0, 0, 0
L -3733.84, -884.565, -54.7, -3737.24, -887.765, -54.7, 0, 0, 0
L -3737.24, -887.765, -54.7, -3753.14, -887.665, -54.7, 0, 0, 0
L -3753.14, -887.665, -54.7, -3763.84, -877.165, -54.7, 0, 0, 0
L -3763.84, -877.165, -54.7, -3774.44, -887.665, -54.7, 0, 0, 0
L -3774.44, -887.665, -54.7, -3790.04, -887.665, -54.7, 0, 0, 0
L -3790.04, -887.665, -54.7, -3794.44, -883.965, -54.7, 0, 0, 0
L -3794.44, -883.965, -54.7, -3798.24, -887.565, -54.7, 0, 0, 0
L -3798.24, -887.565, -54.7, -3802.94, -882.665, -54.7, 0, 0, 0
L -3802.94, -882.665, -54.7, -3799.24, -879.165, -54.7, 0, 0, 0
L -3799.24, -879.165, -54.7, -3802.34, -875.465, -54.7, 0, 0, 0
L -3802.34, -875.465, -54.7, -3802.34, -859.465, -54.7, 0, 0, 0
L -3802.34, -859.465, -54.7, -3790.44, -847.765, -54.7, 0, 0, 0
L -3790.44, -847.765, -54.7, -3774.74, -847.965, -54.7, 0, 0, 0
L -3774.74, -847.965, -54.7, -3763.74, -858.465, -54.7, 0, 0, 0
L -3763.74, -858.465, -54.7, -3753.64, -848.365, -54.7, 0, 0, 0
L -3753.64, -848.365, -54.7, -3750.24, -847.965, -54.7, 0, 0, 0
L -3801.44, -830.465, -54.7, -3801.44, -833.465, -54.7, 0, 0, 0
L -3801.44, -833.465, -54.7, -3812.64, -844.365, -54.7, 0, 0, 0
L -3812.64, -844.365, -54.7, -3829.14, -844.765, -54.7, 0, 0, 0
L -3829.14, -844.765, -54.7, -3833.14, -841.065, -54.7, 0, 0, 0
L -3833.14, -841.065, -54.7, -3836.74, -844.565, -54.7, 0, 0, 0
L -3836.74, -844.565, -54.7, -3841.44, -839.465, -54.7, 0, 0, 0
L -3841.44, -839.465, -54.7, -3838.04, -836.165, -54.7, 0, 0, 0
L -3838.04, -836.165, -54.7, -3841.34, -831.865, -54.7, 0, 0, 0
L -3841.34, -831.865, -54.7, -3841.04, -816.065, -54.7, 0, 0, 0
L -3841.04, -816.065, -54.7, -3829.64, -805.165, -54.7, 0, 0, 0
L -3829.64, -805.165, -54.7, -3813.54, -805.065, -54.7, 0, 0, 0
L -3813.54, -805.065, -54.7, -3801.74, -816.365, -54.7, 0, 0, 0
L -3801.74, -816.365, -54.7, -3801.44, -819.665, -54.7, 0, 0, 0
L -4787.74, 251.535, -54.6, -4784.94, 251.535, -54.6, 0, 0, 0
L -4784.94, 251.535, -54.6, -4773.44, 262.935, -54.6, 0, 0, 0
L -4773.44, 262.935, -54.6, -4773.24, 278.735, -54.6, 0, 0, 0
L -4773.24, 278.735, -54.6, -4784.64, 290.935, -54.6, 0, 0, 0
L -4784.64, 290.935, -54.6, -4801.24, 291.135, -54.6, 0, 0, 0
L -4801.24, 291.135, -54.6, -4804.34, 288.135, -54.6, 0, 0, 0
L -4804.34, 288.135, -54.6, -4807.44, 291.335, -54.6, 0, 0, 0
L -4807.44, 291.335, -54.6, -4812.34, 287.635, -54.6, 0, 0, 0
L -4812.34, 287.635, -54.6, -4809.24, 283.235, -54.6, 0, 0, 0
L -4809.24, 283.235, -54.6, -4812.64, 279.835, -54.6, 0, 0, 0
L -4812.64, 279.835, -54.6, -4812.94, 263.235, -54.6, 0, 0, 0
L -4812.94, 263.235, -54.6, -4800.74, 251.135, -54.6, 0, 0, 0
L -4800.74, 251.135, -54.6, -4797.74, 251.535, -54.6, 0, 0, 0
L -4950.64, -110.265, -54.6, -4950.74, -107.065, -54.6, 0, 0, 0
L -4950.74, -107.065, -54.6, -4962.54, -95.465, -54.6, 0, 0, 0
L -4962.54, -95.465, -54.6, -4979.04, -95.765, -54.6, 0, 0, 0
L -4979.04, -95.765, -54.6, -4990.14, -107.065, -54.6, 0, 0, 0
L -4990.14, -107.065, -54.6, -4990.34, -123.565, -54.6, 0, 0, 0
L -4990.34, -123.565, -54.6, -4987.24, -126.765, -54.6, 0, 0, 0
L -4987.24, -126.765, -54.6, -4990.84, -130.165, -54.6, 0, 0, 0
L -4990.84, -130.165, -54.6, -4986.54, -135.065, -54.6, 0, 0, 0
L -4986.54, -135.065, -54.6, -4982.44, -131.665, -54.6, 0, 0, 0
L -4982.44, -131.665, -54.6, -4977.94, -135.365, -54.6, 0, 0, 0
L -4977.94, -135.365, -54.6, -4962.74, -135.365, -54.6, 0, 0, 0
L -4962.74, -135.365, -54.6, -4951.24, -124.265, -54.6, 0, 0, 0
L -4951.24, -124.265, -54.6, -4950.64, -121.065, -54.6, 0, 0, 0
L -4950.64, -121.065, -54.6, -4952.64, -121.265, -52.3, 0, 0, 0
L -4910.34, -143.465, -54.6, -4912.84, -143.465, -54.6, 0, 0, 0
L -4912.84, -143.465, -54.6, -4923.84, -153.965, -54.6, 0, 0, 0
L -4923.84, -153.965, -54.6, -4934.14, -143.665, -54.6, 0, 0, 0
L -4934.14, -143.665, -54.6, -4950.74, -143.465, -54.6, 0, 0, 0
L -4950.74, -143.465, -54.6, -4962.44, -155.165, -54.6, 0, 0, 0
L -4962.44, -155.165, -54.6, -4962.24, -172.165, -54.6, 0, 0, 0
L -4962.24, -172.165, -54.6, -4959.34, -174.565, -54.6, 0, 0, 0
L -4959.34, -174.565, -54.6, -4962.84, -178.065, -54.6, 0, 0, 0
L -4962.84, -178.065, -54.6, -4956.64, -183.365, -54.6, 0, 0, 0
L -4956.64, -183.365, -54.6, -4954.44, -179.465, -54.6, 0, 0, 0
L -4954.44, -179.465, -54.6, -4950.94, -182.965, -54.6, 0, 0, 0
L -4950.94, -182.965, -54.6, -4933.94, -182.765, -54.6, 0, 0, 0
L -4933.94, -182.765, -54.6, -4923.94, -172.665, -54.6, 0, 0, 0
L -4923.94, -172.665, -54.6, -4913.54, -182.965, -54.6, 0, 0, 0
L -4913.54, -182.965, -54.6, -4897.54, -183.165, -54.6, 0, 0, 0
L -4897.54, -183.165, -54.6, -4893.84, -180.065, -54.6, 0, 0, 0
L -4893.84, -180.065, -54.6, -4889.84, -183.465, -54.6, 0, 0, 0
L -4889.84, -183.465, -54.6, -4885.74, -179.365, -54.6, 0, 0, 0
L -4885.74, -179.365, -54.6, -4889.04, -175.265, -54.6, 0, 0, 0
L -4889.04, -175.265, -54.6, -4886.24, -172.465, -54.6, 0, 0, 0
L -4886.24, -172.465, -54.6, -4875.04, -183.165, -54.6, 0, 0, 0
L -4875.04, -183.165, -54.6, -4858.74, -182.965, -54.6, 0, 0, 0
L -4858.74, -182.965, -54.6, -4847.94, -172.065, -54.6, 0, 0, 0
L -4847.94, -172.065, -54.6, -4847.44, -155.465, -54.6, 0, 0, 0
L -4847.44, -155.465, -54.6, -4850.54, -152.065, -54.6, 0, 0, 0
L -4850.54, -152.065, -54.6, -4846.94, -147.965, -54.6, 0, 0, 0
L -4846.94, -147.965, -54.6, -4851.34, -143.765, -54.6, 0, 0, 0
L -4851.34, -143.765, -54.6, -4855.44, -147.165, -54.6, 0, 0, 0
L -4855.44, -147.165, -54.6, -4859.64, -143.465, -54.6, 0, 0, 0
L -4859.64, -143.465, -54.6, -4875.34, -143.465, -54.6, 0, 0, 0
L -4875.34, -143.465, -54.6, -4886.24, -154.165, -54.6, 0, 0, 0
L -4886.24, -154.165, -54.6, -4896.74, -143.665, -54.6, 0, 0, 0
L -4896.74, -143.665, -54.6, -4899.64, -143.465, -54.6, 0, 0, 0
L -4819.84, -87.965, -54.6, -4819.34, -91.765, -54.6, 0, 0, 0
L -4819.34, -91.765, -54.6, -4807.84, -102.765, -54.6, 0, 0, 0
L -4807.84, -102.765, -54.6, -4791.84, -102.565, -54.6, 0, 0, 0
L -4791.84, -102.565, -54.6, -4780.64, -91.465, -54.6, 0, 0, 0
L -4780.64, -91.465, -54.6, -4780.14, -74.365, -54.6, 0, 0, 0
L -4780.14, -74.365, -54.6, -4783.24, -71.365, -54.6, 0, 0, 0
L -4783.24, -71.365, -54.6, -4779.54, -67.765, -54.6, 0, 0, 0
L -4779.54, -67.765, -54.6, -4785.04, -62.965, -54.6, 0, 0, 0
L -4785.04, -62.965, -54.6, -4788.04, -66.565, -54.6, 0, 0, 0
L -4788.04, -66.565, -54.6, -4792.14, -62.665, -54.6, 0, 0, 0
L -4792.14, -62.665, -54.6, -4807.54, -62.865, -54.6, 0, 0, 0
L -4807.54, -62.865, -54.6, -4819.14, -73.865, -54.6, 0, 0, 0
L -4131.84, -166.065, -54.7, -4135.34, -166.165, -54.7, 0, 0, 0
L -4135.34, -166.165, -54.7, -4146.14, -177.365, -54.7, 0, 0, 0
L -4146.14, -177.365, -54.7, -4146.44, -193.265, -54.7, 0, 0, 0
L -4146.44, -193.265, -54.7, -4134.94, -205.665, -54.7, 0, 0, 0
L -4134.94, -205.665, -54.7, -4119.14, -205.765, -54.7, 0, 0, 0
L -4119.14, -205.765, -54.7, -4115.34, -202.665, -54.7, 0, 0, 0
L -4115.34, -202.665, -54.7, -4112.34, -205.865, -54.7, 0, 0, 0
L -4112.34, -205.865, -54.7, -4106.94, -201.865, -54.7, 0, 0, 0
L -4106.94, -201.865, -54.7, -4110.44, -197.765, -54.7, 0, 0, 0
L -4110.44, -197.765, -54.7, -4106.54, -193.465, -54.7, 0, 0, 0
L -4106.54, -193.465, -54.7, -4106.84, -177.665, -54.7, 0, 0, 0
L -4106.84, -177.665, -54.7, -4117.94, -166.565, -54.7, 0, 0, 0
L -4117.94, -166.565, -54.7, -4121.04, -166.065, -54.7, 0, 0, 0
L -4719.64, -784.365, -54.6, -4732.74, -780.765, -54.6, 100, 50, 0
L -4732.74, -780.765, -54.6, -4738.24, -799.465, -54.6, 100, 50, 0
L -4738.24, -799.465, -54.6, -4719.54, -805.665, -54.6, 100, 50, 0
L -4719.54, -805.665, -54.6, -4717.44, -800.265, -54.6, 100, 50, 0
L -4714.04, -785.765, -54.6, -4719.44, -784.465, -54.6, 100, 50, 0
L -4713.94, -785.665, -54.6, -4713.44, -786.265, -54.6, 100, 50, 0
L -4713.44, -786.265, -54.6, -4714.64, -790.765, -54.6, 100, 50, 0
L -4735.64, -845.065, -54.6, -4721.04, -858.165, -54.6, 100, 50, 0
L -4721.04, -858.165, -54.6, -4707.74, -843.665, -54.6, 100, 50, 0
L -4707.74, -843.665, -54.6, -4711.24, -839.765, -54.6, 100, 50, 0
L -4719.04, -834.265, -54.6, -4723.84, -830.765, -54.6, 100, 50, 0
L -4723.84, -830.765, -54.6, -4735.64, -845.165, -54.6, 100, 50, 0
L -4692.74, -846.665, -54.6, -4692.84, -863.865, -54.6, 100, 50, 0
L -4692.84, -863.865, -54.6, -4673.04, -864.865, -54.6, 100, 50, 0
L -4673.04, -864.865, -54.6, -4672.14, -844.665, -54.6, 100, 50, 0
L -4672.14, -844.665, -54.6, -4677.44, -844.265, -54.6, 100, 50, 0
L -4692.74, -847.065, -54.6, -4692.44, -843.265, -54.6, 100, 50, 0
L -4692.44, -843.265, -54.6, -4687.64, -843.565, -54.6, 100, 50, 0
L -2729.24, -866.365, -54.7, -2726.44, -873.865, -54.7, 0, 0, 0
L -2726.44, -873.865, -54.7, -2725.64, -877.065, -54.7, 0, 0, 0
L -2725.64, -877.065, -54.7, -2732.24, -889.565, -54.7, 0, 0, 0
L -2732.24, -889.565, -54.7, -2746.74, -894.565, -54.1, 0, 0, 0
L -2746.74, -894.565, -54.1, -2761.14, -888.665, -54.7, 0, 0, 0
L -2761.14, -888.665, -54.7, -2766.34, -873.765, -54.7, 0, 0, 0
L -2766.34, -873.765, -54.7, -2759.84, -860.265, -54.7, 0, 0, 0
L -2759.84, -860.265, -54.7, -2745.14, -854.965, -54.7, 0, 0, 0
L -2745.14, -854.965, -54.7, -2741.94, -856.265, -54.7, 0, 0, 0
L -2697.14, -882.965, -54.6, -2686.94, -892.365, -54.7, 0, 0, 0
L -2686.94, -892.365, -54.7, -2671.64, -892.165, -54.7, 0, 0, 0
L -2671.64, -892.165, -54.7, -2660.74, -881.065, -54.7, 0, 0, 0
L -2660.74, -881.065, -54.7, -2661.54, -866.465, -54.7, 0, 0, 0
L -2661.54, -866.465, -54.7, -2672.24, -855.265, -54.7, 0, 0, 0
L -2672.24, -855.265, -54.7, -2688.44, -855.965, -54.7, 0, 0, 0
L -2688.44, -855.965, -54.7, -2690.24, -857.965, -54.7, 0, 0, 0
L -2697.54, -865.065, -54.7, -2698.84, -867.565, -54.7, 0, 0, 0
L -2698.84, -867.565, -54.7, -2697.64, -882.865, -54.7, 0, 0, 0
L -2666.94, -838.965, -54.7, -2660.34, -843.765, -54.7, 0, 0, 0
L -2660.34, -843.765, -54.7, -2650.74, -842.665, -54.7, 0, 0, 0
L -2650.74, -842.665, -54.7, -2644.94, -834.865, -54.7, 0, 0, 0
L -2644.94, -834.865, -54.7, -2646.44, -826.065, -54.7, 0, 0, 0
L -2646.44, -826.065, -54.7, -2654.64, -819.865, -54.7, 0, 0, 0
L -2654.64, -819.865, -54.7, -2663.84, -821.765, -54.7, 0, 0, 0
L -2663.84, -821.765, -54.7, -2668.44, -828.465, -54.7, 0, 0, 0
L -2668.44, -828.465, -54.7, -2668.64, -830.865, -54.7, 0, 0, 0
L -2666.94, -838.865, -54.7, -2667.74, -837.165, -54.7, 0, 0, 0
L -3172.44, 496.535, -58.0, -3158.94, 496.335, -57.5, 0, 0, 0
L -3158.94, 496.335, -57.5, -3158.64, 474.435, -57.1, 0, 0, 0
L -3158.64, 474.435, -57.1, -3166.64, 474.335, -57.4, 0, 0, 0
L -3173.94, 474.135, -57.6, -3178.94, 474.135, -57.7, 0, 0, 0
L -3178.94, 474.135, -57.7, -3180.34, 476.735, -57.8, 0, 0, 0
L -3180.34, 476.735, -57.8, -3180.14, 495.635, -58.2, 0, 0, 0
L -3180.14, 495.635, -58.2, -3179.64, 496.235, -58.2, 0, 0, 0
L -3179.64, 496.235, -58.2, -3171.54, 496.535, -57.9, 0, 0, 0
L 304.96, 1167.735, 41.0, 180.76, 1162.235, -16.0, 150, 150, 150
L 180.76, 1162.235, -16.0, -41.54, 936.035, -31.3, 150, 150, 150
L -41.54, 936.035, -31.3, -259.44, 1032.235, -40.5, 150, 150, 150
L -259.44, 1032.235, -40.5, -305.04, 862.835, -12.3, 150, 150, 150
L -305.04, 862.835, -12.3, -276.94, 810.635, -12.5, 150, 150, 150
L -276.94, 810.635, -12.5, -332.94, 628.135, -31.4, 150, 150, 150
L -332.94, 628.135, -31.4, -410.64, 659.235, -39.0, 150, 150, 150
L -410.64, 659.235, -39.0, -504.94, 846.735, -21.6, 150, 150, 150
L -504.94, 846.735, -21.6, -573.84, 993.735, -51.6, 150, 150, 150
L -573.84, 993.735, -51.6, -575.44, 1035.235, -51.6, 150, 150, 150
L -575.44, 1035.235, -51.6, -655.74, 1009.335, -51.6, 150, 150, 150
L -655.74, 1009.335, -51.6, -778.64, 1001.535, -51.6, 150, 150, 150
L -778.64, 1001.535, -51.6, -1002.14, 761.235, -51.6, 150, 150, 150
L -1002.14, 761.235, -51.6, -1310.34, 758.935, -51.6, 150, 150, 150
L -1310.34, 758.935, -51.6, -1401.94, 831.035, -49.8, 150, 150, 150
L -1401.94, 831.035, -49.8, -1537.34, 729.135, -51.6, 150, 150, 150
L -1537.34, 729.135, -51.6, -1625.64, 551.935, -51.6, 150, 150, 150
L -1625.64, 551.935, -51.6, -1743.94, 335.935, -51.6, 150, 150, 150
L -1743.94, 335.935, -51.6, -1969.34, 352.335, -51.6, 150, 150, 150
L -1969.34, 352.335, -51.6, -2030.84, 438.735, -42.2, 150, 150, 150
L -2030.84, 438.735, -42.2, -2130.34, 670.935, -49.2, 150, 150, 150
L -2130.34, 670.935, -49.2, -2115.94, 723.135, -46.6, 150, 150, 150
L -2115.94, 723.135, -46.6, -2216.14, 831.935, -51.6, 150, 150, 150
L -2216.14, 831.935, -51.6, -2360.54, 806.235, -51.6, 150, 150, 150
L -2360.54, 806.235, -51.6, -2454.54, 726.535, -51.6, 150, 150, 150
L -2454.54, 726.535, -51.6, -2621.94, 548.835, -51.6, 150, 150, 150
L -2621.94, 548.835, -51.6, -2776.24, 698.435, -51.6, 150, 150, 150
L -2776.24, 698.435, -51.6, -2994.74, 833.135, -48.4, 150, 150, 150
L -2994.74, 833.135, -48.4, -3177.84, 747.235, -51.6, 150, 150, 150
L -3177.84, 747.235, -51.6, -3305.94, 731.235, -56.1, 150, 150, 150
L -3305.94, 731.235, -56.1, -3694.34, 745.835, -108.0, 150, 150, 150
L -3694.34, 745.835, -108.0, -3822.84, 874.635, -60.6, 150, 150, 150
L -3822.84, 874.635, -60.6, -3950.54, 990.435, -48.2, 150, 150, 150
L -3950.54, 990.435, -48.2, -4156.74, 1033.135, -51.6, 150, 150, 150
L -4156.74, 1033.135, -51.6, -4577.64, 1044.835, -51.5, 150, 150, 150
L -4577.64, 1044.835, -51.5, -4786.84, 993.835, -51.5, 150, 150, 150
L -4786.84, 993.835, -51.5, -4945.64, 835.035, -51.5, 150, 150, 150
L -4945.64, 835.035, -51.5, -5085.64, 669.035, -69.3, 150, 150, 150
L -3175.54, 414.635, -58.0, -3175.54, 412.335, -58.0, 0, 0, 0
L -3175.54, 412.335, -58.0, -3185.94, 401.935, -58.0, 0, 0, 0
L -3185.94, 401.935, -58.0, -3200.64, 401.935, -58.0, 0, 0, 0
L -3200.64, 401.935, -58.0, -3203.84, 405.135, -58.0, 0, 0, 0
L -3208.74, 410.035, -58.0, -3211.04, 412.335, -58.0, 0, 0, 0
L -3211.04, 412.335, -58.0, -3211.04, 427.035, -58.0, 0, 0, 0
L -3211.04, 427.035, -58.0, -3200.64, 437.435, -58.0, 0, 0, 0
L -3200.64, 437.435, -58.0, -3185.94, 437.435, -58.0, 0, 0, 0
L -3185.94, 437.435, -58.0, -3175.54, 427.035, -58.0, 0, 0, 0
L -3175.54, 427.035, -58.0, -3175.54, 425.235, -58.0, 0, 0, 0
L -3177.94, 494.135, -60.1, -3178.04, 476.535, -59.6, 0, 0, 0
L -3178.04, 476.535, -59.6, -3173.74, 476.535, -59.5, 0, 0, 0
L -3165.24, 476.535, -59.3, -3160.44, 476.535, -59.1, 0, 0, 0
L -3160.44, 476.535, -59.1, -3160.34, 494.135, -59.4, 0, 0, 0
L -3160.34, 494.135, -59.4, -3177.94, 494.135, -60.1, 0, 0, 0
L -3141.84, 477.835, -54.7, -3141.84, 463.135, -54.7, 0, 0, 0
L -3141.84, 463.135, -54.7, -3139.54, 460.735, -54.7, 0, 0, 0
L -3134.64, 455.935, -54.7, -3131.44, 452.735, -54.7, 0, 0, 0
L -3116.74, 452.735, -54.7, -3128.94, 452.735, -54.7, 0, 0, 0
L -3128.94, 452.735, -54.7, -3131.44, 452.735, -54.7, 0, 0, 0
L -3116.74, 452.735, -54.7, -3106.34, 463.135, -54.7, 0, 0, 0
L -3106.34, 463.135, -54.7, -3106.34, 465.235, -54.7, 0, 0, 0
L -3141.84, 477.835, -54.7, -3131.44, 488.235, -54.7, 0, 0, 0
L -3131.44, 488.235, -54.7, -3116.74, 488.235, -54.7, 0, 0, 0
L -3116.74, 488.235, -54.7, -3106.34, 477.835, -54.7, 0, 0, 0
L -3106.34, 477.835, -54.7, -3106.34, 475.535, -54.7, 0, 0, 0
L -3104.34, 465.535, -54.7, -3104.34, 463.235, -54.7, 0, 0, 0
L -3104.34, 463.235, -54.7, -3093.84, 452.835, -54.7, 0, 0, 0
L -3093.84, 452.835, -54.7, -3091.54, 452.835, -54.7, 0, 0, 0
L -3081.24, 452.835, -54.7, -3079.14, 452.835, -54.7, 0, 0, 0
L -3079.14, 452.835, -54.7, -3068.74, 463.235, -54.7, 0, 0, 0
L -3068.74, 463.235, -54.7, -3068.74, 465.435, -54.7, 0, 0, 0
L -3068.74, 476.335, -54.7, -3068.74, 477.935, -54.7, 0, 0, 0
L -3068.74, 477.935, -54.7, -3079.14, 488.335, -54.7, 0, 0, 0
L -3079.14, 488.335, -54.7, -3087.44, 488.335, -54.7, 0, 0, 0
L -3087.44, 488.335, -54.7, -3087.44, 482.535, -54.7, 205, 133, 63
L -3087.44, 482.535, -54.7, -3082.64, 482.235, -54.7, 205, 133, 63
L -3082.64, 482.235, -54.7, -3082.84, 479.035, -54.7, 205, 133, 63
L -3082.84, 479.035, -54.7, -3090.44, 479.435, -54.7, 205, 133, 63
L -3090.44, 479.435, -54.7, -3090.74, 488.335, -54.7, 205, 133, 63
L -3090.74, 488.335, -54.7, -3093.84, 488.335, -54.7, 0, 0, 0
L -3093.84, 488.335, -54.7, -3096.24, 485.935, -54.7, 0, 0, 0
L -3101.14, 481.135, -54.7, -3104.34, 477.835, -54.7, 0, 0, 0
L -3104.34, 477.835, -54.7, -3104.34, 475.935, -54.7, 0, 0, 0
L -3066.74, 465.435, -54.7, -3066.74, 463.435, -54.7, 0, 0, 0
L -3066.74, 463.435, -54.7, -3056.34, 453.035, -54.7, 0, 0, 0
L -3056.34, 453.035, -54.7, -3041.54, 453.135, -54.7, 0, 0, 0
L -3041.54, 453.135, -54.7, -3031.24, 463.435, -54.7, 0, 0, 0
L -3031.24, 463.435, -54.7, -3031.24, 478.135, -54.7, 0, 0, 0
L -3031.24, 478.135, -54.7, -3033.54, 480.535, -54.7, 0, 0, 0
L -3038.44, 485.435, -54.7, -3041.64, 488.535, -54.7, 0, 0, 0
L -3041.64, 488.535, -54.7, -3056.34, 488.535, -54.7, 0, 0, 0
L -3056.34, 488.535, -54.7, -3066.74, 478.135, -54.7, 0, 0, 0
L -3066.74, 478.135, -54.7, -3066.74, 476.235, -54.7, 0, 0, 0
L 786.66, -15.465, -52.6, 785.46, -15.465, -52.6, 0, 0, 0
L 785.46, -15.465, -52.6, 775.06, -25.865, -52.6, 0, 0, 0
L 775.06, -25.865, -52.6, 775.06, -40.565, -52.6, 0, 0, 0
L 775.06, -40.565, -52.6, 785.46, -50.965, -52.6, 0, 0, 0
L 785.46, -50.965, -52.6, 800.16, -50.965, -52.6, 0, 0, 0
L 800.16, -50.965, -52.6, 802.56, -48.665, -52.6, 0, 0, 0
L 807.46, -43.765, -52.6, 810.56, -40.565, -52.6, 0, 0, 0
L 810.56, -40.565, -52.6, 810.56, -25.865, -52.6, 0, 0, 0
L 810.56, -25.865, -52.6, 800.16, -15.465, -52.6, 0, 0, 0
L 800.16, -15.465, -52.6, 798.46, -15.465, -52.6, 0, 0, 0
L 789.06, 312.735, -52.4, 791.16, 312.735, -52.4, 0, 0, 0
L 791.16, 312.735, -52.4, 801.56, 323.135, -52.4, 0, 0, 0
L 801.56, 323.135, -52.4, 801.56, 337.835, -52.4, 0, 0, 0
L 801.56, 337.835, -52.4, 791.16, 348.235, -52.4, 0, 0, 0
L 791.16, 348.235, -52.4, 776.66, 348.235, -52.4, 0, 0, 0
L 776.66, 348.235, -52.4, 774.06, 345.935, -52.4, 0, 0, 0
L 769.16, 341.035, -52.4, 765.96, 337.835, -52.4, 0, 0, 0
L 765.96, 337.835, -52.4, 766.06, 323.135, -52.4, 0, 0, 0
L 766.06, 323.135, -52.4, 776.46, 312.735, -52.4, 0, 0, 0
L 776.46, 312.735, -52.4, 778.56, 312.735, -52.4, 0, 0, 0
L 741.96, 280.435, -52.1, 741.96, 281.935, -52.1, 0, 0, 0
L 741.96, 281.935, -52.1, 731.56, 292.335, -52.1, 0, 0, 0
L 731.56, 292.335, -52.1, 717.06, 292.335, -52.1, 0, 0, 0
L 717.06, 292.335, -52.1, 706.46, 281.935, -52.1, 0, 0, 0
L 706.46, 281.935, -52.1, 706.46, 267.235, -52.1, 0, 0, 0
L 706.46, 267.235, -52.1, 708.76, 264.935, -52.1, 0, 0, 0
L 713.66, 260.035, -52.1, 716.86, 256.835, -52.1, 0, 0, 0
L 716.86, 256.835, -52.1, 731.56, 256.835, -52.1, 0, 0, 0
L 731.56, 256.835, -52.1, 741.96, 267.235, -52.1, 0, 0, 0
L 741.96, 267.235, -52.1, 741.96, 269.435, -52.1, 0, 0, 0
L -173.44, 317.835, -52.9, -171.84, 317.835, -52.9, 0, 0, 0
L -171.84, 317.835, -52.9, -161.44, 328.235, -52.9, 0, 0, 0
L -161.44, 328.235, -52.9, -161.44, 330.535, -52.9, 0, 0, 0
L -159.44, 330.135, -52.9, -159.44, 328.435, -52.9, 0, 0, 0
L -159.44, 328.435, -52.9, -149.04, 318.035, -52.9, 0, 0, 0
L -149.04, 318.035, -52.9, -134.34, 318.035, -52.9, 0, 0, 0
L -134.34, 318.035, -52.9, -123.94, 328.435, -52.9, 0, 0, 0
L -123.94, 328.435, -52.9, -123.94, 343.235, -52.9, 0, 0, 0
L -123.94, 343.235, -52.9, -126.34, 345.535, -52.9, 0, 0, 0
L -131.14, 350.435, -52.9, -134.34, 353.535, -52.9, 0, 0, 0
L -134.34, 353.535, -52.9, -149.04, 353.535, -52.9, 0, 0, 0
L -149.04, 353.535, -52.9, -159.44, 343.135, -52.9, 0, 0, 0
L -159.44, 343.135, -52.9, -159.44, 341.435, -52.9, 0, 0, 0
L -161.44, 341.235, -52.9, -161.44, 342.935, -52.9, 0, 0, 0
L -161.44, 342.935, -52.9, -171.84, 353.335, -52.9, 0, 0, 0
L -171.84, 353.335, -52.9, -183.64, 353.335, -52.9, 0, 0, 0
L -183.64, 353.335, -52.9, -183.64, 349.335, -52.9, 205, 133, 63
L -183.64, 349.335, -52.9, -176.24, 348.735, -52.9, 205, 133, 63
L -176.24, 348.735, -52.9, -176.74, 346.035, -52.9, 205, 133, 63
L -176.74, 346.035, -52.9, -184.44, 346.235, -52.9, 205, 133, 63
L -184.44, 346.235, -52.9, -186.84, 346.635, -52.9, 205, 133, 63
L -186.84, 346.635, -52.9, -186.84, 353.035, -52.9, 205, 133, 63
L -186.84, 353.035, -52.9, -188.94, 351.035, -52.9, 0, 0, 0
L -193.84, 346.135, -52.9, -197.04, 342.835, -52.9, 0, 0, 0
L -197.04, 342.835, -52.9, -197.04, 340.635, -52.9, 0, 0, 0
L -199.04, 340.835, -52.9, -199.04, 342.835, -52.9, 0, 0, 0
L -199.04, 342.835, -52.9, -209.44, 353.235, -52.9, 0, 0, 0
L -209.44, 353.235, -52.9, -224.14, 353.235, -52.9, 0, 0, 0
L -224.14, 353.235, -52.9, -234.54, 342.835, -52.9, 0, 0, 0
L -234.54, 342.835, -52.9, -234.54, 328.135, -52.9, 0, 0, 0
L -234.54, 328.135, -52.9, -232.24, 325.735, -52.9, 0, 0, 0
L -227.34, 320.935, -52.9, -224.24, 317.735, -52.9, 0, 0, 0
L -224.24, 317.735, -52.9, -209.44, 317.735, -52.9, 0, 0, 0
L -209.44, 317.735, -52.9, -199.04, 328.135, -52.9, 0, 0, 0
L -199.04, 328.135, -52.9, -199.04, 330.635, -52.9, 0, 0, 0
L -197.04, 330.135, -52.9, -197.04, 328.335, -52.9, 0, 0, 0
L -197.04, 328.335, -52.9, -186.54, 317.835, -52.9, 0, 0, 0
L -186.54, 317.835, -52.9, -184.24, 317.835, -52.9, 0, 0, 0
L 1510.86, -424.165, -50.7, 1681.16, -424.165, -50.7, 0, 0, 0
L 1525.76, 729.535, -50.7, 1681.16, 729.535, -50.7, 0, 0, 0
L -5024.54, 1329.635, 75.9, -5214.64, 1329.635, 75.9, 0, 0, 0
L -5002.94, -1015.265, 88.4, -5214.64, -1015.265, 88.4, 0, 0, 0
L -4897.74, -180.965, -51.8, -4900.94, -180.965, -51.8, 0, 0, 0
L -4895.24, -178.665, -51.8, -4890.34, -173.765, -51.8, 0, 0, 0
L -4885.14, -169.265, -51.8, -4887.14, -169.165, -51.8, 0, 0, 0
L -4885.14, -157.965, -51.8, -4887.14, -157.965, -51.8, 0, 0, 0
L -4851.94, -153.465, -51.8, -4856.84, -148.565, -51.8, 0, 0, 0
L -4899.24, -145.465, -51.8, -4899.64, -143.465, -54.6, 0, 0, 0
L -4911.14, -145.465, -51.8, -4910.34, -143.465, -54.6, 0, 0, 0
L -4924.74, -157.165, -51.8, -4922.74, -158.165, -51.8, 0, 0, 0
L -4922.74, -168.765, -51.8, -4924.74, -168.665, -51.8, 0, 0, 0
L -4952.64, -109.965, -52.3, -4950.64, -110.265, -54.6, 0, 0, 0
L -4980.94, -130.265, -52.3, -4985.84, -125.365, -52.3, 0, 0, 0
L -4953.04, -178.065, -51.8, -4957.94, -173.165, -51.8, 0, 0, 0
L -4818.04, -77.865, -51.9, -4819.84, -76.565, -54.6, 0, 0, 0
L -4817.74, -88.465, -52.3, -4819.84, -87.965, -54.6, 0, 0, 0
L -4819.84, -76.565, -54.6, -4819.14, -73.865, -54.6, 0, 0, 0
L -4116.74, -201.265, -52.4, -4111.84, -196.365, -52.4, 0, 0, 0
L -4121.64, -168.065, -52.4, -4121.04, -166.065, -54.7, 0, 0, 0
L -4131.84, -168.065, -52.4, -4131.84, -166.065, -52.4, 0, 0, 0
L -3739.54, -849.965, -53.1, -3739.54, -847.965, -54.7, 0, 0, 0
L -3750.84, -849.965, -53.1, -3750.24, -847.965, -54.7, 0, 0, 0
L -3803.44, -830.365, -52.6, -3801.44, -830.465, -54.7, 0, 0, 0
L -3803.44, -819.465, -52.6, -3801.44, -819.665, -54.7, 0, 0, 0
L -3831.74, -839.665, -52.6, -3836.64, -834.865, -52.6, 0, 0, 0
L -3797.84, -877.765, -53.1, -3792.94, -882.565, -53.1, 0, 0, 0
L -3764.64, -873.865, -53.1, -3762.64, -874.065, -53.1, 0, 0, 0
L -3762.84, -863.165, -53.1, -3764.74, -862.165, -53.1, 0, 0, 0
L -3727.04, -872.565, -53.1, -3725.04, -873.165, -53.1, 0, 0, 0
L -3691.94, -857.965, -53.1, -3696.74, -853.065, -53.1, 0, 0, 0
L -3727.04, -861.865, -53.1, -3725.04, -862.665, -53.1, 0, 0, 0
L -3735.14, -883.165, -53.1, -3730.34, -878.265, -53.1, 0, 0, 0
L -3740.24, -885.465, -53.1, -3743.44, -885.465, -53.1, 0, 0, 0
L -3175.54, 425.235, -58.0, -3173.44, 425.235, -58.3, 0, 0, 0
L -3208.74, 410.035, -58.0, -3203.84, 405.135, -58.0, 0, 0, 0
L -3175.54, 414.635, -58.0, -3173.54, 414.635, -58.0, 0, 0, 0
L -3166.64, 474.335, -57.4, -3165.24, 476.535, -59.3, 0, 0, 0
L -3173.94, 474.135, -57.6, -3173.74, 476.535, -59.5, 0, 0, 0
L -3134.64, 455.935, -54.7, -3139.54, 460.735, -54.7, 0, 0, 0
L -3106.34, 465.235, -54.7, -3104.34, 465.535, -54.7, 0, 0, 0
L -3106.34, 475.535, -54.7, -3104.34, 475.935, -54.7, 0, 0, 0
L -3101.14, 481.135, -54.7, -3096.24, 485.935, -54.7, 0, 0, 0
L -3091.54, 452.835, -54.7, -3090.74, 450.835, -55.4, 0, 0, 0
L -3081.24, 450.835, -55.2, -3081.24, 452.835, -54.7, 0, 0, 0
L -3087.44, 488.335, -54.7, -3090.74, 488.335, -54.7, 0, 0, 0
L -3066.74, 476.235, -54.7, -3068.74, 476.335, -54.7, 0, 0, 0
L -3068.74, 465.435, -54.7, -3066.74, 465.435, -54.7, 0, 0, 0
L -3033.54, 480.535, -54.7, -3038.44, 485.435, -54.7, 0, 0, 0
L -1747.44, 260.735, -52.4, -1742.64, 265.535, -52.4, 0, 0, 0
L -1738.24, 230.335, -54.7, -1738.74, 232.435, -52.4, 0, 0, 0
L -1727.14, 232.435, -52.4, -1727.44, 230.335, -54.7, 0, 0, 0
L -1710.04, 275.535, -54.7, -1710.94, 275.935, -54.7, 0, 0, 0
L -1705.94, 281.335, -54.7, -1705.44, 280.235, -54.7, 0, 0, 0
L -1078.64, -425.165, -54.7, -1078.14, -426.265, -54.7, 0, 0, 0
L -1085.44, -431.965, -54.7, -1086.04, -430.965, -54.7, 0, 0, 0
L -1038.84, -433.165, -54.7, -1038.84, -431.165, -52.6, 0, 0, 0
L -1028.04, -433.165, -54.7, -1027.74, -431.165, -52.6, 0, 0, 0
L -1048.14, -402.865, -52.6, -1043.24, -397.965, -52.6, 0, 0, 0
L -973.34, -439.865, -52.6, -973.24, -441.865, -54.7, 0, 0, 0
L -962.24, -441.965, -54.7, -961.64, -439.865, -52.6, 0, 0, 0
L -982.44, -411.565, -52.6, -977.54, -406.765, -52.6, 0, 0, 0
L -1070.14, -479.865, -52.4, -1068.14, -479.865, -54.7, 0, 0, 0
L -1068.14, -490.665, -54.7, -1070.14, -490.465, -52.4, 0, 0, 0
L -1098.44, -499.865, -52.4, -1103.34, -495.065, -52.4, 0, 0, 0
L -183.64, 353.335, -52.9, -186.84, 353.035, -52.9, 0, 0, 0
L -199.04, 340.835, -52.9, -197.04, 340.635, -52.9, 0, 0, 0
L -193.84, 346.135, -52.9, -188.94, 351.035, -52.9, 0, 0, 0
L -197.04, 330.135, -52.9, -199.04, 330.635, -52.9, 0, 0, 0
L -227.34, 320.935, -52.9, -232.24, 325.735, -52.9, 0, 0, 0
L -184.04, 315.835, -53.5, -184.24, 317.835, -52.9, 0, 0, 0
L -173.94, 315.835, -53.9, -173.44, 317.835, -52.9, 0, 0, 0
L -161.44, 330.535, -52.9, -159.44, 330.135, -52.9, 0, 0, 0
L -159.44, 341.435, -52.9, -161.44, 341.235, -52.9, 0, 0, 0
L -126.34, 345.535, -52.9, -131.14, 350.435, -52.9, 0, 0, 0
L 713.66, 260.035, -52.1, 708.76, 264.935, -52.1, 0, 0, 0
L 743.96, 269.235, -54.4, 741.96, 269.435, -52.1, 0, 0, 0
L 743.96, 280.035, -54.4, 741.96, 280.435, -52.1, 0, 0, 0
L 778.36, 310.735, -54.4, 778.56, 312.735, -52.4, 0, 0, 0
L 789.16, 310.735, -54.4, 789.06, 312.735, -52.4, 0, 0, 0
L 769.16, 341.035, -52.4, 774.06, 345.935, -52.4, 0, 0, 0
L 802.56, -48.665, -52.6, 807.46, -43.765, -52.6, 0, 0, 0
L 798.46, -15.465, -52.6, 798.16, -13.465, -54.4, 0, 0, 0
L 786.66, -15.465, -52.6, 787.36, -13.465, -54.4, 0, 0, 0
L -4807.84, 281.835, -54.0, -4803.04, 286.635, -54.0, 0, 0, 0
L -4797.74, 251.535, -54.6, -4799.04, 253.535, -54.0, 0, 0, 0
L -4787.74, 251.535, -54.6, -4787.74, 253.535, -54.6, 0, 0, 0
L -4503.94, 143.435, -51.5, -4512.64, 143.435, -51.5, 205, 133, 63
L -689.44, -1371.465, -17.8, -682.74, -1395.565, -17.8, 0, 0, 0
L -646.94, -1374.065, -17.4, -640.74, -1395.565, -17.3, 0, 0, 0
