P 1495.973, 138.984, -50.7177, 255, 0, 0, 3, to_West_Freeport
P -678.331, -1331.157, -17.7802, 255, 0, 0, 3, to_Nektulos_Forest
P -42.333, 2579.63, 3.7510, 255, 0, 0, 3, to_North_Desert_of_Ro
P -5014.971, 143.465, -70.6922, 255, 0, 0, 3, to_West_Commonlands
P -56.589, 1815.22, 3.7510, 0, 128, 0, 2, Rushka_(Spells)
P 69.77, 1833.829, 3.7510, 0, 128, 0, 2, Shady_(Merchant)
P -3818.282, -827.468, -49.5240, 0, 128, 0, 2, Joryd_(Fletcher)
P -4119.311, -187.95, -49.2740, 0, 128, 0, 2, Romya_(Merchant)
P -4802.815, -81.64, -49.1293, 0, 128, 0, 2, Katha_(Gems)
P -3127.343, 467.959, -51.5937, 0, 128, 0, 2, Loric_(Tailor)
P -300.16, 270.607, -48.9186, 0, 128, 0, 2, Parthar_(Bar)
P -90.125, 287.229, -50.7259, 0, 128, 0, 2, Merra_(Pottery)
P 790.538, -32.519, -49.4759, 0, 128, 0, 2, Ponila_(Weapons)
P 726.704, 273.582, -49.6009, 0, 128, 0, 2, Pardor_(Merchant)
P 784.088, 336.521, -49.8509, 128, 128, 128, 2, Rinna_(GM_Cleric)
