P -50.175, 194.095, 1.5276, 240, 0, 0, 3, to_Innothule_Swamp
P 10.283, 30.783, 0.0019, 255, 0, 0, 2, Priest_of_Discord
P -0.175, 164.095, 0.0000, 255, 0, 0, 2, Succor
P 557.293, -390.868, 10.0989, 255, 210, 0, 2, Spinkit_(Banker)
P -182.353, -155.562, 2.0019, 128, 0, 128, 2, Oven
P 405.31, -402.862, -9.9969, 128, 0, 128, 2, Loom
P 399.133, -470.788, -9.9979, 128, 0, 128, 2, Oven
P 192.742, -347.67, -9.9979, 128, 0, 128, 2, Forge
P 218.211, -468.295, -25.9979, 128, 0, 128, 2, Troll_Forge_(Cultural)
P 159.115, -427.361, -9.9979, 128, 0, 128, 2, Kiln
P 142.381, -376.788, -9.9979, 128, 0, 128, 2, Pottery_Wheel
P 335.556, -24.746, 4.0019, 128, 0, 128, 2, Brew_Barrel
P 81.598, -102.249, 0.0019, 0, 240, 0, 2, Zignal_Luk_(Tribute_Master)
P -78.43, -4.381, 1.4108, 0, 0, 0, 2, Snog_(Soulbinder)
P 90.553, -324.907, -1.4276, 0, 240, 0, 2, Grallvek_(Parcels)
P 414.308, -618.804, -9.9979, 0, 128, 0, 2, Okun_(Smithing)
P 631.086, -426.005, 10.0019, 0, 128, 0, 2, Kramf_(Shadow_Knight_Spells)
P 621.181, -458.419, 10.0019, 0, 128, 0, 2, Crilt_(Shadow_Knight_Spells)
P 633.786, -452.267, 10.0989, 0, 128, 0, 2, Trusk_(Shadow_Knight_Spells)
P 1009.031, -376.824, 10.0019, 0, 128, 0, 2, Gluku_(Weapons)
P 206.619, -438.669, -9.9979, 0, 128, 0, 2, Garklog_(Baking_&_Smithing)
P 237.456, -447.142, -9.9979, 0, 128, 0, 2, Iksopa_(Armor)
P 220.12, -451.151, -9.9979, 0, 128, 0, 2, Bimuk_(General)
P 392.75, -304.555, 0.0019, 0, 128, 0, 2, Tracab_(Beastlord_Spells)
P 399.457, -284.205, 0.0019, 0, 128, 0, 2, Tokun_(Shaman_Spells)
P 405.787, -261.439, 0.0019, 0, 128, 0, 2, Hoart_(Shaman_Spells)
P 414.563, -238.009, 0.0019, 0, 128, 0, 2, Barsk_(Shaman_Spells)
P 420.132, -219.643, 0.0019, 0, 128, 0, 2, Cralk_(Shaman_Spells)
P 439.039, -235.623, 0.0019, 0, 128, 0, 2, Korff_(Shaman_Spells)
P 494.524, -268.525, 0.0019, 0, 128, 0, 2, Zumzal_(General)
P 418.825, -345.143, 0.0019, 0, 128, 0, 2, Grabah_(Alchemy)
P 429.423, -348.423, 0.0019, 0, 128, 0, 2, Blergagg_(Alchemy)
P 447.474, -358.09, 0.0019, 0, 128, 0, 2, Glubtak_(Beastlord_Spells)
P 392.356, -377.404, -9.9979, 0, 128, 0, 2, Raztara_(Alchemist)
P 318.245, -497.847, -9.9979, 0, 128, 0, 2, Uzak_(Jewelcrafting)
P 430.16, 46.723, 49.9706, 0, 128, 0, 2, Chamt_(Shaman_Spells)
P 272.47, -378.217, -9.9979, 0, 128, 0, 2, Zazhar_(Fletching)
P 179.84, -392.055, -9.9979, 0, 128, 0, 2, Rezslog_(Jewelcrafting)
P 172.119, -375.471, -9.9979, 0, 128, 0, 2, Vynugga_(Pottery)
P 214.047, -147.153, 0.0019, 0, 128, 0, 2, Kagbkek_(Merchant)
P 274.472, -175.472, 0.0019, 0, 128, 0, 2, Chopper_Brenga_(Baking)
P 306.025, -76.589, 4.0019, 0, 128, 0, 2, Gartonka_(Brewing)
P 280.225, -91.52, 4.0019, 0, 128, 0, 2, Zatok_(Bar)
P 374.45, -66.942, 4.0019, 0, 128, 0, 2, Wista_(General)
P 395.194, 12.146, 4.0019, 0, 128, 0, 2, Graktak_(Satchels)
P 32.791, -167.991, 0.0019, 0, 128, 0, 2, Ootok_(General)
P -136.01, -137.36, -9.9979, 0, 128, 0, 2, Luruk_Dridor_(Berserker_Tomes)
P 119.33, -245.057, 0.0019, 128, 128, 128, 2, Hergor_(GM_Warrior)
P 121.026, -196.588, 2.3271, 128, 128, 128, 2, Kraiga_(GM_Warrior)
P 223.502, -158.983, 0.0019, 128, 128, 128, 2, Gralok_(GM_Warrior)
P 633.734, -551.832, 10.0019, 128, 128, 128, 2, Rohga_(GM_Shadow_Knight)
P 906.146, -420.424, 10.0019, 128, 128, 128, 2, Treskar_(GM_Shadow_Knight)
P 957.061, -445.762, 10.0019, 128, 128, 128, 2, Hukulk_(GM_Shadow_Knight)
P 1026.066, -379.936, 10.0019, 128, 128, 128, 2, Vergad_(GM_Shadow_Knight)
P 458.048, -282.656, 0.0019, 128, 128, 128, 2, Jocka_(GM_Shaman)
P 489.057, 46.752, 49.9706, 128, 128, 128, 2, Kaglari_(GM_Shaman)
P 463.209, 131.336, 69.9706, 128, 128, 128, 2, Bregna_(GM_Shaman)
P 420.231, 67.324, 69.9706, 128, 128, 128, 2, Gardunk_(GM_Beastlord)
P 495.332, 68.415, 69.9706, 128, 128, 128, 2, Urako_(GM_Shaman)
P 169.171, -240.078, 22.0019, 128, 128, 128, 2, Ranjor_(GM_Warrior)
P -138.293, -174.542, -9.9979, 128, 128, 128, 2, Daboo_Dogak_(GM_Berserker)
P 308.05, -108.383, 4.0019, 240, 240, 240, 2, Gunthak`s_Betch
P 236.37, -52.421, 4.0019, 0, 127, 0, 2, Harcork_(Mercenary_Liason)
P 445.735, -612.312, -9.9979, 240, 240, 240, 2, Nightkeep
P 294.975, -326.124, -9.8929, 0, 127, 0, 2, Jarlok_(Armor)
P 206.844, -412.221, -9.9979, 240, 240, 240, 2, Krungs_Clubs_+_Junk
P 568.039, -543.37, -7.8609, 0, 0, 0, 2, Rasrok_the_Blotched
P 431.841, -530.494, -9.7365, 0, 127, 0, 2, Sanfik_(Weapons)
P 89.641, -224.073, 0.2623, 240, 240, 240, 2, Da_Bashn_Place
P 454.7, 164.47, 75.9696, 240, 240, 240, 2, Jail
P 438.849, 122.126, 69.9706, 0, 0, 0, 2, Savarixsa_Zexus
P 466.224, 6.032, 49.9706, 0, 0, 0, 2, Prashnak
P 172.082, -163.246, 0.0019, 0, 0, 0, 2, Goldush
P 339.384, -43.727, 4.1013, 0, 127, 127, 2, Artisan_Zermak_(Trade_Skill_Quests)
P 238.533, -67.055, 4.0019, 0, 127, 0, 2, Mrigi_(Mercenary_Liaison)
P -94.352, -161.708, -9.9979, 0, 0, 0, 2, Blorgok_Gkapbron
P -80.458, -144.911, -9.9979, 0, 0, 0, 2, Grigdor
P 202.389, -368.453, -9.9979, 0, 127, 0, 2, Hartok_(Weapons)
P 239.139, -368.518, -9.9979, 0, 127, 0, 2, Tangiz_(Weapons)
P 234.176, -302.815, -9.9979, 0, 127, 0, 2, Beztopi_(Armor)
P 201.905, -304.786, -9.9979, 0, 127, 0, 2, Bukton_(Armor)
P 221.747, -553.904, -29.0846, 0, 0, 0, 2, Exterminator_Filrog
P 444.344, -617.724, -9.9979, 0, 127, 0, 2, Ungia_(Smithing)
P 645.23, -516.354, 10.0019, 0, 0, 0, 2, Kugaran
P 449.035, -309.423, 6.0019, 0, 0, 0, 2, Carber_Cagrek
P 487.906, -333.832, 0.0019, 0, 127, 0, 2, a_spell_research_merchant_(Research)
P 477.016, -262.927, 0.0019, 0, 0, 0, 2, Mulg
P 442.694, -351.893, 0.0019, 0, 0, 0, 2, Gargh
P 411.134, -339.256, 0.0019, 0, 127, 0, 2, Bahagg_(Alchemy)
P 395.005, -338.626, 0.0019, 0, 127, 0, 2, Blergrab_(Alchemy)
P 557.761, -376.005, 10.0989, 240, 240, 240, 2, 1st_Bank_of_Grobb
P 458.289, 11.012, 49.9707, 240, 240, 240, 2, The_Dark_Ones
