L 519.825, -538.905, -9.0000, 509.825, -545.905, -9.0000, 0, 0, 0
L 548.825, -525.905, -9.0000, 519.825, -538.905, -9.0000, 0, 0, 0
L 578.825, -544.905, -9.0000, 548.825, -525.905, -9.0000, 0, 0, 0
L 568.825, -564.905, -9.0000, 578.825, -544.905, -9.0000, 0, 0, 0
L 538.825, -564.905, -9.0000, 568.825, -564.905, -9.0000, 0, 0, 0
L 518.825, -558.905, -9.0000, 538.825, -564.905, -9.0000, 0, 0, 0
L 509.825, -564.905, -9.0000, 518.825, -558.905, -9.0000, 0, 0, 0
L 496.825, -572.905, -11.0000, 509.825, -564.905, -9.0000, 0, 0, 0
L 458.825, -565.905, -11.0000, 451.825, -572.905, -11.0000, 150, 150, 150
L 484.825, -565.905, -11.0000, 458.825, -565.905, -11.0000, 150, 150, 150
L 496.825, -572.905, -11.0000, 484.825, -565.905, -11.0000, 150, 150, 150
L 496.825, -576.905, -13.0000, 496.825, -572.905, -11.0000, 0, 0, 0
L 458.825, -571.905, -13.0000, 451.825, -576.905, -13.0000, 150, 150, 150
L 484.825, -569.905, -13.0000, 458.825, -571.905, -13.0000, 150, 150, 150
L 496.825, -576.905, -13.0000, 484.825, -569.905, -13.0000, 150, 150, 150
L 496.825, -580.905, -13.0000, 496.825, -576.905, -13.0000, 0, 0, 0
L 484.825, -584.905, -13.0000, 496.825, -580.905, -13.0000, 0, 0, 0
L 478.825, -584.905, -13.0000, 484.825, -584.905, -13.0000, 0, 0, 0
L 478.825, -590.905, -13.0000, 478.825, -584.905, -13.0000, 0, 0, 0
L 469.825, -590.905, -13.0000, 478.825, -590.905, -13.0000, 0, 0, 0
L 469.825, -584.905, -13.0000, 469.825, -590.905, -13.0000, 0, 0, 0
L 458.825, -584.905, -13.0000, 469.825, -584.905, -13.0000, 0, 0, 0
L 451.825, -580.905, -13.0000, 458.825, -584.905, -13.0000, 0, 0, 0
L 451.825, -572.905, -11.0000, 451.825, -576.905, -13.0000, 0, 0, 0
L 439.825, -564.905, -9.0000, 451.825, -572.905, -11.0000, 0, 0, 0
L 419.825, -554.905, -9.0000, 439.825, -564.905, -9.0000, 0, 0, 0
L 419.825, -534.905, -9.0000, 419.825, -554.905, -9.0000, 0, 0, 0
L 409.825, -520.905, -9.0000, 419.825, -534.905, -9.0000, 0, 0, 0
L 409.825, -515.905, -9.0000, 409.825, -520.905, -9.0000, 0, 0, 0
L 418.825, -505.905, -9.0000, 409.825, -515.905, -9.0000, 0, 0, 0
L 418.825, -513.905, -9.0000, 418.825, -505.905, -9.0000, 0, 0, 0
L 428.825, -514.905, -9.0000, 418.825, -513.905, -9.0000, 0, 0, 0
L 444.825, -517.905, -9.0000, 428.825, -514.905, -9.0000, 0, 0, 0
L 448.825, -524.905, -9.0000, 444.825, -517.905, -9.0000, 0, 0, 0
L 438.825, -534.905, -9.0000, 448.825, -524.905, -9.0000, 0, 0, 0
L 438.825, -543.905, -9.0000, 438.825, -534.905, -9.0000, 0, 0, 0
L 458.825, -525.905, -9.0000, 438.825, -543.905, -9.0000, 0, 0, 0
L 439.825, -482.905, -9.0000, 458.825, -525.905, -9.0000, 0, 0, 0
L 439.825, -478.905, -9.0000, 439.825, -482.905, -9.0000, 0, 0, 0
L 418.825, -486.905, -9.0000, 439.825, -478.905, -9.0000, 0, 0, 0
L 412.825, -498.905, -9.0000, 418.825, -486.905, -9.0000, 0, 0, 0
L 383.825, -504.905, -9.0000, 412.825, -498.905, -9.0000, 0, 0, 0
L 383.825, -504.905, -9.0000, 383.825, -495.905, -9.0000, 127, 64, 0
L 378.825, -490.905, -9.0000, 383.825, -490.905, -9.0000, 127, 64, 0
L 378.825, -496.905, -9.0000, 378.825, -490.905, -9.0000, 127, 64, 0
L 357.825, -506.905, -9.0000, 378.825, -496.905, -9.0000, 127, 64, 0
L 357.825, -502.905, -9.0000, 357.825, -507.905, -9.0000, 127, 64, 0
L 352.825, -502.905, -9.0000, 357.825, -502.905, -9.0000, 127, 64, 0
L 352.825, -512.905, -9.0000, 352.825, -507.905, -9.0000, 127, 64, 0
L 339.825, -488.905, -9.0000, 352.825, -512.905, -9.0000, 0, 0, 0
L 328.825, -484.905, -9.0000, 339.825, -488.905, -9.0000, 0, 0, 0
L 328.825, -506.905, -9.0000, 328.825, -484.905, -9.0000, 0, 0, 0
L 318.825, -510.905, -9.0000, 328.825, -506.905, -9.0000, 0, 0, 0
L 299.825, -507.905, -5.0000, 318.825, -510.905, -9.0000, 0, 0, 0
L 299.825, -464.905, -9.0000, 299.825, -507.905, -5.0000, 0, 0, 0
L 307.825, -456.905, -9.0000, 299.825, -464.905, -9.0000, 0, 0, 0
L 379.825, -449.905, -4.0000, 383.825, -447.905, -9.0000, 0, 0, 0
L 356.825, -445.905, -4.0000, 379.825, -449.905, -4.0000, 0, 0, 0
L 356.825, -445.905, -4.0000, 352.825, -447.905, -4.0000, 0, 0, 0
L 352.825, -452.905, -5.0000, 352.825, -453.905, -6.0000, 127, 64, 0
L 352.825, -447.905, -4.0000, 352.825, -452.905, -5.0000, 0, 0, 0
L 318.825, -455.905, -9.0000, 307.825, -456.905, -9.0000, 0, 0, 0
L 328.825, -464.905, -9.0000, 318.825, -455.905, -9.0000, 0, 0, 0
L 338.825, -465.905, -9.0000, 328.825, -464.905, -9.0000, 0, 0, 0
L 352.825, -447.905, -4.0000, 338.825, -465.905, -9.0000, 0, 0, 0
L 356.825, -457.905, -9.0000, 352.825, -457.905, -9.0000, 127, 64, 0
L 357.825, -453.905, -9.0000, 356.825, -457.905, -9.0000, 127, 64, 0
L 378.825, -458.905, -9.0000, 357.825, -453.905, -9.0000, 127, 64, 0
L 378.825, -461.905, -9.0000, 378.825, -458.905, -9.0000, 127, 64, 0
L 383.825, -447.905, -9.0000, 383.825, -458.905, -9.0000, 127, 64, 0
L 391.825, -450.905, -9.0000, 383.825, -447.905, -9.0000, 0, 0, 0
L 389.825, -454.905, -9.0000, 391.825, -450.905, -9.0000, 0, 0, 0
L 394.825, -460.905, -9.0000, 389.825, -454.905, -9.0000, 0, 0, 0
L 399.825, -459.905, -9.0000, 394.825, -460.905, -9.0000, 0, 0, 0
L 402.825, -477.905, -9.0000, 399.825, -459.905, -9.0000, 0, 0, 0
L 418.825, -467.905, -9.0000, 402.825, -477.905, -9.0000, 0, 0, 0
L 427.825, -459.905, -9.0000, 418.825, -467.905, -9.0000, 0, 0, 0
L 427.825, -459.905, -9.0000, 439.825, -457.905, -9.0000, 0, 0, 0
L 439.825, -442.905, -9.0000, 439.825, -457.905, -9.0000, 0, 0, 0
L 459.825, -414.905, -9.0000, 439.825, -442.905, -9.0000, 0, 0, 0
L 450.825, -408.905, -9.0000, 459.825, -414.905, -9.0000, 0, 0, 0
L 438.825, -420.905, -9.0000, 450.825, -408.905, -9.0000, 0, 0, 0
L 431.825, -422.905, -9.0000, 438.825, -420.905, -9.0000, 0, 0, 0
L 429.825, -418.905, -9.0000, 431.825, -422.905, -9.0000, 0, 0, 0
L 425.825, -416.905, -9.0000, 429.825, -418.905, -9.0000, 0, 0, 0
L 410.825, -416.905, -9.0000, 425.825, -416.905, -9.0000, 0, 0, 0
L 401.825, -414.905, -9.0000, 410.825, -416.905, -9.0000, 0, 0, 0
L 393.825, -408.905, -9.0000, 401.825, -414.905, -9.0000, 0, 0, 0
L 385.825, -396.905, -9.0000, 393.825, -408.905, -9.0000, 0, 0, 0
L 383.825, -384.905, -9.0000, 385.825, -396.905, -9.0000, 0, 0, 0
L 381.825, -380.905, -9.0000, 383.825, -384.905, -9.0000, 0, 0, 0
L 375.825, -372.905, -9.0000, 381.825, -380.905, -9.0000, 0, 0, 0
L 375.825, -362.905, -9.0000, 375.825, -372.905, -9.0000, 0, 0, 0
L 380.825, -356.905, -9.0000, 375.825, -362.905, -9.0000, 0, 0, 0
L 398.825, -355.905, -9.0000, 380.825, -356.905, -9.0000, 0, 0, 0
L 404.825, -362.905, -9.0000, 398.825, -355.905, -9.0000, 0, 0, 0
L 402.825, -372.905, -9.0000, 404.825, -362.905, -9.0000, 0, 0, 0
L 398.825, -380.905, -9.0000, 402.825, -372.905, -9.0000, 0, 0, 0
L 400.825, -385.905, -9.0000, 398.825, -380.905, -9.0000, 0, 0, 0
L 410.825, -373.905, -9.0000, 400.825, -385.905, -9.0000, 0, 0, 0
L 412.825, -380.905, -9.0000, 410.825, -373.905, -9.0000, 0, 0, 0
L 417.825, -382.905, -10.0000, 412.825, -380.905, -9.0000, 0, 0, 0
L 417.825, -371.905, -11.0000, 417.825, -382.905, -10.0000, 0, 0, 0
L 424.825, -373.905, -11.0000, 417.825, -371.905, -11.0000, 0, 0, 0
L 424.825, -385.905, -9.0000, 424.825, -373.905, -11.0000, 0, 0, 0
L 428.825, -385.905, -9.0000, 424.825, -385.905, -9.0000, 0, 0, 0
L 431.825, -377.905, -9.0000, 428.825, -385.905, -9.0000, 0, 0, 0
L 431.825, -376.905, -9.0000, 431.825, -377.905, -9.0000, 127, 64, 0
L 434.825, -382.905, -9.0000, 431.825, -376.905, -9.0000, 0, 0, 0
L 438.825, -405.905, -9.0000, 434.825, -382.905, -9.0000, 0, 0, 0
L 459.825, -384.905, -9.0000, 438.825, -405.905, -9.0000, 0, 0, 0
L 449.825, -369.905, -3.0000, 459.825, -384.905, -9.0000, 0, 0, 0
L 429.825, -360.905, 0.0000, 449.825, -369.905, -3.0000, 0, 0, 0
L 248.825, -555.905, -29.0000, 248.825, -544.905, -28.0000, 0, 0, 0
L 299.825, -614.905, -17.0000, 328.825, -624.905, -10.0000, 0, 0, 0
L 278.825, -614.905, -26.0000, 299.825, -614.905, -17.0000, 0, 0, 0
L 259.825, -614.905, -29.0000, 278.825, -614.905, -26.0000, 0, 0, 0
L 239.825, -604.905, -29.0000, 259.825, -614.905, -29.0000, 0, 0, 0
L 227.825, -575.905, -29.0000, 221.825, -578.905, -29.0000, 150, 150, 150
L 226.825, -570.905, -29.0000, 227.825, -575.905, -29.0000, 150, 150, 150
L 224.825, -581.905, -29.0000, 239.825, -604.905, -29.0000, 0, 0, 0
L 223.825, -581.905, -29.0000, 217.825, -571.905, -29.0000, 0, 0, 0
L 229.825, -571.905, -29.0000, 221.825, -568.905, -29.0000, 150, 150, 150
L 234.825, -563.905, -29.0000, 229.825, -571.905, -29.0000, 150, 150, 150
L 229.825, -557.905, -29.0000, 234.825, -563.905, -29.0000, 150, 150, 150
L 221.825, -560.905, -29.0000, 229.825, -557.905, -29.0000, 150, 150, 150
L 221.825, -568.905, -29.0000, 221.825, -560.905, -29.0000, 150, 150, 150
L 217.825, -571.905, -29.0000, 221.825, -568.905, -29.0000, 150, 150, 150
L 209.825, -554.905, -29.0000, 217.825, -571.905, -29.0000, 0, 0, 0
L 209.825, -524.905, -25.0000, 209.825, -554.905, -29.0000, 0, 0, 0
L 199.825, -514.905, -22.0000, 209.825, -524.905, -25.0000, 0, 0, 0
L 189.825, -494.905, -20.0000, 199.825, -514.905, -22.0000, 0, 0, 0
L 189.825, -432.905, -20.0000, 169.825, -417.905, -10.0000, 150, 150, 150
L 179.825, -474.905, -14.0000, 189.825, -494.905, -20.0000, 0, 0, 0
L 169.825, -444.905, -10.0000, 179.825, -474.905, -14.0000, 0, 0, 0
L 162.825, -244.905, 22.0000, 162.825, -253.905, 22.0000, 127, 64, 0
L 165.825, -246.905, 22.0000, 162.825, -244.905, 22.0000, 127, 64, 0
L 165.825, -246.905, 22.0000, 173.825, -244.905, 22.0000, 127, 64, 0
L 175.825, -253.905, 22.0000, 173.825, -244.905, 22.0000, 127, 64, 0
L 162.825, -253.905, 22.0000, 175.825, -253.905, 22.0000, 127, 64, 0
L 179.825, -234.905, 19.0000, 181.825, -237.905, 20.0000, 150, 150, 150
L 198.825, -254.905, 21.0000, 181.825, -237.905, 20.0000, 150, 150, 150
L 182.825, -254.905, 22.0000, 198.825, -254.905, 21.0000, 0, 204, 0
L 178.825, -264.905, 22.0000, 182.825, -254.905, 22.0000, 0, 204, 0
L 158.825, -264.905, 20.0000, 156.825, -267.905, 14.0000, 0, 204, 0
L 178.825, -264.905, 22.0000, 158.825, -264.905, 20.0000, 0, 204, 0
L 156.825, -255.905, 18.0000, 156.825, -259.905, 16.0000, 0, 204, 0
L 143.825, -255.905, 18.0000, 143.825, -259.905, 16.0000, 0, 204, 0
L 156.825, -255.905, 18.0000, 143.825, -255.905, 18.0000, 150, 150, 150
L 156.825, -259.905, 16.0000, 156.825, -263.905, 14.0000, 0, 204, 0
L 143.825, -259.905, 16.0000, 156.825, -259.905, 16.0000, 150, 150, 150
L 470.825, -117.905, 14.0000, 470.825, -171.905, 14.0000, 0, 0, 0
L 466.825, -117.905, 14.0000, 470.825, -117.905, 14.0000, 0, 0, 0
L 466.825, -113.905, 14.0000, 466.825, -117.905, 14.0000, 0, 0, 0
L 449.825, -113.905, 14.0000, 466.825, -113.905, 14.0000, 150, 150, 150
L 449.825, -117.905, 14.0000, 449.825, -113.905, 14.0000, 0, 0, 0
L 445.825, -117.905, 14.0000, 449.825, -117.905, 14.0000, 0, 0, 0
L 445.825, -188.905, 14.0000, 445.825, -175.905, 14.0000, 0, 0, 0
L 445.825, -175.905, 14.0000, 428.825, -169.905, 10.0000, 0, 0, 0
L 428.825, -169.905, 10.0000, 428.825, -202.905, 10.0000, 150, 150, 150
L 419.825, -175.905, 10.0000, 428.825, -169.905, 10.0000, 0, 0, 0
L 418.825, -205.905, 0.0000, 419.825, -204.905, 10.0000, 0, 0, 0
L 419.825, -204.905, 10.0000, 419.825, -175.905, 10.0000, 0, 0, 0
L 448.825, -235.905, 0.0000, 448.825, -264.905, 0.0000, 150, 150, 150
L 438.825, -225.905, 0.0000, 448.825, -235.905, 0.0000, 150, 150, 150
L 428.825, -219.905, 0.0000, 438.825, -225.905, 0.0000, 150, 150, 150
L 418.825, -205.905, 0.0000, 428.825, -219.905, 0.0000, 150, 150, 150
L 409.825, -219.905, 0.0000, 418.825, -205.905, 0.0000, 0, 0, 0
L 409.825, -224.905, 0.0000, 409.825, -219.905, 0.0000, 0, 0, 0
L 389.825, -282.905, 0.0000, 409.825, -224.905, 0.0000, 0, 0, 0
L 389.825, -294.905, 0.0000, 389.825, -282.905, 0.0000, 0, 0, 0
L 379.825, -314.905, 0.0000, 389.825, -294.905, 0.0000, 0, 0, 0
L 368.825, -326.905, 0.0000, 379.825, -314.905, 0.0000, 0, 0, 0
L 349.825, -364.905, 0.0000, 368.825, -326.905, 0.0000, 0, 0, 0
L 339.825, -375.905, 3.0000, 349.825, -364.905, 0.0000, 0, 0, 0
L 328.825, -395.905, 0.0000, 339.825, -375.905, 3.0000, 0, 0, 0
L 308.825, -395.905, 0.0000, 328.825, -395.905, 0.0000, 0, 0, 0
L 288.825, -365.905, -9.0000, 308.825, -395.905, 0.0000, 0, 0, 0
L 269.825, -365.905, -9.0000, 288.825, -365.905, -9.0000, 0, 0, 0
L 261.825, -382.905, -9.0000, 269.825, -365.905, -9.0000, 0, 0, 0
L 247.825, -396.905, -9.0000, 261.825, -382.905, -9.0000, 0, 0, 0
L 247.825, -399.905, -9.0000, 247.825, -396.905, -9.0000, 0, 0, 0
L 235.825, -399.905, -6.0000, 247.825, -399.905, -9.0000, 0, 0, 0
L 229.825, -404.905, -6.0000, 235.825, -399.905, -6.0000, 0, 0, 0
L 228.825, -407.905, -9.0000, 229.825, -404.905, -6.0000, 0, 0, 0
L 209.825, -339.905, -9.0000, 209.825, -334.905, -9.0000, 127, 64, 0
L 204.825, -339.905, -9.0000, 209.825, -339.905, -9.0000, 127, 64, 0
L 209.825, -334.905, -9.0000, 204.825, -334.905, -9.0000, 127, 64, 0
L 233.825, -315.905, -9.0000, 228.825, -315.905, -9.0000, 127, 64, 0
L 233.825, -310.905, -9.0000, 233.825, -315.905, -9.0000, 127, 64, 0
L 233.825, -334.905, -9.0000, 233.825, -339.905, -9.0000, 127, 64, 0
L 228.825, -334.905, -9.0000, 233.825, -334.905, -9.0000, 127, 64, 0
L 228.825, -339.905, -9.0000, 228.825, -334.905, -9.0000, 127, 64, 0
L 233.825, -339.905, -9.0000, 228.825, -339.905, -9.0000, 127, 64, 0
L 204.825, -310.905, -9.0000, 209.825, -310.905, -9.0000, 127, 64, 0
L 204.825, -315.905, -9.0000, 204.825, -310.905, -9.0000, 127, 64, 0
L 209.825, -315.905, -9.0000, 204.825, -315.905, -9.0000, 127, 64, 0
L 209.825, -310.905, -9.0000, 209.825, -315.905, -9.0000, 127, 64, 0
L 258.825, -315.905, -9.0000, 256.825, -311.905, -10.0000, 0, 0, 0
L 278.825, -315.905, -9.0000, 258.825, -315.905, -9.0000, 0, 0, 0
L 279.825, -305.905, -9.0000, 278.825, -315.905, -9.0000, 0, 0, 0
L 318.825, -305.905, -9.0000, 279.825, -305.905, -9.0000, 0, 0, 0
L 318.825, -344.905, -9.0000, 318.825, -305.905, -9.0000, 0, 0, 0
L 279.825, -344.905, -9.0000, 318.825, -344.905, -9.0000, 0, 0, 0
L 279.825, -334.905, -9.0000, 279.825, -344.905, -9.0000, 0, 0, 0
L 258.825, -334.905, -9.0000, 279.825, -334.905, -9.0000, 0, 0, 0
L 254.825, -354.905, -10.0000, 258.825, -334.905, -9.0000, 0, 0, 0
L 226.825, -396.905, -9.0000, 240.825, -396.905, -10.0000, 0, 0, 0
L 213.825, -396.905, -9.0000, 199.825, -396.905, -10.0000, 0, 0, 0
L 210.825, -404.905, -6.0000, 213.825, -406.905, -9.0000, 0, 0, 0
L 167.825, -362.905, -9.0000, 165.825, -365.905, -9.0000, 0, 0, 0
L 164.825, -360.905, -8.0000, 167.825, -362.905, -8.0000, 0, 0, 0
L 160.825, -363.905, -9.0000, 165.825, -365.905, -9.0000, 0, 0, 0
L 164.825, -360.905, -9.0000, 160.825, -363.905, -9.0000, 0, 0, 0
L 204.825, -399.905, -6.0000, 210.825, -404.905, -6.0000, 0, 0, 0
L 193.825, -399.905, -9.0000, 204.825, -399.905, -6.0000, 0, 0, 0
L 194.825, -396.905, -7.0000, 193.825, -399.905, -9.0000, 0, 0, 0
L 192.825, -385.905, -7.0000, 194.825, -396.905, -7.0000, 0, 0, 0
L 188.825, -383.905, -7.0000, 192.825, -385.905, -7.0000, 0, 0, 0
L 168.825, -355.905, -9.0000, 188.825, -383.905, -7.0000, 0, 0, 0
L 129.825, -365.905, -9.0000, 168.825, -355.905, -9.0000, 0, 0, 0
L 109.825, -375.905, -8.0000, 129.825, -365.905, -9.0000, 0, 0, 0
L 98.825, -365.905, -6.0000, 109.825, -375.905, -8.0000, 0, 0, 0
L 88.825, -335.905, -4.0000, 98.825, -365.905, -6.0000, 0, 0, 0
L 98.825, -314.905, 2.0000, 88.825, -335.905, -4.0000, 0, 0, 0
L 118.825, -294.905, 0.0000, 98.825, -314.905, 2.0000, 0, 0, 0
L 132.825, -282.905, 0.0000, 135.825, -276.905, 2.0000, 0, 204, 0
L 128.825, -282.905, 0.0000, 132.825, -282.905, 0.0000, 0, 204, 0
L 138.825, -294.905, 4.0000, 146.825, -282.905, 4.0000, 0, 204, 0
L 128.825, -294.905, 2.0000, 138.825, -294.905, 4.0000, 0, 204, 0
L 118.825, -294.905, 0.0000, 128.825, -294.905, 2.0000, 0, 204, 0
L 137.825, -255.905, -13.0000, 126.825, -254.905, 0.0000, 0, 0, 0
L 145.825, -252.905, 18.0000, 137.825, -255.905, -13.0000, 0, 0, 0
L 148.825, -244.905, -13.0000, 145.825, -252.905, 18.0000, 0, 0, 0
L 159.825, -234.905, -13.0000, 148.825, -244.905, -13.0000, 0, 0, 0
L 179.825, -234.905, -13.0000, 159.825, -234.905, -13.0000, 0, 0, 0
L 209.825, -264.905, -13.0000, 179.825, -234.905, -13.0000, 0, 0, 0
L 238.825, -274.905, -13.0000, 209.825, -264.905, -13.0000, 0, 0, 0
L 269.825, -254.905, -13.0000, 238.825, -274.905, -13.0000, 0, 0, 0
L 278.825, -244.905, -13.0000, 268.825, -254.905, -13.0000, 0, 0, 0
L 278.825, -234.905, -13.0000, 278.825, -244.905, -13.0000, 0, 0, 0
L 274.825, -225.905, -13.0000, 278.825, -234.905, -13.0000, 0, 0, 0
L 268.825, -215.905, -13.0000, 274.825, -225.905, -13.0000, 0, 0, 0
L 268.825, -205.905, -11.0000, 268.825, -215.905, -13.0000, 0, 0, 0
L 247.825, -196.905, -5.0000, 268.825, -205.905, -11.0000, 0, 0, 0
L 9.825, -244.905, 0.0000, -0.175, -229.905, 1.0000, 0, 0, 0
L 40.825, -260.905, 0.0000, 38.825, -260.905, 0.0000, 150, 150, 150
L 19.825, -254.905, 0.0000, 9.825, -244.905, 0.0000, 0, 0, 0
L 19.825, -268.905, 0.0000, 19.825, -254.905, 0.0000, 0, 0, 0
L 26.825, -268.905, 0.0000, 19.825, -268.905, 0.0000, 150, 150, 150
L 26.825, -264.905, 0.0000, 26.825, -268.905, 0.0000, 150, 150, 150
L 31.825, -264.905, 1.0000, 26.825, -264.905, 0.0000, 150, 150, 150
L 36.825, -260.905, 0.0000, 31.825, -264.905, 1.0000, 150, 150, 150
L 53.825, -270.905, 0.0000, 40.825, -260.905, 0.0000, 150, 150, 150
L 53.825, -285.905, 0.0000, 53.825, -270.905, 0.0000, 150, 150, 150
L 131.825, -278.905, 0.0000, 134.825, -278.905, 0.0000, 0, 0, 255
L 129.825, -259.905, 0.0000, 131.825, -278.905, 0.0000, 0, 0, 255
L 126.825, -254.905, 0.0000, 129.825, -259.905, 0.0000, 0, 0, 255
L 132.825, -244.905, 0.0000, 126.825, -254.905, 0.0000, 0, 0, 255
L 151.825, -226.905, 0.0000, 132.825, -244.905, 0.0000, 0, 0, 255
L 152.825, -221.905, 9.0000, 151.825, -226.905, 0.0000, 0, 0, 255
L 204.825, -221.905, 2.0000, 196.825, -221.905, 8.0000, 127, 64, 0
L 176.825, -222.905, 11.0000, 189.825, -221.905, 9.0000, 127, 64, 0
L 148.825, -221.905, 8.0000, 152.825, -221.905, 9.0000, 127, 64, 0
L 156.825, -188.905, 10.0000, 148.825, -193.905, 8.0000, 127, 64, 0
L 180.825, -189.905, 11.0000, 172.825, -188.905, 10.0000, 127, 64, 0
L 201.825, -185.905, 9.0000, 190.825, -187.905, 10.0000, 127, 64, 0
L 208.825, -188.905, 7.0000, 201.825, -185.905, 9.0000, 127, 64, 0
L 219.825, -185.905, 2.0000, 208.825, -188.905, 7.0000, 127, 64, 0
L 204.825, -221.905, 2.0000, 219.825, -221.905, 2.0000, 127, 64, 0
L 159.825, -182.905, 3.0000, 156.825, -188.905, 10.0000, 0, 0, 255
L 168.825, -174.905, 1.0000, 159.825, -182.905, 3.0000, 0, 0, 255
L 173.825, -168.905, 0.0000, 168.825, -174.905, 1.0000, 0, 0, 255
L 180.825, -164.905, 0.0000, 173.825, -168.905, 0.0000, 0, 0, 255
L 178.825, -155.905, 0.0000, 180.825, -164.905, 0.0000, 0, 0, 255
L 169.825, -145.905, 0.0000, 178.825, -155.905, 0.0000, 0, 0, 255
L 149.825, -145.905, 0.0000, 169.825, -145.905, 0.0000, 0, 0, 255
L 138.825, -155.905, 0.0000, 149.825, -145.905, 0.0000, 0, 0, 255
L 130.825, -168.905, 0.0000, 138.825, -155.905, 0.0000, 0, 0, 255
L 119.825, -175.905, 2.0000, 130.825, -168.905, 0.0000, 0, 0, 255
L 188.825, -125.905, 0.0000, 159.825, -125.905, -2.0000, 0, 0, 0
L 78.825, -134.905, 0.0000, 68.825, -154.905, 0.0000, 0, 0, 0
L 78.825, -115.905, 0.0000, 78.825, -134.905, 0.0000, 0, 0, 0
L -0.175, -175.905, 0.0000, -0.175, -200.905, 5.0000, 0, 0, 0
L 19.825, -165.905, 0.0000, -0.175, -175.905, 0.0000, 0, 0, 0
L 49.825, -135.905, 0.0000, 19.825, -165.905, 0.0000, 0, 0, 0
L 49.825, -104.905, 0.0000, 49.825, -135.905, 0.0000, 0, 0, 0
L 29.825, -94.905, 9.0000, 49.825, -104.905, 0.0000, 0, 0, 0
L 8.825, -74.905, -1.0000, 29.825, -94.905, 9.0000, 0, 0, 0
L -32.175, 15.095, 0.0000, -32.175, 9.095, 0.0000, 0, 0, 0
L -29.175, 15.095, 0.0000, -32.175, 15.095, 0.0000, 0, 0, 0
L -27.175, 9.095, 0.0000, -29.175, 15.095, 0.0000, 0, 0, 0
L -19.175, 2.095, 0.0000, -27.175, 9.095, 0.0000, 0, 0, 0
L -19.175, -15.905, 0.0000, -19.175, 2.095, 0.0000, 0, 0, 0
L -29.175, -15.905, 0.0000, -19.175, -15.905, 0.0000, 0, 0, 0
L -40.175, -5.905, 0.0000, -29.175, -15.905, 0.0000, 0, 0, 0
L -40.175, 5.095, 0.0000, -40.175, -5.905, 0.0000, 0, 0, 0
L -32.175, 9.095, 0.0000, -40.175, 5.095, 0.0000, 0, 0, 0
L 28.825, 44.095, 9.0000, 18.825, 54.095, 0.0000, 0, 0, 0
L 32.825, 35.095, 11.0000, 28.825, 44.095, 9.0000, 0, 0, 0
L 24.825, 17.095, 7.0000, 32.825, 35.095, 11.0000, 0, 0, 0
L 18.825, 15.095, 0.0000, 24.825, 17.095, 7.0000, 0, 0, 0
L 108.825, -64.905, -1.0000, 88.825, -74.905, 0.0000, 0, 0, 0
L 121.825, -53.905, -6.0000, 108.825, -64.905, -1.0000, 0, 0, 0
L -0.175, -74.905, -4.0000, 8.825, -74.905, -1.0000, 0, 0, 0
L -29.175, -64.905, -1.0000, -0.175, -74.905, -4.0000, 0, 0, 0
L 88.825, -104.905, 0.0000, 78.825, -115.905, 0.0000, 0, 0, 0
L 88.825, -74.905, 0.0000, 88.825, -104.905, 0.0000, 0, 0, 0
L -39.175, -44.905, 2.0000, -29.175, -64.905, -1.0000, 0, 0, 0
L -59.175, -34.905, 0.0000, -39.175, -44.905, 2.0000, 0, 0, 0
L -69.175, -24.905, 0.0000, -59.175, -34.905, 0.0000, 0, 0, 0
L -89.175, -16.905, 0.0000, -69.175, -24.905, 0.0000, 0, 0, 0
L -99.175, -4.905, 0.0000, -89.175, -16.905, 0.0000, 0, 0, 0
L -89.175, 14.095, 0.0000, -80.175, 14.095, 0.0000, 0, 0, 0
L -89.175, 14.095, 0.0000, -99.175, -4.905, 0.0000, 0, 0, 0
L -68.175, 4.095, 0.0000, -80.175, 14.095, 0.0000, 0, 0, 0
L -60.175, -5.905, 0.0000, -68.175, 4.095, 0.0000, 0, 0, 0
L -59.175, 13.095, 0.0000, -60.175, -5.905, 0.0000, 0, 0, 0
L -61.175, 22.095, 0.0000, -59.175, 13.095, 0.0000, 0, 0, 0
L -49.175, 34.095, 0.0000, -61.175, 22.095, 0.0000, 0, 0, 0
L -19.175, 54.095, 0.0000, -49.175, 34.095, 0.0000, 0, 0, 0
L -9.175, 102.095, 0.0000, -19.175, 54.095, 0.0000, 0, 0, 0
L -9.175, 154.095, 0.0000, -9.175, 102.095, 0.0000, 0, 0, 0
L 18.825, -15.905, 0.0000, 58.825, -35.905, 0.0000, 0, 0, 0
L 2.825, -15.905, 0.0000, -0.175, -11.905, 0.0000, 0, 0, 0
L 2.825, -15.905, 0.0000, 18.825, -15.905, 0.0000, 0, 0, 0
L -0.175, 4.095, 0.0000, -0.175, -11.905, 0.0000, 0, 0, 0
L 2.825, 8.095, 0.0000, -0.175, 4.095, 0.0000, 0, 0, 0
L 18.825, 15.095, 0.0000, 2.825, 8.095, 0.0000, 0, 0, 0
L 8.825, 102.095, 0.0000, 18.825, 54.095, 0.0000, 0, 0, 0
L 8.825, 173.095, 0.0000, 8.825, 102.095, 0.0000, 0, 0, 0
L -40.175, 173.095, 0.0000, 8.825, 173.095, 0.0000, 0, 0, 0
L -59.175, 154.095, 0.0000, -9.175, 154.095, 0.0000, 0, 0, 0
L -40.175, 188.095, 0.0000, -58.175, 188.095, 0.0000, 199, 21, 133
L -59.175, 177.095, 0.0000, -59.175, 154.095, 0.0000, 0, 0, 0
L -58.175, 188.095, 0.0000, -59.175, 177.095, 0.0000, 0, 0, 0
L -40.175, 173.095, 0.0000, -40.175, 188.095, 0.0000, 0, 0, 0
L 137.825, -45.905, 0.0000, 134.825, -43.905, 1.0000, 205, 133, 63
L 134.825, -43.905, 1.0000, 128.825, -39.905, 0.0000, 205, 133, 63
L 128.825, -39.905, 0.0000, 128.825, -30.905, 0.0000, 205, 133, 63
L 128.825, -30.905, 0.0000, 130.825, -26.905, 0.0000, 205, 133, 63
L 130.825, -26.905, 0.0000, 136.825, -24.905, 0.0000, 205, 133, 63
L 136.825, -24.905, 0.0000, 118.825, -15.905, 0.0000, 0, 0, 0
L 118.825, -15.905, 0.0000, 110.825, -5.905, 0.0000, 0, 0, 0
L 110.825, -5.905, 0.0000, 118.825, 14.095, 0.0000, 0, 0, 0
L 118.825, 14.095, 0.0000, 112.825, 24.095, 0.0000, 0, 0, 0
L 79.825, 24.095, 0.0000, 89.825, 34.095, 1.0000, 0, 0, 0
L 89.825, 34.095, 1.0000, 98.825, 34.095, 1.0000, 0, 0, 0
L 98.825, 34.095, 1.0000, 112.825, 24.095, 0.0000, 0, 0, 0
L 79.825, 24.095, 0.0000, 78.825, 55.095, 0.0000, 0, 0, 0
L 78.825, 55.095, 0.0000, 86.825, 55.095, 0.0000, 0, 0, 0
L 92.825, 83.095, 0.0000, 108.825, 83.095, 3.0000, 0, 0, 0
L 108.825, 83.095, 3.0000, 118.825, 73.095, 4.0000, 0, 0, 0
L 118.825, 73.095, 4.0000, 118.825, 61.095, 4.0000, 0, 0, 0
L 118.825, 61.095, 4.0000, 108.825, 59.095, 1.0000, 0, 0, 0
L 86.825, 55.095, 0.0000, 108.825, 59.095, 1.0000, 0, 0, 0
L 92.825, 83.095, 0.0000, 69.825, 83.095, 0.0000, 0, 0, 0
L 69.825, 83.095, 0.0000, 59.825, 73.095, 0.0000, 0, 0, 0
L 59.825, 73.095, 0.0000, 59.825, 45.095, 0.0000, 0, 0, 0
L 59.825, 45.095, 0.0000, 61.825, 24.095, 0.0000, 0, 0, 0
L 61.825, 24.095, 0.0000, 59.825, 15.095, 0.0000, 0, 0, 0
L 59.825, 15.095, 0.0000, 79.825, 5.095, 0.0000, 0, 0, 0
L 79.825, 5.095, 0.0000, 85.825, -4.905, 0.0000, 0, 0, 0
L 85.825, -4.905, 0.0000, 89.825, -25.905, 0.0000, 0, 0, 0
L 89.825, -25.905, 0.0000, 70.825, -34.905, 0.0000, 0, 0, 0
L 136.825, -24.905, 0.0000, 137.825, -45.905, 0.0000, 0, 0, 0
L 67.825, -203.905, 0.0000, 76.825, -203.905, 3.0000, 150, 150, 150
L 76.825, -202.905, 3.0000, 68.825, -165.905, 0.0000, 0, 0, 0
L 68.825, -165.905, 0.0000, 68.825, -154.905, 0.0000, 0, 0, 0
L 67.825, -203.905, 0.0000, 67.825, -212.905, 0.0000, 150, 150, 150
L 67.825, -212.905, 0.0000, 75.825, -212.905, 4.0000, 150, 150, 150
L -0.175, -200.905, 5.0000, 27.825, -200.905, 0.0000, 0, 0, 0
L 27.825, -200.905, 0.0000, 29.825, -205.905, -1.0000, 0, 0, 0
L 29.825, -205.905, -1.0000, -0.175, -205.905, -1.0000, 0, 0, 0
L -0.175, -224.905, 0.0000, 29.825, -224.905, -1.0000, 0, 0, 0
L 29.825, -224.905, -1.0000, 31.825, -229.905, 1.0000, 0, 0, 0
L -0.175, -229.905, 1.0000, 31.825, -229.905, 1.0000, 0, 0, 0
L 75.825, -212.905, 4.0000, 75.825, -218.905, 0.0000, 0, 0, 0
L 75.825, -218.905, 0.0000, 79.825, -220.905, 0.0000, 0, 0, 0
L 79.825, -220.905, 0.0000, 84.825, -219.905, 0.0000, 0, 0, 0
L 84.825, -219.905, 0.0000, 86.825, -215.905, 0.0000, 0, 0, 0
L 86.825, -215.905, 0.0000, 98.825, -215.905, 0.0000, 0, 0, 0
L 98.825, -215.905, 0.0000, 105.825, -203.905, 0.0000, 0, 0, 0
L 104.825, -205.905, 0.0000, 104.825, -211.905, 0.0000, 150, 150, 150
L 104.825, -211.905, 0.0000, 112.825, -211.905, 1.0000, 150, 150, 150
L 112.825, -211.905, 1.0000, 112.825, -203.905, 1.0000, 150, 150, 150
L 112.825, -203.905, 1.0000, 105.825, -203.905, 0.0000, 150, 150, 150
L 105.825, -203.905, 0.0000, 119.825, -175.905, 2.0000, 0, 0, 0
L 119.825, -175.905, 2.0000, 119.825, -154.905, 0.0000, 0, 0, 0
L 119.825, -154.905, 0.0000, 129.825, -144.905, -2.0000, 0, 0, 0
L 129.825, -144.905, -2.0000, 129.825, -135.905, -2.0000, 0, 0, 0
L 129.825, -135.905, -2.0000, 159.825, -125.905, -2.0000, 0, 0, 0
L 188.825, -125.905, 0.0000, 198.825, -135.905, -1.0000, 0, 0, 0
L 198.825, -135.905, -1.0000, 198.825, -145.905, -1.0000, 0, 0, 0
L 188.825, -154.905, -2.0000, 198.825, -145.905, -1.0000, 0, 0, 255
L 188.825, -154.905, -2.0000, 188.825, -164.905, -1.0000, 0, 0, 255
L 188.825, -164.905, -1.0000, 195.825, -176.905, 0.0000, 0, 0, 255
L 195.825, -176.905, 0.0000, 201.825, -185.905, 9.0000, 0, 0, 255
L 79.825, -365.905, -6.0000, 89.825, -384.905, -8.0000, 0, 0, 0
L 89.825, -384.905, -8.0000, 129.825, -404.905, -9.0000, 0, 0, 0
L 129.825, -404.905, -9.0000, 169.825, -444.905, -10.0000, 0, 0, 0
L 79.825, -365.905, -6.0000, 69.825, -354.905, -4.0000, 0, 0, 0
L 69.825, -354.905, -4.0000, 69.825, -335.905, -4.0000, 0, 0, 0
L 69.825, -335.905, -4.0000, 59.825, -315.905, 0.0000, 0, 0, 0
L 59.825, -315.905, 0.0000, 49.825, -294.905, 6.0000, 0, 0, 0
L 49.825, -294.905, 6.0000, 39.825, -285.905, 2.0000, 0, 0, 0
L 41.825, -286.905, 2.0000, 48.825, -286.905, 2.0000, 150, 150, 150
L 48.825, -286.905, 2.0000, 48.825, -283.905, 2.0000, 150, 150, 150
L 48.825, -283.905, 2.0000, 39.825, -285.905, 2.0000, 150, 150, 150
L 39.825, -285.905, 2.0000, 28.825, -274.905, 2.0000, 0, 0, 0
L 28.825, -274.905, 2.0000, 19.825, -268.905, 0.0000, 0, 0, 0
L 38.825, -260.905, 0.0000, 37.825, -260.905, 0.0000, 150, 150, 150
L 38.825, -260.905, 0.0000, 49.825, -270.905, 2.0000, 150, 150, 150
L 49.825, -270.905, 2.0000, 49.825, -273.905, 2.0000, 150, 150, 150
L 49.825, -273.905, 2.0000, 49.825, -282.905, 2.0000, 150, 150, 150
L 49.825, -282.905, 2.0000, 53.825, -285.905, 0.0000, 150, 150, 150
L 31.825, -267.905, 2.0000, 35.825, -264.905, 2.0000, 150, 150, 150
L 37.825, -260.905, 0.0000, 36.825, -260.905, 0.0000, 150, 150, 150
L 35.825, -264.905, 2.0000, 37.825, -260.905, 0.0000, 150, 150, 150
L 31.825, -267.905, 2.0000, 31.825, -264.905, 1.0000, 150, 150, 150
L 222.825, -131.905, 0.0000, 218.825, -135.905, 0.0000, 0, 0, 0
L 218.825, -135.905, 0.0000, 198.825, -145.905, -1.0000, 0, 0, 0
L 222.825, -131.905, 0.0000, 229.825, -135.905, 0.0000, 0, 0, 0
L 229.825, -135.905, 0.0000, 236.825, -132.905, 0.0000, 0, 0, 0
L 236.825, -132.905, 0.0000, 237.825, -129.905, 0.0000, 0, 0, 0
L 237.825, -129.905, 0.0000, 238.825, -125.905, 0.0000, 0, 0, 0
L 238.825, -125.905, 0.0000, 250.825, -135.905, 0.0000, 0, 0, 0
L 250.825, -135.905, 0.0000, 268.825, -144.905, 0.0000, 0, 0, 255
L 268.825, -144.905, 0.0000, 271.825, -147.905, 0.0000, 0, 0, 255
L 271.825, -147.905, 0.0000, 276.825, -146.905, 0.0000, 0, 0, 255
L 276.825, -146.905, 0.0000, 276.825, -142.905, 0.0000, 0, 0, 255
L 276.825, -142.905, 0.0000, 283.825, -136.905, 0.0000, 0, 0, 255
L 283.825, -136.905, 0.0000, 289.825, -143.905, 0.0000, 0, 0, 255
L 289.825, -143.905, 0.0000, 288.825, -149.905, 0.0000, 0, 0, 255
L 288.825, -149.905, 0.0000, 282.825, -151.905, 0.0000, 0, 0, 255
L 282.825, -151.905, 0.0000, 282.825, -170.905, 0.0000, 0, 0, 255
L 282.825, -170.905, 0.0000, 270.825, -180.905, 0.0000, 0, 0, 0
L 270.825, -180.905, 0.0000, 268.825, -184.905, 0.0000, 0, 0, 0
L 268.825, -184.905, 0.0000, 247.825, -196.905, -5.0000, 0, 0, 0
L 250.825, -135.905, 0.0000, 258.825, -125.905, 0.0000, 0, 0, 255
L 258.825, -125.905, 0.0000, 289.825, -125.905, 0.0000, 0, 0, 255
L 289.825, -125.905, 0.0000, 286.825, -131.905, 0.0000, 0, 0, 255
L 286.825, -131.905, 0.0000, 288.825, -137.905, 0.0000, 0, 0, 255
L 288.825, -137.905, 0.0000, 293.825, -136.905, 0.0000, 0, 0, 255
L 293.825, -136.905, 0.0000, 298.825, -135.905, 0.0000, 0, 0, 255
L 298.825, -135.905, 0.0000, 289.825, -125.905, 0.0000, 0, 0, 255
L 299.825, -89.905, 4.0000, 323.825, -99.905, 4.0000, 0, 204, 0
L 323.825, -99.905, 4.0000, 323.825, -82.905, 4.0000, 0, 204, 0
L 323.825, -82.905, 4.0000, 316.825, -80.905, 4.0000, 0, 204, 0
L 316.825, -80.905, 4.0000, 306.825, -82.905, 4.0000, 0, 204, 0
L 306.825, -82.905, 4.0000, 291.825, -72.905, 4.0000, 0, 204, 0
L 291.825, -72.905, 4.0000, 284.825, -50.905, 4.0000, 0, 204, 0
L 284.825, -50.905, 4.0000, 272.825, -50.905, 4.0000, 0, 204, 0
L 272.825, -50.905, 4.0000, 268.825, -66.905, 4.0000, 0, 204, 0
L 268.825, -66.905, 4.0000, 268.825, -79.905, 4.0000, 0, 204, 0
L 255.825, -78.905, 4.0000, 254.825, -64.905, 4.0000, 0, 204, 0
L 254.825, -64.905, 4.0000, 242.825, -64.905, 4.0000, 0, 204, 0
L 242.825, -64.905, 4.0000, 234.825, -76.905, 4.0000, 0, 204, 0
L 234.825, -76.905, 4.0000, 215.825, -76.905, 4.0000, 0, 204, 0
L 215.825, -76.905, 4.0000, 209.825, -65.905, 4.0000, 0, 204, 0
L 209.825, -65.905, 4.0000, 209.825, -56.905, 4.0000, 0, 204, 0
L 209.825, -47.905, 4.0000, 209.825, -56.905, 4.0000, 0, 204, 0
L 209.825, -47.905, 4.0000, 215.825, -37.905, 4.0000, 0, 204, 0
L 215.825, -37.905, 4.0000, 234.825, -37.905, 4.0000, 0, 204, 0
L 234.825, -37.905, 4.0000, 243.825, -47.905, 4.0000, 0, 204, 0
L 243.825, -47.905, 4.0000, 255.825, -47.905, 4.0000, 0, 204, 0
L 255.825, -47.905, 4.0000, 273.825, -29.905, 4.0000, 0, 204, 0
L 273.825, -29.905, 4.0000, 285.825, -25.905, 4.0000, 0, 204, 0
L 285.825, -25.905, 4.0000, 301.825, -17.905, 4.0000, 0, 204, 0
L 301.825, -17.905, 4.0000, 322.825, -13.905, 4.0000, 0, 204, 0
L 322.825, -13.905, 4.0000, 349.825, -19.905, 4.0000, 0, 204, 0
L 349.825, -19.905, 4.0000, 349.825, -9.905, 4.0000, 0, 204, 0
L 349.825, -9.905, 4.0000, 365.825, 2.095, 4.0000, 0, 204, 0
L 365.825, 2.095, 4.0000, 375.825, 7.095, 4.0000, 0, 204, 0
L 375.825, 7.095, 4.0000, 375.825, 20.095, 4.0000, 0, 204, 0
L 375.825, 20.095, 4.0000, 400.825, 28.095, 4.0000, 0, 204, 0
L 400.825, 28.095, 4.0000, 414.825, 11.095, 4.0000, 0, 204, 0
L 414.825, 11.095, 4.0000, 400.825, -8.905, 4.0000, 0, 204, 0
L 400.825, -8.905, 4.0000, 374.825, -10.905, 4.0000, 0, 204, 0
L 374.825, -10.905, 4.0000, 364.825, -14.905, 4.0000, 0, 204, 0
L 364.825, -14.905, 4.0000, 364.825, -27.905, 4.0000, 0, 204, 0
L 364.825, -27.905, 4.0000, 376.825, -42.905, 4.0000, 0, 204, 0
L 376.825, -42.905, 4.0000, 382.825, -60.905, 4.0000, 0, 204, 0
L 382.825, -60.905, 4.0000, 376.825, -72.905, 4.0000, 0, 204, 0
L 376.825, -72.905, 4.0000, 364.825, -82.905, 4.0000, 0, 204, 0
L 364.825, -82.905, 4.0000, 336.825, -82.905, 4.0000, 0, 204, 0
L 336.825, -82.905, 4.0000, 336.825, -98.905, 4.0000, 0, 204, 0
L 336.825, -98.905, 4.0000, 328.825, -115.905, 4.0000, 0, 204, 0
L 328.825, -115.905, 4.0000, 326.825, -130.905, 4.0000, 0, 204, 0
L 326.825, -130.905, 4.0000, 318.825, -144.905, 3.0000, 0, 204, 0
L 318.825, -144.905, 3.0000, 298.825, -174.905, 3.0000, 0, 204, 0
L 298.825, -174.905, 3.0000, 288.825, -174.905, 0.0000, 0, 204, 0
L 288.825, -174.905, 0.0000, 308.825, -145.905, 0.0000, 0, 0, 255
L 308.825, -145.905, 0.0000, 298.825, -135.905, 0.0000, 0, 0, 255
L 288.825, -174.905, 0.0000, 282.825, -170.905, 0.0000, 0, 204, 0
L 204.825, -221.905, 2.0000, 203.825, -225.905, 2.0000, 0, 0, 255
L 202.825, -231.905, 1.0000, 202.825, -235.905, 1.0000, 0, 0, 255
L 202.825, -235.905, 1.0000, 218.825, -244.905, 0.0000, 0, 0, 255
L 218.825, -244.905, 0.0000, 239.825, -244.905, 0.0000, 0, 0, 255
L 239.825, -244.905, 0.0000, 248.825, -234.905, 1.0000, 0, 0, 255
L 248.825, -234.905, 1.0000, 248.825, -224.905, 1.0000, 0, 0, 255
L 248.825, -224.905, 1.0000, 242.825, -214.905, 1.0000, 0, 0, 255
L 242.825, -214.905, 1.0000, 239.825, -205.905, 0.0000, 0, 0, 255
L 239.825, -198.905, 0.0000, 239.825, -205.905, 0.0000, 0, 0, 255
L 203.825, -225.905, 2.0000, 202.825, -231.905, 1.0000, 0, 0, 255
L 134.825, -278.905, 0.0000, 149.825, -279.905, 6.0000, 150, 150, 150
L 149.825, -279.905, 6.0000, 146.825, -282.905, 4.0000, 0, 204, 0
L 135.825, -276.905, 2.0000, 152.825, -275.905, 8.0000, 150, 150, 150
L 152.825, -275.905, 8.0000, 149.825, -279.905, 6.0000, 0, 204, 0
L 136.825, -273.905, 4.0000, 154.825, -271.905, 10.0000, 150, 150, 150
L 154.825, -271.905, 10.0000, 156.825, -267.905, 14.0000, 0, 204, 0
L 154.825, -271.905, 10.0000, 152.825, -275.905, 8.0000, 0, 204, 0
L 156.825, -267.905, 14.0000, 139.825, -268.905, 8.0000, 150, 150, 150
L 156.825, -263.905, 14.0000, 141.825, -263.905, 12.0000, 150, 150, 150
L 156.825, -263.905, 14.0000, 156.825, -267.905, 14.0000, 0, 204, 0
L 429.825, -360.905, 0.0000, 418.825, -354.905, 0.0000, 0, 0, 0
L 418.825, -354.905, 0.0000, 388.825, -344.905, 0.0000, 0, 0, 0
L 388.825, -344.905, 0.0000, 378.825, -344.905, 0.0000, 0, 0, 0
L 378.825, -344.905, 0.0000, 368.825, -364.905, 0.0000, 0, 0, 0
L 368.825, -364.905, 0.0000, 358.825, -394.905, 0.0000, 0, 0, 0
L 358.825, -394.905, 0.0000, 348.825, -404.905, 0.0000, 0, 0, 0
L 348.825, -404.905, 0.0000, 307.825, -425.905, 0.0000, 0, 0, 0
L 307.825, -425.905, 0.0000, 288.825, -444.905, -9.0000, 0, 0, 0
L 288.825, -444.905, -9.0000, 268.825, -454.905, -10.0000, 0, 0, 0
L 268.825, -454.905, -10.0000, 258.825, -484.905, -13.0000, 0, 0, 0
L 258.825, -484.905, -13.0000, 248.825, -494.905, -16.0000, 0, 0, 0
L 248.825, -494.905, -16.0000, 238.825, -525.905, -26.0000, 0, 0, 0
L 248.825, -544.905, -28.0000, 238.825, -525.905, -26.0000, 0, 0, 0
L 248.825, -555.905, -29.0000, 258.825, -575.905, -29.0000, 0, 0, 0
L 258.825, -575.905, -29.0000, 278.825, -585.905, -24.0000, 0, 0, 0
L 328.825, -594.905, -10.0000, 328.825, -577.905, -10.0000, 0, 0, 255
L 328.825, -577.905, -10.0000, 339.825, -554.905, -14.0000, 0, 0, 255
L 339.825, -554.905, -14.0000, 369.825, -554.905, -14.0000, 0, 0, 255
L 369.825, -554.905, -14.0000, 378.825, -574.905, -14.0000, 0, 0, 255
L 378.825, -574.905, -15.0000, 368.825, -594.905, -9.0000, 127, 64, 0
L 298.825, -585.905, -17.0000, 309.825, -574.905, -10.0000, 0, 0, 0
L 309.825, -574.905, -10.0000, 329.825, -545.905, -10.0000, 0, 0, 0
L 329.825, -545.905, -10.0000, 378.825, -545.905, -10.0000, 0, 0, 0
L 388.825, -574.905, -10.0000, 378.825, -574.905, -14.0000, 127, 64, 0
L 378.825, -545.905, -10.0000, 388.825, -574.905, -10.0000, 0, 0, 0
L 388.825, -574.905, -10.0000, 398.825, -595.905, -9.0000, 127, 64, 0
L 397.825, -624.905, -9.0000, 388.825, -644.905, -9.0000, 127, 64, 0
L 388.825, -644.905, -9.0000, 378.825, -644.905, -8.0000, 127, 64, 0
L 378.825, -644.905, -8.0000, 368.825, -623.905, -9.0000, 127, 64, 0
L 328.825, -594.905, -10.0000, 368.825, -594.905, -9.0000, 127, 64, 0
L 328.825, -624.905, -10.0000, 331.825, -624.905, -10.0000, 0, 0, 255
L 389.825, -599.905, -9.0000, 328.825, -598.905, -10.0000, 127, 64, 0
L 328.825, -598.905, -10.0000, 328.825, -594.905, -10.0000, 127, 64, 0
L 328.825, -624.905, -10.0000, 328.825, -620.905, -10.0000, 127, 64, 0
L 328.825, -620.905, -10.0000, 388.825, -620.905, -9.0000, 127, 64, 0
L 388.825, -620.905, -9.0000, 389.825, -624.905, -9.0000, 127, 64, 0
L 448.825, -624.905, -9.0000, 459.825, -618.905, -9.0000, 0, 0, 0
L 459.825, -618.905, -9.0000, 518.825, -618.905, -9.0000, 0, 0, 0
L 518.825, -618.905, -9.0000, 538.825, -634.905, 0.0000, 0, 0, 0
L 389.825, -624.905, -9.0000, 397.825, -624.905, -9.0000, 0, 0, 0
L 438.825, -624.905, -9.0000, 448.825, -624.905, -9.0000, 0, 0, 0
L 538.825, -634.905, 0.0000, 594.825, -634.905, 0.0000, 0, 0, 0
L 594.825, -585.905, 0.0000, 538.825, -585.905, 0.0000, 0, 0, 0
L 538.825, -585.905, 0.0000, 519.825, -600.905, -9.0000, 0, 0, 0
L 519.825, -600.905, -9.0000, 458.825, -600.905, -9.0000, 0, 0, 0
L 458.825, -600.905, -9.0000, 448.825, -595.905, -9.0000, 0, 0, 0
L 448.825, -595.905, -9.0000, 438.825, -595.905, -9.0000, 0, 0, 0
L 438.825, -595.905, -9.0000, 398.825, -595.905, -9.0000, 0, 0, 0
L 389.825, -595.905, -9.0000, 389.825, -599.905, -9.0000, 127, 64, 0
L 594.825, -585.905, 0.0000, 594.825, -594.905, -6.0000, 0, 0, 0
L 572.825, -600.905, -9.0000, 570.825, -600.905, -9.0000, 127, 64, 0
L 562.825, -600.905, -9.0000, 560.825, -600.905, -9.0000, 127, 64, 0
L 562.825, -600.905, -9.0000, 552.825, -600.905, -9.0000, 127, 64, 0
L 552.825, -600.905, -9.0000, 550.825, -600.905, -9.0000, 127, 64, 0
L 552.825, -600.905, -9.0000, 542.825, -600.905, -9.0000, 127, 64, 0
L 542.825, -600.905, -9.0000, 540.825, -600.905, -9.0000, 127, 64, 0
L 542.825, -600.905, -9.0000, 538.825, -600.905, -9.0000, 127, 64, 0
L 570.825, -600.905, -9.0000, 562.825, -600.905, -9.0000, 127, 64, 0
L 582.825, -600.905, -9.0000, 580.825, -600.905, -9.0000, 127, 64, 0
L 594.825, -624.905, -6.0000, 594.825, -634.905, 0.0000, 0, 0, 0
L 588.825, -618.905, -9.0000, 628.825, -624.905, 0.0000, 0, 0, 0
L 628.825, -624.905, 0.0000, 648.825, -604.905, 0.0000, 0, 0, 0
L 648.825, -604.905, 0.0000, 648.825, -584.905, 0.0000, 0, 0, 0
L 648.825, -584.905, 0.0000, 650.825, -581.905, 0.0000, 0, 0, 0
L 627.825, -581.905, 0.0000, 629.825, -584.905, 0.0000, 0, 0, 0
L 629.825, -584.905, 0.0000, 618.825, -595.905, 0.0000, 0, 0, 0
L 618.825, -595.905, 0.0000, 594.825, -594.905, -6.0000, 0, 0, 0
L 627.825, -581.905, 0.0000, 619.825, -564.905, 8.0000, 0, 0, 0
L 658.825, -565.905, 8.0000, 650.825, -581.905, 0.0000, 0, 0, 0
L 658.825, -565.905, 8.0000, 658.825, -528.905, 10.0000, 0, 0, 0
L 708.825, -522.905, 8.0000, 726.825, -512.905, 8.0000, 0, 0, 0
L 709.825, -503.905, 8.0000, 709.825, -455.905, 8.0000, 0, 0, 0
L 709.825, -455.905, 8.0000, 758.825, -425.905, 8.0000, 0, 0, 0
L 758.825, -425.905, 8.0000, 818.825, -425.905, 8.0000, 0, 0, 0
L 818.825, -444.905, 8.0000, 758.825, -444.905, 8.0000, 0, 0, 0
L 758.825, -444.905, 8.0000, 726.825, -476.905, 8.0000, 0, 0, 0
L 726.825, -476.905, 8.0000, 726.825, -512.905, 8.0000, 0, 0, 0
L 658.825, -505.905, 10.0000, 648.825, -495.905, 10.0000, 0, 0, 0
L 648.825, -495.905, 10.0000, 628.825, -495.905, 10.0000, 0, 0, 0
L 628.825, -495.905, 10.0000, 618.825, -505.905, 10.0000, 0, 0, 0
L 618.825, -505.905, 10.0000, 610.825, -503.905, 8.0000, 0, 0, 0
L 610.825, -520.905, 8.0000, 569.825, -504.905, 8.0000, 0, 0, 0
L 569.825, -504.905, 8.0000, 539.825, -493.905, 8.0000, 0, 0, 0
L 539.825, -493.905, 8.0000, 539.825, -435.905, 8.0000, 0, 0, 0
L 539.825, -435.905, 8.0000, 574.825, -431.905, 8.0000, 0, 0, 0
L 574.825, -431.905, 8.0000, 596.825, -431.905, 10.0000, 0, 0, 0
L 596.825, -450.905, 10.0000, 574.825, -450.905, 8.0000, 0, 0, 0
L 574.825, -450.905, 8.0000, 558.825, -454.905, 8.0000, 0, 0, 0
L 558.825, -454.905, 8.0000, 558.825, -485.905, 8.0000, 0, 0, 0
L 558.825, -485.905, 8.0000, 568.825, -485.905, 8.0000, 0, 0, 0
L 610.825, -503.905, 8.0000, 568.825, -485.905, 8.0000, 0, 0, 0
L 599.825, -427.905, 10.0000, 614.825, -419.905, 10.0000, 0, 0, 0
L 614.825, -419.905, 10.0000, 636.825, -419.905, 10.0000, 0, 0, 0
L 636.825, -419.905, 10.0000, 637.825, -443.905, 10.0000, 0, 0, 0
L 637.825, -443.905, 10.0000, 654.825, -443.905, 10.0000, 0, 0, 0
L 654.825, -443.905, 10.0000, 654.825, -462.905, 10.0000, 0, 0, 0
L 654.825, -462.905, 10.0000, 614.825, -462.905, 10.0000, 0, 0, 0
L 614.825, -462.905, 10.0000, 601.825, -456.905, 10.0000, 0, 0, 0
L 618.825, -528.905, 10.0000, 619.825, -564.905, 8.0000, 0, 0, 0
L 636.825, -498.905, 10.0000, 632.825, -498.905, 10.0000, 150, 150, 150
L 632.825, -498.905, 10.0000, 630.825, -502.905, 10.0000, 150, 150, 150
L 630.825, -502.905, 10.0000, 632.825, -503.905, 10.0000, 150, 150, 150
L 645.825, -503.905, 10.0000, 647.825, -502.905, 10.0000, 150, 150, 150
L 647.825, -502.905, 10.0000, 645.825, -498.905, 10.0000, 150, 150, 150
L 645.825, -498.905, 10.0000, 640.825, -498.905, 10.0000, 150, 150, 150
L 640.825, -498.905, 10.0000, 636.825, -498.905, 10.0000, 150, 150, 150
L 632.825, -503.905, 10.0000, 645.825, -503.905, 10.0000, 150, 150, 150
L 645.825, -503.905, 10.0000, 640.825, -501.905, 10.0000, 150, 150, 150
L 640.825, -501.905, 10.0000, 636.825, -501.905, 10.0000, 150, 150, 150
L 636.825, -501.905, 10.0000, 632.825, -503.905, 10.0000, 150, 150, 150
L 818.825, -425.905, 8.0000, 838.825, -413.905, 2.0000, 0, 0, 0
L 838.825, -413.905, 2.0000, 838.825, -428.905, 10.0000, 255, 0, 0
L 838.825, -448.905, 10.0000, 838.825, -472.905, 0.0000, 255, 0, 0
L 838.825, -472.905, 0.0000, 818.825, -444.905, 8.0000, 0, 0, 0
L 838.825, -448.905, 10.0000, 848.825, -447.905, 9.0000, 255, 0, 0
L 848.825, -447.905, 9.0000, 865.825, -449.905, 9.0000, 255, 0, 0
L 865.825, -449.905, 9.0000, 878.825, -446.905, 10.0000, 255, 0, 0
L 878.825, -446.905, 10.0000, 878.825, -455.905, 10.0000, 255, 0, 0
L 878.825, -455.905, 10.0000, 897.825, -465.905, 10.0000, 255, 0, 0
L 897.825, -465.905, 10.0000, 902.825, -466.905, 11.0000, 255, 0, 0
L 902.825, -466.905, 11.0000, 910.825, -472.905, 9.0000, 255, 0, 0
L 910.825, -472.905, 9.0000, 923.825, -468.905, 9.0000, 255, 0, 0
L 923.825, -468.905, 9.0000, 931.825, -464.905, 10.0000, 255, 0, 0
L 931.825, -464.905, 10.0000, 948.825, -462.905, 10.0000, 255, 0, 0
L 838.825, -428.905, 10.0000, 850.825, -428.905, 10.0000, 255, 0, 0
L 850.825, -428.905, 10.0000, 866.825, -430.905, 9.0000, 255, 0, 0
L 866.825, -430.905, 9.0000, 878.825, -428.905, 11.0000, 255, 0, 0
L 878.825, -428.905, 11.0000, 878.825, -420.905, 10.0000, 255, 0, 0
L 878.825, -420.905, 10.0000, 892.825, -414.905, 10.0000, 255, 0, 0
L 892.825, -414.905, 10.0000, 902.825, -410.905, 10.0000, 255, 0, 0
L 902.825, -410.905, 10.0000, 922.825, -406.905, 10.0000, 255, 0, 0
L 922.825, -406.905, 10.0000, 943.825, -421.905, 10.0000, 255, 0, 0
L 943.825, -421.905, 10.0000, 948.825, -428.905, 10.0000, 255, 0, 0
L 838.825, -413.905, 2.0000, 866.825, -406.905, 4.0000, 0, 0, 0
L 866.825, -406.905, 4.0000, 878.825, -399.905, 4.0000, 0, 0, 0
L 878.825, -399.905, 4.0000, 903.825, -383.905, 3.0000, 0, 0, 0
L 903.825, -383.905, 3.0000, 918.825, -375.905, 3.0000, 0, 0, 0
L 918.825, -375.905, 3.0000, 930.825, -377.905, 3.0000, 0, 0, 0
L 930.825, -377.905, 3.0000, 948.825, -391.905, 6.0000, 0, 0, 0
L 948.825, -391.905, 6.0000, 958.825, -422.905, 8.0000, 0, 0, 0
L 958.825, -422.905, 8.0000, 948.825, -428.905, 10.0000, 255, 0, 0
L 958.825, -422.905, 8.0000, 974.825, -433.905, 10.0000, 0, 0, 0
L 974.825, -433.905, 10.0000, 997.825, -428.905, 10.0000, 0, 0, 0
L 997.825, -428.905, 10.0000, 999.825, -408.905, 10.0000, 0, 0, 0
L 999.825, -408.905, 10.0000, 1009.825, -392.905, 10.0000, 0, 0, 0
L 1009.825, -392.905, 10.0000, 1001.825, -382.905, 10.0000, 0, 0, 0
L 1001.825, -382.905, 10.0000, 1001.825, -357.905, 10.0000, 0, 0, 0
L 1001.825, -357.905, 10.0000, 1008.825, -347.905, 10.0000, 0, 0, 0
L 1008.825, -347.905, 10.0000, 1028.825, -347.905, 10.0000, 0, 0, 0
L 1028.825, -347.905, 10.0000, 1038.825, -357.905, 10.0000, 0, 0, 0
L 1038.825, -357.905, 10.0000, 1038.825, -382.905, 10.0000, 0, 0, 0
L 1038.825, -382.905, 10.0000, 1026.825, -394.905, 10.0000, 0, 0, 0
L 1026.825, -394.905, 10.0000, 1016.825, -409.905, 10.0000, 0, 0, 0
L 1016.825, -409.905, 10.0000, 1016.825, -428.905, 10.0000, 0, 0, 0
L 1016.825, -428.905, 10.0000, 1014.825, -436.905, 10.0000, 0, 0, 0
L 1014.825, -436.905, 10.0000, 996.825, -448.905, 10.0000, 0, 0, 0
L 996.825, -448.905, 10.0000, 986.825, -452.905, 10.0000, 0, 0, 0
L 986.825, -452.905, 10.0000, 974.825, -454.905, 10.0000, 0, 0, 0
L 974.825, -454.905, 10.0000, 958.825, -466.905, 9.0000, 0, 0, 0
L 958.825, -466.905, 9.0000, 948.825, -462.905, 10.0000, 255, 0, 0
L 958.825, -466.905, 9.0000, 948.825, -486.905, 12.0000, 0, 0, 0
L 948.825, -486.905, 12.0000, 938.825, -494.905, 13.0000, 0, 0, 0
L 938.825, -494.905, 13.0000, 902.825, -504.905, 9.0000, 0, 0, 0
L 902.825, -504.905, 9.0000, 878.825, -494.905, 9.0000, 0, 0, 0
L 878.825, -494.905, 9.0000, 864.825, -480.905, 8.0000, 0, 0, 0
L 864.825, -480.905, 8.0000, 838.825, -472.905, 0.0000, 0, 0, 0
L 331.825, -624.905, -10.0000, 329.825, -644.905, -17.0000, 0, 0, 0
L 329.825, -644.905, -17.0000, 349.825, -664.905, -18.0000, 0, 0, 0
L 349.825, -664.905, -18.0000, 368.825, -674.905, -19.0000, 0, 0, 0
L 368.825, -674.905, -19.0000, 378.825, -664.905, -19.0000, 0, 0, 0
L 378.825, -664.905, -19.0000, 378.825, -644.905, -8.0000, 0, 0, 0
L 278.825, -585.905, -24.0000, 298.825, -585.905, -17.0000, 0, 0, 0
L 298.825, -585.905, -17.0000, 328.825, -594.905, -10.0000, 0, 0, 0
L 244.825, -440.905, -9.0000, 249.825, -440.905, -9.0000, 150, 150, 150
L 249.825, -440.905, -9.0000, 249.825, -445.905, -16.0000, 150, 150, 150
L 244.825, -440.905, -9.0000, 245.825, -449.905, -18.0000, 150, 150, 150
L 229.825, -458.905, -9.0000, 224.825, -460.905, -9.0000, 150, 150, 150
L 224.825, -460.905, -9.0000, 224.825, -465.905, -10.0000, 150, 150, 150
L 209.825, -465.905, -25.0000, 207.825, -462.905, -25.0000, 150, 150, 150
L 229.825, -465.905, -25.0000, 245.825, -449.905, -18.0000, 150, 150, 150
L 245.825, -449.905, -18.0000, 249.825, -445.905, -16.0000, 150, 150, 150
L 224.825, -465.905, -10.0000, 228.825, -465.905, -25.0000, 150, 150, 150
L 229.825, -458.905, -9.0000, 229.825, -465.905, -25.0000, 150, 150, 150
L 193.825, -426.905, -9.0000, 188.825, -426.905, -9.0000, 150, 150, 150
L 188.825, -426.905, -9.0000, 188.825, -431.905, -10.0000, 150, 150, 150
L 193.825, -431.905, -9.0000, 188.825, -431.905, -10.0000, 150, 150, 150
L 193.825, -426.905, -9.0000, 193.825, -431.905, -9.0000, 150, 150, 150
L 210.825, -458.905, -9.0000, 213.825, -460.905, -9.0000, 150, 150, 150
L 213.825, -460.905, -9.0000, 209.825, -465.905, -25.0000, 150, 150, 150
L 210.825, -458.905, -9.0000, 207.825, -462.905, -25.0000, 150, 150, 150
L 209.825, -465.905, -25.0000, 213.825, -465.905, -25.0000, 150, 150, 150
L 213.825, -465.905, -25.0000, 224.825, -465.905, -10.0000, 150, 150, 150
L 509.825, -544.905, -9.0000, 509.825, -549.905, -9.0000, 127, 64, 0
L 509.825, -549.905, -9.0000, 504.825, -549.905, -9.0000, 127, 64, 0
L 504.825, -549.905, -9.0000, 504.825, -544.905, -9.0000, 127, 64, 0
L 504.825, -544.905, -9.0000, 508.825, -544.905, -9.0000, 127, 64, 0
L 508.825, -544.905, -9.0000, 509.825, -544.905, -9.0000, 127, 64, 0
L 508.825, -544.905, -9.0000, 508.825, -539.905, -9.0000, 0, 0, 0
L 508.825, -539.905, -9.0000, 505.825, -539.905, -9.0000, 0, 0, 0
L 505.825, -539.905, -9.0000, 478.825, -525.905, -9.0000, 0, 0, 0
L 478.825, -525.905, -9.0000, 468.825, -495.905, -9.0000, 0, 0, 0
L 468.825, -495.905, -9.0000, 458.825, -482.905, -9.0000, 0, 0, 0
L 458.825, -482.905, -9.0000, 458.825, -442.905, -9.0000, 0, 0, 0
L 458.825, -442.905, -9.0000, 478.825, -414.905, -9.0000, 0, 0, 0
L 478.825, -414.905, -9.0000, 478.825, -384.905, -9.0000, 0, 0, 0
L 478.825, -384.905, -9.0000, 486.825, -360.905, 0.0000, 0, 0, 0
L 486.825, -360.905, 0.0000, 498.825, -354.905, 0.0000, 0, 0, 0
L 498.825, -354.905, 0.0000, 519.825, -334.905, 10.0000, 0, 0, 0
L 519.825, -334.905, 10.0000, 539.825, -334.905, 10.0000, 0, 0, 0
L 539.825, -334.905, 10.0000, 549.825, -345.905, 10.0000, 0, 0, 0
L 549.825, -345.905, 10.0000, 549.825, -353.905, 9.0000, 0, 0, 0
L 606.825, -387.905, 10.0000, 610.825, -372.905, 11.0000, 0, 0, 0
L 610.825, -372.905, 11.0000, 592.825, -353.905, 8.0000, 0, 0, 0
L 592.825, -353.905, 8.0000, 582.825, -343.905, 9.0000, 0, 0, 0
L 558.825, -325.905, 10.0000, 518.825, -305.905, 9.0000, 0, 0, 0
L 518.825, -305.905, 9.0000, 498.825, -254.905, 0.0000, 0, 0, 0
L 498.825, -254.905, 0.0000, 508.825, -234.905, 3.0000, 0, 0, 0
L 508.825, -234.905, 3.0000, 498.825, -224.905, 10.0000, 0, 0, 0
L 498.825, -224.905, 10.0000, 498.825, -165.905, 10.0000, 0, 0, 0
L 498.825, -165.905, 10.0000, 487.825, -168.905, 10.0000, 0, 0, 0
L 466.825, -113.905, 14.0000, 466.825, -89.905, 25.0000, 0, 0, 0
L 449.825, -113.905, 14.0000, 449.825, -93.905, 23.0000, 0, 0, 0
L 449.825, -109.905, 16.0000, 466.825, -109.905, 16.0000, 150, 150, 150
L 449.825, -105.905, 18.0000, 466.825, -105.905, 18.0000, 150, 150, 150
L 449.825, -101.905, 20.0000, 466.825, -101.905, 20.0000, 150, 150, 150
L 466.825, -97.905, 22.0000, 449.825, -97.905, 22.0000, 150, 150, 150
L 449.825, -93.905, 23.0000, 466.825, -93.905, 24.0000, 150, 150, 150
L 466.825, -89.905, 25.0000, 449.825, -89.905, 25.0000, 150, 150, 150
L 466.825, -81.905, 29.0000, 449.825, -81.905, 30.0000, 150, 150, 150
L 449.825, -85.905, 27.0000, 466.825, -85.905, 27.0000, 150, 150, 150
L 466.825, -77.905, 31.0000, 449.825, -77.905, 32.0000, 150, 150, 150
L 466.825, -73.905, 33.0000, 449.825, -73.905, 34.0000, 150, 150, 150
L 466.825, -69.905, 35.0000, 449.825, -69.905, 36.0000, 150, 150, 150
L 466.825, -65.905, 37.0000, 449.825, -65.905, 38.0000, 150, 150, 150
L 419.825, -36.905, 38.0000, 419.825, -1.905, 36.0000, 0, 0, 0
L 419.825, -1.905, 36.0000, 419.825, 14.095, 49.0000, 0, 0, 0
L 419.825, 14.095, 49.0000, 445.825, -5.905, 47.0000, 0, 0, 0
L 496.825, -36.905, 39.0000, 496.825, -1.905, 38.0000, 0, 0, 0
L 496.825, -1.905, 38.0000, 496.825, 14.095, 49.0000, 0, 0, 0
L 496.825, 14.095, 49.0000, 470.825, -5.905, 47.0000, 0, 0, 0
L 470.825, -5.905, 47.0000, 470.825, -9.905, 45.0000, 0, 0, 0
L 445.825, -5.905, 47.0000, 449.825, -5.905, 47.0000, 0, 0, 0
L 445.825, -5.905, 47.0000, 445.825, -9.905, 45.0000, 0, 0, 0
L 470.825, -9.905, 45.0000, 470.825, -13.905, 43.0000, 0, 0, 0
L 445.825, -9.905, 45.0000, 445.825, -13.905, 43.0000, 0, 0, 0
L 470.825, -9.905, 45.0000, 445.825, -9.905, 45.0000, 150, 150, 150
L 470.825, -13.905, 43.0000, 470.825, -17.905, 41.0000, 0, 0, 0
L 445.825, -13.905, 43.0000, 445.825, -17.905, 41.0000, 0, 0, 0
L 470.825, -13.905, 43.0000, 445.825, -13.905, 43.0000, 150, 150, 150
L 445.825, -17.905, 41.0000, 445.825, -21.905, 39.0000, 0, 0, 0
L 470.825, -17.905, 41.0000, 470.825, -21.905, 39.0000, 0, 0, 0
L 445.825, -17.905, 41.0000, 470.825, -17.905, 41.0000, 150, 150, 150
L 466.825, -5.905, 47.0000, 466.825, -0.905, 49.0000, 0, 0, 0
L 466.825, -0.905, 49.0000, 470.825, -0.905, 49.0000, 0, 0, 0
L 470.825, -5.905, 47.0000, 466.825, -5.905, 47.0000, 0, 0, 0
L 470.825, -0.905, 49.0000, 496.825, 19.095, 49.0000, 0, 0, 0
L 496.825, 19.095, 49.0000, 509.825, 19.095, 49.0000, 0, 0, 0
L 509.825, 19.095, 49.0000, 514.825, 17.095, 49.0000, 0, 0, 0
L 514.825, 17.095, 49.0000, 522.825, 15.095, 49.0000, 0, 0, 0
L 522.825, 30.095, 49.0000, 514.825, 34.095, 49.0000, 0, 0, 0
L 514.825, 34.095, 49.0000, 507.825, 32.095, 49.0000, 0, 0, 0
L 507.825, 32.095, 49.0000, 496.825, 32.095, 49.0000, 0, 0, 0
L 496.825, 32.095, 49.0000, 496.825, 48.095, 49.0000, 0, 0, 0
L 496.825, 48.095, 49.0000, 484.825, 67.095, 49.0000, 0, 0, 0
L 484.825, 67.095, 49.0000, 444.825, 67.095, 48.0000, 0, 0, 0
L 431.825, 67.095, 49.0000, 419.825, 48.095, 49.0000, 0, 0, 0
L 419.825, 48.095, 49.0000, 418.825, 32.095, 49.0000, 0, 0, 0
L 418.825, 32.095, 49.0000, 413.825, 32.095, 51.0000, 0, 0, 0
L 413.825, 17.095, 50.0000, 419.825, 19.095, 49.0000, 0, 0, 0
L 419.825, 19.095, 49.0000, 444.825, -0.905, 49.0000, 0, 0, 0
L 444.825, -0.905, 49.0000, 449.825, -0.905, 49.0000, 0, 0, 0
L 449.825, -5.905, 47.0000, 466.825, -5.905, 47.0000, 150, 150, 150
L 449.825, -0.905, 49.0000, 449.825, -5.905, 47.0000, 0, 0, 0
L 431.825, 67.095, 49.0000, 444.825, 67.095, 48.0000, 0, 0, 0
L 522.825, 15.095, 49.0000, 532.825, 13.095, 53.0000, 0, 0, 0
L 532.825, 13.095, 53.0000, 540.825, 5.095, 53.0000, 0, 0, 0
L 540.825, 5.095, 53.0000, 550.825, 7.095, 53.0000, 0, 0, 0
L 546.825, 28.095, 53.0000, 540.825, 26.095, 53.0000, 0, 0, 0
L 540.825, 26.095, 53.0000, 532.825, 28.095, 53.0000, 0, 0, 0
L 532.825, 28.095, 53.0000, 522.825, 30.095, 49.0000, 0, 0, 0
L 546.825, 28.095, 53.0000, 556.825, 36.095, 55.0000, 0, 0, 0
L 583.825, 36.095, 55.0000, 572.825, 19.095, 57.0000, 0, 0, 0
L 572.825, 19.095, 57.0000, 550.825, 7.095, 53.0000, 0, 0, 0
L 583.825, 36.095, 55.0000, 584.825, 44.095, 57.0000, 0, 0, 0
L 584.825, 44.095, 57.0000, 582.825, 52.095, 59.0000, 0, 0, 0
L 582.825, 52.095, 59.0000, 578.825, 59.095, 62.0000, 0, 0, 0
L 578.825, 59.095, 62.0000, 576.825, 65.095, 62.0000, 0, 0, 0
L 576.825, 65.095, 62.0000, 559.825, 77.095, 63.0000, 0, 0, 0
L 559.825, 77.095, 63.0000, 555.825, 80.095, 65.0000, 0, 0, 0
L 555.825, 80.095, 65.0000, 549.825, 83.095, 67.0000, 0, 0, 0
L 549.825, 83.095, 67.0000, 548.825, 113.095, 69.0000, 0, 0, 0
L 548.825, 113.095, 69.0000, 508.825, 123.095, 69.0000, 0, 0, 0
L 508.825, 123.095, 69.0000, 478.825, 133.095, 69.0000, 0, 0, 0
L 478.825, 133.095, 69.0000, 470.825, 137.095, 71.0000, 0, 0, 0
L 470.825, 137.095, 71.0000, 464.825, 141.095, 72.0000, 0, 0, 0
L 464.825, 141.095, 72.0000, 460.825, 145.095, 75.0000, 0, 0, 0
L 556.825, 36.095, 55.0000, 559.825, 44.095, 57.0000, 0, 0, 0
L 559.825, 44.095, 57.0000, 559.825, 58.095, 61.0000, 0, 0, 0
L 555.825, 63.095, 65.0000, 559.825, 58.095, 61.0000, 0, 0, 0
L 555.825, 63.095, 65.0000, 549.825, 64.095, 67.0000, 0, 0, 0
L 549.825, 64.095, 67.0000, 518.825, 45.095, 69.0000, 0, 0, 0
L 518.825, 45.095, 69.0000, 508.825, 47.095, 69.0000, 0, 0, 0
L 508.825, 47.095, 69.0000, 496.825, 32.095, 49.0000, 0, 0, 0
L 471.825, 83.095, 69.0000, 484.825, 83.095, 69.0000, 0, 0, 0
L 484.825, 83.095, 69.0000, 496.825, 79.095, 69.0000, 0, 0, 0
L 496.825, 79.095, 69.0000, 508.825, 64.095, 69.0000, 0, 0, 0
L 508.825, 64.095, 69.0000, 519.825, 60.095, 69.0000, 0, 0, 0
L 519.825, 60.095, 69.0000, 529.825, 74.095, 69.0000, 0, 0, 0
L 529.825, 74.095, 69.0000, 528.825, 104.095, 69.0000, 0, 0, 0
L 528.825, 104.095, 69.0000, 507.825, 104.095, 69.0000, 0, 0, 0
L 507.825, 104.095, 69.0000, 464.825, 90.095, 69.0000, 0, 0, 0
L 464.825, 90.095, 69.0000, 464.825, 87.095, 69.0000, 0, 0, 0
L 464.825, 58.095, 69.0000, 468.825, 54.095, 69.0000, 139, 69, 19
L 468.825, 54.095, 69.0000, 468.825, 41.095, 69.0000, 139, 69, 19
L 468.825, 41.095, 69.0000, 464.825, 37.095, 69.0000, 139, 69, 19
L 464.825, 37.095, 69.0000, 450.825, 37.095, 69.0000, 139, 69, 19
L 450.825, 37.095, 69.0000, 447.825, 41.095, 69.0000, 139, 69, 19
L 447.825, 41.095, 69.0000, 447.825, 54.095, 69.0000, 139, 69, 19
L 447.825, 54.095, 69.0000, 451.825, 58.095, 69.0000, 139, 69, 19
L 451.825, 58.095, 69.0000, 451.825, 87.095, 69.0000, 0, 0, 0
L 451.825, 90.095, 69.0000, 438.825, 94.095, 69.0000, 0, 0, 0
L 438.825, 94.095, 69.0000, 398.825, 93.095, 69.0000, 0, 0, 0
L 398.825, 93.095, 69.0000, 399.825, 72.095, 69.0000, 0, 0, 0
L 399.825, 72.095, 69.0000, 407.825, 67.095, 69.0000, 0, 0, 0
L 407.825, 67.095, 69.0000, 419.825, 79.095, 69.0000, 0, 0, 0
L 419.825, 79.095, 69.0000, 430.825, 83.095, 69.0000, 0, 0, 0
L 430.825, 83.095, 69.0000, 444.825, 83.095, 69.0000, 0, 0, 0
L 444.825, 83.095, 69.0000, 444.825, 67.095, 48.0000, 0, 0, 0
L 413.825, 32.095, 50.0000, 406.825, 45.095, 69.0000, 0, 0, 0
L 406.825, 45.095, 69.0000, 378.825, 64.095, 69.0000, 0, 0, 0
L 378.825, 64.095, 69.0000, 370.825, 63.095, 69.0000, 0, 0, 0
L 370.825, 63.095, 69.0000, 368.825, 56.095, 65.0000, 0, 0, 0
L 368.825, 56.095, 65.0000, 366.825, 45.095, 63.0000, 0, 0, 0
L 366.825, 45.095, 63.0000, 366.825, 38.095, 63.0000, 0, 0, 0
L 366.825, 38.095, 63.0000, 372.825, 32.095, 59.0000, 0, 0, 0
L 372.825, 32.095, 59.0000, 381.825, 28.095, 57.0000, 0, 0, 0
L 381.825, 28.095, 57.0000, 396.825, 28.095, 55.0000, 0, 0, 0
L 396.825, 28.095, 55.0000, 405.825, 26.095, 53.0000, 0, 0, 0
L 405.825, 26.095, 53.0000, 413.825, 32.095, 51.0000, 0, 0, 0
L 413.825, 17.095, 50.0000, 408.825, 11.095, 52.0000, 0, 0, 0
L 408.825, 11.095, 52.0000, 405.825, 13.095, 52.0000, 0, 0, 0
L 405.825, 13.095, 52.0000, 396.825, 11.095, 54.0000, 0, 0, 0
L 396.825, 11.095, 54.0000, 389.825, 7.095, 54.0000, 0, 0, 0
L 389.825, 7.095, 54.0000, 381.825, 7.095, 57.0000, 0, 0, 0
L 381.825, 7.095, 57.0000, 373.825, 13.095, 57.0000, 0, 0, 0
L 373.825, 13.095, 57.0000, 366.825, 17.095, 60.0000, 0, 0, 0
L 366.825, 17.095, 60.0000, 353.825, 23.095, 60.0000, 0, 0, 0
L 353.825, 23.095, 60.0000, 345.825, 38.095, 61.0000, 0, 0, 0
L 345.825, 38.095, 61.0000, 347.825, 44.095, 63.0000, 0, 0, 0
L 347.825, 44.095, 63.0000, 349.825, 56.095, 63.0000, 0, 0, 0
L 349.825, 56.095, 63.0000, 351.825, 62.095, 65.0000, 0, 0, 0
L 351.825, 62.095, 65.0000, 357.825, 73.095, 67.0000, 0, 0, 0
L 357.825, 73.095, 67.0000, 370.825, 83.095, 68.0000, 0, 0, 0
L 370.825, 83.095, 68.0000, 379.825, 81.095, 69.0000, 0, 0, 0
L 379.825, 81.095, 69.0000, 379.825, 103.095, 69.0000, 0, 0, 0
L 379.825, 103.095, 69.0000, 439.825, 133.095, 69.0000, 0, 0, 0
L 439.825, 133.095, 69.0000, 442.825, 137.095, 71.0000, 0, 0, 0
L 443.825, 141.095, 72.0000, 442.825, 137.095, 71.0000, 0, 0, 0
L 443.825, 141.095, 72.0000, 447.825, 145.095, 75.0000, 0, 0, 0
L 471.825, 83.095, 69.0000, 472.825, 67.095, 49.0000, 0, 0, 0
L -0.175, -200.905, 5.0000, -0.175, -205.905, -1.0000, 0, 0, 0
L -0.175, -224.905, 0.0000, -0.175, -229.905, 1.0000, 0, 0, 0
L 352.825, -507.905, -9.0000, 357.825, -507.905, -9.0000, 127, 64, 0
L 383.825, -495.905, -9.0000, 378.825, -496.905, -9.0000, 127, 64, 0
L 383.825, -490.905, -9.0000, 383.825, -495.905, -9.0000, 127, 64, 0
L 432.825, -292.905, 0.0000, 444.825, -286.905, 0.0000, 150, 150, 150
L 444.825, -286.905, 0.0000, 449.825, -286.905, 0.0000, 150, 150, 150
L 449.825, -286.905, 0.0000, 470.825, -286.905, 0.0000, 150, 150, 150
L 470.825, -286.905, 0.0000, 484.825, -293.405, 0.0000, 150, 150, 150
L 484.825, -311.905, 0.0000, 470.825, -319.905, 0.0000, 150, 150, 150
L 470.825, -319.905, 0.0000, 444.825, -319.905, 0.0000, 150, 150, 150
L 444.825, -319.905, 0.0000, 432.825, -308.905, 0.0000, 150, 150, 150
L 432.825, -308.905, 0.0000, 432.825, -292.905, 0.0000, 150, 150, 150
L 470.825, -21.905, 39.0000, 445.825, -21.905, 39.0000, 150, 150, 150
L 449.825, -85.905, 27.0000, 449.825, -60.905, 39.0000, 0, 0, 0
L 466.825, -73.905, 33.0000, 466.825, -69.905, 35.0000, 0, 0, 0
L 466.825, -69.905, 35.0000, 466.825, -65.905, 37.0000, 0, 0, 0
L 466.825, -65.905, 37.0000, 466.825, -60.905, 39.0000, 0, 0, 0
L 466.825, -81.905, 29.0000, 466.825, -77.905, 31.0000, 0, 0, 0
L 466.825, -77.905, 31.0000, 466.825, -73.905, 33.0000, 0, 0, 0
L 466.825, -85.905, 27.0000, 466.825, -81.905, 29.0000, 0, 0, 0
L 466.825, -89.905, 25.0000, 466.825, -85.905, 27.0000, 0, 0, 0
L 449.825, -89.905, 25.0000, 449.825, -85.905, 27.0000, 0, 0, 0
L 449.825, -93.905, 23.0000, 449.825, -89.905, 25.0000, 0, 0, 0
L 58.825, -35.905, 0.0000, 70.825, -34.905, 0.0000, 0, 0, 0
L 352.825, -507.905, -9.0000, 352.825, -502.905, -9.0000, 127, 64, 0
L 76.825, -202.905, 3.0000, 75.825, -212.905, 4.0000, 0, 0, 0
L 580.825, -600.905, -9.0000, 570.825, -600.905, -9.0000, 127, 64, 0
L 588.825, -600.905, -9.0000, 580.825, -600.905, -9.0000, 127, 64, 0
L 249.825, -445.905, -16.0000, 268.825, -434.905, -10.0000, 150, 150, 150
L 207.825, -462.905, -25.0000, 189.825, -432.905, -20.0000, 150, 150, 150
L 445.825, -175.905, 14.0000, 445.825, -117.905, 14.0000, 0, 0, 0
L 470.825, -171.905, 14.0000, 470.825, -188.905, 14.0000, 0, 0, 0
L -29.175, -64.905, -1.0000, -9.175, -54.905, 0.0000, 0, 0, 255
L -9.175, -54.905, 0.0000, -0.175, -44.905, 1.0000, 0, 0, 255
L -0.175, -44.905, 1.0000, 58.825, -35.905, 0.0000, 0, 0, 255
L 88.825, -74.905, 0.0000, 79.825, -65.905, 0.0000, 0, 0, 255
L 79.825, -65.905, 0.0000, 59.825, -55.905, 0.0000, 0, 0, 255
L 59.825, -55.905, 0.0000, 30.825, -54.905, 0.0000, 0, 0, 255
L 30.825, -54.905, 0.0000, 8.825, -64.905, -4.0000, 0, 0, 255
L 8.825, -64.905, -4.0000, 8.825, -74.905, -1.0000, 0, 0, 255
L 70.825, -34.905, 0.0000, 99.825, -44.905, 0.0000, 0, 0, 255
L 99.825, -44.905, 0.0000, 121.825, -53.905, -6.0000, 0, 0, 255
L 99.825, 14.095, 0.0000, 97.825, 8.095, 0.0000, 0, 0, 255
L 97.825, 8.095, 0.0000, 90.825, 8.095, 0.0000, 0, 0, 255
L 90.825, 8.095, 0.0000, 88.825, 13.095, 0.0000, 0, 0, 255
L 88.825, 13.095, 0.0000, 88.825, 17.095, 0.0000, 0, 0, 255
L 88.825, 17.095, 0.0000, 93.825, 19.095, 0.0000, 0, 0, 255
L 93.825, 19.095, 0.0000, 96.825, 19.095, 0.0000, 0, 0, 255
L 96.825, 19.095, 0.0000, 99.825, 14.095, 0.0000, 0, 0, 255
L -0.175, -205.905, -1.0000, -40.175, -205.905, -1.0000, 0, 0, 0
L -40.175, -205.905, -1.0000, -60.175, -185.905, -3.0000, 0, 0, 0
L -60.175, -185.905, -3.0000, -65.175, -174.905, -7.0000, 0, 0, 0
L -65.175, -174.905, -7.0000, -70.175, -163.905, -9.0000, 0, 0, 0
L -70.175, -163.905, -9.0000, -72.175, -143.905, -9.0000, 0, 0, 0
L -72.175, -143.905, -9.0000, -90.175, -125.905, -9.0000, 0, 0, 0
L -183.175, -153.905, 2.0000, -181.175, -141.905, 2.0000, 0, 0, 0
L -181.175, -141.905, 2.0000, -166.175, -124.905, 2.0000, 0, 0, 0
L -166.175, -124.905, 2.0000, -157.175, -115.905, -1.0000, 0, 0, 0
L -157.175, -115.905, -1.0000, -145.175, -105.905, -2.0000, 0, 0, 0
L -145.175, -105.905, -2.0000, -122.175, -107.905, -5.0000, 0, 0, 0
L -122.175, -107.905, -5.0000, -107.175, -118.905, -7.0000, 0, 0, 0
L -107.175, -118.905, -7.0000, -90.175, -125.905, -9.0000, 0, 0, 0
L -183.175, -153.905, 2.0000, -183.175, -158.905, 2.0000, 0, 0, 0
L -183.175, -158.905, 2.0000, -181.175, -168.905, 2.0000, 0, 0, 0
L -181.175, -168.905, 2.0000, -166.175, -184.905, 2.0000, 0, 0, 0
L -166.175, -184.905, 2.0000, -153.175, -196.905, 0.0000, 0, 0, 0
L -153.175, -196.905, 0.0000, -137.175, -200.905, -2.0000, 0, 0, 0
L -137.175, -200.905, -2.0000, -116.175, -198.905, -5.0000, 0, 0, 0
L -116.175, -198.905, -5.0000, -101.175, -190.905, -7.0000, 0, 0, 0
L -90.175, -184.905, -8.0000, -79.175, -184.905, -8.0000, 0, 0, 0
L -79.175, -184.905, -8.0000, -77.175, -188.905, -5.0000, 0, 0, 0
L -77.175, -188.905, -5.0000, -78.175, -191.905, -5.0000, 0, 0, 0
L -78.175, -191.905, -5.0000, -78.175, -193.905, -5.0000, 0, 0, 0
L -78.175, -193.905, -5.0000, -59.175, -204.905, -2.0000, 0, 0, 0
L -59.175, -204.905, -2.0000, -43.175, -219.905, -2.0000, 0, 0, 0
L -43.175, -219.905, -2.0000, -37.175, -223.905, -1.0000, 0, 0, 0
L -37.175, -223.905, -1.0000, -0.175, -224.905, 0.0000, 0, 0, 0
L -141.175, -127.905, -9.0000, -146.175, -143.905, -9.0000, 0, 0, 0
L -146.175, -142.905, -9.0000, -114.175, -143.905, -9.0000, 150, 150, 150
L -114.175, -143.905, -9.0000, -109.175, -156.905, -9.0000, 150, 150, 150
L -109.175, -156.905, -9.0000, -115.175, -167.905, -9.0000, 150, 150, 150
L -115.175, -167.905, -9.0000, -146.175, -167.905, -9.0000, 150, 150, 150
L -146.175, -165.905, -9.0000, -141.175, -184.905, -9.0000, 0, 0, 0
L -141.175, -184.905, -9.0000, -130.175, -184.905, -9.0000, 150, 150, 150
L -101.175, -190.905, -7.0000, -130.175, -188.905, -7.0000, 150, 150, 150
L -117.175, -199.905, -4.0000, -134.175, -189.905, -5.0000, 150, 150, 150
L -135.175, -200.905, -3.0000, -137.175, -189.905, -3.0000, 150, 150, 150
L -155.175, -196.905, 0.0000, -137.175, -189.905, -2.0000, 150, 150, 150
L -166.175, -184.905, 2.0000, -142.175, -185.905, 0.0000, 150, 150, 150
L -166.175, -124.905, 2.0000, -142.175, -124.905, 0.0000, 150, 150, 150
L -158.175, -117.905, -1.0000, -140.175, -117.905, -3.0000, 150, 150, 150
L -122.175, -107.905, -5.0000, -132.175, -118.905, -5.0000, 150, 150, 150
L -110.175, -117.905, -7.0000, -132.175, -118.905, -5.0000, 150, 150, 150
L -142.175, -124.905, 0.0000, -140.175, -117.905, -3.0000, 150, 150, 150
L -144.175, -178.905, 1.0000, -142.175, -185.905, 0.0000, 150, 150, 150
L 247.825, -196.905, -5.0000, 239.825, -198.905, 0.0000, 0, 0, 255
L 444.825, 67.095, 48.0000, 434.825, 58.095, 49.0000, 255, 0, 0
L 434.825, 58.095, 49.0000, 434.825, 33.095, 49.0000, 255, 0, 0
L 434.825, 33.095, 49.0000, 444.825, 22.095, 49.0000, 255, 0, 0
L 444.825, 22.095, 49.0000, 470.825, 22.095, 49.0000, 255, 0, 0
L 470.825, 22.095, 49.0000, 480.825, 32.095, 49.0000, 255, 0, 0
L 480.825, 32.095, 49.0000, 481.825, 59.095, 49.0000, 255, 0, 0
L 481.825, 59.095, 49.0000, 472.825, 67.095, 49.0000, 255, 0, 0
L 121.825, -53.905, -6.0000, 137.825, -45.905, 0.0000, 0, 0, 0
L -142.175, -124.905, 0.0000, -148.175, -143.905, 2.0000, 150, 150, 150
L -148.175, -167.905, 2.0000, -148.175, -143.905, 2.0000, 150, 150, 150
L -101.175, -190.905, -7.0000, -90.175, -184.905, -8.0000, 0, 0, 0
L -90.175, -125.905, -9.0000, -129.175, -125.905, -9.0000, 150, 150, 150
L -141.175, -125.905, -9.0000, -132.175, -118.905, -5.0000, 150, 150, 150
L -132.175, -118.905, -5.0000, -129.175, -125.905, -9.0000, 150, 150, 150
L -142.175, -185.905, 0.0000, -137.175, -189.905, -2.0000, 150, 150, 150
L -137.175, -189.905, -2.0000, -134.175, -189.905, -5.0000, 150, 150, 150
L -134.175, -189.905, -5.0000, -130.175, -188.905, -7.0000, 150, 150, 150
L -130.175, -184.905, -9.0000, -88.175, -184.905, -9.0000, 150, 150, 150
L -130.175, -188.905, -7.0000, -130.175, -184.905, -9.0000, 150, 150, 150
L -144.175, -178.905, 1.0000, -148.175, -167.905, 2.0000, 150, 150, 150
L -140.175, -117.905, -3.0000, -141.175, -125.905, -9.0000, 150, 150, 150
L -129.175, -125.905, -9.0000, -141.175, -127.905, -9.0000, 150, 150, 150
L -146.175, -165.905, -9.0000, -117.175, -165.905, -9.0000, 0, 0, 255
L -146.175, -143.905, -9.0000, -146.175, -165.905, -9.0000, 0, 0, 0
L -146.175, -143.905, -9.0000, -117.175, -143.905, -9.0000, 0, 0, 255
L -117.175, -143.905, -9.0000, -111.175, -153.905, -9.0000, 0, 0, 255
L -111.175, -157.905, -9.0000, -111.175, -153.905, -9.0000, 0, 0, 255
L -117.175, -165.905, -9.0000, -111.175, -157.905, -9.0000, 0, 0, 255
L 331.825, -624.905, -10.0000, 368.825, -623.905, -9.0000, 0, 0, 255
L 397.825, -624.905, -9.0000, 438.825, -624.905, -9.0000, 0, 0, 0
L 398.825, -595.905, -9.0000, 389.825, -595.905, -9.0000, 0, 0, 0
L 152.825, -221.905, 9.0000, 156.825, -221.905, 9.0000, 127, 64, 0
L 179.825, -234.905, 19.0000, 159.825, -234.905, 18.0000, 150, 150, 150
L 159.825, -234.905, 18.0000, 145.825, -252.905, 18.0000, 150, 150, 150
L 141.825, -263.905, 12.0000, 143.825, -259.905, 16.0000, 0, 204, 0
L 139.825, -268.905, 8.0000, 141.825, -263.905, 12.0000, 0, 204, 0
L 136.825, -273.905, 4.0000, 139.825, -268.905, 8.0000, 0, 204, 0
L 135.825, -276.905, 2.0000, 136.825, -273.905, 4.0000, 0, 204, 0
L 145.825, -252.905, 18.0000, 143.825, -255.905, 18.0000, 150, 150, 150
L 352.825, -512.905, -9.0000, 383.825, -504.905, -9.0000, 0, 0, 0
L 451.825, -576.905, -13.0000, 451.825, -580.905, -13.0000, 0, 0, 0
L -40.175, 188.095, 0.0000, -40.175, 193.095, 0.0000, 0, 0, 0
L -58.175, 188.095, 0.0000, -58.175, 193.095, 0.0000, 0, 0, 0
L 193.825, -221.905, 8.0000, 196.825, -221.905, 8.0000, 127, 64, 0
L 193.825, -221.905, 8.0000, 193.825, -217.905, 8.0000, 127, 64, 0
L 193.825, -217.905, 8.0000, 189.825, -217.905, 8.0000, 127, 64, 0
L 189.825, -221.905, 9.0000, 193.825, -221.905, 8.0000, 127, 64, 0
L 189.825, -217.905, 8.0000, 189.825, -221.905, 9.0000, 127, 64, 0
L 190.825, -187.905, 10.0000, 185.825, -188.905, 10.0000, 127, 64, 0
L 190.825, -187.905, 10.0000, 190.825, -190.905, 10.0000, 127, 64, 0
L 190.825, -190.905, 10.0000, 186.825, -190.905, 10.0000, 127, 64, 0
L 185.825, -188.905, 10.0000, 180.825, -189.905, 11.0000, 127, 64, 0
L 186.825, -190.905, 10.0000, 185.825, -188.905, 10.0000, 127, 64, 0
L 156.825, -188.905, 10.0000, 156.825, -190.905, 10.0000, 127, 64, 0
L 156.825, -190.905, 10.0000, 158.825, -190.905, 10.0000, 0, 0, 0
L 158.825, -188.905, 10.0000, 156.825, -188.905, 10.0000, 127, 64, 0
L 158.825, -190.905, 10.0000, 158.825, -188.905, 10.0000, 127, 64, 0
L 169.825, -188.905, 10.0000, 158.825, -188.905, 10.0000, 127, 64, 0
L 169.825, -188.905, 10.0000, 169.825, -190.905, 10.0000, 127, 64, 0
L 169.825, -190.905, 10.0000, 172.825, -190.905, 10.0000, 127, 64, 0
L 172.825, -188.905, 10.0000, 169.825, -188.905, 10.0000, 127, 64, 0
L 172.825, -190.905, 10.0000, 172.825, -188.905, 10.0000, 127, 64, 0
L 156.825, -221.905, 9.0000, 172.825, -221.905, 10.0000, 127, 64, 0
L 156.825, -221.905, 9.0000, 156.825, -218.905, 9.0000, 127, 64, 0
L 156.825, -218.905, 9.0000, 160.825, -218.905, 9.0000, 127, 64, 0
L 160.825, -218.905, 9.0000, 160.825, -221.905, 9.0000, 127, 64, 0
L 172.825, -221.905, 10.0000, 176.825, -222.905, 11.0000, 127, 64, 0
L 172.825, -221.905, 10.0000, 172.825, -218.905, 10.0000, 127, 64, 0
L 172.825, -218.905, 10.0000, 167.825, -218.905, 10.0000, 127, 64, 0
L 167.825, -218.905, 10.0000, 167.825, -221.905, 10.0000, 127, 64, 0
L 131.825, -278.905, 0.0000, 128.825, -282.905, 0.0000, 0, 0, 0
L 226.825, -396.905, -9.0000, 225.825, -404.905, -9.0000, 0, 0, 0
L 226.825, -406.905, -9.0000, 228.825, -407.905, -9.0000, 0, 0, 0
L 213.825, -396.905, -9.0000, 212.825, -404.905, -9.0000, 0, 0, 0
L 215.825, -403.905, -9.0000, 221.825, -403.905, -9.0000, 205, 133, 63
L 215.825, -406.905, -9.0000, 221.825, -406.905, -9.0000, 205, 133, 63
L 215.825, -406.905, -9.0000, 215.825, -404.905, -9.0000, 205, 133, 63
L 221.825, -403.905, -9.0000, 221.825, -404.905, -9.0000, 205, 133, 63
L 225.825, -404.905, -9.0000, 226.825, -406.905, -9.0000, 0, 0, 0
L 212.825, -404.905, -9.0000, 213.825, -406.905, -9.0000, 0, 0, 0
L 225.825, -404.905, -9.0000, 221.825, -404.905, -9.0000, 205, 133, 63
L 215.825, -404.905, -9.0000, 215.825, -403.905, -9.0000, 205, 133, 63
L 221.825, -404.905, -9.0000, 221.825, -406.905, -9.0000, 205, 133, 63
L 215.825, -404.905, -9.0000, 212.825, -404.905, -9.0000, 205, 133, 63
L 228.825, -310.905, -9.0000, 233.825, -310.905, -9.0000, 127, 64, 0
L 228.825, -315.905, -9.0000, 228.825, -310.905, -9.0000, 127, 64, 0
L 204.825, -339.905, -9.0000, 204.825, -334.905, -9.0000, 127, 64, 0
L 378.825, -458.905, -9.0000, 383.825, -458.905, -9.0000, 127, 64, 0
L 383.825, -458.905, -9.0000, 383.825, -461.905, -9.0000, 127, 64, 0
L 378.825, -461.905, -9.0000, 383.825, -461.905, -9.0000, 127, 64, 0
L 352.825, -453.905, -6.0000, 352.825, -457.905, -9.0000, 127, 64, 0
L 357.825, -453.905, -9.0000, 352.825, -453.905, -6.0000, 127, 64, 0
L 538.825, -618.905, -9.0000, 588.825, -618.905, -9.0000, 127, 64, 0
L 628.825, -518.905, 10.0000, 647.825, -518.905, 10.0000, 150, 150, 150
L 628.825, -525.905, 10.0000, 635.825, -529.905, 10.0000, 150, 150, 150
L 642.825, -529.905, 10.0000, 649.825, -524.905, 10.0000, 150, 150, 150
L 628.825, -518.905, 10.0000, 628.825, -525.905, 10.0000, 150, 150, 150
L 635.825, -529.905, 10.0000, 642.825, -529.905, 10.0000, 150, 150, 150
L 649.825, -524.905, 10.0000, 647.825, -518.905, 10.0000, 150, 150, 150
L 538.825, -618.905, -9.0000, 538.825, -620.905, -9.0000, 127, 64, 0
L 538.825, -600.905, -9.0000, 538.825, -597.905, -9.0000, 127, 64, 0
L 538.825, -597.905, -9.0000, 590.825, -597.905, -9.0000, 127, 64, 0
L 538.825, -620.905, -9.0000, 590.825, -620.905, -9.0000, 127, 64, 0
L 590.825, -620.905, -9.0000, 588.825, -618.905, -9.0000, 0, 0, 0
L 590.825, -620.905, -9.0000, 594.825, -624.905, -6.0000, 0, 0, 0
L 590.825, -597.905, -9.0000, 588.825, -600.905, -9.0000, 127, 64, 0
L 590.825, -597.905, -9.0000, 594.825, -594.905, -6.0000, 0, 0, 0
L 596.825, -431.905, 10.0000, 596.825, -435.905, 10.0000, 0, 0, 0
L 596.825, -435.905, 10.0000, 597.825, -435.905, 10.0000, 0, 0, 0
L 599.825, -435.905, 10.0000, 599.825, -427.905, 10.0000, 0, 0, 0
L 601.825, -456.905, 10.0000, 599.825, -448.905, 10.0000, 0, 0, 0
L 599.825, -448.905, 10.0000, 597.825, -448.905, 10.0000, 0, 0, 0
L 596.825, -448.905, 10.0000, 596.825, -450.905, 10.0000, 0, 0, 0
L 599.825, -438.905, 10.0000, 599.825, -444.905, 10.0000, 205, 133, 63
L 596.825, -438.905, 10.0000, 596.825, -444.905, 10.0000, 205, 133, 63
L 597.825, -448.905, 10.0000, 596.825, -448.905, 10.0000, 0, 0, 0
L 597.825, -435.905, 10.0000, 599.825, -435.905, 10.0000, 0, 0, 0
L 597.825, -448.905, 10.0000, 597.825, -444.905, 10.0000, 205, 133, 63
L 599.825, -438.905, 10.0000, 597.825, -438.905, 10.0000, 205, 133, 63
L 597.825, -438.905, 10.0000, 597.825, -435.905, 10.0000, 205, 133, 63
L 597.825, -438.905, 10.0000, 596.825, -438.905, 10.0000, 205, 133, 63
L 599.825, -444.905, 10.0000, 597.825, -444.905, 10.0000, 205, 133, 63
L 597.825, -444.905, 10.0000, 596.825, -444.905, 10.0000, 205, 133, 63
L 667.825, -503.905, 8.0000, 709.825, -503.905, 8.0000, 0, 0, 0
L 610.825, -520.905, 8.0000, 618.825, -528.905, 10.0000, 0, 0, 0
L 658.825, -505.905, 8.0000, 664.825, -505.905, 8.0000, 0, 0, 0
L 667.825, -503.905, 8.0000, 667.825, -505.905, 8.0000, 0, 0, 0
L 708.825, -522.905, 8.0000, 667.825, -522.905, 8.0000, 0, 0, 0
L 667.825, -519.905, 8.0000, 667.825, -522.905, 8.0000, 0, 0, 0
L 667.825, -519.905, 8.0000, 664.825, -519.905, 8.0000, 0, 0, 0
L 658.825, -528.905, 10.0000, 662.825, -519.905, 8.0000, 0, 0, 0
L 667.825, -508.905, 8.0000, 667.825, -515.905, 8.0000, 205, 133, 63
L 662.825, -515.905, 8.0000, 662.825, -508.905, 8.0000, 205, 133, 63
L 667.825, -508.905, 8.0000, 664.825, -508.905, 8.0000, 205, 133, 63
L 667.825, -515.905, 8.0000, 664.825, -515.905, 8.0000, 205, 133, 63
L 664.825, -505.905, 8.0000, 667.825, -505.905, 8.0000, 0, 0, 0
L 664.825, -519.905, 8.0000, 662.825, -519.905, 8.0000, 0, 0, 0
L 664.825, -505.905, 8.0000, 664.825, -508.905, 8.0000, 205, 133, 63
L 664.825, -508.905, 8.0000, 662.825, -508.905, 8.0000, 205, 133, 63
L 664.825, -515.905, 8.0000, 662.825, -515.905, 8.0000, 205, 133, 63
L 664.825, -515.905, 8.0000, 664.825, -519.905, 8.0000, 205, 133, 63
L 464.825, -218.905, 10.0000, 464.825, -219.905, 10.0000, 127, 64, 0
L 451.825, -218.905, 10.0000, 448.825, -218.905, 10.0000, 150, 150, 150
L 464.825, -218.905, 10.0000, 467.825, -218.905, 10.0000, 150, 150, 150
L 487.825, -202.905, 10.0000, 467.825, -202.905, 10.0000, 150, 150, 150
L 467.825, -218.905, 10.0000, 467.825, -202.905, 10.0000, 150, 150, 150
L 448.825, -218.905, 10.0000, 448.825, -202.905, 10.0000, 150, 150, 150
L 448.825, -202.905, 10.0000, 428.825, -202.905, 10.0000, 150, 150, 150
L 487.825, -202.905, 10.0000, 487.825, -168.905, 10.0000, 150, 150, 150
L 487.825, -168.905, 10.0000, 486.825, -169.905, 10.0000, 0, 0, 0
L 470.825, -171.905, 14.0000, 486.825, -169.905, 10.0000, 0, 0, 0
L 451.825, -188.905, 14.0000, 445.825, -188.905, 14.0000, 0, 0, 0
L 451.825, -188.905, 14.0000, 451.825, -190.905, 14.0000, 0, 0, 0
L 464.825, -188.905, 14.0000, 464.825, -190.905, 14.0000, 0, 0, 0
L 464.825, -190.905, 14.0000, 464.825, -193.905, 14.0000, 0, 0, 0
L 451.825, -190.905, 14.0000, 451.825, -193.905, 14.0000, 0, 0, 0
L 464.825, -190.905, 14.0000, 460.825, -190.905, 14.0000, 205, 133, 63
L 460.825, -188.905, 14.0000, 454.825, -188.905, 14.0000, 205, 133, 63
L 460.825, -193.905, 14.0000, 454.825, -193.905, 14.0000, 205, 133, 63
L 460.825, -188.905, 14.0000, 460.825, -190.905, 14.0000, 205, 133, 63
L 460.825, -190.905, 14.0000, 460.825, -193.905, 14.0000, 205, 133, 63
L 454.825, -188.905, 14.0000, 454.825, -190.905, 14.0000, 205, 133, 63
L 454.825, -190.905, 14.0000, 451.825, -190.905, 14.0000, 205, 133, 63
L 454.825, -190.905, 14.0000, 454.825, -193.905, 14.0000, 205, 133, 63
L 451.825, -193.905, 14.0000, 444.825, -193.905, 14.0000, 0, 0, 0
L 445.825, -188.905, 14.0000, 444.825, -193.905, 14.0000, 0, 0, 0
L 470.825, -193.905, 14.0000, 464.825, -193.905, 14.0000, 0, 0, 0
L 470.825, -188.905, 14.0000, 470.825, -193.905, 14.0000, 0, 0, 0
L 464.825, -188.905, 14.0000, 470.825, -188.905, 14.0000, 0, 0, 0
L 451.825, -193.905, 14.0000, 451.825, -218.905, 10.0000, 150, 150, 150
L 464.825, -193.905, 14.0000, 464.825, -218.905, 10.0000, 150, 150, 150
L 449.825, -60.905, 39.0000, 449.825, -58.905, 39.0000, 0, 0, 0
L 466.825, -60.905, 39.0000, 466.825, -58.905, 39.0000, 0, 0, 0
L 453.825, -60.905, 39.0000, 461.825, -60.905, 39.0000, 205, 133, 63
L 461.825, -56.905, 39.0000, 453.825, -56.905, 39.0000, 205, 133, 63
L 461.825, -60.905, 39.0000, 461.825, -58.905, 39.0000, 205, 133, 63
L 466.825, -58.905, 39.0000, 466.825, -56.905, 39.0000, 0, 0, 0
L 449.825, -58.905, 39.0000, 449.825, -56.905, 39.0000, 0, 0, 0
L 466.825, -58.905, 39.0000, 461.825, -58.905, 39.0000, 205, 133, 63
L 461.825, -58.905, 39.0000, 461.825, -56.905, 39.0000, 205, 133, 63
L 453.825, -60.905, 39.0000, 453.825, -58.905, 39.0000, 205, 133, 63
L 453.825, -58.905, 39.0000, 449.825, -58.905, 39.0000, 205, 133, 63
L 453.825, -58.905, 39.0000, 453.825, -56.905, 39.0000, 205, 133, 63
L 434.825, -56.905, 39.0000, 419.825, -36.905, 38.0000, 0, 0, 0
L 480.825, -56.905, 39.0000, 496.825, -36.905, 39.0000, 0, 0, 0
L 460.825, 152.095, 75.0000, 477.825, 152.095, 75.0000, 0, 0, 0
L 433.825, 158.095, 75.0000, 431.825, 158.095, 75.0000, 0, 0, 0
L 457.825, 177.095, 75.0000, 457.825, 195.095, 75.0000, 0, 0, 0
L 415.825, 177.095, 75.0000, 422.825, 177.095, 75.0000, 0, 0, 0
L 415.825, 152.095, 75.0000, 415.825, 164.095, 75.0000, 0, 0, 0
L 422.825, 177.095, 75.0000, 430.825, 177.095, 75.0000, 0, 0, 0
L 433.825, 177.095, 75.0000, 457.825, 177.095, 75.0000, 0, 0, 0
L 430.825, 152.095, 75.0000, 424.825, 152.095, 75.0000, 0, 0, 0
L 415.825, 164.095, 75.0000, 415.825, 177.095, 75.0000, 0, 0, 0
L 424.825, 152.095, 75.0000, 415.825, 152.095, 75.0000, 0, 0, 0
L 447.825, 152.095, 75.0000, 433.825, 152.095, 75.0000, 0, 0, 0
L 457.825, 195.095, 75.0000, 477.825, 195.095, 75.0000, 0, 0, 0
L 430.825, 152.095, 75.0000, 430.825, 155.095, 75.0000, 0, 0, 0
L 430.825, 155.095, 75.0000, 430.825, 158.095, 75.0000, 0, 0, 0
L 433.825, 152.095, 75.0000, 433.825, 158.095, 75.0000, 0, 0, 0
L 430.825, 171.095, 75.0000, 430.825, 177.095, 75.0000, 0, 0, 0
L 430.825, 171.095, 75.0000, 431.825, 171.095, 75.0000, 0, 0, 0
L 433.825, 171.095, 75.0000, 433.825, 177.095, 75.0000, 0, 0, 0
L 430.825, 161.095, 75.0000, 430.825, 167.095, 75.0000, 205, 133, 63
L 433.825, 161.095, 75.0000, 433.825, 167.095, 75.0000, 205, 133, 63
L 433.825, 161.095, 75.0000, 431.825, 161.095, 75.0000, 205, 133, 63
L 433.825, 167.095, 75.0000, 431.825, 167.095, 75.0000, 205, 133, 63
L 431.825, 171.095, 75.0000, 433.825, 171.095, 75.0000, 0, 0, 0
L 431.825, 158.095, 75.0000, 430.825, 158.095, 75.0000, 0, 0, 0
L 431.825, 171.095, 75.0000, 431.825, 167.095, 75.0000, 205, 133, 63
L 431.825, 161.095, 75.0000, 430.825, 161.095, 75.0000, 205, 133, 63
L 431.825, 167.095, 75.0000, 430.825, 167.095, 75.0000, 205, 133, 63
L 431.825, 161.095, 75.0000, 431.825, 158.095, 75.0000, 205, 133, 63
L 460.825, 145.095, 75.0000, 460.825, 146.095, 75.0000, 0, 0, 0
L 447.825, 152.095, 75.0000, 447.825, 146.095, 75.0000, 0, 0, 0
L 460.825, 146.095, 75.0000, 460.825, 152.095, 75.0000, 0, 0, 0
L 456.825, 145.095, 75.0000, 450.825, 145.095, 75.0000, 205, 133, 63
L 456.825, 148.095, 75.0000, 450.825, 148.095, 75.0000, 205, 133, 63
L 456.825, 145.095, 75.0000, 456.825, 146.095, 75.0000, 205, 133, 63
L 450.825, 145.095, 75.0000, 450.825, 146.095, 75.0000, 205, 133, 63
L 447.825, 146.095, 75.0000, 447.825, 145.095, 75.0000, 0, 0, 0
L 447.825, 146.095, 75.0000, 450.825, 146.095, 75.0000, 205, 133, 63
L 456.825, 146.095, 75.0000, 456.825, 148.095, 75.0000, 205, 133, 63
L 450.825, 146.095, 75.0000, 450.825, 148.095, 75.0000, 205, 133, 63
L 456.825, 146.095, 75.0000, 460.825, 146.095, 75.0000, 205, 133, 63
L 464.825, 87.095, 69.0000, 464.825, 58.095, 69.0000, 0, 0, 0
L 460.825, 85.095, 69.0000, 454.825, 85.095, 69.0000, 205, 133, 63
L 460.825, 90.095, 69.0000, 454.825, 90.095, 69.0000, 205, 133, 63
L 460.825, 85.095, 69.0000, 460.825, 87.095, 69.0000, 205, 133, 63
L 454.825, 85.095, 69.0000, 454.825, 87.095, 69.0000, 205, 133, 63
L 451.825, 87.095, 69.0000, 451.825, 90.095, 69.0000, 0, 0, 0
L 451.825, 87.095, 69.0000, 454.825, 87.095, 69.0000, 205, 133, 63
L 460.825, 87.095, 69.0000, 460.825, 90.095, 69.0000, 205, 133, 63
L 454.825, 87.095, 69.0000, 454.825, 90.095, 69.0000, 205, 133, 63
L 460.825, 87.095, 69.0000, 464.825, 87.095, 69.0000, 205, 133, 63
L 582.825, -343.905, 9.0000, 574.825, -343.905, 9.0000, 0, 0, 0
L 567.825, -343.905, 9.0000, 558.825, -325.905, 10.0000, 0, 0, 0
L 570.825, -358.905, 9.0000, 574.825, -358.905, 9.0000, 0, 0, 0
L 578.825, -358.905, 9.0000, 593.825, -369.905, 8.0000, 0, 0, 0
L 574.825, -343.905, 9.0000, 567.825, -343.905, 9.0000, 0, 0, 0
L 578.825, -354.905, 9.0000, 578.825, -346.905, 9.0000, 205, 133, 63
L 570.825, -354.905, 9.0000, 570.825, -346.905, 9.0000, 205, 133, 63
L 574.825, -358.905, 9.0000, 578.825, -358.905, 9.0000, 0, 0, 0
L 574.825, -358.905, 9.0000, 574.825, -354.905, 9.0000, 205, 133, 63
L 570.825, -346.905, 9.0000, 574.825, -346.905, 9.0000, 205, 133, 63
L 574.825, -346.905, 9.0000, 574.825, -343.905, 9.0000, 205, 133, 63
L 574.825, -346.905, 9.0000, 578.825, -346.905, 9.0000, 205, 133, 63
L 570.825, -354.905, 9.0000, 574.825, -354.905, 9.0000, 205, 133, 63
L 574.825, -354.905, 9.0000, 578.825, -354.905, 9.0000, 205, 133, 63
L 539.825, -404.905, 9.0000, 539.825, -385.905, 9.0000, 0, 0, 0
L 578.825, -385.905, 9.0000, 593.125, -380.905, 9.0000, 0, 0, 0
L 562.825, -418.905, 9.0000, 568.825, -416.905, 9.0000, 0, 0, 0
L 578.825, -406.905, 9.0000, 570.825, -410.905, 9.0000, 0, 0, 0
L 565.825, -366.905, 9.0000, 548.825, -366.905, 9.0000, 205, 133, 63
L 593.825, -369.905, 8.0000, 593.125, -380.905, 9.0000, 0, 0, 0
L 543.825, -410.905, 9.0000, 545.825, -416.905, 9.0000, 0, 0, 0
L 543.825, -410.905, 9.0000, 539.825, -404.905, 9.0000, 0, 0, 0
L 548.825, -418.905, 9.0000, 562.825, -418.905, 9.0000, 0, 0, 0
L 539.825, -382.905, 9.0000, 539.825, -385.905, 9.0000, 127, 64, 0
L 606.825, -387.905, 10.0000, 606.825, -392.905, 9.0000, 0, 0, 0
L 606.825, -392.905, 9.0000, 592.825, -400.905, 9.0000, 0, 0, 0
L 570.825, -410.905, 9.0000, 568.825, -416.905, 9.0000, 0, 0, 0
L 549.825, -353.905, 9.0000, 539.825, -366.905, 9.0000, 0, 0, 0
L 592.825, -400.905, 9.0000, 578.825, -398.905, 9.0000, 0, 0, 0
L 578.825, -398.905, 9.0000, 578.825, -406.905, 9.0000, 0, 0, 0
L 545.825, -416.905, 9.0000, 548.825, -418.905, 9.0000, 0, 0, 0
L 570.825, -358.905, 9.0000, 570.825, -366.905, 9.0000, 0, 0, 0
L 570.825, -381.905, 9.0000, 578.825, -385.905, 9.0000, 0, 0, 0
L 539.825, -366.905, 9.0000, 548.825, -366.905, 9.0000, 0, 0, 0
L 548.825, -366.905, 9.0000, 548.825, -373.905, 9.0000, 0, 0, 0
L 539.825, -373.905, 9.0000, 539.825, -382.905, 9.0000, 0, 0, 0
L 548.825, -373.905, 9.0000, 539.825, -373.905, 9.0000, 0, 0, 0
L 565.825, -366.905, 9.0000, 565.825, -373.905, 9.0000, 0, 0, 0
L 570.825, -373.905, 9.0000, 570.825, -381.905, 9.0000, 0, 0, 0
L 565.825, -373.905, 9.0000, 570.825, -373.905, 9.0000, 0, 0, 0
L 565.825, -366.905, 9.0000, 570.825, -366.905, 9.0000, 0, 0, 0
L 565.825, -373.905, 9.0000, 548.825, -373.905, 9.0000, 205, 133, 63
L 449.825, -56.905, 39.0000, 445.825, -56.905, 39.0000, 0, 0, 0
L 466.825, -56.905, 39.0000, 470.825, -56.905, 39.0000, 0, 0, 0
L 470.825, -21.905, 39.0000, 470.825, -56.905, 39.0000, 139, 69, 19
L 470.825, -56.905, 39.0000, 480.825, -56.905, 39.0000, 0, 0, 0
L 445.825, -21.905, 39.0000, 445.825, -56.905, 39.0000, 139, 69, 19
L 445.825, -56.905, 39.0000, 434.825, -56.905, 39.0000, 0, 0, 0
L 251.825, -365.905, -10.0000, 250.825, -369.905, -10.0000, 0, 0, 0
L 191.825, -354.905, -10.0000, 192.825, -366.905, -10.0000, 0, 0, 0
L 179.825, -311.905, -10.0000, 179.825, -314.905, -10.0000, 0, 0, 0
L 199.825, -287.905, -10.0000, 179.825, -311.905, -10.0000, 0, 0, 0
L 212.825, -287.905, -10.0000, 199.825, -287.905, -10.0000, 0, 0, 0
L 228.825, -291.905, -10.0000, 212.825, -287.905, -10.0000, 0, 0, 0
L 179.825, -314.905, -10.0000, 183.825, -335.905, -10.0000, 0, 0, 0
L 240.825, -291.905, -10.0000, 228.825, -291.905, -10.0000, 0, 0, 0
L 183.825, -335.905, -10.0000, 183.825, -338.905, -10.0000, 0, 0, 0
L 256.825, -311.905, -10.0000, 240.825, -291.905, -10.0000, 0, 0, 0
L 183.825, -338.905, -10.0000, 191.825, -354.905, -10.0000, 0, 0, 0
L 251.825, -365.905, -10.0000, 254.825, -354.905, -10.0000, 0, 0, 0
L 248.825, -373.905, -10.0000, 249.025, -373.505, -10.0000, 0, 0, 0
L 199.825, -396.905, -10.0000, 199.825, -383.505, -10.0000, 0, 0, 0
L 248.825, -380.905, -10.0000, 248.825, -373.905, -10.0000, 0, 0, 0
L 240.825, -396.905, -10.0000, 240.825, -383.405, -10.0000, 0, 0, 0
L 199.825, -380.905, -10.0000, 194.825, -378.905, -10.0000, 0, 0, 0
L 240.825, -380.905, -10.0000, 248.825, -380.905, -10.0000, 0, 0, 0
L 194.825, -378.905, -10.0000, 193.825, -375.905, -10.0000, 0, 0, 0
L 193.825, -375.905, -10.0000, 193.525, -373.505, -10.0000, 0, 0, 0
L 205.625, -359.505, -10.0000, 205.525, -373.505, -10.0000, 205, 133, 63
L 215.925, -359.505, -10.0000, 205.625, -359.505, -10.0000, 205, 133, 63
L 243.925, -353.505, -10.0000, 225.825, -353.505, -10.0000, 205, 133, 63
L 225.825, -353.505, -10.0000, 225.525, -383.405, -10.0000, 205, 133, 63
L 235.925, -373.505, -10.0000, 235.925, -364.005, -10.0000, 205, 133, 63
L 243.925, -363.805, -10.0000, 243.925, -353.505, -10.0000, 205, 133, 63
L 235.925, -364.005, -10.0000, 243.925, -363.805, -10.0000, 205, 133, 63
L 225.525, -383.405, -10.0000, 240.825, -383.405, -10.0000, 205, 133, 63
L 240.825, -383.405, -10.0000, 240.825, -380.905, -10.0000, 0, 0, 0
L 235.925, -373.505, -10.0000, 249.025, -373.505, -10.0000, 205, 133, 63
L 249.025, -373.505, -10.0000, 250.825, -369.905, -10.0000, 0, 0, 0
L 215.925, -383.905, -10.0000, 199.825, -383.505, -10.0000, 205, 133, 63
L 199.825, -383.505, -10.0000, 199.825, -380.905, -10.0000, 0, 0, 0
L 205.525, -373.505, -10.0000, 193.525, -373.505, -10.0000, 205, 133, 63
L 193.525, -373.505, -10.0000, 192.825, -366.905, -10.0000, 0, 0, 0
L 215.925, -383.905, -10.0000, 215.925, -359.505, -10.0000, 205, 133, 63
L 250.825, -135.905, 0.0000, 259.825, -103.905, 4.0000, 0, 204, 0
L 259.825, -90.905, 4.0000, 259.825, -96.905, 4.0000, 0, 204, 0
L 292.825, -96.905, 4.0000, 292.825, -87.905, 4.0000, 205, 133, 63
L 268.825, -79.905, 4.0000, 270.825, -87.905, 4.0000, 0, 204, 0
L 259.825, -90.905, 4.0000, 255.825, -78.905, 4.0000, 0, 204, 0
L 292.825, -96.905, 4.0000, 276.825, -96.905, 4.0000, 205, 133, 63
L 292.825, -87.905, 4.0000, 276.825, -87.905, 4.0000, 0, 204, 0
L 270.825, -87.905, 4.0000, 276.825, -87.905, 4.0000, 0, 204, 0
L 259.825, -96.905, 4.0000, 259.825, -103.905, 4.0000, 0, 204, 0
L 276.825, -96.905, 4.0000, 259.825, -96.905, 4.0000, 205, 133, 63
L 292.825, -87.905, 4.0000, 298.825, -89.605, 4.0000, 0, 204, 0
L 259.825, -103.905, 4.0000, 298.825, -103.905, 4.0000, 205, 133, 63
L 298.825, -103.905, 4.0000, 298.825, -89.605, 4.0000, 205, 133, 63
L 298.825, -89.605, 4.0000, 299.825, -89.905, 4.0000, 0, 204, 0
L 477.825, 152.095, 75.0000, 477.825, 195.095, 75.0000, 0, 0, 0
L 484.825, -311.905, 0.0000, 484.825, -293.405, 0.0000, 150, 150, 150
L 478.825, -301.905, 3.0000, 478.825, -306.905, 3.0000, 127, 64, 0
L 478.825, -301.905, 3.0000, 438.825, -301.905, 3.0000, 139, 69, 19
L 438.825, -306.905, 3.0000, 438.825, -301.905, 3.0000, 127, 64, 0
L 478.825, -306.905, 3.0000, 438.825, -306.905, 3.0000, 139, 69, 19
