L -9.6615, -117.9952, -22.4672, -9.6106, -135.7477, -21.4209, 0, 0, 0
L -266.1100, -41.4315, -7.4095, -265.9008, 38.0257, -14.8331, 0, 0, 0
L -120.0012, 53.9186, 44.9246, -119.9988, -55.0538, 44.9246, 0, 0, 0
L -124.6189, -596.0000, -14.8056, -3.3849, -596.0000, -22.7054, 0, 0, 0
L -144.7128, -162.0005, -22.2844, -113.4612, -162.0004, 1.4448, 0, 0, 0
L -84.2463, -162.0003, 1.7212, -46.9009, -162.0002, -8.4346, 0, 0, 0
L -162.8852, 79.9657, 17.5271, -97.8458, 79.9794, -8.4346, 0, 0, 0
L -84.2638, 79.9822, 3.4142, -74.5061, 79.9843, 3.4142, 0, 0, 0
L -57.1187, 79.9880, -8.4346, -46.9194, 79.9901, -8.4346, 0, 0, 0
L 28.0961, -151.3741, 47.9198, 29.3411, -146.9437, 50.4799, 0, 0, 0
L 93.9372, 55.5319, -42.2600, 94.0120, -10.5630, 13.5761, 0, 0, 0
L -86.0001, -151.3519, -22.2844, -86.0000, -83.9875, -14.4003, 0, 0, 0
L -86.0000, -63.7553, -18.2604, -86.0000, -55.1949, -18.2567, 0, 0, 0
L -86.0000, 54.6543, 32.9367, -86.0000, 60.3109, 32.9367, 0, 0, 0
L -74.0000, -161.4538, -8.4272, -74.0000, -151.1671, -22.2844, 0, 0, 0
L -74.0000, -96.7757, -22.2844, -74.0000, -81.7111, -18.0425, 0, 0, 0
L -74.0000, 78.4428, -8.4346, -74.0000, 93.5083, -22.2844, 0, 0, 0
L -74.0000, 147.8998, -14.4003, -74.0000, 158.1864, -22.2844, 0, 0, 0
L 77.0690, -127.2838, 0.3264, 79.1339, -122.6200, 2.5285, 0, 0, 0
L -265.9720, -42.0011, 32.7195, -177.9840, -42.0007, 32.7195, 0, 0, 0
L -155.9520, -42.0006, -16.8234, -43.0533, -42.0002, -16.8234, 0, 0, 0
L -162.5498, 132.0000, -14.4003, -148.5047, 132.0000, -14.4003, 0, 0, 0
L -109.6697, 132.0000, -22.2844, -97.8289, 132.0000, -14.4003, 0, 0, 0
L 49.0874, 132.0000, -37.5448, 117.4961, 132.0000, -19.4812, 0, 0, 0
L 199.8968, 132.0000, -37.5448, 210.8430, 132.0000, -23.2745, 0, 0, 0
L -113.4403, 53.8836, 46.4275, -113.2267, 56.1481, 48.4930, 0, 0, 0
L -80.0010, 53.9504, 44.9246, -79.9990, -55.1987, 48.5940, 0, 0, 0
L -266.1810, 37.4692, -7.4095, -265.8035, -41.9873, -14.8331, 0, 0, 0
L -207.9947, 48.0000, -18.6560, -197.3462, 48.0000, -18.6560, 0, 0, 0
L 81.6927, -132.7585, 52.5613, 86.2946, -130.8336, 52.5613, 0, 0, 0
L -114.0000, -98.7769, -17.6796, -114.0000, -81.7111, 1.4448, 0, 0, 0
L -114.0000, -55.0598, 52.9693, -114.0000, 53.8608, 52.9693, 0, 0, 0
L -114.0000, 78.4408, -8.4346, -114.0000, 95.5096, -17.6796, 0, 0, 0
L -160.2328, 53.0828, 44.9246, -159.7593, -55.6047, 44.9246, 0, 0, 0
L -158.1004, -436.4091, 32.5835, -158.0809, -440.8752, 32.9479, 0, 0, 0
L -5.7566, -127.0375, 54.2326, -4.4110, -122.4180, 52.5613, 0, 0, 0
L -103.2933, -528.0000, -21.5258, -71.6820, -528.0000, -23.1872, 0, 0, 0
L -32.9194, -528.0000, -22.1433, -15.4443, -528.0000, -23.1872, 0, 0, 0
L -89.2792, -54.8114, 17.2170, -79.6798, -54.7244, -8.2583, 0, 0, 0
L -198.0000, -53.1965, -18.6560, -198.0000, -40.4460, -7.4095, 0, 0, 0
L -198.0000, 35.5994, -6.4905, -198.0000, 49.7977, -19.7802, 0, 0, 0
L -194.2612, 60.0016, 1.3786, -109.1042, 60.0009, 32.9366, 0, 0, 0
L -105.2171, 60.0009, -17.5848, -90.1147, 60.0007, -17.5848, 0, 0, 0
L -86.6820, 60.0007, -18.2604, -44.9815, 60.0004, 27.1780, 0, 0, 0
L -105.7609, -340.2098, -20.9084, -80.8673, -340.1606, -20.9084, 0, 0, 0
L -40.8795, -340.0815, -20.9084, -23.4034, -340.0469, -21.5258, 0, 0, 0
L -260.9064, -36.6295, 33.2951, -182.0976, -37.6486, 35.7013, 0, 0, 0
L -149.1711, -394.0585, -14.9191, -148.7856, -398.8961, -14.9283, 0, 0, 0
L -211.0700, -81.9989, 1.3786, -144.7503, -81.9992, 1.4448, 0, 0, 0
L -113.6607, -81.9994, -8.4346, -73.9794, -81.9996, -18.0425, 0, 0, 0
L -57.1022, -81.9997, 3.4142, -44.9223, -81.9998, -8.1376, 0, 0, 0
L -194.2668, -64.0000, 1.3786, -109.1115, -64.0000, 32.9366, 0, 0, 0
L -105.2836, -64.0000, -17.5848, -90.1811, -64.0000, -18.8287, 0, 0, 0
L -86.6853, -64.0000, -18.2604, -44.9820, -64.0000, 27.1780, 0, 0, 0
L 94.0000, -582.1531, -27.1354, 94.0000, -546.3433, -27.1354, 0, 0, 0
L 94.0000, -151.2885, 19.7812, 94.0000, -36.2211, 19.7812, 0, 0, 0
L 94.0000, -10.3096, -19.1594, 94.0000, 57.4221, -51.0829, 0, 0, 0
L 76.1967, -126.6667, 51.0154, 77.9277, -123.1162, 50.0513, 0, 0, 0
L -4.3661, -130.1345, 52.6413, 0.0296, -131.9439, 0.3264, 0, 0, 0
L 100.7811, -556.2244, -24.9271, 105.5986, -561.0428, -24.9271, 0, 0, 0
L -20.7475, -9.8410, -6.9552, -2.4283, -9.9817, -8.2420, 0, 0, 0
L 78.6337, -10.6039, -19.1594, 94.1601, -10.7230, -19.1594, 0, 0, 0
L -160.0000, -54.9184, -15.1625, -160.0000, 53.8344, 48.5609, 0, 0, 0
L -58.9657, -433.5490, -23.3388, -51.1152, -414.6675, 31.3809, 0, 0, 0
L -166.0733, -46.0000, -8.2955, -157.0190, -46.0000, 52.9693, 0, 0, 0
L -123.2116, -46.0000, 52.9693, -113.4953, -46.0000, 52.9693, 0, 0, 0
L -82.3605, -46.0000, 52.9693, -71.9663, -46.0000, -8.2583, 0, 0, 0
L -41.4502, -46.0000, -6.9510, -35.0725, -46.0000, -8.2583, 0, 0, 0
L -170.0795, -353.4582, 17.2487, -107.1530, -353.6593, -18.4478, 0, 0, 0
L -82.4193, -353.7384, -11.1829, -61.1679, -353.8063, -18.4478, 0, 0, 0
L -58.0421, -353.8163, -11.1829, -5.3308, -353.9848, 1.0395, 0, 0, 0
L -44.0000, -595.7484, -14.7875, -44.0000, -513.7295, -14.7875, 0, 0, 0
L -44.0000, -495.7149, -18.6656, -44.0000, -489.1685, -18.6620, 0, 0, 0
L -44.0000, -81.7112, 3.3878, -44.0000, -63.5781, -18.0376, 0, 0, 0
L -44.0000, 54.0104, 52.7953, -44.0000, 56.2374, 49.2306, 0, 0, 0
L -44.0000, 60.3107, -18.0376, -44.0000, 78.4438, 3.3878, 0, 0, 0
L -144.8231, 86.0000, -18.6618, -113.2136, 86.0000, -18.6507, 0, 0, 0
L -74.4825, 86.0000, -18.6508, -56.9769, 86.0000, -18.0425, 0, 0, 0
L 97.1820, 86.0000, -42.2518, 125.1800, 86.0000, -48.8152, 0, 0, 0
L 199.9004, 86.0000, -13.7762, 210.8427, 86.0000, -19.4812, 0, 0, 0
L -144.3870, -83.9643, -14.4003, -143.7244, -98.7548, -17.8928, 0, 0, 0
L -8.0811, -120.0161, -24.5566, 6.8223, -119.9868, -20.8993, 0, 0, 0
L 17.1944, -119.9664, -22.4982, 65.6512, -119.8710, -22.4982, 0, 0, 0
L 74.0111, -119.8545, -4.0425, 89.6316, -119.8238, 53.6599, 0, 0, 0
L 21.7092, -563.7298, 44.4410, 25.5348, -559.9048, -16.0859, 0, 0, 0
L 12.0000, -152.3691, -10.9643, 12.0000, -105.4725, -13.2772, 0, 0, 0
L -130.9420, -380.0206, 17.3169, -3.7071, -380.0006, 32.6926, 0, 0, 0
L 70.2385, -379.9890, -47.5146, 101.5677, -379.9840, -47.5146, 0, 0, 0
L 117.0074, -379.9816, -1.6774, 142.1329, -379.9776, -21.7425, 0, 0, 0
L 148.0572, -379.9767, -21.7425, 224.5380, -379.9646, -47.5146, 0, 0, 0
L -25.0627, 9.8498, -6.9503, 94.1016, 10.5647, 13.5766, 0, 0, 0
L -72.0783, -0.5829, 48.3671, -70.2649, 45.6307, 52.9693, 0, 0, 0
L -156.8192, 56.0000, 46.3989, -123.1674, 56.0000, 46.3673, 0, 0, 0
L -113.7804, 56.0000, 46.5387, -81.7340, 56.0000, 46.3382, 0, 0, 0
L -70.9845, 56.0000, 46.2607, -42.9669, 56.0000, 46.2607, 0, 0, 0
L 49.0876, 56.0000, -34.0022, 117.4959, 56.0000, -34.0022, 0, 0, 0
L 210.0000, 54.8290, -34.0022, 210.0000, 86.6533, -19.4812, 0, 0, 0
L 210.0000, 102.1631, -23.2745, 210.0000, 132.0807, -19.4812, 0, 0, 0
L -7.8778, -154.0000, 53.2126, 88.7317, -154.0000, 53.2126, 0, 0, 0
L -14.0000, -151.2885, 16.1420, -14.0000, -36.2211, 16.1420, 0, 0, 0
L 52.0000, -151.2886, 47.9198, 52.0000, -144.8465, 47.9198, 0, 0, 0
L 52.0000, -36.2205, 16.1420, 52.0000, -10.8478, -25.7035, 0, 0, 0
L 52.0000, 58.8552, 0.4624, 52.0000, 128.2004, -3.2095, 0, 0, 0
L -147.3494, -416.0000, 32.5196, -137.8238, -416.0000, 31.8450, 0, 0, 0
L -47.7060, -416.0000, -23.3388, -20.7493, -416.0000, 30.9332, 0, 0, 0
L -72.0007, 53.9363, 44.9246, -71.9992, -57.6725, 45.7661, 0, 0, 0
L -71.9931, -513.7285, -18.4478, -71.9931, -516.0059, -14.8056, 0, 0, 0
L -46.0000, -495.5964, 17.3875, -46.0000, -489.0872, 17.3875, 0, 0, 0
L -46.0000, -380.0361, 17.4866, -46.0000, -373.5962, 17.4866, 0, 0, 0
L -46.0000, -161.4538, 1.7212, -46.0000, -83.9875, 1.7212, 0, 0, 0
L -46.0000, 80.7202, -22.2844, -46.0000, 158.1864, 1.7212, 0, 0, 0
L -147.7812, -149.2702, -22.2844, -143.9891, -161.2241, -8.4346, 0, 0, 0
L 74.3415, -119.0687, 57.4459, 74.3864, -134.7398, -2.9962, 0, 0, 0
L 200.0000, 45.2296, -19.4812, 200.0000, 141.7908, -48.8152, 0, 0, 0
L -4.6245, -127.2066, 44.3095, -3.1588, -123.6336, 44.3095, 0, 0, 0
L -36.0000, -54.9820, -6.9510, -36.0000, -46.0760, -6.9510, 0, 0, 0
L -36.0000, 45.4177, -8.3438, -36.0000, 53.8467, -15.1632, 0, 0, 0
L -56.0000, -593.4720, 1.0395, -56.0000, -516.0059, 1.0395, 0, 0, 0
L -56.0000, -161.4577, -22.2844, -56.0000, -151.1671, -14.4003, 0, 0, 0
L -56.0000, 147.8998, -14.4003, -56.0000, 158.1864, -14.4003, 0, 0, 0
L -26.0007, 14.8125, -6.9503, -26.0004, 9.1239, -8.2680, 0, 0, 0
L -25.9995, -10.3615, -6.9510, -25.9975, -54.3487, -6.9510, 0, 0, 0
L -41.3966, -345.8276, -18.4385, -41.2610, -351.2683, -23.1872, 0, 0, 0
L -113.1595, 158.2823, 1.4448, -109.3675, 146.3290, 0.4716, 0, 0, 0
L 34.8862, -582.0000, -10.9436, 93.8777, -582.0000, -27.1354, 0, 0, 0
L 96.5904, -576.5511, -24.9271, 101.3792, -571.7627, -24.9271, 0, 0, 0
L -208.0011, 50.4354, -19.7802, -208.0009, 38.5566, -6.4905, 0, 0, 0
L -207.9991, -40.4461, -6.4905, -207.9990, -43.1417, -6.4905, 0, 0, 0
L -175.0623, -55.2158, 44.9246, -165.4671, -55.2589, -15.1647, 0, 0, 0
L -159.7792, -55.2844, -6.9510, -120.6661, -55.4597, 44.9246, 0, 0, 0
L -115.9304, -55.4809, 44.9246, -80.2369, -55.6409, 48.5940, 0, 0, 0
L -71.2886, -55.6810, 45.7543, -42.8578, -55.8084, 45.7539, 0, 0, 0
L 2.6858, -130.5161, -1.4055, 4.3604, -126.4320, 0.3264, 0, 0, 0
L -40.0011, 53.8553, 44.9246, -39.9989, -54.9973, -15.1604, 0, 0, 0
L -15.9931, -513.7296, -18.4478, -15.9931, -516.0059, -22.6897, 0, 0, 0
L -208.1557, 43.2291, -15.6438, -197.5081, 43.2686, -15.6438, 0, 0, 0
L -166.2082, 43.3845, -6.9448, -90.2776, 43.6658, -15.9140, 0, 0, 0
L -41.9205, 43.8450, -6.9448, -34.9063, 43.8710, -8.3438, 0, 0, 0
L 126.7899, 44.4700, -3.2347, 199.8188, 44.7406, -3.2095, 0, 0, 0
L -180.1655, -19.3383, 30.6268, -180.0398, -4.0853, 30.6268, 0, 0, 0
L 113.9931, 87.2554, 0.4634, 113.9953, 58.8552, 0.4624, 0, 0, 0
L -207.9950, -50.0000, -17.9891, -197.3464, -50.0000, -17.2313, 0, 0, 0
L 50.0000, -469.9209, -2.2450, 50.0000, -444.5476, -2.1074, 0, 0, 0
L 50.0000, 55.5262, -23.2745, 50.0000, 131.5294, -19.4812, 0, 0, 0
L 97.7655, -575.8379, -17.2923, 101.9861, -580.0593, 45.1298, 0, 0, 0
L 125.9976, 132.0807, -19.4812, 125.9981, 102.1631, -13.7762, 0, 0, 0
L -207.9941, 50.0000, -18.6560, -197.3464, 50.0000, -18.6560, 0, 0, 0
L -150.4946, -373.9991, -18.5884, -67.2052, -373.9996, -18.6252, 0, 0, 0
L -45.1008, -373.9997, 0.7501, -3.7824, -374.0000, 0.7501, 0, 0, 0
L -116.0000, -55.0990, -15.1386, -116.0000, 53.9638, -15.1386, 0, 0, 0
L -116.0000, 77.8030, -8.4346, -116.0000, 80.0794, -18.0425, 0, 0, 0
L -8.3688, -119.7400, 53.6599, 6.5174, -120.4348, 51.7898, 0, 0, 0
L -174.8404, 53.9295, 44.9246, -165.2461, 53.9334, -15.1647, 0, 0, 0
L -159.7337, 53.9356, 44.9246, -120.4763, 53.9514, -6.9448, 0, 0, 0
L -115.7081, 53.9534, 44.9246, -79.8560, 53.9678, 44.9246, 0, 0, 0
L -72.9318, 53.9706, -15.1426, -41.0328, 53.9835, 44.9246, 0, 0, 0
L -35.9626, 53.9855, -15.1632, -24.2243, 53.9902, 31.5170, 0, 0, 0
L 78.2772, 54.0316, -22.7397, 94.3136, 54.0380, -22.7397, 0, 0, 0
L 199.8791, 54.0806, -23.2745, 210.8204, 54.0850, -34.0022, 0, 0, 0
L -120.7502, -352.3032, -22.6897, -62.7539, -352.1581, 17.5156, 0, 0, 0
L -49.1706, -352.1241, -11.1829, -5.2780, -352.0143, 1.0395, 0, 0, 0
L -105.5704, -346.2646, -18.4385, -80.6801, -346.2025, -19.0560, 0, 0, 0
L -40.6833, -346.1027, -18.4385, -23.2119, -346.0591, -19.0560, 0, 0, 0
L -161.5301, 148.0000, 1.4448, -147.4537, 148.0000, 25.2253, 0, 0, 0
L -84.2469, 148.0000, -22.2844, -74.2033, 148.0000, -14.4003, 0, 0, 0
L -56.7708, 148.0000, -14.4003, -46.9025, 148.0000, -22.2844, 0, 0, 0
L -211.0693, 78.0000, 1.3786, -73.9998, 78.0000, -18.0425, 0, 0, 0
L -57.1018, 78.0000, 3.4142, -44.9243, 78.0000, -8.1376, 0, 0, 0
L 18.6681, -575.9285, -16.8327, 22.8887, -580.1499, -17.2923, 0, 0, 0
L -109.2591, -55.1863, -18.2567, -109.1435, -63.6813, -18.2687, 0, 0, 0
L -102.9876, -516.0003, -18.4478, -102.9135, -521.4451, -23.1872, 0, 0, 0
L -103.2974, -526.0000, -21.5258, -71.6841, -526.0000, -21.5258, 0, 0, 0
L -32.9268, -526.0000, -21.5258, -15.4481, -526.0000, -20.2909, 0, 0, 0
L -140.3733, 56.6047, 46.3831, -123.6894, 56.7709, 49.2659, 0, 0, 0
L -113.8335, 56.8691, 48.4930, -97.2143, 57.0346, 46.4385, 0, 0, 0
L -20.0000, -457.1621, -23.3388, -20.0000, -415.1628, 30.9332, 0, 0, 0
L -105.0683, -345.8078, -18.4385, -104.8316, -351.2482, -23.1872, 0, 0, 0
L -207.9947, 46.0000, -17.2313, -197.3464, 46.0000, -17.2313, 0, 0, 0
L -165.4483, 46.0000, 37.5886, -157.0215, 46.0000, 52.9693, 0, 0, 0
L -123.2103, 46.0000, 52.9693, -113.4953, 46.0000, 52.9693, 0, 0, 0
L -82.3579, 46.0000, 52.9693, -71.8721, 46.0000, -6.9448, 0, 0, 0
L -40.9859, 46.0000, -8.3438, -35.8336, 46.0000, 37.5582, 0, 0, 0
L -210.9382, -44.0000, 27.1097, -208.0721, -44.0000, 1.3786, 0, 0, 0
L -159.7629, -44.0000, -15.1661, -39.2430, -44.0000, -15.1661, 0, 0, 0
L -155.8526, 42.4747, -15.9425, -106.7202, 42.3251, -16.7951, 0, 0, 0
L -88.3322, 42.2691, -15.1375, -39.0995, 42.1192, -15.9426, 0, 0, 0
L 18.7206, -561.1049, 44.6687, 22.9490, -556.8765, -17.2923, 0, 0, 0
L 100.8025, -580.8005, -24.9271, 105.5914, -576.0126, -25.3868, 0, 0, 0
L 17.8868, -153.1467, -9.0973, 17.9175, -111.6822, -13.6493, 0, 0, 0
L 97.1820, 102.0000, -42.2518, 125.1869, 102.0000, -42.2682, 0, 0, 0
L 199.9009, 102.0000, -23.2745, 210.8422, 102.0000, -23.2745, 0, 0, 0
L -18.1775, -51.7152, -3.3664, -18.0713, -20.7435, 25.1765, 0, 0, 0
L -110.1148, -98.5648, -22.2844, -106.5561, -83.7755, -22.2844, 0, 0, 0
L -162.5498, 146.0000, 1.4448, -148.5047, 146.0000, 1.4448, 0, 0, 0
L -110.9022, 146.0000, 24.9704, -97.8289, 146.0000, 0.4716, 0, 0, 0
L -122.0000, -593.4720, -14.8056, -122.0000, -516.0059, -22.6897, 0, 0, 0
L -122.0000, -54.2078, -8.2955, -122.0000, -45.7682, -6.9137, 0, 0, 0
L -122.0000, 44.8579, -6.9208, -122.0000, 53.2813, -8.3464, 0, 0, 0
L -170.2307, -390.5261, -16.7715, -150.0526, -390.4640, -16.7715, 0, 0, 0
L -157.0492, -58.1595, 46.3702, -122.7953, -58.1247, 46.3717, 0, 0, 0
L -113.9005, -58.1157, 46.1138, -81.5017, -58.0828, 46.0052, 0, 0, 0
L -70.9868, -58.0721, 45.7661, -42.6303, -58.0433, 45.6158, 0, 0, 0
L -0.6460, -131.3669, 50.0513, 3.7416, -129.8562, 44.3095, 0, 0, 0
L -98.0000, -149.5005, 17.5459, -98.0000, -83.9875, -8.4346, 0, 0, 0
L -98.0000, 80.7202, -22.2844, -98.0000, 146.2332, 1.4448, 0, 0, 0
L 22.5734, -571.3484, -25.3868, 27.3908, -576.1668, -25.3868, 0, 0, 0
L -60.0000, -440.3005, 32.7920, -60.0000, -432.0244, 32.7920, 0, 0, 0
L -157.1741, -440.0265, 31.4022, -150.3115, -458.9128, 33.0162, 0, 0, 0
L -144.7131, 158.0000, -22.2844, -113.4617, 158.0000, 1.4448, 0, 0, 0
L -84.2469, 158.0000, -8.4346, -46.9025, 158.0000, 3.4142, 0, 0, 0
L -0.7950, -132.5770, 52.5613, 3.8068, -130.6520, 55.8120, 0, 0, 0
L -265.9195, 38.3511, 32.7195, -177.9315, 38.2349, 32.7195, 0, 0, 0
L -0.8776, -122.9319, 3.7616, 2.4843, -124.3167, 3.5748, 0, 0, 0
L -5.7623, -120.9271, -26.6460, -5.7390, -132.7823, -26.6460, 0, 0, 0
L -5.4620, -273.7349, -11.1829, -5.3097, -351.2009, -11.1829, 0, 0, 0
L -149.2874, 79.4955, 25.2414, -145.6224, 79.4589, 1.4448, 0, 0, 0
L -57.5149, 78.5786, 3.4142, -44.9807, 78.4533, -8.1376, 0, 0, 0
L 100.6750, -573.0681, -26.3048, 104.7340, -577.1276, -24.6980, 0, 0, 0
L -198.3318, 44.7127, -16.3759, -198.2849, 38.2970, -19.7802, 0, 0, 0
L -197.7099, -40.4452, -6.4905, -197.6902, -43.1408, -7.4095, 0, 0, 0
L -204.0334, -17.4562, 55.0794, -204.0036, -1.7006, 51.9110, 0, 0, 0
L -178.0950, -41.5692, 32.7195, -178.0460, -20.0289, -14.8270, 0, 0, 0
L -178.0017, -0.5654, -1.1399, -177.8952, 46.2916, 37.1410, 0, 0, 0
L -168.8306, -473.7308, 17.3192, -168.7754, -476.5726, -18.6137, 0, 0, 0
L 77.3853, -131.3455, 55.8120, 81.9985, -133.2445, 52.5613, 0, 0, 0
L -199.0008, 38.0874, 11.8994, -177.6243, 37.8634, -6.3591, 0, 0, 0
L -131.4385, -490.0000, 17.3274, -1.6195, -490.0000, 32.6921, 0, 0, 0
L 17.4904, -576.4530, -24.9271, 22.2792, -571.6647, -24.9271, 0, 0, 0
L -220.0000, -472.2870, 32.3152, -220.0000, -403.2175, 17.3192, 0, 0, 0
L 97.8256, -561.1961, 44.6687, 102.0529, -556.9688, -16.8327, 0, 0, 0
L 76.6235, -126.6276, 52.6413, 78.3831, -130.8485, 52.6413, 0, 0, 0
L -83.9486, -152.1649, -22.2844, -73.9033, -152.1452, -14.4003, 0, 0, 0
L -56.4726, -152.1110, -14.4003, -46.6044, -152.0917, -22.2844, 0, 0, 0
L -13.2815, -152.0263, 47.9198, 95.1863, -151.8136, -26.6409, 0, 0, 0
L -176.0000, -54.8638, 44.9246, -176.0000, -47.4245, -1.1399, 0, 0, 0
L -176.0000, -0.9659, 44.9246, -176.0000, 53.7286, -6.9448, 0, 0, 0
L -202.6369, 37.6941, 14.2662, -177.9385, 37.4878, 32.7195, 0, 0, 0
L -16.0000, -516.0059, -14.7875, -16.0000, -513.5437, 17.3681, 0, 0, 0
L -7.3748, -133.9300, 48.5683, 6.5889, -134.0765, 49.0330, 0, 0, 0
L 75.0371, -134.7942, 48.5683, 89.0024, -134.9406, 49.0330, 0, 0, 0
L -144.0000, -98.7805, -22.2844, -144.0000, -81.7111, -23.7718, 0, 0, 0
L -144.0000, 78.3362, -18.0599, -144.0000, 95.5132, -22.2844, 0, 0, 0
L -109.0094, 54.0927, -18.2567, -108.8905, 60.4631, -18.2687, 0, 0, 0
L -125.4665, -271.5668, -11.1829, -125.3053, -353.5856, -11.1829, 0, 0, 0
L -72.6500, -516.0361, -18.4478, -72.4240, -521.4773, -18.4385, 0, 0, 0
L -149.5526, -373.9689, -11.2383, -149.3876, -399.1542, -18.5884, 0, 0, 0
L 17.1925, -115.9664, -24.3947, 65.6520, -115.8710, -26.9461, 0, 0, 0
L -63.4621, -273.7081, 32.6882, -63.3098, -351.1742, 17.5156, 0, 0, 0
L 85.8008, -122.5328, 52.5613, 87.7244, -127.1428, 52.5613, 0, 0, 0
L -157.1838, -436.8104, 31.8450, -157.1307, -433.5688, 31.7104, 0, 0, 0
L -13.5797, -36.0000, 19.7812, 94.6418, -36.0000, 16.1420, 0, 0, 0
L 88.1828, -119.8902, 49.0330, 88.2045, -134.0875, -2.4746, 0, 0, 0
L 88.8534, -559.8521, -24.4591, 88.8820, -578.6242, -17.1808, 0, 0, 0
L -58.0013, 93.5075, -16.9009, -58.0010, 78.2577, 27.1586, 0, 0, 0
L -57.9989, -81.6034, -18.0434, -57.9989, -84.0194, -18.0425, 0, 0, 0
L 84.9315, -130.2669, 51.0154, 86.4671, -126.5217, 52.3161, 0, 0, 0
L 77.8766, -123.5144, -1.4055, 82.2401, -121.6890, 52.6413, 0, 0, 0
L -208.3876, -52.3193, -19.7802, -208.2898, -38.9262, -14.8317, 0, 0, 0
L -207.7240, 38.5604, -6.4905, -207.7042, 41.2606, -14.8317, 0, 0, 0
L -155.6319, -434.1804, -15.3462, -148.7772, -415.3151, 32.9479, 0, 0, 0
L 70.1791, -299.9999, -47.5146, 142.0735, -299.9998, -1.6774, 0, 0, 0
L 147.9974, -299.9998, -21.7425, 224.4781, -299.9996, -1.6774, 0, 0, 0
L -149.9857, -414.0000, 32.9479, -137.8238, -414.0000, 32.7578, 0, 0, 0
L -51.5886, -414.0000, -23.3388, -19.4489, -414.0000, 31.3809, 0, 0, 0
L -124.4158, -272.1872, -18.4478, -3.9428, -272.0062, -11.1829, 0, 0, 0
L -114.2629, 80.4007, -22.2844, -113.9971, 92.5083, -21.7381, 0, 0, 0
L -222.3158, -474.0000, 17.3192, -168.9382, -474.0000, -10.2417, 0, 0, 0
L -152.6194, -474.0000, -11.2383, -139.4789, -474.0000, -11.2383, 0, 0, 0
L -224.0002, -476.5393, 17.3192, -224.0002, -398.9652, -14.9483, 0, 0, 0
L -74.0006, 93.5079, -22.2844, -74.0005, 78.4438, -14.4003, 0, 0, 0
L -73.9995, -81.7111, -8.4346, -73.9994, -83.9875, 3.4142, 0, 0, 0
L 126.9061, 142.0000, -34.0022, 199.9010, 142.0000, -19.4812, 0, 0, 0
L -23.9578, 18.5786, -4.3355, -18.3016, 20.0461, 24.9396, 0, 0, 0
L 148.2241, -299.8761, -21.7425, 148.2477, -331.5366, -47.5146, 0, 0, 0
L -56.8509, 55.4682, 46.2607, -43.0547, 55.5978, 49.2306, 0, 0, 0
L 5.9069, -119.8977, 48.5683, 6.1294, -133.8892, 49.0330, 0, 0, 0
L -42.0144, -0.2187, 52.9693, -40.2654, -54.9711, 44.9246, 0, 0, 0
L -0.7354, -120.8037, 52.5613, 3.8783, -122.7016, 55.8120, 0, 0, 0
L -157.2054, -432.6491, 32.7218, -150.6467, -414.5986, 33.0162, 0, 0, 0
L -184.0000, -21.1747, -6.4231, -184.0000, 33.4637, 33.2951, 0, 0, 0
L -105.2176, 58.0000, -16.9674, -90.1152, 58.0000, -15.7324, 0, 0, 0
L 52.0622, 58.0000, 0.4624, 114.5212, 58.0000, 0.4624, 0, 0, 0
L 129.8468, 58.0000, -49.8214, 197.0950, 58.0000, -49.8023, 0, 0, 0
L -0.8639, -130.4404, 1.7430, 2.2844, -129.1232, 1.7430, 0, 0, 0
L -163.2861, -83.2109, 17.5271, -98.2336, -83.5257, -22.2844, 0, 0, 0
L -84.6534, -83.5914, -22.2844, -74.8943, -83.6386, -14.4003, 0, 0, 0
L -57.5076, -83.7227, -8.4346, -47.3074, -83.7721, -14.4003, 0, 0, 0
L 77.5294, -127.2285, 51.0154, 79.0649, -123.4836, 51.0154, 0, 0, 0
L -121.2554, -274.1959, 17.5156, -63.2533, -274.1024, 17.5156, 0, 0, 0
L -49.5127, -274.0802, -11.1829, -5.9274, -274.0099, -11.1829, 0, 0, 0
L -90.0000, -63.5210, -18.8287, -90.0000, -53.2067, 16.0569, 0, 0, 0
L -90.0000, 51.1021, -6.9448, -90.0000, 61.7437, -18.8287, 0, 0, 0
L -34.0000, 44.8493, -6.9448, -34.0000, 53.0147, -8.3438, 0, 0, 0
L 130.1295, 57.2433, -48.8344, 130.2307, 102.1391, -3.2347, 0, 0, 0
L -224.4781, -398.0000, -14.9483, -169.9234, -398.0000, -11.2383, 0, 0, 0
L -149.6548, -398.0000, -14.9488, -137.3166, -398.0000, -10.2417, 0, 0, 0
L -53.4209, 94.3594, -18.5766, -51.1807, 80.2176, -14.4003, 0, 0, 0
L -58.0807, 80.7436, -22.7820, -57.9558, 85.9517, -18.0425, 0, 0, 0
L 70.0014, -105.4728, -13.2772, 70.0015, -111.1201, -12.1587, 0, 0, 0
L -105.7568, -344.2090, -19.6734, -80.8631, -344.1600, -19.6734, 0, 0, 0
L -40.8717, -344.0812, -19.0560, -23.3979, -344.0468, -20.2909, 0, 0, 0
L -42.0000, -593.4720, -14.7875, -42.0000, -516.0059, -22.6897, 0, 0, 0
L -42.0000, -58.0592, 48.7581, -42.0000, 56.0727, 46.2607, 0, 0, 0
L 117.9944, 131.5343, -23.2745, 117.9957, 102.1680, -19.4812, 0, 0, 0
L 117.9963, 86.6570, -42.2600, 117.9976, 55.5218, -19.4812, 0, 0, 0
L 118.0181, -426.6079, -2.2208, 118.0189, -444.5476, -26.1087, 0, 0, 0
L -7.6575, -118.9870, -4.0425, -7.6124, -134.6588, 53.6599, 0, 0, 0
L -120.5443, 45.6307, 48.5609, -120.2680, 53.9034, 44.9246, 0, 0, 0
L 81.6591, -121.7952, 50.9819, 86.2712, -123.1431, 52.5613, 0, 0, 0
L 18.6325, -111.7323, -15.4143, 18.8119, -105.7990, -26.7301, 0, 0, 0
L -267.3948, 2.3962, 8.7885, -264.6991, 2.9698, 7.1191, 0, 0, 0
L -104.0004, -513.7543, 1.0395, -103.9086, -516.1005, 17.2547, 0, 0, 0
L -49.4620, -273.8060, -11.1829, -49.3097, -351.2721, -11.1829, 0, 0, 0
L 40.0319, -557.9224, -18.1148, 88.4880, -557.8270, -19.0631, 0, 0, 0
L -150.3763, -460.0000, 32.9479, -136.5274, -460.0000, 32.8820, 0, 0, 0
L -55.7717, -460.0000, 32.4294, -48.6959, -460.0000, 32.5651, 0, 0, 0
L -144.8225, 88.0000, -19.8867, -113.2128, 88.0000, -19.8857, 0, 0, 0
L -74.4492, 88.0000, -19.8857, -56.9769, 88.0000, -19.2682, 0, 0, 0
L -3.4595, -124.0544, 2.1776, -0.3685, -122.6835, 1.7430, 0, 0, 0
L -7.8780, -34.0000, 53.2126, 88.7320, -34.0000, 53.2126, 0, 0, 0
L -56.1624, 80.6986, -22.7820, -56.0375, 86.1393, -22.7820, 0, 0, 0
L -24.1062, 53.8822, -8.3438, -23.9764, -11.9925, 28.7653, 0, 0, 0
L -23.3079, -351.2206, 1.0395, -23.3034, -353.4973, -18.4478, 0, 0, 0
L -108.6890, 52.0000, -8.3438, -86.6433, 52.0000, -8.3438, 0, 0, 0
L -183.0756, 18.3164, 33.2951, -178.0201, 16.5847, -6.4905, 0, 0, 0
L -4.5428, -123.3035, -1.4055, -0.2459, -121.5062, 52.6413, 0, 0, 0
L -152.3126, -496.3377, -18.7070, -67.4665, -496.1502, 17.3875, 0, 0, 0
L -44.4457, -496.0994, -18.6656, -2.3574, -496.0064, 17.3875, 0, 0, 0
L -120.7536, -516.5449, 17.1219, -100.9682, -516.4564, 17.2547, 0, 0, 0
L -71.9203, -516.3266, 17.2547, -53.9931, -516.2465, 17.2547, 0, 0, 0
L -40.4112, -516.1857, -14.7875, -30.6536, -516.1422, 1.0395, 0, 0, 0
L -13.2664, -516.0644, 1.0395, -3.0672, -516.0189, 1.0395, 0, 0, 0
L -81.3640, -55.0953, 48.4657, -80.8723, -57.1373, 46.0052, 0, 0, 0
L 22.6477, -565.6548, -24.9271, 27.4363, -560.8664, -24.9271, 0, 0, 0
L -165.4302, -45.9235, -6.9510, -159.7028, -45.9955, 37.5119, 0, 0, 0
L 21.6786, -556.3098, -24.9271, 26.4961, -561.1283, -25.3868, 0, 0, 0
L -4.2300, -130.8590, 44.3095, 0.0093, -132.4501, 0.5808, 0, 0, 0
L -168.9185, -482.0000, -16.1270, -152.6800, -482.0000, -16.1270, 0, 0, 0
L -23.8771, -19.4080, -4.3358, -18.2382, -20.6224, 25.1765, 0, 0, 0
L 126.0000, 45.0963, -23.2998, 126.0000, 102.4510, -23.2998, 0, 0, 0
L 126.0000, 132.0806, -23.2745, 126.0000, 141.7066, -19.4812, 0, 0, 0
L -210.8976, 40.6570, 27.1097, -207.4334, 40.6462, 9.7819, 0, 0, 0
L -202.4991, 40.6309, 27.1097, -197.4129, 40.6150, 9.7455, 0, 0, 0
L -105.0921, 40.3275, -15.9141, -42.9073, 40.1338, -16.8234, 0, 0, 0
L 21.5737, -573.1549, -26.3048, 25.5961, -577.1779, -26.3048, 0, 0, 0
L -162.5505, -149.9993, 1.4448, -147.4317, -149.9994, 25.2253, 0, 0, 0
L -109.6704, -149.9995, -8.4346, -97.8296, -149.9996, 0.4716, 0, 0, 0
L -168.9231, -514.0000, 17.4799, -3.4532, -514.0000, 1.0131, 0, 0, 0
L -195.8509, 36.9398, -7.4095, -178.5997, 36.6811, -7.5409, 0, 0, 0
L -159.3579, -54.0930, 48.5609, -156.9384, -54.1221, 49.0004, 0, 0, 0
L -127.6395, -54.4734, 55.6626, -125.4789, -54.4993, 52.4026, 0, 0, 0
L -116.0145, -54.6128, 44.9246, -105.3183, -54.7411, 19.8446, 0, 0, 0
L -206.8469, 36.9131, 7.1191, -206.2733, 39.6090, 8.7885, 0, 0, 0
L -104.8277, -57.0823, -6.9510, -104.2963, -53.2478, 16.0569, 0, 0, 0
L 118.0000, -587.9622, -2.2450, 118.0000, -466.9470, -27.1573, 0, 0, 0
L 118.0000, 86.6720, -13.7762, 118.0000, 131.5294, -19.4812, 0, 0, 0
L 40.0330, -559.9223, -17.1666, 88.4890, -559.8270, -17.1666, 0, 0, 0
L -197.4586, 39.7421, -7.4095, -197.3673, 37.0465, -14.8317, 0, 0, 0
L 6.5186, -466.0000, -2.2450, 117.8480, -466.0000, 47.5146, 0, 0, 0
L -2.7876, -426.0000, 5.8096, 101.3342, -426.0000, -2.1074, 0, 0, 0
L -157.1040, 53.7874, 46.4585, -156.7005, 56.1060, 49.2817, 0, 0, 0
L -84.0000, -161.4537, 1.7212, -84.0000, -83.9875, 1.7212, 0, 0, 0
L -84.0000, 80.7202, 3.4142, -84.0000, 158.1864, 1.7212, 0, 0, 0
L 75.3468, -127.0795, 54.2326, 76.7184, -131.6919, 55.8120, 0, 0, 0
L 96.5276, -560.4562, -24.9271, 101.3451, -565.2747, -25.3868, 0, 0, 0
L -197.3335, 39.8119, 7.1191, -196.9599, 37.1164, -6.4905, 0, 0, 0
L -198.6120, 39.6992, 8.7885, -198.0383, 37.0034, 7.1191, 0, 0, 0
L -222.0000, -473.7336, -10.2417, -222.0000, -401.7708, -14.9492, 0, 0, 0
L -144.8202, 94.0029, -21.7381, -113.2109, 94.0023, -22.2844, 0, 0, 0
L -78.0586, 94.0016, -18.5766, -53.2641, 94.0011, -18.5766, 0, 0, 0
L -121.0209, -594.0000, -14.8056, -56.3001, -594.0000, -14.8056, 0, 0, 0
L -42.7180, -594.0000, -22.6897, -5.3737, -594.0000, -22.6897, 0, 0, 0
L 6.0000, -118.9649, -4.0425, 6.0000, -134.6370, 53.6599, 0, 0, 0
L 6.0001, -466.9470, -2.2450, 6.0001, -587.9622, -2.2450, 0, 0, 0
L -197.7956, -43.1468, 7.1191, -197.4221, -40.4513, -6.4905, 0, 0, 0
L -162.5522, 81.2305, -8.4346, -154.5590, 81.2684, -17.6910, 0, 0, 0
L -73.7536, 81.6514, 27.1677, -58.5747, 81.7233, 27.1592, 0, 0, 0
L 3.3917, -122.4863, 55.8120, 5.3138, -127.0969, 55.8120, 0, 0, 0
L -267.5455, -7.3641, 7.1191, -264.8499, -7.7374, -6.4905, 0, 0, 0
L -32.0000, -516.0063, -14.7875, -32.0000, -513.7295, -22.7054, 0, 0, 0
L 78.7848, -129.6813, 3.3881, 82.5787, -131.3859, 3.1338, 0, 0, 0
L -104.0000, -516.0073, -22.6897, -104.0000, -513.7295, -14.8056, 0, 0, 0
L -104.0000, -57.8663, -8.2583, -104.0000, -53.2067, 18.4317, 0, 0, 0
L -104.0000, 51.6710, -8.3438, -104.0000, 56.2359, -8.2582, 0, 0, 0
L -114.5817, 80.8533, 1.4448, -114.5654, 78.5769, 27.1780, 0, 0, 0
L -114.4052, 56.1956, 48.4930, -114.3867, 53.6125, 46.4275, 0, 0, 0
L -113.6049, -55.5956, 46.0938, -113.5889, -57.8346, 49.1733, 0, 0, 0
L -113.4121, -82.5220, -18.0425, -113.3958, -84.8000, -8.4346, 0, 0, 0
L -156.5921, -433.2196, 32.9964, -156.5651, -441.5181, 33.0162, 0, 0, 0
L 64.0005, -104.9102, -15.0422, 64.0007, -153.1916, -10.5383, 0, 0, 0
L -108.6122, -99.7425, -17.5526, -104.5232, -84.0254, -17.6910, 0, 0, 0
L 86.5598, -131.5122, 52.5613, 88.4556, -126.8913, 52.5613, 0, 0, 0
L -183.8637, -22.0000, -6.4231, -177.9190, -22.0000, 32.7195, 0, 0, 0
L 76.0822, -127.0981, 0.5808, 77.6317, -131.1781, 0.3264, 0, 0, 0
L -57.3872, -440.1934, -16.3526, -51.3722, -454.6588, -23.3388, 0, 0, 0
L -148.7229, 146.3019, -22.2844, -144.9308, 158.2556, 27.1780, 0, 0, 0
L 54.0000, -574.7805, -8.5040, 54.0000, -565.3733, -8.5040, 0, 0, 0
L 54.0000, 62.0461, 2.5422, 54.0000, 125.4493, 2.5422, 0, 0, 0
L 101.7234, -565.7552, -24.9271, 106.5123, -560.9670, -24.9271, 0, 0, 0
L -166.0000, -54.9024, -15.1647, -166.0000, -45.8533, -6.9510, 0, 0, 0
L -166.0000, 44.8677, -6.9448, -166.0000, 53.7666, -15.1647, 0, 0, 0
L -143.3199, 78.4416, 1.4448, -143.2370, 80.7878, 27.1780, 0, 0, 0
L -208.1591, -47.2793, -15.6438, -197.5115, -47.3162, -15.6438, 0, 0, 0
L -165.3862, -47.4275, -8.2583, -159.6588, -47.4473, -8.2583, 0, 0, 0
L -120.7284, -47.5821, -6.9510, -115.8769, -47.5989, -15.1386, 0, 0, 0
L -162.0000, -149.5004, -8.4346, -162.0000, -83.9874, 0.4716, 0, 0, 0
L -162.0000, 80.7199, -14.4003, -162.0000, 146.2332, -8.4346, 0, 0, 0
L 72.0000, -378.1736, -21.6920, 72.0000, -302.1704, -46.9890, 0, 0, 0
L 72.0000, -153.0945, -9.0973, 72.0000, -111.6299, -13.6493, 0, 0, 0
L -239.9949, -1.7020, 55.0794, -239.9268, -17.4810, 55.0794, 0, 0, 0
L 54.8526, -566.0000, -16.7433, 77.1555, -566.0000, -16.7433, 0, 0, 0
L 81.9734, -120.2220, 52.5613, 86.5872, -122.1198, 52.5613, 0, 0, 0
L -207.9892, -54.0204, -19.7802, -197.3411, -54.0194, -18.6560, 0, 0, 0
L -174.4850, -54.0171, -8.2583, -166.0680, -54.0163, -6.9510, 0, 0, 0
L -159.7100, -54.0157, 44.9246, -121.0439, -54.0119, 48.5609, 0, 0, 0
L -108.2593, -54.0106, -6.9445, -79.8300, -54.0078, 44.9246, 0, 0, 0
L -72.9442, -54.0072, -6.9510, -40.9869, -54.0040, -6.9510, 0, 0, 0
L -35.9368, -54.0035, -6.9510, -24.1987, -54.0024, 44.9246, 0, 0, 0
L -66.7981, -488.2874, 32.6878, -3.7092, -488.0201, 17.3875, 0, 0, 0
L 78.0000, -574.7805, -8.5040, 78.0000, -565.3733, -8.5040, 0, 0, 0
L 78.0000, 9.1395, 0.2522, 78.0000, 57.4221, -21.7778, 0, 0, 0
L -72.0622, 160.0000, 5.8173, -58.9119, 160.0000, 5.8173, 0, 0, 0
L -194.0572, -63.8554, 27.1145, -194.0380, -42.3804, -8.1905, 0, 0, 0
L 51.8596, -33.2974, 16.1420, 52.0064, -36.0316, -26.6409, 0, 0, 0
L -168.9222, -486.0000, -17.9794, -152.6800, -486.0000, -17.9794, 0, 0, 0
L -150.0355, -412.0000, 33.0162, -147.0569, -412.0000, 33.0162, 0, 0, 0
L -52.1404, -412.0000, 32.7920, -45.4557, -412.0000, 32.3668, 0, 0, 0
L 7.1494, -134.2534, 58.3868, 7.4741, -118.9715, 57.4459, 0, 0, 0
L -60.3964, -431.9493, 32.3038, -52.8286, -413.7400, 32.7920, 0, 0, 0
L 78.6994, -129.7109, 3.1338, 82.2665, -131.1789, 3.1338, 0, 0, 0
L -22.2511, 53.8154, 30.0490, -22.0693, 14.8155, 30.0490, 0, 0, 0
L -42.0799, 40.4994, -16.8234, -41.9080, -46.7033, 48.7947, 0, 0, 0
L -41.8915, -55.0801, 45.7539, -41.8863, -57.7482, 45.6158, 0, 0, 0
L -41.3079, -351.2563, -11.1829, -41.3034, -353.5332, 1.0395, 0, 0, 0
L 52.0622, 128.0000, 0.4624, 114.5212, 128.0000, 0.4624, 0, 0, 0
L 130.0677, 128.0000, 0.4822, 196.7365, 128.0000, 0.4822, 0, 0, 0
L -150.4765, 96.0287, -16.2252, -144.8438, 96.0276, -22.2844, 0, 0, 0
L -113.4220, 96.0216, -17.6796, -108.7394, 96.0207, -16.2252, 0, 0, 0
L -170.2334, -386.5274, -18.6239, -150.0643, -386.4651, -19.6678, 0, 0, 0
L 70.0000, -379.9167, -21.7425, 70.0000, -300.4274, -21.7425, 0, 0, 0
L 70.0000, -152.3691, -10.9643, 70.0000, -111.6826, -15.4143, 0, 0, 0
L -4.0004, -489.2068, 32.6921, -4.0003, -443.8594, -19.0377, 0, 0, 0
L -4.0003, -426.1595, 32.6918, -4.0003, -379.9952, -19.0377, 0, 0, 0
L -4.0003, -373.5996, -18.6620, -4.0003, -353.4742, -18.6631, 0, 0, 0
L -82.3310, 54.0785, 48.4351, -81.8315, 56.3574, 46.3382, 0, 0, 0
L 198.0000, 57.6357, -49.8023, 198.0000, 129.2661, -48.8152, 0, 0, 0
L -6.4589, -132.0197, -26.1245, 5.4832, -131.9843, -26.6460, 0, 0, 0
L -147.3494, -458.0000, 32.5196, -137.7031, -458.0000, 32.9479, 0, 0, 0
L -51.5886, -458.0000, 30.9332, -19.0347, -458.0000, 32.4294, 0, 0, 0
L -120.0000, -55.0806, -15.1412, -120.0000, 54.0031, 48.5609, 0, 0, 0
L -0.2275, -133.6534, 50.9819, 4.3760, -132.2787, 55.8120, 0, 0, 0
L -60.0105, -439.2350, 30.9332, -52.0394, -458.4122, 32.4294, 0, 0, 0
L -194.0543, 60.5879, 1.3786, -194.0351, 39.1128, -8.1905, 0, 0, 0
L -206.8911, 36.9142, -6.4905, -206.5174, 39.6098, 7.1191, 0, 0, 0
L 71.9218, -302.0000, -21.6920, 140.3299, -302.0000, -46.9890, 0, 0, 0
L 149.7404, -302.0000, -46.9890, 222.7350, -302.0000, -46.9890, 0, 0, 0
L 139.9397, -378.1959, -46.9890, 139.9518, -302.1927, -1.6269, 0, 0, 0
L 142.0000, -379.9167, -21.7425, 142.0000, -300.4274, -1.6774, 0, 0, 0
L -149.7852, -373.9697, 17.3346, -149.5029, -398.9637, -11.2383, 0, 0, 0
L -198.9893, -42.0882, 11.8994, -177.6175, -41.8642, -7.5409, 0, 0, 0
L -90.0004, 56.2356, -6.9509, -90.0003, 51.6710, -6.9448, 0, 0, 0
L -89.9996, -52.4947, -6.9448, -89.9996, -63.5212, -18.8287, 0, 0, 0
L -87.2155, 51.7740, 19.5085, -86.4583, 53.7387, -6.9419, 0, 0, 0
L 100.6996, -563.9420, -25.6159, 104.7459, -559.8964, -17.4069, 0, 0, 0
L -115.2678, -45.7789, -8.2821, -115.1276, -54.3599, -6.9272, 0, 0, 0
L -4.9505, -127.1199, 44.3095, -3.2810, -123.7502, 42.5790, 0, 0, 0
L -107.3393, -55.5181, -6.9419, -106.5820, -53.5656, 19.5085, 0, 0, 0
L -156.0047, -440.2675, 32.5835, -156.0046, -433.1579, 32.8201, 0, 0, 0
L -156.0000, -0.7169, -15.9283, -155.9996, 40.2448, -16.8234, 0, 0, 0
L -138.0000, -476.5393, 17.3192, -138.0000, -398.9653, 17.3192, 0, 0, 0
L 88.3692, -119.8019, 51.7898, 89.1479, -134.7110, 53.6599, 0, 0, 0
L -24.9076, 53.7030, -6.9448, -24.8434, 49.8882, 26.1502, 0, 0, 0
L -24.3096, 18.1854, -4.3355, -24.1738, 10.1228, -8.2681, 0, 0, 0
L -23.9902, -0.7834, 44.9246, -23.8007, -12.0384, 31.5170, 0, 0, 0
L -183.2896, -19.1364, -5.0099, -181.2415, -20.7384, 31.8146, 0, 0, 0
L -90.2510, -53.2047, -8.3438, -90.1211, -57.0392, -15.1677, 0, 0, 0
L -212.0000, -81.6354, 1.3786, -212.0000, -42.4169, -8.1905, 0, 0, 0
L -212.0000, 39.0574, 27.1097, -212.0000, 78.3680, -18.2383, 0, 0, 0
L 96.0992, -560.0944, -24.9271, 100.8879, -555.3057, -24.9271, 0, 0, 0
L 21.7314, -580.6974, -25.3868, 26.5201, -575.9091, -25.3868, 0, 0, 0
L -144.8217, 90.0010, -20.5036, -113.2123, 90.0008, -19.8857, 0, 0, 0
L -74.4482, 90.0005, -20.5031, -56.9763, 90.0004, -20.5031, 0, 0, 0
L -208.8649, 37.0777, -14.8317, -208.7736, 39.7733, -7.4095, 0, 0, 0
L -5.9855, -126.9749, 0.3264, -4.1792, -130.9480, 0.5808, 0, 0, 0
L -5.7400, -126.5121, 0.3264, -3.9641, -130.7700, 50.9819, 0, 0, 0
L 9.2545, -470.0000, -2.2450, 115.1121, -470.0000, -2.2450, 0, 0, 0
L -206.0000, -43.1420, 8.7885, -206.0000, -40.4461, 8.7885, 0, 0, 0
L -206.0000, 37.0472, 8.7885, -206.0000, 39.7430, 8.7885, 0, 0, 0
L -144.8233, -90.0000, -18.6618, -113.2128, -90.0000, -19.2682, 0, 0, 0
L -74.4835, -90.0000, -18.6507, -56.9766, -90.0000, -18.0425, 0, 0, 0
L 4.2475, -122.4579, 0.3264, 5.8409, -126.6001, 2.5285, 0, 0, 0
L -83.9725, -57.2601, 52.8228, -82.0172, -55.0924, 48.4657, 0, 0, 0
L 98.0000, 55.5262, -48.8344, 98.0000, 86.6533, -42.2518, 0, 0, 0
L 98.0000, 102.1631, -48.8344, 98.0000, 131.5295, -42.2600, 0, 0, 0
L 10.0000, -584.9883, -2.2450, 10.0000, -469.9209, -27.0461, 0, 0, 0
L 149.1391, -379.3173, -47.2518, 149.2476, -331.5356, -1.6522, 0, 0, 0
L -153.3573, -480.8240, -14.8921, -153.2968, -475.3833, -19.6407, 0, 0, 0
L 76.0000, -469.9209, -27.0461, 76.0000, -444.5476, -26.1087, 0, 0, 0
L -147.9997, -135.7040, -22.2844, -147.9997, -149.5004, -14.4003, 0, 0, 0
L -107.6830, 53.7906, -6.9419, -106.9258, 55.6604, 19.5085, 0, 0, 0
L -25.0271, -10.2985, -6.9510, -20.6625, -10.2466, -6.9552, 0, 0, 0
L 74.3001, -119.0626, 53.6599, 75.0775, -133.9736, 51.7898, 0, 0, 0
L -113.7198, 56.2479, 48.4930, -111.7924, 53.9085, 52.7814, 0, 0, 0
L 79.1052, -129.2435, 1.7430, 82.2607, -130.4641, 2.1776, 0, 0, 0
L -178.0889, 38.1625, 32.7195, -178.0390, 16.6223, -14.8270, 0, 0, 0
L -177.9992, -0.5699, 37.1410, -177.8906, -47.4268, 37.1410, 0, 0, 0
L -8.2915, -134.0237, -4.0425, 7.3290, -133.9800, 53.6599, 0, 0, 0
L 74.1493, -133.7934, -2.9962, 89.7690, -133.7498, 54.3756, 0, 0, 0
L 28.0000, -151.2886, 16.1420, 28.0000, -146.8582, 16.1420, 0, 0, 0
L 28.0000, -36.2211, -26.6409, 28.0000, 9.1754, 16.2796, 0, 0, 0
L -58.2257, 146.9047, -14.4003, -46.8858, 147.1234, -14.4003, 0, 0, 0
L -114.1013, -161.2509, 27.1780, -110.3092, -149.2975, 1.4448, 0, 0, 0
L -211.9852, -42.3989, 27.1097, -211.9777, -63.8540, 1.3786, 0, 0, 0
L 222.0000, -378.8708, -21.6920, 222.0000, -301.6191, -1.6269, 0, 0, 0
L 11.8746, -112.0006, -13.2772, 17.9094, -112.0009, -12.1587, 0, 0, 0
L 64.6707, -112.0033, -13.2772, 70.7056, -112.0036, -12.1587, 0, 0, 0
L 196.0000, 58.0837, -3.2095, 196.0000, 128.8169, -3.2095, 0, 0, 0
L -106.0000, -63.5210, -18.8287, -106.0000, -53.2068, -15.1677, 0, 0, 0
L -106.0000, 52.0345, -8.3438, -106.0000, 61.7437, -18.8287, 0, 0, 0
L -3.6420, -129.5717, 50.0513, 0.4712, -131.5831, 44.3095, 0, 0, 0
L -267.4133, 2.9912, -7.4095, -264.7177, 3.0821, -14.8317, 0, 0, 0
L -184.0194, 17.6509, -6.4905, -183.9596, -37.0637, 33.2951, 0, 0, 0
L -267.4318, 4.0000, -7.4095, -264.7361, 4.0000, -7.4095, 0, 0, 0
L -38.1280, -44.1148, -15.1661, -38.0016, -0.4986, -15.9257, 0, 0, 0
L -107.1492, -55.3833, 19.5085, -105.9865, -53.4187, 22.6519, 0, 0, 0
L -267.4595, 3.3437, 7.1191, -264.7639, 3.7170, -6.4905, 0, 0, 0
L -267.4271, 4.1315, -7.4095, -264.7118, 4.1098, 8.7885, 0, 0, 0
L -240.0096, -1.6968, 55.0794, -239.9414, 14.0822, 55.0794, 0, 0, 0
L -195.8543, -40.9403, -6.4905, -178.5901, -40.6814, -6.3591, 0, 0, 0
L -0.2646, -133.0234, 0.5808, 4.4754, -131.1934, 3.1338, 0, 0, 0
L 78.2289, -123.2461, 51.0154, 82.7466, -121.6906, 42.5790, 0, 0, 0
L -144.8215, -94.0015, -21.1233, -113.2119, -94.0012, -20.5031, 0, 0, 0
L -74.4486, -94.0008, -21.1206, -56.9763, -94.0006, -20.5031, 0, 0, 0
L -46.0001, 158.4974, -14.3994, -46.0000, 80.7202, -22.2844, 0, 0, 0
L -46.0000, -83.9875, -8.4346, -45.9999, -161.4537, 3.4142, 0, 0, 0
L -175.9991, -0.5697, -6.9510, -175.8728, -55.0948, -8.2583, 0, 0, 0
L -144.0002, 80.7222, -18.0425, -144.0002, 78.4455, -18.0603, 0, 0, 0
L -143.9998, -81.6037, -18.0599, -143.9998, -98.7805, -22.2844, 0, 0, 0
L -0.8073, -130.8974, 3.3881, 2.7520, -129.5385, 3.1338, 0, 0, 0
L -84.0000, 147.9923, -8.4346, -84.0000, 80.7202, -8.4346, 0, 0, 0
L -84.0000, 56.5521, 52.7894, -84.0000, 54.2022, 52.7814, 0, 0, 0
L -84.0000, -83.9875, 3.4142, -84.0000, -161.4537, 3.4142, 0, 0, 0
L -36.4043, 53.5743, -6.9448, -35.5852, -55.2464, 44.9246, 0, 0, 0
L -32.1188, -515.7670, -18.6719, -32.0760, -521.4554, -23.1872, 0, 0, 0
L -224.4792, -476.0000, 17.3192, -137.3166, -476.0000, 32.6228, 0, 0, 0
L -42.7070, -516.8149, 17.3681, -32.9493, -516.6463, 17.3681, 0, 0, 0
L -239.3284, 14.1612, 55.0794, -204.6308, 14.1379, 55.0794, 0, 0, 0
L -6.6976, -126.9742, 52.5613, -4.8017, -122.3533, 52.5613, 0, 0, 0
L -3.9998, -271.4472, -11.1829, -3.9997, -353.4661, -11.1829, 0, 0, 0
L -3.9997, -379.9908, -19.0377, -3.9996, -444.0369, 32.6921, 0, 0, 0
L -3.9996, -495.5964, 0.9867, -3.9995, -595.7454, -14.7875, 0, 0, 0
L -204.0270, 14.0573, 55.0794, -203.9972, -1.6983, 51.9110, 0, 0, 0
L -9.5544, -118.0191, -21.4209, 8.2742, -117.9839, -21.4209, 0, 0, 0
L 17.1937, -117.9663, -23.4465, 65.6508, -117.8706, -23.4465, 0, 0, 0
L 72.8821, -117.8563, -22.4672, 90.7107, -117.8211, -21.4209, 0, 0, 0
L -58.0000, -96.7756, -16.9008, -58.0000, -81.5254, 27.1586, 0, 0, 0
L -58.0000, 78.4427, -14.4003, -58.0000, 93.5083, -22.2844, 0, 0, 0
L 11.0105, -105.4972, -15.4143, 11.1881, -111.7279, -15.4143, 0, 0, 0
L -40.0000, -54.9967, -15.1604, -40.0000, -46.5653, -8.2583, 0, 0, 0
L -40.0000, 45.4301, -8.3438, -40.0000, 53.8615, -15.1604, 0, 0, 0
L 40.0000, -582.1531, -27.1354, 40.0000, -546.3433, -27.1354, 0, 0, 0
L -6.0000, -593.4720, -14.7875, -6.0000, -516.0059, -14.7875, 0, 0, 0
L -154.6636, 80.7821, -17.6910, -150.5927, 96.4629, -16.2252, 0, 0, 0
L 34.0000, -582.1531, -27.1354, 34.0000, -546.3433, -27.1354, 0, 0, 0
L -150.0386, -98.0000, -22.2844, -144.8609, -98.0000, -22.2844, 0, 0, 0
L -113.4403, -98.0000, -22.2844, -109.2340, -98.0000, -17.6796, 0, 0, 0
L -78.0606, -98.0000, -18.5766, -74.4892, -98.0000, -18.5766, 0, 0, 0
L -57.1018, -98.0000, -18.5766, -53.2643, -98.0000, -18.5766, 0, 0, 0
L -59.3374, -353.2189, -11.1829, -51.3419, -353.3287, -18.4478, 0, 0, 0
L -184.0404, -1.6887, 33.2951, -183.7623, 18.6224, 33.2951, 0, 0, 0
L -59.4009, -432.1641, 32.4294, -59.3897, -440.2347, 32.4293, 0, 0, 0
L -262.0099, -1.6989, 35.7013, -261.8533, 34.2809, 35.7013, 0, 0, 0
L -262.7672, 34.2604, 35.7013, -262.0207, -1.7193, 33.2951, 0, 0, 0
L -261.8066, 33.3412, 35.7013, -182.0982, 33.5418, 35.7013, 0, 0, 0
L -260.8986, 32.6292, 33.2951, -182.0898, 33.6483, 35.7013, 0, 0, 0
L 90.3388, -117.9438, -21.4209, 90.3897, -135.6964, -21.4209, 0, 0, 0
L 86.4932, -122.6704, 44.3095, 87.8274, -126.5590, 50.0513, 0, 0, 0
L -103.2933, -522.0000, -19.0560, -71.6840, -522.0000, -19.0560, 0, 0, 0
L -33.1234, -522.0000, -19.0560, -15.4480, -522.0000, -18.6626, 0, 0, 0
L 140.0276, -347.0467, -1.6259, 140.0300, -378.1736, -1.6269, 0, 0, 0
L 84.7851, -123.6689, 45.0414, 86.3635, -127.1408, 44.3095, 0, 0, 0
L -53.1741, 93.5926, -22.2844, -51.4249, 80.8045, -18.5766, 0, 0, 0
L -80.0000, -55.1055, -15.1395, -80.0000, -46.0971, -8.2583, 0, 0, 0
L -80.0000, -0.5895, 48.6120, -80.0000, 53.9984, 48.5944, 0, 0, 0
L -86.0001, 148.0847, -14.4003, -86.0000, 80.7202, -14.4003, 0, 0, 0
L -86.0000, 60.5451, -18.2604, -86.0000, 54.2162, -18.2567, 0, 0, 0
L -86.0000, -55.7968, 32.9367, -86.0000, -63.5780, 32.9367, 0, 0, 0
L -5.0353, -126.7258, 42.5790, -3.5241, -129.9756, 42.2305, 0, 0, 0
L -7.8045, -118.9833, 53.6599, -7.0257, -133.8924, 51.7898, 0, 0, 0
L -169.8147, -474.8438, -14.9013, -169.8065, -495.8724, 0.9734, 0, 0, 0
L -265.4641, -42.0460, -7.4095, -177.9582, -41.3719, 32.7195, 0, 0, 0
L -180.1243, 16.0872, 30.6268, -180.0111, 0.8341, 30.6268, 0, 0, 0
L -183.8637, 18.0000, -7.4769, -177.9190, 18.0000, 32.7195, 0, 0, 0
L -183.0947, 16.0000, -7.4095, -177.9190, 16.0000, -7.4095, 0, 0, 0
L 18.0005, -104.9106, -15.0422, 18.0005, -111.6826, -13.6493, 0, 0, 0
L -182.0861, -3.2094, 35.7013, -181.4412, 32.9775, 35.7013, 0, 0, 0
L -182.2861, 32.4305, 33.2951, -182.1564, 17.3789, 33.2951, 0, 0, 0
L -181.9727, -3.9582, -4.5050, -181.8497, -18.2336, -4.5050, 0, 0, 0
L -53.6127, -96.7999, -22.2844, -51.8636, -84.0117, -18.5766, 0, 0, 0
L -129.9671, -380.0478, 17.3169, -129.9577, -489.1515, 32.6277, 0, 0, 0
L -109.3716, 95.4764, -22.2844, -105.8129, 80.6870, -22.2844, 0, 0, 0
L 4.1578, -131.2593, 54.2327, 6.4424, -127.0263, 55.8120, 0, 0, 0
L -144.8185, -96.0058, -21.1206, -113.2087, -96.0045, -21.7381, 0, 0, 0
L -77.5360, -96.0031, -18.5766, -53.7847, -96.0022, -18.5766, 0, 0, 0
L -91.1859, 51.9416, 18.4317, -90.3699, 55.7761, 16.0569, 0, 0, 0
L -183.7068, 16.2709, -5.0099, -181.6588, 17.8729, 31.8146, 0, 0, 0
L -91.7084, 52.1595, 16.0569, -91.1770, 55.9940, -6.9510, 0, 0, 0
L 34.8862, -546.0000, -27.1354, 40.5643, -546.0000, -15.5407, 0, 0, 0
L 88.1996, -546.0000, -27.1354, 93.8777, -546.0000, -15.5407, 0, 0, 0
L -8.0000, -154.1315, 53.2126, -8.0000, -151.2885, 50.4799, 0, 0, 0
L -8.0000, -36.2211, 53.2126, -8.0000, -33.3781, 50.4799, 0, 0, 0
L 73.9143, -119.8224, 49.0330, 74.1368, -133.8139, 48.5683, 0, 0, 0
L 81.5714, -122.2533, 0.9414, 85.4424, -123.8467, 0.7836, 0, 0, 0
L -182.2117, -36.3528, 33.2951, -181.9209, 14.3124, -4.5050, 0, 0, 0
L -170.0475, -401.7506, 17.3192, -170.0418, -353.4138, -18.5884, 0, 0, 0
L -114.5349, -98.7574, -16.1214, -113.8723, -83.9681, -18.0425, 0, 0, 0
L -103.2973, -524.0000, -20.2909, -71.6840, -524.0000, -19.6734, 0, 0, 0
L -32.9268, -524.0000, -20.2909, -15.4480, -524.0000, -19.6734, 0, 0, 0
L -149.9808, -412.6385, 32.8820, -147.1130, -412.6649, 32.8201, 0, 0, 0
L 3.1703, -130.4085, 50.0513, 5.0206, -126.6134, 44.3095, 0, 0, 0
L 40.0242, -551.9224, -20.9595, 88.4847, -551.8270, -21.9078, 0, 0, 0
L 224.0000, -380.6140, -21.7425, 224.0000, -299.8761, -47.5146, 0, 0, 0
L -2.4904, -9.9482, 27.2587, 27.8081, -10.6067, -19.1594, 0, 0, 0
L -158.0034, -441.0066, 33.0162, -158.0034, -432.6211, 33.0162, 0, 0, 0
L -158.0004, -54.8360, 52.9693, -157.9996, 53.8451, 52.9693, 0, 0, 0
L -73.1156, -160.0000, 27.1677, -57.8964, -160.0000, 27.1592, 0, 0, 0
L 17.4233, -560.5398, -24.9271, 22.2408, -565.3583, -24.9271, 0, 0, 0
L -109.1655, -55.5216, -6.9419, -108.4082, -57.4037, 19.5085, 0, 0, 0
L 84.4533, -131.2200, 0.3264, 86.1564, -126.8020, 2.1776, 0, 0, 0
L -24.0471, 18.9759, -4.3355, -18.4087, 20.3091, 24.9396, 0, 0, 0
L 54.1710, 126.0000, 2.5422, 112.6294, 126.0000, 0.4624, 0, 0, 0
L 77.9993, 55.5262, -37.5448, 77.9999, 9.0707, -17.9672, 0, 0, 0
L -3.8427, -130.0493, 2.5285, -0.3794, -131.6221, 3.1338, 0, 0, 0
L -267.4337, -6.9928, -7.4095, -264.7380, -7.0837, -14.8317, 0, 0, 0
L -207.9939, -52.0035, -18.6560, -197.3452, -52.0033, -18.6560, 0, 0, 0
L -108.7555, -52.0018, -6.9445, -105.1227, -52.0018, -6.9448, 0, 0, 0
L -90.3408, -52.0015, -6.9448, -86.7089, -52.0015, -8.3438, 0, 0, 0
L 77.2795, -126.6397, 42.5790, 78.6020, -130.4944, 51.0154, 0, 0, 0
L 112.0001, 88.0308, 0.4634, 112.0002, 125.4492, 2.5422, 0, 0, 0
L 78.6661, -124.1042, 44.3095, 82.8208, -122.5180, 2.5285, 0, 0, 0
L -59.9083, -432.8368, 31.3809, -59.8468, -439.3373, 31.2448, 0, 0, 0
L -7.8881, -127.3074, 52.5613, -5.5800, -131.5284, 50.9819, 0, 0, 0
L -18.1764, 48.7660, -3.1188, -18.0714, 19.7086, 24.9396, 0, 0, 0
L 29.0751, -144.0000, -26.6409, 51.6480, -144.0000, -26.6409, 0, 0, 0
L -157.0333, -436.8142, 32.5835, -157.0098, -433.4262, 32.5196, 0, 0, 0
L -105.2171, 62.0013, -18.8287, -90.1145, 62.0011, -18.8287, 0, 0, 0
L 54.1716, 61.9993, 0.4624, 112.6301, 61.9986, 0.4624, 0, 0, 0
L 9.2562, -584.0000, -2.2450, 115.1103, -584.0000, -2.2450, 0, 0, 0
L 4.4272, -131.5437, 55.8120, 6.3220, -126.9224, 55.8120, 0, 0, 0
L -86.6825, -63.5794, 27.1780, -86.3011, -81.7126, 27.1780, 0, 0, 0
L 40.0293, -555.9222, -19.0631, 88.4869, -555.8268, -19.0631, 0, 0, 0
L -267.4319, -6.0000, -7.4095, -264.7360, -6.0000, 7.1190, 0, 0, 0
L 17.0072, -576.9926, -24.9271, 21.8255, -581.8102, -24.9271, 0, 0, 0
L -109.7064, -148.9092, 24.9704, -97.8339, -148.8113, 17.5459, 0, 0, 0
L 1.7572, -123.9283, 51.2317, 3.1098, -127.1780, 49.7377, 0, 0, 0
L -3.8597, -443.9868, 5.8096, 50.6353, -444.6769, -2.1074, 0, 0, 0
L -121.4620, -273.8353, 17.5156, -121.3098, -351.3013, 17.5156, 0, 0, 0
L 81.6244, -130.6193, 51.2317, 84.8672, -129.2629, 51.2317, 0, 0, 0
L 6.5186, -588.0000, 47.5146, 117.8480, -588.0000, 47.5146, 0, 0, 0
L -84.5411, 55.9012, 52.7894, -82.6250, 53.5609, 48.4351, 0, 0, 0
L -70.0000, -516.4194, 17.2547, -70.0000, -514.0732, 17.3875, 0, 0, 0
L -70.0000, -57.8116, 52.2930, -70.0000, 56.1535, 46.2607, 0, 0, 0
L -184.0251, 0.3309, 35.7013, -183.4892, -35.8578, 35.7013, 0, 0, 0
L -149.9957, -398.9653, 32.6228, -149.9956, -401.7708, 17.3192, 0, 0, 0
L 17.1972, -123.9664, -20.6018, 65.6533, -123.8710, -21.5500, 0, 0, 0
L -84.2369, 81.4673, 17.7733, -74.4792, 81.2987, 27.1683, 0, 0, 0
L 11.8568, -106.0010, -26.7301, 17.9076, -106.0016, -12.1587, 0, 0, 0
L 64.6530, -106.0056, -26.7301, 70.7038, -106.0062, -12.1587, 0, 0, 0
L -197.5736, -43.1371, -7.4095, -197.4823, -40.4415, -14.8317, 0, 0, 0
L -144.8216, 92.0015, -21.1233, -113.2119, 92.0012, -21.7381, 0, 0, 0
L -74.4483, 92.0008, -21.1206, -56.9759, 92.0006, -21.1206, 0, 0, 0
L 142.0730, -332.0000, -47.5146, 148.0210, -332.0000, -21.7425, 0, 0, 0
L -0.4056, -131.4696, 1.7430, 2.6871, -130.0969, 2.1776, 0, 0, 0
L -199.3039, -42.9509, 8.7885, -198.7302, -40.2551, 7.1191, 0, 0, 0
L -82.0615, -0.5540, 52.9693, -79.9396, -46.6069, 48.5969, 0, 0, 0
L -53.9255, -97.5468, -18.5766, -51.6854, -83.4049, -14.4003, 0, 0, 0
L 30.0000, -151.2886, 50.4799, 30.0000, -144.8465, 16.1420, 0, 0, 0
L -168.9185, -480.0000, -15.5095, -152.6800, -480.0000, -14.8921, 0, 0, 0
L -150.0000, -401.7724, -14.9492, -150.0000, -398.9653, 17.3192, 0, 0, 0
L 114.0139, 87.2556, 0.4634, 114.0205, 128.1822, -3.2095, 0, 0, 0
L 28.0010, -146.8582, 16.1420, 28.0010, -151.2886, 19.7812, 0, 0, 0
L -114.6999, -55.1273, 46.0938, -114.4647, -57.2841, 49.1733, 0, 0, 0
L -73.3651, -86.0006, 27.1677, -58.1860, -86.0005, 27.1592, 0, 0, 0
L 100.4142, -426.6045, -2.1074, 100.5878, -379.9133, -21.5897, 0, 0, 0
L 75.4919, -126.9253, 55.8120, 77.3867, -122.3040, 55.8120, 0, 0, 0
L -31.9931, -513.7295, 1.0395, -31.9931, -516.0059, 17.3681, 0, 0, 0
L 12.0005, -104.9102, -15.0422, 12.0007, -153.1550, -10.5383, 0, 0, 0
L 19.7197, -577.0730, -26.9935, 22.9176, -573.8751, -27.2227, 0, 0, 0
L 2.1079, -129.7606, 42.2305, 3.6015, -126.5032, 42.5790, 0, 0, 0
L 40.0260, -547.9222, -22.8560, 88.4840, -547.8267, -24.4591, 0, 0, 0
L 71.9218, -378.0000, -46.9890, 101.5078, -378.0000, -21.6920, 0, 0, 0
L 116.9475, -378.0000, -1.6269, 140.3299, -378.0000, -1.6269, 0, 0, 0
L -72.0000, -516.0059, 1.0395, -72.0000, -513.7295, 17.3875, 0, 0, 0
L -72.0000, -55.0891, -15.1426, -72.0000, 53.9539, -15.1426, 0, 0, 0
L -24.2775, -54.9417, -15.1697, -24.0572, -11.2686, -6.9510, 0, 0, 0
L -23.9486, 10.2487, -8.2681, -23.9250, 14.9338, -8.2681, 0, 0, 0
L -116.2345, 45.8049, 47.6012, -114.1104, 54.0198, 52.9693, 0, 0, 0
L -44.0001, 78.4438, 3.3878, -44.0000, 60.3108, 3.3614, 0, 0, 0
L -162.1464, -136.4808, -14.4003, -148.1008, -136.4392, -22.2844, 0, 0, 0
L -109.2665, -136.3242, -14.4003, -97.4258, -136.2891, -14.4003, 0, 0, 0
L -9.3907, -136.0284, -21.4209, 8.4378, -135.9756, -22.4672, 0, 0, 0
L 73.0551, -135.7843, -21.4209, 90.8837, -135.7315, -21.4209, 0, 0, 0
L -112.7480, 80.6915, -18.0425, -112.3595, 90.0420, -19.8857, 0, 0, 0
L 2.8400, -130.7446, 0.5808, 4.6907, -126.6092, 3.1338, 0, 0, 0
L -208.7499, -40.4727, -14.8317, -208.6586, -43.1684, -7.4095, 0, 0, 0
L -110.4930, 146.3491, -22.2844, -110.4462, 132.4342, -14.4003, 0, 0, 0
L -109.5428, -136.0731, -14.4003, -109.4964, -149.8694, -14.4003, 0, 0, 0
L -208.4100, -40.5236, -6.4905, -208.0363, -43.2193, 7.1191, 0, 0, 0
L -208.1112, -40.5811, 7.1191, -207.5376, -43.2769, 8.7885, 0, 0, 0
L -57.1145, -80.8844, 3.4142, -44.7515, -80.6950, -18.0475, 0, 0, 0
L 11.9120, -104.7182, -15.4143, 17.9463, -105.0173, -26.7301, 0, 0, 0
L -168.0000, -513.6537, 17.4799, -168.0000, -473.7336, 32.6228, 0, 0, 0
L -67.4095, -489.0844, 17.3875, -67.2930, -495.7055, -18.6740, 0, 0, 0
L 19.7368, -559.9115, -27.2227, 22.9643, -563.1384, -27.2227, 0, 0, 0
L 52.0000, -13.4611, -25.8258, 52.0000, -33.2472, 16.1420, 0, 0, 0
L -143.7607, -81.7330, 27.1780, -143.4966, -84.0793, 27.1780, 0, 0, 0
L 17.1956, -121.9664, -21.5500, 65.6523, -121.8709, -21.5500, 0, 0, 0
L 75.8318, -121.8508, -26.1245, 87.7740, -121.8273, -26.1245, 0, 0, 0
L -261.8108, -37.3218, 35.7013, -182.1025, -37.5283, 35.7013, 0, 0, 0
L 78.8673, -124.3219, 42.5790, 82.2240, -123.0755, 42.2305, 0, 0, 0
L -267.4318, -8.0000, -14.8317, -264.7361, -8.0000, -14.8317, 0, 0, 0
L 148.0000, -380.6140, -47.5146, 148.0000, -331.3106, -1.6774, 0, 0, 0
L -267.5355, -6.4558, 8.7885, -264.8397, -7.0295, 7.1190, 0, 0, 0
L -267.4382, -6.1377, -7.4095, -264.7425, -6.1161, -6.4905, 0, 0, 0
L -90.9501, -53.0495, 18.4317, -90.1341, -56.8839, 16.0569, 0, 0, 0
L 129.9976, 129.2661, -49.8023, 129.9981, 101.5255, -48.8344, 0, 0, 0
L -79.7877, 80.7890, -22.2844, -78.0386, 93.5770, -22.2844, 0, 0, 0
L -149.3097, -83.4959, 25.2414, -145.6447, -83.4593, 1.4448, 0, 0, 0
L -84.8645, -82.8520, 17.7733, -75.1059, -82.7545, 3.4142, 0, 0, 0
L -57.1191, -82.5748, -18.0434, -44.9734, -82.4534, -8.1376, 0, 0, 0
L -222.3158, -402.0000, -10.2417, -139.4789, -402.0000, -11.2383, 0, 0, 0
L -72.2079, -54.6949, 44.9246, -70.0775, -0.5903, 52.9693, 0, 0, 0
L -150.4935, -100.0020, -16.2252, -144.8786, -100.0019, -17.7589, 0, 0, 0
L -113.4402, -100.0015, -17.5526, -108.7564, -100.0014, -16.2252, 0, 0, 0
L -239.3280, -18.1612, 51.9110, -204.6303, -18.1379, 51.9110, 0, 0, 0
L -80.1501, 44.4360, 37.4556, -73.2165, 44.5720, 37.5231, 0, 0, 0
L -40.8705, 45.2068, -6.9448, -35.7806, 45.3067, 37.5582, 0, 0, 0
L -4.8619, -127.1348, 3.1338, -3.2917, -123.6660, 2.5285, 0, 0, 0
L 73.1545, -134.7008, 57.4459, 73.4793, -119.4189, 58.3868, 0, 0, 0
L -148.0000, -149.5005, -22.2844, -148.0000, -135.7040, -14.4003, 0, 0, 0
L -148.0000, 132.4364, -22.2844, -148.0000, 146.2332, -14.4003, 0, 0, 0
L 76.8511, -127.0724, 42.2305, 78.0942, -130.4336, 42.5790, 0, 0, 0
L -85.6561, -150.7944, -14.4003, -74.2077, -150.6891, -14.4003, 0, 0, 0
L 101.6764, -571.2634, -24.9271, 106.4939, -576.0818, -25.3868, 0, 0, 0
L -130.0420, -489.2039, -18.6620, -130.0326, -380.0419, -18.6252, 0, 0, 0
L -144.8805, -80.0000, -18.0848, -114.9448, -80.0000, -18.0698, 0, 0, 0
L -168.0281, -473.7177, 17.3192, -167.9731, -476.9757, 32.6228, 0, 0, 0
L -261.9951, -1.6996, 35.7013, -261.8386, -37.6794, 35.7013, 0, 0, 0
L -260.8381, -37.6994, 35.7013, -260.0916, -1.7196, 33.2951, 0, 0, 0
L -31.9516, -514.5502, -22.7054, -3.4444, -514.1132, -18.6620, 0, 0, 0
L 79.1900, -124.5865, 2.1776, 82.2827, -123.2137, 1.7430, 0, 0, 0
L -116.0010, 53.9621, -15.1386, -115.9990, -55.0704, 44.9246, 0, 0, 0
L -115.9985, -81.0724, -8.4346, -115.9985, -83.3488, -18.0425, 0, 0, 0
L 77.8055, -126.7454, 1.7430, 79.1736, -129.8449, 2.1776, 0, 0, 0
L -160.2084, -0.5211, 48.5609, -157.9950, 45.6925, 52.9693, 0, 0, 0
L -183.0947, -20.0000, -7.4095, -177.9190, -20.0000, -7.4095, 0, 0, 0
L -107.6488, 54.1285, 19.5085, -106.4861, 55.9987, 22.6519, 0, 0, 0
L -182.8214, -22.4575, 33.2951, -177.7659, -20.7257, -6.4905, 0, 0, 0
L -105.7643, -338.2090, -23.1872, -80.8741, -338.1600, -23.1872, 0, 0, 0
L -40.8834, -338.0812, -22.1433, -23.4097, -338.0468, -23.1872, 0, 0, 0
L 4.0623, -122.7736, 51.0154, 5.3941, -126.6553, 42.5790, 0, 0, 0
L -81.3080, -351.2095, -11.1829, -81.3035, -353.4870, -18.4478, 0, 0, 0
L 77.5223, -122.9590, 55.8120, 82.1257, -121.5843, 50.9819, 0, 0, 0
L -58.0019, -84.0091, -22.7820, -57.8699, -89.5101, -22.7820, 0, 0, 0
L -151.5024, -55.9507, 54.6712, -140.1001, -56.1053, 46.3709, 0, 0, 0
L -56.9712, -57.2327, 45.6908, -43.0751, -57.4212, 48.7581, 0, 0, 0
L -220.6505, -404.0000, 32.6228, -141.1442, -404.0000, 17.3192, 0, 0, 0
L -181.9864, -2.4228, 31.8146, -181.6368, -21.2102, 31.8146, 0, 0, 0
L -52.0000, -595.7484, -14.8056, -52.0000, -513.7295, -14.8056, 0, 0, 0
L -42.1822, 53.9228, 49.2306, -41.9490, 55.9754, 46.2607, 0, 0, 0
L -166.0012, 53.7614, 44.9246, -165.9988, -54.8978, 44.9246, 0, 0, 0
L -124.2158, -595.7485, 1.0395, -124.1861, -513.6845, -14.8056, 0, 0, 0
L -124.0199, -54.9418, 52.9693, -123.9804, 54.0384, 52.9693, 0, 0, 0
L -82.0000, -57.9907, 48.4213, -82.0000, 56.3064, 48.3925, 0, 0, 0
L 84.8166, -123.5500, 3.1338, 86.1545, -127.1152, 2.5285, 0, 0, 0
L 88.0000, -582.1531, -27.1354, 88.0000, -546.3433, -27.1354, 0, 0, 0
L 88.0000, -154.1315, 50.4799, 88.0000, -151.2885, 53.2126, 0, 0, 0
L 88.0000, -36.2211, 50.4799, 88.0000, -33.3781, 53.2126, 0, 0, 0
L -84.6062, -57.3784, 52.8228, -84.5834, -55.2012, 52.8231, 0, 0, 0
L -105.9900, -57.0173, -15.1677, -105.8602, -53.1829, -8.3438, 0, 0, 0
L -112.5183, -81.7475, 27.1780, -112.4044, -63.7042, 32.9330, 0, 0, 0
L -145.1136, 80.3616, -18.0425, -145.0192, 88.8400, -19.8867, 0, 0, 0
L -145.5338, 80.3882, -22.2844, -145.4577, 93.4420, -22.2844, 0, 0, 0
L -115.0552, -84.0564, 27.1780, -115.0260, -81.7102, 27.1780, 0, 0, 0
L -113.0117, 80.1053, -22.2844, -112.8534, 92.8244, -22.2844, 0, 0, 0
L -86.5782, 60.5617, 27.1780, -86.1449, 78.6937, 27.1780, 0, 0, 0
L -84.4891, 147.9981, -14.4003, -84.2455, 158.1922, -14.4003, 0, 0, 0
L 52.7513, -10.9068, -25.7035, 78.7661, -10.3665, 13.5761, 0, 0, 0
L 96.1115, -576.8950, -24.9271, 100.9298, -581.7127, -25.3868, 0, 0, 0
L -60.2501, -432.2063, 32.5451, -60.2175, -440.2548, 32.4960, 0, 0, 0
L -156.0005, 56.9233, 46.3989, -156.0005, 54.3970, 49.3148, 0, 0, 0
L -156.0000, -0.4124, -15.9283, -155.9996, -41.3740, -16.8234, 0, 0, 0
L -155.9959, -433.3624, 32.5835, -155.9958, -440.0566, 31.7103, 0, 0, 0
L -75.3951, 80.7016, -18.0425, -75.3539, 86.1715, -22.7820, 0, 0, 0
L -105.8942, -53.4154, -6.9448, -105.8738, -63.7307, -18.8287, 0, 0, 0
L -105.3032, -351.2699, -11.1829, -105.2987, -353.5492, 17.5156, 0, 0, 0
L 12.4371, -110.0009, -11.0402, 17.3471, -110.0013, -11.0402, 0, 0, 0
L 65.2333, -110.0049, -11.0402, 70.1433, -110.0052, -10.6681, 0, 0, 0
L -124.1138, -0.6111, 52.9693, -121.9003, -46.6640, 48.5609, 0, 0, 0
L -80.6226, -345.7620, -23.1872, -80.5377, -351.2077, -18.4478, 0, 0, 0
L 70.6663, -111.8106, -15.4143, 70.8539, -105.5807, -15.4143, 0, 0, 0
L 84.2105, -124.0834, 1.7430, 85.5246, -127.2367, 1.7430, 0, 0, 0
L -22.2564, -54.9510, 30.0490, -22.0736, -15.7299, 30.0490, 0, 0, 0
L 82.1520, -132.4658, 51.5453, 85.8806, -131.1813, 51.0154, 0, 0, 0
L -160.0027, -0.5706, 44.9246, -159.5267, -46.6236, 48.5609, 0, 0, 0
L -38.0538, 43.0415, -15.1661, -37.9993, -0.5664, -15.9257, 0, 0, 0
L 75.6394, -444.0000, -26.1087, 117.0719, -444.0000, -26.1087, 0, 0, 0
L 82.2050, -121.5111, 42.2305, 85.5672, -122.7370, 42.5790, 0, 0, 0
L 76.0002, -121.1518, -26.1245, 76.0002, -133.0071, -26.6460, 0, 0, 0
L 76.0006, -444.5476, -2.2208, 76.0006, -466.9470, -2.2450, 0, 0, 0
L -75.3421, -83.9943, -18.0425, -75.2991, -89.4640, -22.7820, 0, 0, 0
L -144.1237, 78.5067, 27.1780, -143.8596, 80.8528, 27.1780, 0, 0, 0
L -115.0145, 80.7896, 27.1780, -114.9853, 78.4434, 27.1780, 0, 0, 0
L -153.8679, -83.8451, -17.6910, -149.7968, -99.5258, -16.2252, 0, 0, 0
L -7.5501, -133.7933, 51.7898, 7.3348, -134.4901, 53.6599, 0, 0, 0
L -113.4249, 79.9497, 1.4448, -109.5909, 80.0195, 24.9522, 0, 0, 0
L 8.3386, -117.9426, -22.4672, 8.3896, -135.6944, -21.4209, 0, 0, 0
L 111.9929, 88.0128, 0.4634, 111.9950, 62.0459, 0.4624, 0, 0, 0
L 74.0826, -119.5949, 53.6599, 88.9676, -120.2917, 51.7898, 0, 0, 0
L 66.1568, -126.1523, -26.9461, 66.1854, -149.1641, -19.6677, 0, 0, 0
L 150.0055, -301.6191, -21.6920, 150.0061, -331.5367, -21.7172, 0, 0, 0
L 78.0504, -127.2852, 42.5790, 79.5440, -124.0279, 42.2305, 0, 0, 0
L 4.9581, -121.9260, 55.8120, 6.3297, -126.5384, 54.2326, 0, 0, 0
L -61.6283, -58.6323, 56.6152, -56.7924, -58.5829, 45.6908, 0, 0, 0
L -105.7600, -342.2090, -20.2909, -80.8664, -342.1600, -20.2909, 0, 0, 0
L -40.8756, -342.0812, -20.2909, -23.4018, -342.0468, -20.9084, 0, 0, 0
L -0.7672, -122.2630, 51.5453, 2.4847, -124.0149, 51.2317, 0, 0, 0
L -159.2349, 0.0000, 48.5609, -157.0215, 0.0000, 52.9693, 0, 0, 0
L -123.2116, 0.0000, 52.9693, -120.9981, 0.0000, 48.5609, 0, 0, 0
L -115.6194, 0.0000, 48.3597, -113.4953, 0.0000, 52.9693, 0, 0, 0
L -82.3592, 0.0000, 52.9693, -80.2499, 0.0000, 48.6120, 0, 0, 0
L -120.7222, 45.5453, 37.5202, -115.8760, 45.4834, -6.9448, 0, 0, 0
L -110.5040, -149.6166, -22.2844, -110.4572, -135.7014, -14.4003, 0, 0, 0
L -109.5538, 132.8061, -14.4003, -109.5074, 146.6024, -14.4003, 0, 0, 0
L -0.5220, -120.2864, 52.5613, 3.7026, -122.5763, 54.2326, 0, 0, 0
L 3.5550, -123.0995, 50.0513, 4.6187, -126.6415, 49.7377, 0, 0, 0
L 84.6604, -130.9588, 51.5453, 86.7467, -126.7480, 44.3095, 0, 0, 0
L -104.6676, 55.9230, -6.9510, -104.1362, 52.0885, 16.0569, 0, 0, 0
L -43.3042, 45.7217, 52.9693, -41.4908, 54.0960, 48.5809, 0, 0, 0
L -124.3221, 56.1731, 46.3673, -124.3093, 53.9133, 46.4585, 0, 0, 0
L 74.1332, -134.0523, 57.4459, 89.3839, -133.6415, 55.3164, 0, 0, 0
L 66.0000, -110.5576, -10.6681, 66.0000, -106.0350, -10.6681, 0, 0, 0
L -161.9997, -122.7206, -14.4003, -161.9997, -135.7040, -22.2844, 0, 0, 0
L 72.0005, -104.9106, -13.6493, 72.0005, -111.6826, -13.6493, 0, 0, 0
L 72.0005, -118.2039, -21.4209, 72.0006, -135.9559, -22.4672, 0, 0, 0
L -144.5331, 80.7035, -14.4003, -143.8705, 95.4942, -17.8928, 0, 0, 0
L -0.8119, -122.4211, 44.3095, 3.0684, -124.1645, 2.5285, 0, 0, 0
L -7.9257, -119.7644, 49.0330, -7.6832, -133.7535, 48.5683, 0, 0, 0
L -3.4153, -379.9903, -19.0377, -2.6076, -426.5891, 5.8096, 0, 0, 0
L 77.4657, -126.7337, 2.5285, 78.8036, -130.2990, 3.1338, 0, 0, 0
L -5.4203, -121.5008, 52.5613, -0.8184, -119.5761, 52.5613, 0, 0, 0
L -23.2701, -54.9662, -6.9510, -23.2191, -52.7473, 26.1458, 0, 0, 0
L -80.4329, 80.2631, -18.5766, -78.1928, 94.4050, -18.5766, 0, 0, 0
L -159.5531, 53.7484, 48.5609, -157.3397, 45.5599, 52.9693, 0, 0, 0
L -114.3888, 95.4967, -16.1214, -113.7262, 80.7073, -18.0425, 0, 0, 0
L -109.6913, 96.1951, -17.5526, -105.6208, 80.5157, -17.6910, 0, 0, 0
L -107.8157, 96.6825, -17.5526, -103.7317, 80.9841, -14.4003, 0, 0, 0
L -23.9955, -12.0000, -15.1536, -21.5415, -12.0000, -6.9510, 0, 0, 0
L -131.9423, -380.0308, 32.6924, -131.9257, -489.1518, 17.3274, 0, 0, 0
L -153.3820, 80.6751, -22.2844, -149.8222, 95.4679, -22.2844, 0, 0, 0
L -122.9154, 56.3445, 49.2659, -122.6568, 53.9995, 46.4585, 0, 0, 0
L 74.4921, -120.0373, 58.3868, 89.7427, -119.6264, 54.3756, 0, 0, 0
L 11.3122, -104.0008, -15.0422, 18.4718, -104.0013, -15.0422, 0, 0, 0
L 64.1084, -104.0044, -15.0422, 71.2680, -104.0049, -13.6493, 0, 0, 0
L 85.7245, -130.5148, 3.1338, 87.0605, -126.9413, 3.3881, 0, 0, 0
L -140.0000, -473.7336, -11.2383, -140.0000, -401.7708, -11.2383, 0, 0, 0
L -105.2841, -59.9991, -16.9674, -90.1817, -59.9993, -16.9674, 0, 0, 0
L -112.4977, 78.4805, 27.1780, -112.3838, 60.4370, 32.9330, 0, 0, 0
L -0.1826, -120.2868, 0.3264, 3.8011, -122.0567, 0.5808, 0, 0, 0
L -174.0374, 53.2716, -8.3565, -173.9619, -54.3813, -6.9510, 0, 0, 0
L -173.7389, -372.6922, -11.2383, -173.7215, -397.6057, -11.2383, 0, 0, 0
L 89.1678, -134.3062, 55.3164, 89.4925, -119.0243, 54.3756, 0, 0, 0
L -47.7060, -456.0000, -23.3388, -20.7493, -456.0000, -23.3388, 0, 0, 0
L -144.8805, 76.0000, -18.0848, -113.4251, 76.0000, -18.0690, 0, 0, 0
L 77.7442, -126.7697, 49.7377, 78.8078, -130.3117, 50.0513, 0, 0, 0
L -170.2320, -388.5272, -17.3890, -150.0546, -388.4649, -18.0064, 0, 0, 0
L -56.7737, -151.4747, -14.4003, -45.3998, -151.5813, -14.4003, 0, 0, 0
L -105.2841, -61.9991, -17.5848, -90.1817, -61.9993, -17.5848, 0, 0, 0
L -26.0001, -15.7267, -8.2583, -26.0001, -10.3613, -8.2583, 0, 0, 0
L -26.0000, 9.1245, -8.2680, -25.9997, 52.9817, -8.3438, 0, 0, 0
L 77.0714, -121.6848, 55.8120, 81.6733, -119.7601, 52.5613, 0, 0, 0
L 27.7918, -146.0000, -26.6409, 52.9313, -146.0000, -26.6409, 0, 0, 0
L -87.8523, -57.0840, 19.5085, -87.0951, -55.2142, -6.9419, 0, 0, 0
L -4.7963, -127.0578, 3.3881, -3.4604, -123.4843, 3.1338, 0, 0, 0
L -4.5686, -122.1487, 51.0154, -0.8399, -120.8642, 51.5453, 0, 0, 0
L -97.9998, -84.0573, 17.6599, -97.9998, -99.9394, 17.6323, 0, 0, 0
L -91.5496, -53.3005, 16.0569, -91.0182, -57.1350, -6.9510, 0, 0, 0
L 199.9402, 141.7066, -37.5448, 199.9443, 132.0806, -34.0022, 0, 0, 0
L -142.0000, -472.2870, 32.6228, -142.0000, -403.2175, 32.6228, 0, 0, 0
L -152.0000, -496.0248, 17.3240, -152.0000, -473.7336, -11.2383, 0, 0, 0
L 64.0000, -152.3691, -26.7301, 64.0000, -105.4725, -13.2772, 0, 0, 0
L -4.5404, -122.7321, 0.5808, -0.5689, -120.9398, 0.3264, 0, 0, 0
L 98.8215, -577.1680, -26.9935, 102.0194, -573.9701, -27.2227, 0, 0, 0
L 52.9270, -36.5141, -26.6409, 55.5615, -36.6374, -26.6409, 0, 0, 0
L -104.0008, 56.8899, -8.2582, -104.0007, 51.6703, -6.9448, 0, 0, 0
L -103.9931, -513.7295, 1.0395, -103.9931, -516.0059, 1.0395, 0, 0, 0
L -56.0115, 158.1864, -14.4003, -56.0107, 147.8999, -22.2844, 0, 0, 0
L -84.2544, 147.5892, -14.4003, -79.2732, 147.4968, -22.2844, 0, 0, 0
L -87.4342, 56.0542, 19.5085, -86.6770, 54.1844, -6.9419, 0, 0, 0
L -84.2396, 148.7818, -14.4003, -74.1961, 148.6894, -14.4003, 0, 0, 0
L -24.2185, 49.4000, -4.5219, -18.4131, 47.9397, 24.7653, 0, 0, 0
L 81.9745, -131.6829, 42.5790, 86.5716, -129.5359, 45.0414, 0, 0, 0
L 85.4919, -122.9945, 50.9819, 87.8000, -127.2155, 52.5613, 0, 0, 0
L -144.8217, -92.0015, -19.8868, -113.2120, -92.0012, -19.8857, 0, 0, 0
L -74.4483, -92.0008, -19.8857, -56.9759, -92.0006, -19.2682, 0, 0, 0
L -159.7515, -54.6885, 48.5609, -157.5381, -46.4814, 52.9693, 0, 0, 0
L 40.6894, -559.9565, -17.1666, 40.7795, -578.7166, -24.4591, 0, 0, 0
L 16.4947, -126.2627, -19.6535, 16.5848, -149.2625, -26.9461, 0, 0, 0
L -3.9135, -123.7346, 44.3095, -0.3543, -122.5347, 42.5790, 0, 0, 0
L 140.3249, -348.0000, -47.5146, 148.0132, -348.0000, -47.5146, 0, 0, 0
L -79.9281, -83.4504, -18.5766, -77.6880, -97.5923, -18.5766, 0, 0, 0
L -22.7172, -345.7702, -23.1872, -22.6655, -351.2147, -18.4478, 0, 0, 0
L -123.9300, 53.8030, 52.9693, -121.7165, 45.4554, 48.5609, 0, 0, 0
L -24.2928, -15.7208, -15.1546, -24.2148, -11.4727, -8.2583, 0, 0, 0
L -24.0112, -0.3901, 44.9246, -23.8140, 10.3442, 44.9246, 0, 0, 0
L -160.1553, -0.6119, 48.5609, -157.9418, -46.6650, 52.9693, 0, 0, 0
L -165.4256, 46.0575, 37.5886, -159.6983, 45.9175, -6.9448, 0, 0, 0
L -143.2046, -81.7048, 1.4448, -143.1217, -84.0510, 27.1780, 0, 0, 0
L -113.4383, -83.9519, 1.4448, -109.6042, -84.0216, 24.9522, 0, 0, 0
L -70.7015, -55.0332, 45.7543, -70.4259, -57.6911, 48.8340, 0, 0, 0
L -152.6387, -83.7635, -22.2844, -149.0788, -98.5565, -22.2844, 0, 0, 0
L -3.5695, -444.0500, 32.6921, -2.7998, -426.5984, 5.8096, 0, 0, 0
L -5.1576, -126.7072, 50.0513, -3.8141, -130.6229, 44.3095, 0, 0, 0
L 80.0000, 54.1794, -23.5879, 80.0000, 57.2955, -23.5879, 0, 0, 0
L 129.7941, 130.0000, -49.8023, 197.0103, 130.0000, -49.8023, 0, 0, 0
L -156.0860, -436.8496, 31.7103, -155.9545, -433.9700, 31.4022, 0, 0, 0
L -5.3061, -127.1401, 0.5808, -3.7627, -123.0579, 0.3264, 0, 0, 0
L -23.7440, -10.8011, -6.9510, -21.4015, -11.3580, 28.7653, 0, 0, 0
L -44.7165, -57.7439, 52.2923, -43.0855, -55.0788, 48.8308, 0, 0, 0
L -116.6324, 45.6696, 44.9246, -116.3763, 53.8749, 47.4665, 0, 0, 0
L -5.2879, -131.9063, 52.5613, -0.6742, -133.8042, 52.5613, 0, 0, 0
L -124.1314, -54.7434, 52.9693, -121.9179, -46.3773, 48.5609, 0, 0, 0
L -3.6397, -489.2041, -18.6620, -3.4879, -443.8987, 5.8096, 0, 0, 0
L -5.2107, -131.8310, 52.5613, -0.5985, -133.1788, 50.9819, 0, 0, 0
L 82.0196, -120.9844, 0.5808, 86.0948, -122.5314, 1.7430, 0, 0, 0
L -170.2271, -392.5260, -16.1540, -150.0454, -392.4638, -16.1540, 0, 0, 0
L -79.3490, -83.9962, -18.5766, -77.5999, -96.7843, -18.5766, 0, 0, 0
L -220.6505, -472.0000, 17.6269, -141.1392, -472.0000, 32.6228, 0, 0, 0
L -70.0648, -58.1123, 48.8340, -68.4593, -55.4490, 52.3020, 0, 0, 0
L 84.6881, -130.0067, 42.5790, 85.9128, -126.6369, 42.2305, 0, 0, 0
L -159.5727, -46.6127, 44.9246, -159.0976, -54.8198, 48.5609, 0, 0, 0
L 54.8526, -574.0000, -16.7433, 77.1555, -574.0000, -16.7433, 0, 0, 0
L -121.8915, -54.9666, 48.5609, -121.6133, -46.5910, 44.9246, 0, 0, 0
L -42.0560, -0.6029, 52.9693, -39.9089, 54.1132, 44.9246, 0, 0, 0
L 94.5108, 54.1442, -22.7397, 95.1620, 57.3869, -51.0829, 0, 0, 0
L 81.7042, -132.0834, 0.3264, 86.1810, -130.0631, 2.1776, 0, 0, 0
L -81.6659, -55.3806, 52.9693, -79.5441, -46.7919, 48.5969, 0, 0, 0
L 77.5850, -127.2299, 44.3095, 79.2544, -123.8601, 42.5790, 0, 0, 0
L -5.0239, -123.1936, 42.2305, -0.7543, -121.2462, 3.1338, 0, 0, 0
L 74.6636, -127.2112, 55.8120, 76.5846, -131.8222, 55.8120, 0, 0, 0
L -170.3525, -353.4148, -11.2383, -170.1399, -398.9663, -11.2383, 0, 0, 0
L -156.2381, -436.7875, 31.7103, -156.1066, -439.6673, 31.4022, 0, 0, 0
L -108.5039, 52.1524, -6.9445, -107.7467, 54.1171, 19.5085, 0, 0, 0
L -87.7413, -55.2549, 19.5085, -86.9841, -53.2903, -6.9445, 0, 0, 0
L 6.2421, -119.7220, 51.7898, 7.0195, -134.6330, 53.6599, 0, 0, 0
L 77.8652, -130.3439, 50.0513, 81.7720, -132.2882, 44.3095, 0, 0, 0
L 51.9173, 9.1329, 13.5766, 52.1032, -10.8543, 13.5761, 0, 0, 0
L -23.9260, -53.2560, 26.1458, -18.2758, -52.2081, -3.3664, 0, 0, 0
L 78.2031, 57.5336, -21.7778, 78.8543, 54.2910, -22.7397, 0, 0, 0
L -4.0425, -123.3418, 3.1338, -0.4838, -122.0013, 2.5285, 0, 0, 0
L 74.9006, -133.6375, 51.7898, 89.7869, -134.3324, 53.6599, 0, 0, 0
L -0.3832, -122.0838, 2.1776, 2.7724, -123.3045, 1.7430, 0, 0, 0
L -5.7584, -126.9645, 2.5285, -4.4205, -130.5297, 3.1338, 0, 0, 0
L 52.9546, -151.8170, -26.6409, 55.6098, -151.7000, -26.6409, 0, 0, 0
L 81.6588, -130.7648, 42.5790, 85.2180, -129.5649, 44.3095, 0, 0, 0
L 77.5507, -126.8854, 2.1776, 78.7691, -123.7248, 1.7430, 0, 0, 0
L 116.0000, -584.9883, -27.0461, 116.0000, -469.9209, -2.2450, 0, 0, 0
L -23.9538, 50.3053, 26.1502, -18.3027, 49.0649, -3.1188, 0, 0, 0
L 28.4196, -146.4939, 47.9198, 29.5375, -144.4822, 50.4799, 0, 0, 0
L 87.9320, -119.9681, 48.5683, 88.1560, -133.9575, 49.0330, 0, 0, 0
L -170.2232, -394.5248, -14.9191, -150.0387, -394.4628, -14.9191, 0, 0, 0
L -0.1514, -132.3286, 42.2305, 3.2053, -131.0822, 42.5790, 0, 0, 0
L -81.1602, 45.7069, 48.5971, -80.6109, 54.0114, 44.9246, 0, 0, 0
L 81.7114, -122.5277, 3.3881, 85.2772, -123.8660, 3.1338, 0, 0, 0
L 17.1984, -125.9664, -19.6535, 65.6544, -125.8710, -19.6535, 0, 0, 0
L -82.1130, -0.5790, 52.9693, -79.9911, 45.6346, 48.5971, 0, 0, 0
L -8.3011, -134.2723, 54.3756, 6.9495, -133.8614, 58.3868, 0, 0, 0
L 3.3800, -130.2396, 1.7430, 4.5984, -127.0790, 2.1776, 0, 0, 0
L -107.1417, -54.9441, 19.5085, -105.9790, -56.8143, 22.6519, 0, 0, 0
L -170.4302, -394.2052, -19.6678, -170.2974, -399.6457, -19.6678, 0, 0, 0
L -0.9029, -122.8941, 42.5790, 2.3475, -124.3913, 42.2305, 0, 0, 0
L 81.5315, -122.6927, 3.1338, 84.9947, -124.2654, 2.5285, 0, 0, 0
L -159.2594, -55.4153, 48.5609, -157.2490, -55.4991, 46.4020, 0, 0, 0
L 85.9326, -122.8666, 0.5808, 87.7221, -126.8473, 0.3264, 0, 0, 0
L 77.9488, -130.9261, 0.5808, 81.9325, -132.6960, 0.3264, 0, 0, 0
L 40.0267, -553.9222, -20.0113, 88.4858, -553.8267, -20.0113, 0, 0, 0
L 78.3987, -130.7957, 42.2305, 81.6492, -132.2928, 42.5790, 0, 0, 0
L 64.6778, -105.3315, -15.4143, 70.7120, -105.6306, -26.7301, 0, 0, 0
L -70.1564, 53.8573, 46.2607, -69.9041, 55.9898, 49.2306, 0, 0, 0
L -3.4490, -129.4724, 1.7430, -0.2938, -130.6926, 2.1776, 0, 0, 0
L 97.9999, 86.6533, -42.2518, 97.9999, 55.5262, -42.2600, 0, 0, 0
L -159.2251, 54.2064, 48.5609, -157.0328, 54.1487, 46.4585, 0, 0, 0
L -90.2910, 52.0361, -8.3438, -90.1611, 55.8706, -15.1677, 0, 0, 0
L -80.0128, -0.5705, 48.6120, -79.4508, 45.6431, 44.9246, 0, 0, 0
L -89.4893, -56.8124, 22.6519, -88.3265, -54.9422, 19.5085, 0, 0, 0
L -160.0143, -0.5645, 44.9246, -159.5383, 45.6490, 48.5609, 0, 0, 0
L -16.1629, -515.7867, -18.6719, -16.0326, -521.4599, -23.1872, 0, 0, 0
L -45.2194, 55.8041, 52.7953, -43.6256, 53.5964, 49.2306, 0, 0, 0
L 16.8021, -111.6760, -15.4143, 16.9810, -105.4459, -15.4143, 0, 0, 0
L 77.6369, -122.2412, 0.3264, 81.7027, -120.6715, 0.5808, 0, 0, 0
L 74.8584, -126.5902, 55.8120, 77.1430, -122.3572, 54.2327, 0, 0, 0
L 82.2177, -121.2371, 44.3095, 85.5827, -122.9088, 42.5790, 0, 0, 0
L -81.1374, -46.6792, 48.5969, -80.5860, -55.1442, 44.9246, 0, 0, 0
L 78.1732, -130.7153, 54.2326, 82.4036, -132.9944, 52.5613, 0, 0, 0
L 6.0000, -587.9622, 47.5146, 6.0000, -466.9470, 47.5146, 0, 0, 0
L -168.9221, -484.0000, -16.7444, -152.6800, -484.0000, -16.1270, 0, 0, 0
L -105.9508, 55.8442, -15.1677, -105.8209, 52.0097, -8.3438, 0, 0, 0
L 81.8803, -131.5835, 2.5285, 85.4390, -130.2430, 3.1338, 0, 0, 0
L 85.8136, -130.5150, 2.5285, 87.3838, -127.0462, 3.1338, 0, 0, 0
L 81.5894, -122.2709, 51.0154, 85.1336, -124.0040, 50.0513, 0, 0, 0
L -112.5267, 56.2047, 52.7896, -112.5049, 53.8547, 52.7814, 0, 0, 0
L 85.9811, -123.2391, 42.2305, 87.4923, -126.4889, 42.5790, 0, 0, 0
L 86.6797, -131.5141, 52.5613, 88.0253, -126.8945, 54.2326, 0, 0, 0
L 81.7736, -133.0688, 52.5613, 85.9858, -130.7559, 54.2326, 0, 0, 0
L -7.5987, -119.9279, 49.0330, 6.3666, -120.0722, 48.5683, 0, 0, 0
L 74.8527, -120.7801, 49.0330, 88.8165, -120.9244, 48.5683, 0, 0, 0
L 65.0315, -105.4623, -15.4143, 65.2111, -111.7656, -26.7301, 0, 0, 0
L -89.7983, 53.5588, 22.6519, -88.6356, 51.5941, 19.5085, 0, 0, 0
L -0.7954, -122.0914, 51.0154, 3.3037, -124.0987, 42.5790, 0, 0, 0
L 2.9873, -123.3870, 42.5790, 4.2304, -126.7482, 42.2305, 0, 0, 0
L 2.2065, -123.8692, 2.1776, 3.5746, -126.9687, 1.7430, 0, 0, 0
L -89.2975, -53.3115, 22.6519, -88.1348, -55.2761, 19.5085, 0, 0, 0
L -92.0000, -57.0416, 18.4317, -92.0000, -53.2068, 18.4317, 0, 0, 0
L -92.0000, 52.0345, 18.4317, -92.0000, 55.8694, 18.4317, 0, 0, 0
L -3.9788, -130.5345, 42.5790, -0.6167, -131.7604, 42.2305, 0, 0, 0
L -7.7067, -127.1185, 52.5613, -5.7856, -131.7296, 52.5613, 0, 0, 0
L -5.5928, -126.6470, 42.2305, -4.3682, -123.2772, 42.5790, 0, 0, 0
L -5.1090, -126.8924, 1.7430, -3.7390, -129.9900, 2.1776, 0, 0, 0
L -6.1257, -126.6618, 51.0154, -4.3946, -123.1110, 51.5453, 0, 0, 0
L -4.0069, -127.1625, 2.1776, -2.7886, -124.0021, 1.7430, 0, 0, 0
L -88.9442, 55.9378, 22.6519, -87.7814, 54.0676, 19.5085, 0, 0, 0
L -4.3417, -123.3128, 54.2326, -0.1295, -120.9999, 52.5613, 0, 0, 0
L -7.9424, -120.2575, 55.3164, 7.3084, -119.8467, 57.4459, 0, 0, 0
L -8.8613, -134.6481, 54.3756, -8.5367, -119.3662, 55.3164, 0, 0, 0
L -73.1816, -54.8965, 48.8745, -71.3682, -46.4668, 52.9693, 0, 0, 0
L -124.1671, -0.5219, 52.9693, -121.9536, 45.6916, 48.5609, 0, 0, 0
L -67.9887, -373.7082, -18.6252, -67.9885, -380.0406, 17.3063, 0, 0, 0
L -90.5109, -57.0383, -15.1677, -90.4766, -53.1853, -15.1677, 0, 0, 0
L -104.1736, -57.1304, 16.0569, -103.3575, -53.2958, 18.4317, 0, 0, 0
L -42.4641, -55.1519, 48.8308, -42.2002, -57.6605, 45.6158, 0, 0, 0
L -79.9991, -0.5646, 48.6120, -79.4353, -46.6176, 44.9246, 0, 0, 0
L -103.9311, 55.9955, 16.0569, -103.1151, 52.1611, 18.4317, 0, 0, 0
L -106.6160, 54.4874, 19.5085, -105.4533, 52.5227, 22.6519, 0, 0, 0
L -123.1810, -54.5097, 46.4035, -121.0088, -54.4656, 48.5609, 0, 0, 0
L 117.0066, -379.9166, -47.5146, 117.1302, -426.6078, -2.2208, 0, 0, 0
L -174.0000, -54.2596, -8.2583, -174.0000, -0.5676, -8.2583, 0, 0, 0
L -81.8260, 54.1457, 52.9693, -79.7041, 45.7812, 48.5971, 0, 0, 0
L -2.8144, -443.9265, 5.8096, -2.1585, -426.6221, 5.8096, 0, 0, 0
L -116.1474, -0.5434, 48.3597, -114.0234, 45.6701, 52.9693, 0, 0, 0
L -116.0961, -0.5897, 48.3597, -113.9720, -46.6427, 52.9693, 0, 0, 0
L -24.2723, -52.2933, -4.5314, -18.4743, -51.0427, 24.9962, 0, 0, 0
L -23.8275, -19.1963, -4.3358, -18.1813, -20.4796, 25.1765, 0, 0, 0
L -44.5492, -57.8618, 52.2923, -44.5240, -55.1902, 52.3020, 0, 0, 0
L -69.9906, -55.0491, 48.8310, -69.9901, -57.7208, 48.8340, 0, 0, 0
L -123.3827, 53.6778, 46.4585, -120.9896, 53.7623, 48.5609, 0, 0, 0
L -43.2960, -46.6929, 52.9693, -41.4825, -55.2911, 48.8745, 0, 0, 0
L -124.5054, 56.2559, 49.2659, -124.4853, 53.9955, 49.3148, 0, 0, 0
L -70.2423, 56.3054, 49.2306, -68.6485, 54.0975, 52.7953, 0, 0, 0
L -68.0000, 53.8608, 52.7953, -68.0000, 56.0781, 52.7953, 0, 0, 0
L -159.4242, 53.7936, 44.9246, -158.9472, 45.6628, 48.5609, 0, 0, 0
L -73.3074, 53.6654, 48.5809, -71.4941, 45.4600, 52.9693, 0, 0, 0
L -72.4488, 45.6352, 44.9246, -72.1618, 53.8407, 48.5809, 0, 0, 0
L -114.9755, -55.2126, 48.5940, -112.8514, -46.7829, 52.9693, 0, 0, 0
L -116.6464, -46.6440, 44.9246, -116.3921, -55.0737, 48.5940, 0, 0, 0
L -23.9561, -11.5177, -15.1536, -21.5433, -11.5665, -8.2583, 0, 0, 0
L -103.2727, -513.6927, 17.3875, -102.9803, -516.0389, 17.2547, 0, 0, 0
L -154.6257, -441.1878, -15.3462, -149.4970, -455.3028, 31.4022, 0, 0, 0
L 16.9976, -559.9998, -24.9271, 21.7864, -555.2111, -25.3868, 0, 0, 0
L 40.0271, -549.9222, -21.9078, 88.4836, -549.8267, -22.8560, 0, 0, 0
L -156.8542, -436.8144, 31.8450, -156.8010, -440.0560, 31.7103, 0, 0, 0
L -149.9770, -461.3983, 32.8820, -147.1093, -461.3720, 32.8201, 0, 0, 0
L -168.2065, -473.7064, -18.6392, -168.1112, -476.5482, -18.6137, 0, 0, 0
L -59.1755, -439.3601, 31.2448, -59.0234, -433.3733, 30.9332, 0, 0, 0
L -149.0526, -394.1068, -19.6678, -148.9007, -399.5436, -19.6678, 0, 0, 0
L -169.5041, -394.1548, -14.9191, -169.2033, -398.9199, -14.9615, 0, 0, 0
