P 216, 1777, -53.0000, 255, 0, 0, 3, to_Loping_Plains
P 216, 1777, -52.9486, 255, 0, 0, 2, Succor
P -1743.381, -2627.956, 0.6843, 255, 255, 255, 2, Statue:_Hand_Coming_Out_of_Water
P -1010, -3, 0.0000, 255, 255, 255, 2, The_Crypts_of_Shade
P -1881, 131, 8.0000, 255, 255, 255, 2, Kirathas_Village
P -965, -1506, 51.0000, 255, 255, 255, 2, Paladins_of_Valour
P 330, -1417, 47.0000, 255, 255, 255, 2, Blackwater_Fishermen
P -1189.373, -939.548, 9.1096, 255, 255, 255, 2, Camp
P 173.178, -999.399, 33.1557, 255, 255, 255, 2, Camp_Village
P 296.96, -622.162, 50.4485, 255, 255, 255, 2, Camp
P 1040.056, -1037.678, 55.9623, 255, 255, 255, 2, Graveyard
P -357.803, -580.801, 63.6080, 255, 255, 255, 2, Gnarled_Oak
P 1545.689, 87.869, -558.1836, 255, 255, 255, 2, The_Decay
P -2064.724, -1415.468, 82.9136, 255, 255, 255, 2, Borrower`s_Roost
P -259.399, -2954.695, -2.6783, 255, 255, 255, 2, Ship_of_the_Damned
P 664.935, -1879.887, 26.1218, 255, 255, 255, 2, Port_of_the_Damned
P -796.522, -1377.383, 39.3969, 0, 128, 0, 2, Hardrin_(General)
P -1483.313, -110.506, -2.2558, 0, 128, 0, 2, Naene_Ebonlocke_(79_Spells)
P 586.554, -1143.718, 62.3177, 0, 128, 0, 2, Seyan_Ebonlocke_(80_Spells)
P 555.975, -458.578, 49.3760, 0, 128, 0, 2, Lanika_Shadestepper_(General)
P -948.183, -624.769, 35.8268, 0, 128, 128, 2, a_mysterious_stranger_(Quest)
P 296.861, -1887.123, 24.2903, 0, 128, 128, 2, Jarvis_(Quest)
P -1017.607, -1432.832, 39.3788, 0, 128, 128, 2, Sister_Daria_(Quest)
P -1821.103, 162.516, 8.7736, 0, 128, 128, 2, Valthun_Woodswatcher_(Quest)
P 621.638, -560.564, 49.1366, 0, 128, 128, 2, Nastel_Greygore_(Quest)
P -831.346, -1526.153, 39.8717, 0, 128, 128, 2, Grom_(Quest)
P 575.515, -504.59, 49.1366, 0, 128, 128, 2, Banty_Bourdizzle_(Quest)
P -1078.228, -1490.862, 42.8491, 0, 128, 128, 2, Brother_Veras_(Quest)
P 571.425, -613.181, 49.1376, 0, 128, 128, 2, Arreles_Bonescrounger_(Quest)
P 525.725, -555.617, 49.1366, 0, 240, 240, 2, Reaver_Lebanezer_(Raid)
P 385.992, -1503.137, 33.1280, 0, 0, 0, 2, Sister_Donna
P 248.138, -205.537, 8.4532, 0, 0, 0, 2, Sheldon
P -946.083, -1601.207, 40.1053, 0, 0, 0, 2, Shearon
P -1359.796, -801.088, 14.2552, 0, 0, 0, 2, Paul
P -1864.901, 369.418, 1.2206, 0, 0, 0, 2, Elder_Scout_Tuluria
P -521.784, -237.523, -29.5834, 0, 0, 0, 2, Dabble_Splinewinder
P -1055.21, -147.561, -81.1509, 0, 0, 0, 2, Cavalier_Devolah
P -655.021, -2562.161, 6.4564, 0, 0, 0, 2, Castell_Cloudskate
P 83.378, -1235.052, 36.4449, 0, 0, 0, 2, Stefani
P -323.642, -799.164, 77.4604, 0, 0, 0, 2, Amber
P -2220.752, 220.931, 3.4821, 0, 0, 0, 2, Aimilia
P -2133.541, -92.474, -0.8584, 0, 0, 0, 2, Aramus_the_Elder
P -62.422, -1096.53, 54.4515, 0, 0, 0, 2, Scout_Leader_Aldin
P -2008.555, 111.137, 1.3343, 0, 0, 0, 2, Snowflower
P -1962.936, 185.019, 3.1068, 0, 0, 0, 2, Felwin
P -1890.844, 526.293, 4.5511, 0, 0, 0, 2, Della
P -2111.71, 494.437, 4.0220, 0, 0, 0, 2, Belreg
P -1908.504, -1597.868, 82.3395, 0, 0, 0, 2, Arak_Bladesoar
P -2232.104, -2.775, 3.8060, 0, 0, 0, 2, Loaris
P 296.127, -1604.904, 31.0953, 127, 64, 0, 2, Hester_Valance_(Hunter)
P 612.406, -1624.324, 32.8052, 0, 0, 0, 2, Fendel
P -1998.476, -663.28, 4.1135, 0, 0, 0, 2, Scorn_(Avatar_of_Erollisi)
P 329.332, -1613.898, 31.3157, 0, 0, 0, 2, Captain_Jensen
P 636.14, -604.232, 49.1366, 0, 0, 0, 2, Addle
P 322.936, -1361.244, 28.8861, 0, 0, 0, 2, Old_Scheffer
P -2000, 127, 0.0000, 0, 0, 0, 1, Cart-2
P -2115, -623, 0.0000, 0, 0, 0, 1, Cart-4
P -1700, -1333, 0.0000, 0, 0, 0, 1, Cart-6
P -355, -603, 0.0000, 0, 0, 0, 1, Cart-7
P -130, -2888, 0.0000, 0, 0, 0, 1, Cart-9
P -1725, -2548, 0.0000, 0, 0, 0, 1, Cart-10
P -1999.281, -623.034, 2.7062, 0, 0, 240, 1, GS:_Gyrospire_Beza_Gyroscope_217`030`283
P 1471.47, 107.974, -647.0461, 0, 0, 0, 1, Power_of_Decay_II
P 1430.382, 655.333, -646.9681, 0, 0, 0, 1, Power_of_Decay_I
P 612.82, -1618.59, 26.2253, 0, 127, 0, 2, `Shifty`_Jenkins_(Bar)
P 493.948, -1666.44, 26.2334, 0, 127, 0, 2, a_vendor_(Bar)
P -698.884, -86.028, -89.7378, 0, 0, 0, 2, a_sorrowful_elf
P -515.336, 51.211, -110.3243, 0, 0, 0, 2, a_weeping_elf
P -467.82, 93.765, -110.3243, 0, 0, 0, 2, Bimbalicous_the_Soulbleeder
P -631.901, 158.569, -81.6799, 0, 0, 0, 2, an_elderly_elf
P -757.088, -2672.591, 52.0098, 240, 240, 0, 2, Altar
P -757.722, 368.107, -71.0499, 127, 64, 0, 2, Ancestral_Deathguard_(Hunter)
P 928.602, -926.791, 57.4260, 127, 64, 0, 2, Blinking_Spirit_(Hunter,Roam,HS)
P 1620.42, -82.934, -654.8516, 127, 64, 0, 2, Cadaverous_Bloom_(Hunter)
P 1694.189, 133.151, -672.6176, 127, 64, 0, 2, Cadaverous_Bloom_(Hunter)
P -2188.165, -1421.102, 78.6939, 127, 64, 0, 2, Ebontail_(Hunter)
P -1423.027, -701.967, 19.6015, 127, 64, 0, 2, Erollisi`s_Spite_(Hunter)
P -971.724, 20.267, -70.9024, 127, 64, 0, 2, Festerclaw_(Hunter)
P -1825.851, 524.425, 5.3552, 127, 64, 0, 2, Lian_Swiftstalker_(Hunter)
P 178.986, -1007.658, 33.9305, 127, 64, 0, 2, Silius_the_Gaffe_(Hunter)
P -1691.46, -1257.311, 86.9334, 127, 64, 0, 2, The_Collector_(Hunter)
P 1229.732, 584.947, -675.5005, 127, 64, 0, 2, The_Rot_(Hunter)
P -1604.417, -675.064, 12.1246, 127, 64, 0, 2, Thornheart_(Hunter)
P -1886.78, -17.885, 1.8264, 127, 64, 0, 2, Lian_Swiftstalker_(Hunter)
P 480.583, -1456.969, 27.5230, 127, 64, 0, 2, Sillius_the_Gaffe_(Hunter)
P -2156.02, 11.17, 3.7851, 127, 64, 0, 2, Kaestille_Pureheart_(Hunter)
P -756.778, 93.222, -70.1777, 127, 64, 0, 2, Ancestral_Deathguard_(Hunter)
P -687.394, 306.198, -89.7690, 127, 64, 0, 2, Festerclaw_(Hunter)
