P -3111.344, 1638.053, -126.0000, 255, 0, 0, 3, to_Paludal_Caverns
P 2444.656, -3325.947, 262.0000, 255, 0, 0, 3, to_Grimling_Forest
P -3325.344, -1154.947, 108.0000, 255, 0, 0, 3, to_Shar_Vahl
P -2503.344, -1240.947, 0.0000, 255, 0, 0, 2, Succor
P -2007.344, -1094.947, 24.0000, 0, 128, 0, 2, Kerr_(Armor)
P -2011.344, -1140.947, 24.0000, 0, 128, 0, 2, Tolah_(Weapons)
P -2118.344, -1069.947, 24.0000, 0, 128, 0, 2, Rittuh_(Merchant)
P -2076.344, -1062.947, 24.0000, 0, 128, 0, 2, Tokk_(Merchant)
P -2612.344, 1100.053, -122.0000, 0, 0, 0, 2, Gamali
P -2027.344, 1409.053, -122.0000, 0, 0, 240, 1, GS:_Black_Silt_Clay
P -1127.344, -1931.947, 153.0000, 0, 0, 0, 2, Brysta_Ducorran
P -1314.344, 1307.053, -99.0000, 0, 0, 240, 1, GS:_Hollow_palm_Roots
P -1144.344, 1221.053, -120.0000, 0, 0, 240, 1, GS:_Hollow_palm_Roots
P -1800.344, 1073.053, -123.0000, 0, 0, 240, 1, GS:_Black_Silt_Clay
P -2055.344, 1276.053, -113.0000, 0, 0, 240, 1, GS:_Hollow_palm_Root
P -1014.344, 932.053, -115.0000, 0, 0, 240, 1, GS:_Hollow_palm_Roots
P -462.344, 1137.053, -110.0000, 0, 0, 240, 1, GS:_Black_Silt_Clay
P -69.344, 993.053, -123.0000, 0, 0, 240, 1, GS:_Black_Silt_Clay
P -1551.344, -536.947, 34.0000, 127, 64, 0, 2, Gorehorn_(Hunter
P -2011.344, -1140.947, 26.0000, 127, 64, 0, 2, Prince_Garzemort_(Hunter)
P -2078.344, -3039.947, 158.0000, 127, 64, 0, 2, Skrietat`Cha_(Hunter)
P -2077.344, -3531.947, 152.0000, 127, 64, 0, 2, Skrietat`Chu_(Hunter)
P 2884.656, -450.947, 54.0000, 127, 64, 0, 2, Ghowlik_(Hunter)
P 1352.656, -874.947, 98.0000, 127, 64, 0, 2, Curfang_(Hunter
P -2074.344, -3532.947, 153.0000, 127, 64, 0, 2, Dreadmaw_Wolfkin_(Hunter)
P -2078.344, -3043.947, 158.0000, 127, 64, 0, 2, Fireclaw_Wolfkin_(Hunter)
P 1607.656, -691.947, 38.0000, 127, 64, 0, 2, Gamtoine_Cursmakk_(Hunter
P -2074.344, -3042.947, 157.0000, 127, 64, 0, 2, Gleeknot_Gnitrat_(Hunter)
P -2074.344, -3533.947, 162.0000, 127, 64, 0, 2, Gniktar_Grinwit_(Hunter)
P 2883.656, -454.947, 53.0000, 127, 64, 0, 2, Grurn_No_Eyes_(Hunter)
P 2886.656, -451.947, 53.0000, 127, 64, 0, 2, Skriat`Chee_(Hunter)
P 1381.656, -757.947, 142.0000, 127, 64, 0, 2, Skriat`Chet_(Hunter)
P -534.344, -2075.947, 110.0000, 127, 64, 0, 2, Prince_Skriatat_(Hunter)
P -2041.344, -1149.947, 27.0000, 127, 64, 0, 2, Skriat`Chakku_(Hunter)
P -236.344, -976.947, 35.0000, 127, 64, 0, 2, Warpaw_Dankpelt_(Hunter
P 59.656, -1345.947, 94.0000, 127, 64, 0, 2, Wiknak_Grimglom_(Hunter
P -2027.344, -1108.947, 26.0000, 127, 64, 0, 2, Gnarlick_(Hunter
P -2265.344, -50.947, 57.0000, 127, 64, 0, 2, Dirtchomp_(Hunter
P -3066.344, 1833.053, -130.0000, 0, 0, 0, 2, Sellenna_Helmark
P 2387.656, -3007.947, 264.0000, 0, 0, 0, 2, Lezeara_Veristar
P 2312.656, -2997.947, 264.0000, 0, 0, 0, 2, Ahom_Guzhin
P -205.344, -1468.947, 101.0000, 0, 0, 240, 1, GS:_Porous_Ore
P -1490.908, 619.891, -121.5860, 0, 0, 0, 2, Alladnu_Araihse
