P -1471.365, 1222.013, 15.4106, 255, 0, 0, 3, to_The_Feerott
P -1044.586, -2518.331, 11.4545, 255, 0, 0, 3, to_South_Desert_of_Ro
P 1231.486, 25.079, 24.4662, 255, 0, 0, 3, to_The_City_of_Guk
P 1243.239, 2410.581, -4.2822, 255, 0, 0, 3, to_Grobb
P 468.311, 463.626, 3.8429, 255, 0, 0, 3, to_The_Plane_of_Knowledge_(Click_Book)
P 1136.5, 1796, 15.8750, 255, 0, 0, 2, Succor
P -465.83, -920.918, 15.8916, 255, 255, 0, 2, LDON_Instance_(Hollow_Log)
P -245.356, 531.264, 3.7081, 240, 240, 240, 2, Swamp_Boat
P -425.78, 347.889, -7.9350, 240, 240, 240, 2, Giant_Hand
P 643.533, -1580.419, 1.3893, 255, 255, 255, 2, Sunken_Ferry
P 666.327, -1661.488, 30.8704, 255, 255, 255, 2, Undead_Tower
P 797.854, -692.98, 0.9091, 255, 255, 255, 2, Troll_Raiders
P 779.69, 539.694, 0.9869, 0, 0, 240, 1, GS_(Vial_of_Swamp_Water)
P -975.705, 2170.936, 20.0154, 0, 0, 0, 2, Dark_Deathsinger
P -655.622, 1402.008, 1.6802, 0, 0, 0, 2, Brenengro_Farshore
P -638.692, 1397.315, 2.0109, 0, 0, 0, 2, Clorka_Swampera
P 758.302, 2114.791, 0.8822, 0, 0, 0, 2, Basher_Sklama
P 837.293, 2196.538, -0.3326, 0, 0, 0, 2, Basher_Dreg
P 865.007, 2181.496, -1.1944, 0, 0, 0, 2, Zimbittle
P 1042.278, 2188.033, -1.1743, 0, 0, 0, 2, Basher_Smag
P 1047.962, 2156.127, -1.1743, 0, 0, 0, 2, Basher_Trak
P 347.271, -861.897, 21.4316, 0, 0, 0, 2, Clork
P 351.645, -856.069, 22.0758, 0, 0, 0, 2, Stragak
P 356.01, -851.657, 24.7105, 0, 0, 0, 2, Sithgok
P 361.433, -848.992, 25.8919, 0, 0, 0, 2, Murak
P 134.217, -2018.866, 14.4388, 0, 0, 0, 2, Kippidora_Landhopper
P 1070.295, -490.296, 1.5657, 0, 0, 0, 2, Selgoon_Swampskimmer
P -1008.11, 943.552, 20.3924, 0, 0, 0, 2, Zazbaba_Helsoth
P -419.787, 343.174, 10.5740, 0, 0, 0, 2, Igok
P -526.533, 1459.549, 1.1205, 0, 0, 0, 2, Deblik_Grumblok

