P 1007.343, -2233.465, 23.0000, 255, 0, 0, 3, to_Neriak_-_Foreign_Quarter
P -1264.657, 556.535, -20.0000, 255, 0, 0, 3, to_Corathus_Creep
P 451.343, 1802.535, 0.0000, 255, 0, 0, 3, to_The_Commonlands
P -737.782, -2711.34, 36.5690, 240, 0, 0, 3, to_Lavastorm_Mountains
P 857.343, 373.535, 3.0000, 255, 0, 0, 3, to_The_Plane_of_Knowledge_(Click_Book)
P -814.657, -478.465, 6.0000, 240, 240, 240, 2, Druid_Ring
P -228.657, 475.535, 19.7617, 255, 0, 0, 2, Succor
P -1185.657, 1471.535, 29.0000, 255, 255, 0, 2, Instance
P -957.849, 1232.734, 4.4179, 240, 240, 240, 2, South_Orc_Camp
P 899.343, 1477.535, 42.0000, 255, 255, 255, 2, Pillar
P 396.343, 82.535, -1.0000, 255, 255, 255, 2, Small_Orc_camp
P 719.343, -380.465, 38.0000, 255, 255, 255, 2, Broken_Wizard_Spire
P -505.657, 6.535, 0.0000, 255, 255, 255, 2, Orc_camp
P -626.657, -1010.465, 91.0000, 255, 255, 255, 2, Scout_hill
P -930.774, -1156.392, 98.2260, 0, 0, 0, 2, Disciple_of_Rodcet
P -574.657, -1482.465, 0.0000, 255, 255, 255, 2, Halflings
P -639.657, 1124.535, 0.0000, 255, 255, 255, 2, Shadowmen
P 480.343, -284.465, 0.0000, 255, 255, 255, 2, Orcs
P 948.343, -1040.465, 0.0000, 255, 255, 255, 2, Arcane
P 739.343, -958.465, 0.0000, 255, 255, 255, 2, Undead
P 62.343, -1300.465, 11.0000, 255, 255, 255, 2, Newbie_Log
P -731.657, 466.535, 31.0000, 0, 128, 128, 2, a_Crushbone_thaumaturge_(Mission)
P 995.343, -628.465, 33.0000, 0, 0, 0, 2, First_Fragment_of_Igok
P -1026.657, 672.535, 52.0000, 255, 255, 0, 1, 1
P 893.343, 1477.535, 43.0000, 255, 255, 0, 1, 2
P -19.657, 756.535, 1.0000, 255, 255, 0, 1, 3
P -1045.657, 62.535, 88.0000, 255, 255, 0, 1, 4
P -526.657, -1321.465, 11.0000, 255, 255, 0, 1, 5
P 534.343, 451.535, 83.0000, 255, 255, 0, 1, 6
P 744.343, -453.465, 5.0000, 255, 255, 0, 1, 7
P 72.343, -1292.465, 12.0000, 255, 255, 0, 1, 8
P -684.657, -2116.465, 9.0000, 255, 255, 0, 1, 9
P -963.298, -2342.355, 19.0207, 0, 0, 0, 2, Hetha_V`Syph
P -980.694, -2337.532, 19.5565, 0, 0, 0, 2, Slarin_K`Vekn
P 10.288, -37.124, 42.5609, 0, 0, 0, 2, Kamidra_Voragone
P -345.293, -1314.471, 18.7718, 0, 0, 0, 2, Leatherfoot_Corporal
P -383.232, -1375.178, 16.5160, 0, 0, 0, 2, Begat_Neyat
P 707.172, -2173.292, 11.2930, 0, 0, 0, 2, Glob
P 670.27, -2416.885, 41.0108, 0, 0, 0, 2, Petra_Grenal_(a_distorted_soul)
P 817.1, -2496.731, 28.7667, 0, 0, 0, 2, Lorna_Sheecot_(a_distorted_soul)
P 866.826, -2416.585, 24.9236, 0, 0, 0, 2, Vol_T`Vke
P -366.041, -961.278, 34.1510, 0, 0, 0, 2, Droogo_Gron
P -656.75, -476.366, 1.5772, 0, 0, 0, 2, Initiate_Rambel_(Roam)
P -869.996, -555.109, 8.4060, 0, 0, 0, 2, Quester_Hannin_(Roam)
P -982.198, -313.013, 14.5923, 0, 0, 0, 2, Neophyte_Hazel_(Roam)
P -833.784, -444.407, 7.7666, 0, 0, 0, 2, Initiate_Pool_(Roam)
P -824.657, -561.032, 7.7663, 0, 0, 0, 2, Initiate_Umbra_(Roam)
P -903.265, -623.279, 27.6997, 0, 0, 0, 2, Neophyte_Edel_(Roam)
P 181.292, 599.271, 7.6520, 0, 0, 0, 2, Farand_Sliver
P 265.088, 699.778, 5.7149, 0, 0, 0, 2, Venenzi_Oberzendi
P 565.907, -2538.112, 20.3994, 0, 0, 0, 2, Saldis_Oro_(a_distorted_Soul)
P -520.376, -1325.928, 11.9986, 0, 0, 0, 2, Leatherfoot_Captain
P -1099.603, 685.029, 38.2614, 0, 0, 0, 2, Himmel
P -1035.354, 651.928, 48.3464, 0, 0, 0, 2, Jossle
P -1019.624, 708.363, 49.2080, 0, 0, 0, 2, Gollee
P -978.63, 626.717, 42.2420, 0, 0, 0, 2, Mardoon
P -995.348, 566.907, 41.7862, 0, 0, 0, 2, Rauner
P 767.527, -1875.057, 15.5311, 0, 0, 0, 2, Kirak_Vil
P 244.503, 904.015, 25.3488, 0, 0, 0, 2, Blugurg
P 207.712, 1481.909, 4.0305, 0, 0, 0, 2, Brizzawn_Villifar
P 970.592, 1039.994, 60.9180, 0, 0, 0, 2, Coldwind_Blackfoot
P 278.343, 1529.535, 11.0000, 127, 64, 0, 2, Travis_Two_Tone_(Hunter)
P -585.117, 1028.003, 64.9341, 0, 127, 127, 2, a_dark_spirit_of_Nektulos_(Mission,Roam)
P 825.779, -1325.106, 12.1418, 0, 0, 240, 1, GS:_Dreadful_Pumpkin_(Nights_of_the_Dead)
