L 2517.71, 67.725, -38.0000, 2745.71, 142.725, 120.0000, 139, 69, 19
L 2743.71, 160.725, 118.0000, 2520.71, 91.725, -36.0000, 139, 69, 19
L 2737.71, 151.725, 114.0000, 2743.71, 160.725, 118.0000, 139, 69, 19
L 2742.71, 144.725, 119.0000, 2737.71, 151.725, 114.0000, 139, 69, 19
L 2745.71, 142.725, 120.0000, 2742.71, 144.725, 119.0000, 139, 69, 19
L 2749.71, 144.725, 121.0000, 2745.71, 142.725, 120.0000, 139, 69, 19
L 2753.71, 151.725, 122.0000, 2749.71, 144.725, 121.0000, 139, 69, 19
L 2751.71, 156.725, 122.0000, 2753.71, 151.725, 122.0000, 139, 69, 19
L 2743.71, 160.725, 119.0000, 2751.71, 156.725, 122.0000, 139, 69, 19
L 2504.71, 74.725, -38.0000, 2507.71, 88.725, -38.0000, 139, 69, 19
L 2509.71, 68.725, -38.0000, 2504.71, 74.725, -38.0000, 139, 69, 19
L 2517.71, 67.725, -38.0000, 2509.71, 68.725, -38.0000, 139, 69, 19
L 2527.71, 76.725, -37.0000, 2517.71, 67.725, -38.0000, 139, 69, 19
L 2526.71, 83.725, -37.0000, 2527.71, 76.725, -37.0000, 139, 69, 19
L 2520.71, 91.725, -36.0000, 2526.71, 83.725, -37.0000, 139, 69, 19
L 2507.71, 88.725, -38.0000, 2520.71, 91.725, -36.0000, 139, 69, 19
L 2743.71, 229.725, 121.0000, 2523.71, 294.725, -38.0000, 139, 69, 19
L 2736.71, 220.725, 116.0000, 2739.71, 216.725, 116.0000, 139, 69, 19
L 2739.71, 228.725, 118.0000, 2736.71, 220.725, 116.0000, 139, 69, 19
L 2743.71, 229.725, 121.0000, 2739.71, 228.725, 118.0000, 139, 69, 19
L 2750.71, 227.725, 122.0000, 2743.71, 229.725, 121.0000, 139, 69, 19
L 2752.71, 221.725, 123.0000, 2750.71, 227.725, 122.0000, 139, 69, 19
L 2751.71, 216.725, 123.0000, 2752.71, 221.725, 123.0000, 139, 69, 19
L 2746.71, 214.725, 120.0000, 2751.71, 216.725, 123.0000, 139, 69, 19
L 2511.71, 277.725, -38.0000, 2739.71, 216.725, 116.0000, 139, 69, 19
L 2525.71, 288.725, -37.0000, 2520.71, 278.725, -38.0000, 139, 69, 19
L 2523.71, 294.725, -38.0000, 2525.71, 288.725, -37.0000, 139, 69, 19
L 2515.71, 299.725, -38.0000, 2523.71, 294.725, -38.0000, 139, 69, 19
L 2507.71, 297.725, -39.0000, 2515.71, 299.725, -38.0000, 139, 69, 19
L 2502.71, 292.725, -39.0000, 2507.71, 297.725, -39.0000, 139, 69, 19
L 2504.71, 282.725, -39.0000, 2502.71, 292.725, -39.0000, 139, 69, 19
L 2511.71, 277.725, -38.0000, 2504.71, 282.725, -39.0000, 139, 69, 19
L 2520.71, 278.725, -38.0000, 2511.71, 277.725, -38.0000, 139, 69, 19
L 2552.71, 208.725, -37.0000, 2553.71, 159.725, -37.0000, 150, 100, 0
L 2553.71, 160.725, -37.0000, 2873.71, 161.725, -36.0000, 139, 69, 19
L 2873.71, 211.725, -36.0000, 2552.71, 208.725, -37.0000, 139, 69, 19
L 2873.71, 161.725, -36.0000, 2873.71, 211.725, -36.0000, 199, 21, 133
L 1245.71, 2978.725, -10.0000, 1253.71, 2975.725, -10.0000, 0, 0, 0
L 1248.71, 2986.725, -10.0000, 1245.71, 2978.725, -10.0000, 0, 0, 0
L 1256.71, 2984.725, -10.0000, 1248.71, 2986.725, -10.0000, 0, 0, 0
L 1253.71, 2975.725, -10.0000, 1256.71, 2984.725, -10.0000, 0, 0, 0
L 1271.71, 2979.725, -10.0000, 1269.71, 2971.725, -10.0000, 0, 0, 0
L 1263.71, 2982.725, -10.0000, 1271.71, 2979.725, -10.0000, 0, 0, 0
L 1260.71, 2973.725, -10.0000, 1263.71, 2982.725, -10.0000, 0, 0, 0
L 1269.71, 2971.725, -10.0000, 1260.71, 2973.725, -10.0000, 0, 0, 0
L 1287.71, 2945.725, -10.0000, 1284.71, 2937.725, -10.0000, 0, 0, 0
L 1279.71, 2947.725, -10.0000, 1287.71, 2945.725, -10.0000, 0, 0, 0
L 1276.71, 2939.725, -10.0000, 1279.71, 2947.725, -10.0000, 0, 0, 0
L 1284.71, 2937.725, -10.0000, 1276.71, 2939.725, -10.0000, 0, 0, 0
L 1274.71, 2932.725, -10.0000, 1272.71, 2924.725, -10.0000, 0, 0, 0
L 1282.71, 2930.725, -10.0000, 1274.71, 2932.725, -10.0000, 0, 0, 0
L 1280.71, 2921.725, -10.0000, 1282.71, 2930.725, -10.0000, 0, 0, 0
L 1272.71, 2924.725, -10.0000, 1280.71, 2921.725, -10.0000, 0, 0, 0
L 1244.71, 2912.725, -10.0000, 1242.71, 2903.725, -10.0000, 0, 0, 0
L 1252.71, 2909.725, -10.0000, 1244.71, 2912.725, -10.0000, 0, 0, 0
L 1250.71, 2901.725, -10.0000, 1252.71, 2909.725, -10.0000, 0, 0, 0
L 1242.71, 2903.725, -10.0000, 1250.71, 2901.725, -10.0000, 0, 0, 0
L 1229.71, 2916.725, -10.0000, 1226.71, 2908.725, -10.0000, 0, 0, 0
L 1237.71, 2914.725, -10.0000, 1229.71, 2916.725, -10.0000, 0, 0, 0
L 1235.71, 2905.725, -10.0000, 1237.71, 2914.725, -10.0000, 0, 0, 0
L 1226.71, 2908.725, -10.0000, 1235.71, 2905.725, -10.0000, 0, 0, 0
L 1207.71, 2950.725, -10.0000, 1216.71, 2948.725, -10.0000, 0, 0, 0
L 1205.71, 2942.725, -10.0000, 1207.71, 2950.725, -10.0000, 0, 0, 0
L 1213.71, 2939.725, -10.0000, 1205.71, 2942.725, -10.0000, 0, 0, 0
L 1216.71, 2948.725, -10.0000, 1213.71, 2939.725, -10.0000, 0, 0, 0
L 1209.71, 2957.725, -10.0000, 1218.71, 2955.725, -10.0000, 0, 0, 0
L 1212.71, 2965.725, -10.0000, 1209.71, 2957.725, -10.0000, 0, 0, 0
L 1220.71, 2963.725, -10.0000, 1212.71, 2965.725, -10.0000, 0, 0, 0
L 1218.71, 2955.725, -10.0000, 1220.71, 2963.725, -10.0000, 0, 0, 0
L 1243.71, 2955.725, -10.0000, 1259.71, 2950.725, -10.0000, 0, 0, 0
L 1238.71, 2938.725, -10.0000, 1243.71, 2955.725, -10.0000, 0, 0, 0
L 1254.71, 2933.725, -10.0000, 1238.71, 2938.725, -10.0000, 0, 0, 0
L 1259.71, 2950.725, -10.0000, 1254.71, 2933.725, -10.0000, 0, 0, 0
L -386.29, 1422.725, 64.0000, -386.29, 1441.725, 64.0000, 0, 0, 0
L -330.29, 1426.725, 64.0000, -326.29, 1426.725, 63.0000, 0, 0, 0
L -330.29, 1423.725, 64.0000, -330.29, 1426.725, 64.0000, 0, 0, 0
L -345.29, 1414.725, 64.0000, -330.29, 1423.725, 64.0000, 0, 0, 0
L -361.29, 1423.725, 64.0000, -345.29, 1414.725, 64.0000, 0, 0, 0
L -361.29, 1428.725, 64.0000, -361.29, 1423.725, 64.0000, 0, 0, 0
L -365.29, 1428.725, 65.0000, -361.29, 1428.725, 64.0000, 0, 0, 0
L -365.29, 1424.725, 65.0000, -365.29, 1428.725, 65.0000, 0, 0, 0
L -384.29, 1424.725, 65.0000, -365.29, 1424.725, 65.0000, 0, 0, 0
L -384.29, 1439.725, 65.0000, -384.29, 1424.725, 65.0000, 0, 0, 0
L -365.29, 1439.725, 65.0000, -384.29, 1439.725, 65.0000, 0, 0, 0
L -365.29, 1436.725, 65.0000, -365.29, 1439.725, 65.0000, 0, 0, 0
L -361.29, 1436.725, 64.0000, -365.29, 1436.725, 65.0000, 0, 0, 0
L -361.29, 1441.725, 64.0000, -361.29, 1436.725, 64.0000, 0, 0, 0
L -346.29, 1450.725, 64.0000, -361.29, 1441.725, 64.0000, 0, 0, 0
L -330.29, 1441.725, 64.0000, -346.29, 1450.725, 64.0000, 0, 0, 0
L -330.29, 1438.725, 64.0000, -330.29, 1441.725, 64.0000, 0, 0, 0
L -327.29, 1439.725, 63.0000, -330.29, 1438.725, 64.0000, 0, 0, 0
L -327.29, 1443.725, 63.0000, -327.29, 1439.725, 63.0000, 0, 0, 0
L -326.29, 1422.725, 63.0000, -326.29, 1426.725, 63.0000, 0, 0, 0
L -345.29, 1410.725, 63.0000, -326.29, 1422.725, 63.0000, 0, 0, 0
L -364.29, 1420.725, 64.0000, -345.29, 1410.725, 63.0000, 0, 0, 0
L -365.29, 1422.725, 64.0000, -364.29, 1420.725, 64.0000, 0, 0, 0
L -386.29, 1422.725, 64.0000, -365.29, 1422.725, 64.0000, 0, 0, 0
L -365.29, 1441.725, 64.0000, -386.29, 1441.725, 64.0000, 0, 0, 0
L -364.29, 1443.725, 64.0000, -365.29, 1441.725, 64.0000, 0, 0, 0
L -346.29, 1454.725, 64.0000, -364.29, 1443.725, 64.0000, 0, 0, 0
L -327.29, 1443.725, 63.0000, -346.29, 1454.725, 64.0000, 0, 0, 0
L -1396.29, 4700.725, -30.0000, -1396.29, 4409.725, -33.0000, 139, 69, 19
L 2359.71, -1297.275, 22.0000, -3369.29, -1300.275, 234.0000, 0, 0, 0
L 2726.71, -1300.275, -65.0000, 2359.71, -1297.275, 22.0000, 0, 0, 0
L 2722.71, -946.275, -65.0000, 2726.71, -1300.275, -65.0000, 0, 0, 255
L 2727.71, -597.275, -63.0000, 2722.71, -946.275, -65.0000, 0, 0, 255
L 2619.71, -371.275, -65.0000, 2727.71, -597.275, -63.0000, 0, 0, 255
L 2615.71, -332.275, -65.0000, 2619.71, -371.275, -65.0000, 0, 0, 255
L 2671.71, -91.275, -64.0000, 2615.71, -332.275, -65.0000, 0, 0, 255
L 2667.71, 338.725, -64.0000, 2671.71, -91.275, -64.0000, 0, 0, 255
L 2427.71, 654.725, -64.0000, 2667.71, 338.725, -64.0000, 0, 0, 255
L 2437.71, 792.725, -64.0000, 2427.71, 654.725, -64.0000, 0, 0, 255
L 2561.71, 800.725, -64.0000, 2437.71, 792.725, -64.0000, 0, 0, 255
L 2713.71, 830.725, -63.0000, 2561.71, 800.725, -64.0000, 0, 0, 255
L 2712.71, 1140.725, -65.0000, 2713.71, 830.725, -63.0000, 0, 0, 255
L 2724.71, 1297.725, -64.0000, 2712.71, 1140.725, -65.0000, 0, 0, 255
L 2565.71, 1437.725, -63.0000, 2724.71, 1297.725, -64.0000, 0, 0, 255
L 2413.71, 1596.725, -65.0000, 2565.71, 1437.725, -63.0000, 0, 0, 255
L 2417.71, 1755.725, -64.0000, 2413.71, 1596.725, -65.0000, 0, 0, 255
L 2564.71, 1923.725, -64.0000, 2417.71, 1755.725, -64.0000, 0, 0, 255
L 2553.71, 2192.725, -65.0000, 2564.71, 1923.725, -64.0000, 0, 0, 255
L 2606.71, 2492.725, -64.0000, 2553.71, 2192.725, -65.0000, 0, 0, 255
L 2597.71, 2818.725, -65.0000, 2606.71, 2492.725, -64.0000, 0, 0, 255
L 2561.71, 2848.725, -64.0000, 2597.71, 2818.725, -65.0000, 0, 0, 255
L 2405.71, 3120.725, -63.0000, 2561.71, 2848.725, -64.0000, 0, 0, 255
L 2402.71, 3407.725, -64.0000, 2405.71, 3120.725, -63.0000, 0, 0, 255
L 2392.71, 3571.725, -64.0000, 2402.71, 3407.725, -64.0000, 0, 0, 255
L 2384.71, 3757.725, -64.0000, 2392.71, 3571.725, -64.0000, 0, 0, 255
L 2081.71, 4058.725, -63.0000, 2384.71, 3757.725, -64.0000, 0, 0, 255
L 2074.71, 4204.725, -63.0000, 2081.71, 4058.725, -63.0000, 0, 0, 255
L 1932.71, 4432.725, -65.0000, 2074.71, 4204.725, -63.0000, 0, 0, 255
L 1766.71, 4444.725, -64.0000, 1932.71, 4432.725, -65.0000, 0, 0, 255
L 1663.71, 4220.725, -65.0000, 1766.71, 4444.725, -64.0000, 0, 0, 255
L 1658.71, 4174.725, -64.0000, 1663.71, 4220.725, -65.0000, 0, 0, 255
L 1554.71, 4196.725, -64.0000, 1658.71, 4174.725, -64.0000, 0, 0, 255
L 1276.71, 4453.725, -65.0000, 1554.71, 4196.725, -64.0000, 0, 0, 255
L 1130.71, 4447.725, -64.0000, 1276.71, 4453.725, -65.0000, 0, 0, 255
L 976.71, 4249.725, -64.0000, 1130.71, 4447.725, -64.0000, 0, 0, 255
L 940.71, 4231.725, -64.0000, 976.71, 4249.725, -64.0000, 0, 0, 255
L 645.71, 4410.725, -63.0000, 940.71, 4231.725, -64.0000, 0, 0, 255
L 493.71, 4447.725, -63.0000, 645.71, 4410.725, -63.0000, 0, 0, 255
L 326.71, 4448.725, -63.0000, 493.71, 4447.725, -63.0000, 0, 0, 255
L 197.71, 4397.725, -64.0000, 326.71, 4448.725, -63.0000, 0, 0, 255
L 50.71, 4182.725, -62.0000, 197.71, 4397.725, -64.0000, 0, 0, 255
L 11.71, 4178.725, -64.0000, 50.71, 4182.725, -62.0000, 0, 0, 255
L -103.29, 4194.725, -63.0000, 11.71, 4178.725, -64.0000, 0, 0, 255
L -314.29, 4324.725, -64.0000, -103.29, 4194.725, -63.0000, 0, 0, 255
L -398.29, 4331.725, -65.0000, -314.29, 4324.725, -64.0000, 0, 0, 255
L -510.29, 4202.725, -65.0000, -398.29, 4331.725, -65.0000, 0, 0, 255
L -576.29, 4175.725, -65.0000, -510.29, 4202.725, -65.0000, 0, 0, 255
L -624.29, 4169.725, -62.0000, -576.29, 4175.725, -65.0000, 0, 0, 255
L -674.29, 4196.725, -65.0000, -624.29, 4169.725, -62.0000, 0, 0, 255
L -953.29, 4487.725, -64.0000, -674.29, 4196.725, -65.0000, 0, 0, 255
L -1128.29, 4493.725, -65.0000, -953.29, 4487.725, -64.0000, 0, 0, 255
L -1270.29, 4436.725, -65.0000, -1128.29, 4493.725, -65.0000, 0, 0, 255
L -1594.29, 4400.725, -65.0000, -1270.29, 4436.725, -65.0000, 0, 0, 255
L -1717.29, 4401.725, -65.0000, -1594.29, 4400.725, -65.0000, 0, 0, 255
L -1856.29, 4177.725, -65.0000, -1717.29, 4401.725, -65.0000, 0, 0, 255
L -2246.29, 4180.725, -65.0000, -1856.29, 4177.725, -65.0000, 0, 0, 255
L -2288.29, 4200.725, -66.0000, -2246.29, 4180.725, -65.0000, 0, 0, 255
L -2552.29, 4350.725, -65.0000, -2288.29, 4200.725, -66.0000, 0, 0, 255
L -2711.29, 4440.725, -64.0000, -2552.29, 4350.725, -65.0000, 0, 0, 255
L -2852.29, 4442.725, -65.0000, -2711.29, 4440.725, -64.0000, 0, 0, 255
L -3032.29, 4495.725, -64.0000, -2852.29, 4442.725, -65.0000, 0, 0, 255
L -3168.29, 4329.725, -64.0000, -3032.29, 4495.725, -64.0000, 0, 0, 255
L -3228.29, 4297.725, -65.0000, -3168.29, 4329.725, -64.0000, 0, 0, 255
L -3371.29, 4376.725, -65.0000, -3228.29, 4297.725, -65.0000, 0, 0, 255
L -3369.29, -1300.275, 232.0000, -3371.29, 4376.725, -65.0000, 199, 21, 133
L -3367.29, -459.275, 0.0000, -2395.29, -469.275, -7.0000, 205, 133, 63
L -1981.29, 3.725, -7.0000, -2398.29, -426.275, -7.0000, 205, 133, 63
L -2398.29, -426.275, -7.0000, -3371.29, -414.275, 0.0000, 205, 133, 63
L -1981.29, 3.725, -7.0000, -1631.29, 339.725, -7.0000, 205, 133, 63
L -1631.29, 339.725, -7.0000, -1316.29, 652.725, -7.0000, 205, 133, 63
L -1316.29, 652.725, -7.0000, -1139.29, 830.725, -7.0000, 205, 133, 63
L -1139.29, 830.725, -7.0000, -160.29, 843.725, -7.0000, 205, 133, 63
L -160.29, 843.725, -7.0000, -71.29, 912.725, -7.0000, 205, 133, 63
L 18.71, 960.725, -7.0000, 184.71, 830.725, -7.0000, 205, 133, 63
L 184.71, 830.725, -7.0000, 200.71, 515.725, -7.0000, 205, 133, 63
L 200.71, 515.725, -7.0000, 523.71, 526.725, -7.0000, 205, 133, 63
L 523.71, 526.725, -7.0000, 826.71, 213.725, 1.0000, 205, 133, 63
L 826.71, 213.725, 1.0000, 2552.71, 208.725, -37.0000, 205, 133, 63
L 2553.71, 160.725, -37.0000, 778.71, 166.725, -7.0000, 205, 133, 63
L 778.71, 166.725, -7.0000, 471.71, 477.725, -7.0000, 205, 133, 63
L 471.71, 477.725, -7.0000, -1144.29, 479.725, -7.0000, 205, 133, 63
L -1144.29, 479.725, -7.0000, -1268.29, 606.725, -7.0000, 205, 133, 63
L -1268.29, 606.725, -7.0000, -2395.29, -469.275, -7.0000, 205, 133, 63
L -1217.29, 671.725, -7.0000, -1099.29, 525.725, -7.0000, 205, 133, 63
L -1099.29, 525.725, -7.0000, 138.71, 522.725, -7.0000, 205, 133, 63
L 138.71, 522.725, -7.0000, 128.71, 829.725, -7.0000, 205, 133, 63
L 128.71, 829.725, -7.0000, -2.29, 935.725, -7.0000, 205, 133, 63
L -2.29, 935.725, -7.0000, -151.29, 800.725, -7.0000, 205, 133, 63
L -151.29, 800.725, -7.0000, -1115.29, 783.725, -7.0000, 205, 133, 63
L -1115.29, 783.725, -7.0000, -1217.29, 671.725, -7.0000, 205, 133, 63
L 18.71, 960.725, -7.0000, 190.71, 1145.725, -7.0000, 205, 133, 63
L 190.71, 1145.725, -7.0000, 185.71, 1787.725, -7.0000, 205, 133, 63
L 185.71, 1787.725, -7.0000, -1396.29, 3290.725, 5.0000, 205, 133, 63
L -1396.29, 3290.725, 5.0000, -1408.29, 4187.725, -19.0000, 205, 133, 63
L -1408.29, 4187.725, -19.0000, -1460.29, 4185.725, -21.0000, 205, 133, 63
L -1460.29, 4185.725, -21.0000, -1454.29, 3254.725, -2.0000, 205, 133, 63
L -1454.29, 3254.725, -2.0000, 141.71, 1743.725, -7.0000, 205, 133, 63
L 141.71, 1743.725, -7.0000, 140.71, 1146.725, -7.0000, 205, 133, 63
L 140.71, 1146.725, -7.0000, -71.29, 912.725, -6.0000, 205, 133, 63
L -102.29, 775.725, -7.0000, -91.29, 803.725, -7.0000, 0, 0, 0
L -91.29, 803.725, -7.0000, -83.29, 802.725, -7.0000, 0, 0, 0
L -83.29, 802.725, -7.0000, -78.29, 810.725, -7.0000, 0, 0, 0
L -78.29, 810.725, -7.0000, -75.29, 809.725, -7.0000, 0, 0, 0
L -75.29, 809.725, -7.0000, -78.29, 799.725, -7.0000, 0, 0, 0
L -78.29, 799.725, -7.0000, -70.29, 796.725, -7.0000, 0, 0, 0
L -70.29, 796.725, -7.0000, -82.29, 768.725, -7.0000, 0, 0, 0
L -82.29, 768.725, -7.0000, -102.29, 775.725, -7.0000, 0, 0, 0
L -94.29, 908.725, -7.0000, -72.29, 881.725, -7.0000, 0, 0, 0
L -72.29, 881.725, -7.0000, -63.29, 886.725, -7.0000, 0, 0, 0
L -63.29, 886.725, -7.0000, -57.29, 881.725, -7.0000, 0, 0, 0
L -57.29, 881.725, -7.0000, -55.29, 882.725, -7.0000, 0, 0, 0
L -55.29, 882.725, -7.0000, -59.29, 890.725, -7.0000, 0, 0, 0
L -59.29, 890.725, -7.0000, -52.29, 894.725, -7.0000, 0, 0, 0
L -52.29, 894.725, -7.0000, -73.29, 921.725, -7.0000, 0, 0, 0
L -73.29, 921.725, -7.0000, -94.29, 908.725, -7.0000, 0, 0, 0
L -7.29, 816.725, -7.0000, -15.29, 810.725, -7.0000, 0, 0, 0
L -15.29, 810.725, -7.0000, 6.71, 786.725, -7.0000, 0, 0, 0
L 6.71, 786.725, -7.0000, 25.71, 801.725, -7.0000, 0, 0, 0
L 25.71, 801.725, -7.0000, 4.71, 826.725, -7.0000, 0, 0, 0
L 4.71, 826.725, -7.0000, -3.29, 820.725, -7.0000, 0, 0, 0
L -3.29, 820.725, -7.0000, -10.29, 826.725, -7.0000, 0, 0, 0
L -10.29, 826.725, -7.0000, -12.29, 825.725, -7.0000, 0, 0, 0
L -12.29, 825.725, -7.0000, -7.29, 816.725, -7.0000, 0, 0, 0
L -45.29, 833.725, -7.0000, -43.29, 827.725, -7.0000, 255, 0, 0
L -43.29, 827.725, -7.0000, -45.29, 820.725, -7.0000, 255, 0, 0
L -45.29, 820.725, -7.0000, -54.29, 820.725, -7.0000, 255, 0, 0
L -54.29, 820.725, -7.0000, -57.29, 828.725, -7.0000, 255, 0, 0
L -57.29, 828.725, -7.0000, -54.29, 834.725, -7.0000, 255, 0, 0
L -54.29, 834.725, -7.0000, -45.29, 833.725, -7.0000, 255, 0, 0
L -16.29, 806.725, -6.0000, -13.29, 762.725, -7.0000, 0, 0, 0
L -13.29, 762.725, -7.0000, -31.29, 759.725, -5.0000, 0, 0, 0
L -31.29, 759.725, -5.0000, -51.29, 761.725, -7.0000, 0, 0, 0
L -51.29, 761.725, -7.0000, -52.29, 804.725, -7.0000, 0, 0, 0
L -106.29, 839.725, -7.0000, -137.29, 857.725, -7.0000, 0, 0, 0
L -137.29, 857.725, -7.0000, -132.29, 873.725, -7.0000, 0, 0, 0
L -132.29, 873.725, -7.0000, -121.29, 888.725, -7.0000, 0, 0, 0
L -121.29, 888.725, -7.0000, -85.29, 870.725, -7.0000, 0, 0, 0
L -15.29, 923.725, -7.0000, -38.29, 886.725, -7.0000, 0, 0, 0
L -7.29, 866.725, -7.0000, 13.71, 900.725, -7.0000, 0, 0, 0
L 13.71, 900.725, -7.0000, -15.29, 923.725, -7.0000, 0, 0, 0
L -1377.29, 3835.725, -11.0000, -1296.29, 3835.725, -11.0000, 0, 0, 0
L -1296.29, 3835.725, -11.0000, -1296.29, 3754.725, -11.0000, 0, 0, 0
L -1296.29, 3754.725, -11.0000, -1377.29, 3754.725, -11.0000, 0, 0, 0
L -1377.29, 3754.725, -11.0000, -1377.29, 3835.725, -11.0000, 0, 0, 0
L -1377.29, 3930.725, -10.0000, -1377.29, 4011.725, -10.0000, 0, 0, 0
L -1377.29, 4011.725, -10.0000, -1297.29, 4011.725, -10.0000, 0, 0, 0
L -1297.29, 4011.725, -10.0000, -1296.29, 3930.725, -10.0000, 0, 0, 0
L -1296.29, 3930.725, -10.0000, -1377.29, 3930.725, -10.0000, 0, 0, 0
L -1485.29, 3930.725, -10.0000, -1566.29, 3930.725, -10.0000, 0, 0, 0
L -1566.29, 3930.725, -10.0000, -1566.29, 4011.725, -10.0000, 0, 0, 0
L -1566.29, 4011.725, -10.0000, -1485.29, 4011.725, -10.0000, 0, 0, 0
L -1485.29, 4011.725, -10.0000, -1485.29, 3930.725, -10.0000, 0, 0, 0
L -1484.29, 3835.725, -11.0000, -1484.29, 3754.725, -11.0000, 0, 0, 0
L -1484.29, 3754.725, -11.0000, -1565.29, 3754.725, -11.0000, 0, 0, 0
L -1565.29, 3754.725, -11.0000, -1565.29, 3835.725, -11.0000, 0, 0, 0
L -1565.29, 3835.725, -11.0000, -1484.29, 3835.725, -11.0000, 0, 0, 0
L -1415.29, 4330.725, 39.0000, -1396.29, 4330.725, 39.0000, 102, 255, 102
L -1396.29, 4330.725, 39.0000, -1396.29, 4340.725, 39.0000, 102, 255, 102
L -1396.29, 4400.725, 63.0000, -1466.29, 4400.725, 63.0000, 102, 255, 102
L -1466.29, 4400.725, 63.0000, -1466.29, 4330.725, 63.0000, 102, 255, 102
L -1466.29, 4330.725, 63.0000, -1396.29, 4330.725, 63.0000, 102, 255, 102
L -1396.29, 4330.725, 63.0000, -1396.29, 4391.725, 63.0000, 102, 255, 102
L -1406.29, 4391.725, 63.0000, -1406.29, 4385.725, 60.0000, 102, 255, 102
L -1405.29, 4340.725, 39.0000, -1406.29, 4340.725, 39.0000, 102, 255, 102
L -1406.29, 4340.725, 39.0000, -1406.29, 4346.725, 35.0000, 102, 255, 102
L -1468.29, 4409.725, -33.0000, -1469.29, 4700.725, -33.0000, 139, 69, 19
L 2726.71, -1300.275, -64.0000, 3014.71, -1300.275, -63.0000, 0, 0, 255
L -3371.29, 4376.725, -65.0000, -3383.29, 4386.725, -69.0000, 0, 0, 255
L -3383.29, 4386.725, -69.0000, -3383.29, 4388.725, -69.0000, 0, 0, 255
L -3383.29, 4388.725, -69.0000, -3382.29, 4427.725, -72.0000, 0, 0, 255
L -3382.29, 4427.725, -72.0000, -3382.29, 4429.725, -72.0000, 0, 0, 255
L -3382.29, 4429.725, -72.0000, -3382.29, 4468.725, -72.0000, 0, 0, 255
L -3382.29, 4468.725, -72.0000, -3382.29, 4470.725, -72.0000, 0, 0, 255
L -3382.29, 4470.725, -72.0000, -3381.29, 4498.725, -72.0000, 0, 0, 255
L -3381.29, 4498.725, -72.0000, -3381.29, 4500.725, -72.0000, 0, 0, 255
L -3381.29, 4500.725, -72.0000, -3380.29, 4505.725, -72.0000, 0, 0, 255
L -3380.29, 4505.725, -72.0000, -3380.29, 4507.725, -72.0000, 0, 0, 255
L -3380.29, 4507.725, -72.0000, -3380.29, 4512.725, -72.0000, 0, 0, 255
L -3380.29, 4512.725, -72.0000, -3380.29, 4514.725, -72.0000, 0, 0, 255
L -3380.29, 4514.725, -72.0000, -3379.29, 4519.725, -72.0000, 0, 0, 255
L -3379.29, 4519.725, -72.0000, -3379.29, 4521.725, -72.0000, 0, 0, 255
L -3379.29, 4521.725, -72.0000, -3378.29, 4526.725, -72.0000, 0, 0, 255
L -3378.29, 4526.725, -72.0000, -3378.29, 4528.725, -72.0000, 0, 0, 255
L -3378.29, 4528.725, -72.0000, -3378.29, 4533.725, -72.0000, 0, 0, 255
L -3378.29, 4533.725, -72.0000, -3378.29, 4535.725, -72.0000, 0, 0, 255
L -3378.29, 4535.725, -72.0000, -3377.29, 4539.725, -72.0000, 0, 0, 255
L -3377.29, 4539.725, -72.0000, -3377.29, 4541.725, -72.0000, 0, 0, 255
L -3377.29, 4541.725, -72.0000, -3376.29, 4546.725, -72.0000, 0, 0, 255
L -3376.29, 4546.725, -72.0000, -3376.29, 4548.725, -72.0000, 0, 0, 255
L -3376.29, 4548.725, -72.0000, -3376.29, 4553.725, -72.0000, 0, 0, 255
L -3376.29, 4553.725, -72.0000, -3376.29, 4555.725, -72.0000, 0, 0, 255
L -3376.29, 4555.725, -72.0000, -3375.29, 4559.725, -72.0000, 0, 0, 255
L -3375.29, 4559.725, -72.0000, -3375.29, 4561.725, -72.0000, 0, 0, 255
L -3375.29, 4561.725, -72.0000, -3374.29, 4566.725, -72.0000, 0, 0, 255
L -3374.29, 4566.725, -72.0000, -3374.29, 4568.725, -72.0000, 0, 0, 255
L -3374.29, 4568.725, -72.0000, -3374.29, 4573.725, -72.0000, 0, 0, 255
L -3374.29, 4573.725, -72.0000, -3374.29, 4575.725, -72.0000, 0, 0, 255
L -3374.29, 4575.725, -72.0000, -3373.29, 4580.725, -72.0000, 0, 0, 255
L -3373.29, 4580.725, -72.0000, -3373.29, 4582.725, -72.0000, 0, 0, 255
L -3373.29, 4582.725, -72.0000, -3372.29, 4586.725, -72.0000, 0, 0, 255
L -3372.29, 4586.725, -72.0000, -3372.29, 4588.725, -72.0000, 0, 0, 255
L -3372.29, 4588.725, -72.0000, -3372.29, 4593.725, -72.0000, 0, 0, 255
L -3372.29, 4593.725, -72.0000, -3372.29, 4595.725, -72.0000, 0, 0, 255
L -3372.29, 4595.725, -72.0000, -3371.29, 4600.725, -72.0000, 0, 0, 255
L -3371.29, 4600.725, -72.0000, -3371.29, 4602.725, -72.0000, 0, 0, 255
L -3371.29, 4602.725, -72.0000, -3370.29, 4607.725, -72.0000, 0, 0, 255
L -3370.29, 4607.725, -72.0000, -3370.29, 4609.725, -72.0000, 0, 0, 255
L -3370.29, 4609.725, -72.0000, -3370.29, 4613.725, -72.0000, 0, 0, 255
L -3370.29, 4613.725, -72.0000, -3370.29, 4615.725, -72.0000, 0, 0, 255
L -3370.29, 4615.725, -72.0000, -3369.29, 4620.725, -72.0000, 0, 0, 255
L -3369.29, 4620.725, -72.0000, -3369.29, 4622.725, -72.0000, 0, 0, 255
L -3369.29, 4622.725, -72.0000, -3368.29, 4627.725, -72.0000, 0, 0, 255
L -3368.29, 4627.725, -72.0000, -3368.29, 4629.725, -72.0000, 0, 0, 255
L -3368.29, 4629.725, -72.0000, -3368.29, 4634.725, -72.0000, 0, 0, 255
L -3368.29, 4634.725, -72.0000, -3368.29, 4636.725, -72.0000, 0, 0, 255
L -3368.29, 4636.725, -72.0000, -3367.29, 4640.725, -72.0000, 0, 0, 255
L -3367.29, 4640.725, -72.0000, -3367.29, 4642.725, -72.0000, 0, 0, 255
L -3367.29, 4642.725, -72.0000, -3366.29, 4647.725, -72.0000, 0, 0, 255
L -3366.29, 4647.725, -72.0000, -3366.29, 4649.725, -72.0000, 0, 0, 255
L -3366.29, 4649.725, -72.0000, -3366.29, 4654.725, -72.0000, 0, 0, 255
L -3366.29, 4654.725, -72.0000, -3366.29, 4656.725, -72.0000, 0, 0, 255
L -3366.29, 4656.725, -72.0000, -3365.29, 4661.725, -72.0000, 0, 0, 255
L -3365.29, 4661.725, -72.0000, -3365.29, 4663.725, -72.0000, 0, 0, 255
L -3365.29, 4663.725, -72.0000, -3364.29, 4668.725, -72.0000, 0, 0, 255
L -3364.29, 4668.725, -72.0000, -3364.29, 4670.725, -72.0000, 0, 0, 255
L -3364.29, 4670.725, -72.0000, -3364.29, 4675.725, -72.0000, 0, 0, 255
L -3364.29, 4675.725, -72.0000, -3363.29, 4677.725, -72.0000, 0, 0, 255
L -3363.29, 4677.725, -72.0000, -3363.29, 4681.725, -72.0000, 0, 0, 255
L -3363.29, 4681.725, -72.0000, -3363.29, 4683.725, -72.0000, 0, 0, 255
L -3363.29, 4683.725, -72.0000, -3362.29, 4688.725, -72.0000, 0, 0, 255
L -3362.29, 4688.725, -72.0000, -3362.29, 4690.725, -72.0000, 0, 0, 255
L -3362.29, 4690.725, -72.0000, -3363.29, 4706.725, -72.0000, 0, 0, 255
L -3363.29, 4706.725, -72.0000, -3363.29, 4708.725, -72.0000, 0, 0, 255
L -3363.29, 4708.725, -72.0000, -3363.29, 4712.725, -72.0000, 0, 0, 255
L -3363.29, 4712.725, -72.0000, -3363.29, 4714.725, -72.0000, 0, 0, 255
L -3363.29, 4714.725, -72.0000, -3364.29, 4719.725, -72.0000, 0, 0, 255
L -3364.29, 4719.725, -72.0000, -3364.29, 4721.725, -72.0000, 0, 0, 255
L -3364.29, 4721.725, -72.0000, -3365.29, 4725.725, -72.0000, 0, 0, 255
L -3365.29, 4725.725, -72.0000, -3365.29, 4727.725, -72.0000, 0, 0, 255
L -3365.29, 4727.725, -72.0000, -3365.29, 4733.725, -72.0000, 0, 0, 255
L -3365.29, 4733.725, -72.0000, -3365.29, 4735.725, -72.0000, 0, 0, 255
L -3365.29, 4735.725, -72.0000, -3366.29, 4742.725, -72.0000, 0, 0, 255
L -3366.29, 4742.725, -72.0000, -3366.29, 4743.725, -72.0000, 0, 0, 255
L -3366.29, 4743.725, -72.0000, -3367.29, 4750.725, -72.0000, 0, 0, 255
L -3367.29, 4750.725, -72.0000, -3367.29, 4752.725, -72.0000, 0, 0, 255
L -3367.29, 4752.725, -72.0000, -3367.29, 4759.725, -72.0000, 0, 0, 255
L -3367.29, 4759.725, -72.0000, -3367.29, 4761.725, -72.0000, 0, 0, 255
L -3367.29, 4761.725, -72.0000, -3368.29, 4767.725, -72.0000, 0, 0, 255
L -3368.29, 4767.725, -72.0000, -3368.29, 4769.725, -72.0000, 0, 0, 255
L -3368.29, 4769.725, -72.0000, -3368.29, 4776.725, -72.0000, 0, 0, 255
L -3368.29, 4776.725, -72.0000, -3369.29, 4778.725, -72.0000, 0, 0, 255
L -3369.29, 4778.725, -72.0000, -3369.29, 4785.725, -72.0000, 0, 0, 255
L -3369.29, 4785.725, -72.0000, -3369.29, 4787.725, -72.0000, 0, 0, 255
L -3369.29, 4787.725, -72.0000, -3369.29, 4793.725, -72.0000, 0, 0, 255
L -3369.29, 4793.725, -72.0000, -3367.29, 4793.725, -72.0000, 0, 0, 255
L -3367.29, 4793.725, -72.0000, -3193.29, 4793.725, -72.0000, 0, 0, 255
L -3193.29, 4793.725, -72.0000, -3191.29, 4793.725, -70.0000, 0, 0, 255
L -3108.29, 4793.725, -73.0000, -3106.29, 4793.725, -73.0000, 0, 0, 255
L -3106.29, 4793.725, -73.0000, -3102.29, 4792.725, -73.0000, 0, 0, 255
L -3102.29, 4792.725, -73.0000, -3092.29, 4790.725, -73.0000, 0, 0, 255
L -3092.29, 4790.725, -73.0000, -3073.29, 4787.725, -73.0000, 0, 0, 255
L -3073.29, 4787.725, -73.0000, -3037.29, 4780.725, -73.0000, 0, 0, 255
L -3037.29, 4780.725, -73.0000, -3027.29, 4778.725, -73.0000, 0, 0, 255
L -3027.29, 4778.725, -73.0000, -3008.29, 4775.725, -73.0000, 0, 0, 255
L -3008.29, 4775.725, -73.0000, -2908.29, 4760.725, -73.0000, 0, 0, 255
L -2908.29, 4760.725, -73.0000, -2898.29, 4759.725, -73.0000, 0, 0, 255
L -2898.29, 4759.725, -73.0000, -2869.29, 4755.725, -73.0000, 0, 0, 255
L -2869.29, 4755.725, -73.0000, -2728.29, 4738.725, -73.0000, 0, 0, 255
L -2728.29, 4738.725, -73.0000, -2726.29, 4738.725, -73.0000, 0, 0, 255
L -2726.29, 4738.725, -73.0000, -2716.29, 4738.725, -73.0000, 0, 0, 255
L -2716.29, 4738.725, -73.0000, -2706.29, 4737.725, -73.0000, 0, 0, 255
L -2706.29, 4737.725, -73.0000, -2676.29, 4737.725, -73.0000, 0, 0, 255
L -2676.29, 4737.725, -73.0000, -2652.29, 4737.725, -73.0000, 0, 0, 255
L -2652.29, 4737.725, -73.0000, -2651.29, 4737.725, -73.0000, 0, 0, 255
L -2651.29, 4737.725, -73.0000, -2649.29, 4737.725, -73.0000, 0, 0, 255
L -2649.29, 4737.725, -73.0000, -2646.29, 4738.725, -73.0000, 0, 0, 255
L -2646.29, 4738.725, -73.0000, -2641.29, 4739.725, -73.0000, 0, 0, 255
L -2641.29, 4739.725, -73.0000, -2631.29, 4742.725, -73.0000, 0, 0, 255
L -2631.29, 4742.725, -73.0000, -2605.29, 4750.725, -73.0000, 0, 0, 255
L -2605.29, 4750.725, -73.0000, -2603.29, 4750.725, -73.0000, 0, 0, 255
L -2603.29, 4750.725, -73.0000, -2601.29, 4750.725, -73.0000, 0, 0, 255
L -2601.29, 4750.725, -73.0000, -2591.29, 4750.725, -73.0000, 0, 0, 255
L -2591.29, 4750.725, -73.0000, -2581.29, 4749.725, -73.0000, 0, 0, 255
L -2581.29, 4749.725, -73.0000, -2552.29, 4746.725, -73.0000, 0, 0, 255
L -2552.29, 4746.725, -73.0000, -2545.29, 4745.725, -73.0000, 0, 0, 255
L -2545.29, 4745.725, -73.0000, -2535.29, 4746.725, -73.0000, 0, 0, 255
L -2535.29, 4746.725, -73.0000, -2525.29, 4747.725, -73.0000, 0, 0, 255
L -2525.29, 4747.725, -73.0000, -2496.29, 4749.725, -73.0000, 0, 0, 255
L -2496.29, 4749.725, -73.0000, -2199.29, 4775.725, -73.0000, 0, 0, 255
L -2199.29, 4775.725, -73.0000, -2197.29, 4775.725, -73.0000, 0, 0, 255
L -2197.29, 4775.725, -73.0000, -2194.29, 4776.725, -73.0000, 0, 0, 255
L -2194.29, 4776.725, -73.0000, -2186.29, 4779.725, -73.0000, 0, 0, 255
L -2186.29, 4779.725, -73.0000, -2177.29, 4782.725, -73.0000, 0, 0, 255
L -2177.29, 4782.725, -73.0000, -2159.29, 4788.725, -73.0000, 0, 0, 255
L -2159.29, 4788.725, -73.0000, -2157.29, 4789.725, -73.0000, 0, 0, 255
L -2157.29, 4789.725, -73.0000, -2156.29, 4790.725, -73.0000, 0, 0, 255
L -2156.29, 4790.725, -73.0000, -2155.29, 4791.725, -73.0000, 0, 0, 255
L -2155.29, 4791.725, -73.0000, -2153.29, 4792.725, -73.0000, 0, 0, 255
L -2153.29, 4792.725, -73.0000, -2152.29, 4793.725, -73.0000, 0, 0, 255
L -2152.29, 4793.725, -73.0000, -2150.29, 4793.725, -73.0000, 0, 0, 255
L -2150.29, 4793.725, -73.0000, -1498.29, 4793.725, -73.0000, 0, 0, 255
L -1498.29, 4793.725, -73.0000, 3015.71, 4793.725, -72.0000, 0, 0, 255
L 3015.71, 4793.725, -72.0000, 3015.71, 4459.725, -72.0000, 0, 0, 255
L 3015.71, 4459.725, -72.0000, 3015.71, 275.725, -72.0000, 0, 0, 255
L 3014.71, -1300.275, -63.0000, 3015.71, 275.725, -72.0000, 0, 0, 255
L -1396.29, 4700.725, -30.0000, -1469.29, 4700.725, -33.0000, 199, 21, 133
L -1396.29, 4700.725, -30.0000, -1396.29, 4724.725, -30.0000, 139, 69, 19
L -1469.29, 4700.725, -33.0000, -1469.29, 4724.725, -33.0000, 139, 69, 19
L -3193.29, 4793.725, -72.0000, -3108.29, 4793.725, -73.0000, 0, 0, 255
L 2739.71, 216.725, 116.0000, 2746.71, 214.725, 120.0000, 139, 69, 19
L -1414.29, 4274.725, -33.0000, -1414.29, 4321.725, -33.0000, 0, 0, 0
L -1414.29, 4274.725, -33.0000, -1410.29, 4274.725, -33.0000, 0, 0, 0
L -1410.29, 4274.725, -33.0000, -1410.29, 4320.725, -33.0000, 0, 0, 0
L -1410.29, 4320.725, -33.0000, -1396.29, 4320.725, -33.0000, 0, 0, 0
L -1445.29, 4274.725, -33.0000, -1448.29, 4274.725, -33.0000, 0, 0, 0
L -1445.29, 4274.725, -33.0000, -1445.29, 4319.725, -33.0000, 0, 0, 0
L -1414.29, 4321.725, -33.0000, -1416.29, 4321.725, -33.0000, 0, 0, 0
L -1416.29, 4321.725, -33.0000, -1416.29, 4330.725, -33.0000, 0, 0, 0
L -1443.29, 4330.725, -33.0000, -1443.29, 4319.725, -33.0000, 0, 0, 0
L -1448.29, 4274.725, -33.0000, -1448.29, 4319.725, -33.0000, 0, 0, 0
L -1443.29, 4330.725, -33.0000, -1456.29, 4330.725, -33.0000, 0, 0, 0
L -1456.29, 4330.725, -33.0000, -1456.29, 4342.725, -33.0000, 0, 0, 0
L -1468.29, 4409.725, -33.0000, -1468.29, 4400.725, -33.0000, 0, 0, 0
L -1416.29, 4409.725, -33.0000, -1416.29, 4400.725, -33.0000, 0, 0, 0
L -1396.29, 4409.725, -33.0000, -1396.29, 4400.725, -33.0000, 0, 0, 0
L -1396.29, 4330.725, -33.0000, -1396.29, 4320.725, -33.0000, 0, 0, 0
L -1396.29, 4330.725, -33.0000, -1416.29, 4330.725, -33.0000, 0, 0, 0
L -1396.29, 4409.725, -33.0000, -1416.29, 4409.725, -33.0000, 0, 0, 0
L -1396.29, 4400.725, -33.0000, -1396.29, 4330.725, -33.0000, 0, 0, 0
L -1416.29, 4400.725, -33.0000, -1396.29, 4400.725, -33.0000, 0, 0, 0
L -1443.29, 4400.725, -33.0000, -1443.29, 4409.725, -33.0000, 0, 0, 0
L -1443.29, 4409.725, -33.0000, -1468.29, 4409.725, -33.0000, 0, 0, 0
L -1443.29, 4400.725, -33.0000, -1468.29, 4400.725, -33.0000, 0, 0, 0
L -1443.29, 4319.725, -33.0000, -1445.29, 4319.725, -33.0000, 0, 0, 0
L -1448.29, 4319.725, -33.0000, -1468.29, 4319.725, -33.0000, 0, 0, 0
L -1468.29, 4400.725, -33.0000, -1468.29, 4319.725, -33.0000, 0, 0, 0
L -1456.29, 4342.725, -33.0000, -1446.29, 4342.725, -33.0000, 150, 150, 150
L -1456.29, 4389.725, -9.0000, -1456.29, 4383.725, -12.0000, 0, 204, 0
L -1446.29, 4400.725, -9.0000, -1446.29, 4389.725, -9.0000, 0, 204, 0
L -1446.29, 4389.725, -9.0000, -1446.29, 4383.725, -12.0000, 0, 204, 0
L -1456.29, 4389.725, -9.0000, -1465.29, 4389.725, -9.0000, 150, 150, 150
L -1456.29, 4389.725, -9.0000, -1446.29, 4389.725, -9.0000, 150, 150, 150
L -1465.29, 4400.725, -9.0000, -1465.29, 4389.725, -9.0000, 0, 204, 0
L -1465.29, 4389.725, -9.0000, -1465.29, 4383.725, -6.0000, 0, 204, 0
L -1446.29, 4400.725, -9.0000, -1465.29, 4400.725, -9.0000, 0, 204, 0
L -1460.29, 4341.725, 14.0000, -1456.29, 4341.725, 14.0000, 150, 150, 150
L -1465.29, 4341.725, 14.0000, -1460.29, 4341.725, 14.0000, 150, 150, 150
L -1406.29, 4389.725, 14.0000, -1406.29, 4400.725, 14.0000, 0, 204, 0
L -1406.29, 4400.725, 14.0000, -1466.29, 4400.725, 14.0000, 0, 204, 0
L -1466.29, 4400.725, 14.0000, -1466.29, 4330.725, 14.0000, 0, 204, 0
L -1466.29, 4330.725, 14.0000, -1416.29, 4330.725, 14.0000, 0, 204, 0
L -1456.29, 4341.725, 14.0000, -1456.29, 4347.725, 11.0000, 150, 150, 150
L -1406.29, 4389.725, 14.0000, -1415.29, 4389.725, 14.0000, 150, 150, 150
L -1415.29, 4340.725, 39.0000, -1415.29, 4346.725, 35.0000, 102, 255, 102
L -1415.29, 4389.725, 14.0000, -1416.29, 4389.725, 14.0000, 0, 204, 0
L -1415.29, 4330.725, 39.0000, -1415.29, 4340.725, 39.0000, 102, 255, 102
L -1406.29, 4340.725, 39.0000, -1415.29, 4340.725, 39.0000, 155, 155, 155
L -1416.29, 4330.725, 14.0000, -1416.29, 4389.725, 14.0000, 0, 204, 0
L -1405.29, 4340.725, 39.0000, -1396.29, 4340.725, 39.0000, 155, 155, 155
L -1406.29, 4391.725, 63.0000, -1396.29, 4391.725, 63.0000, 155, 155, 155
L -1396.29, 4400.725, 63.0000, -1396.29, 4391.725, 63.0000, 102, 255, 102
L -1396.29, 4340.725, 39.0000, -1396.29, 4347.725, 42.0000, 102, 255, 102
L -1446.29, 4366.725, -21.0000, -1446.29, 4360.725, -24.0000, 0, 204, 0
L -1456.29, 4366.725, -21.0000, -1456.29, 4360.725, -24.0000, 0, 204, 0
L -1446.29, 4366.725, -21.0000, -1456.29, 4366.725, -21.0000, 150, 150, 150
L -1446.29, 4377.725, -15.0000, -1446.29, 4371.725, -18.0000, 0, 204, 0
L -1456.29, 4377.725, -15.0000, -1456.29, 4371.725, -18.0000, 0, 204, 0
L -1446.29, 4377.725, -15.0000, -1456.29, 4377.725, -15.0000, 150, 150, 150
L -1446.29, 4354.725, -27.0000, -1446.29, 4348.725, -30.0000, 0, 204, 0
L -1456.29, 4354.725, -27.0000, -1456.29, 4348.725, -30.0000, 0, 204, 0
L -1446.29, 4354.725, -27.0000, -1456.29, 4354.725, -27.0000, 150, 150, 150
L -1446.29, 4360.725, -24.0000, -1446.29, 4354.725, -27.0000, 0, 204, 0
L -1456.29, 4360.725, -24.0000, -1456.29, 4354.725, -27.0000, 0, 204, 0
L -1446.29, 4360.725, -24.0000, -1456.29, 4360.725, -24.0000, 150, 150, 150
L -1446.29, 4348.725, -30.0000, -1446.29, 4342.725, -33.0000, 0, 204, 0
L -1456.29, 4348.725, -30.0000, -1456.29, 4342.725, -33.0000, 0, 204, 0
L -1446.29, 4348.725, -30.0000, -1456.29, 4348.725, -30.0000, 150, 150, 150
L -1446.29, 4371.725, -18.0000, -1446.29, 4366.725, -21.0000, 0, 204, 0
L -1456.29, 4371.725, -18.0000, -1456.29, 4366.725, -21.0000, 0, 204, 0
L -1446.29, 4371.725, -18.0000, -1456.29, 4371.725, -18.0000, 150, 150, 150
L -1446.29, 4383.725, -12.0000, -1446.29, 4377.725, -15.0000, 0, 204, 0
L -1456.29, 4383.725, -12.0000, -1456.29, 4377.725, -15.0000, 0, 204, 0
L -1446.29, 4383.725, -12.0000, -1456.29, 4383.725, -12.0000, 150, 150, 150
L -1465.29, 4365.725, 2.0000, -1465.29, 4359.725, 5.0000, 0, 204, 0
L -1456.29, 4365.725, 2.0000, -1456.29, 4371.725, 0.0000, 150, 150, 150
L -1465.29, 4365.725, 2.0000, -1456.29, 4365.725, 2.0000, 150, 150, 150
L -1456.29, 4377.725, -3.0000, -1456.29, 4383.725, -6.0000, 150, 150, 150
L -1465.29, 4377.725, -3.0000, -1465.29, 4371.725, 0.0000, 0, 204, 0
L -1456.29, 4377.725, -3.0000, -1465.29, 4377.725, -3.0000, 150, 150, 150
L -1456.29, 4353.725, 8.0000, -1456.29, 4359.725, 5.0000, 150, 150, 150
L -1465.29, 4353.725, 8.0000, -1465.29, 4347.725, 11.0000, 0, 204, 0
L -1456.29, 4353.725, 8.0000, -1465.29, 4353.725, 8.0000, 150, 150, 150
L -1456.29, 4359.725, 5.0000, -1456.29, 4365.725, 2.0000, 150, 150, 150
L -1465.29, 4359.725, 5.0000, -1465.29, 4353.725, 8.0000, 0, 204, 0
L -1456.29, 4359.725, 5.0000, -1465.29, 4359.725, 5.0000, 150, 150, 150
L -1456.29, 4347.725, 11.0000, -1456.29, 4353.725, 8.0000, 150, 150, 150
L -1465.29, 4347.725, 11.0000, -1465.29, 4341.725, 14.0000, 0, 204, 0
L -1456.29, 4347.725, 11.0000, -1465.29, 4347.725, 11.0000, 150, 150, 150
L -1456.29, 4371.725, 0.0000, -1456.29, 4377.725, -3.0000, 150, 150, 150
L -1465.29, 4371.725, 0.0000, -1465.29, 4365.725, 2.0000, 0, 204, 0
L -1456.29, 4371.725, 0.0000, -1465.29, 4371.725, 0.0000, 150, 150, 150
L -1456.29, 4383.725, -6.0000, -1456.29, 4389.725, -9.0000, 150, 150, 150
L -1465.29, 4383.725, -6.0000, -1465.29, 4377.725, -3.0000, 0, 204, 0
L -1456.29, 4383.725, -6.0000, -1465.29, 4383.725, -6.0000, 150, 150, 150
L -1415.29, 4365.725, 26.0000, -1415.29, 4371.725, 23.0000, 102, 255, 102
L -1406.29, 4365.725, 26.0000, -1406.29, 4371.725, 23.0000, 102, 255, 102
L -1415.29, 4365.725, 26.0000, -1406.29, 4365.725, 26.0000, 155, 155, 155
L -1415.29, 4352.725, 32.0000, -1415.29, 4359.725, 29.0000, 102, 255, 102
L -1406.29, 4352.725, 32.0000, -1406.29, 4359.725, 29.0000, 102, 255, 102
L -1415.29, 4352.725, 32.0000, -1406.29, 4352.725, 32.0000, 155, 155, 155
L -1415.29, 4359.725, 29.0000, -1415.29, 4365.725, 26.0000, 102, 255, 102
L -1406.29, 4359.725, 29.0000, -1406.29, 4365.725, 26.0000, 102, 255, 102
L -1415.29, 4359.725, 29.0000, -1406.29, 4359.725, 29.0000, 155, 155, 155
L -1415.29, 4377.725, 20.0000, -1415.29, 4383.725, 17.0000, 102, 255, 102
L -1406.29, 4377.725, 20.0000, -1406.29, 4383.725, 17.0000, 102, 255, 102
L -1415.29, 4377.725, 20.0000, -1406.29, 4377.725, 20.0000, 155, 155, 155
L -1406.29, 4383.725, 17.0000, -1406.29, 4389.725, 14.0000, 102, 255, 102
L -1415.29, 4383.725, 17.0000, -1415.29, 4389.725, 14.0000, 102, 255, 102
L -1406.29, 4383.725, 17.0000, -1415.29, 4383.725, 17.0000, 155, 155, 155
L -1406.29, 4371.725, 23.0000, -1406.29, 4377.725, 20.0000, 102, 255, 102
L -1415.29, 4371.725, 23.0000, -1415.29, 4377.725, 20.0000, 102, 255, 102
L -1406.29, 4371.725, 23.0000, -1415.29, 4371.725, 23.0000, 155, 155, 155
L -1406.29, 4346.725, 35.0000, -1406.29, 4352.725, 32.0000, 102, 255, 102
L -1415.29, 4346.725, 35.0000, -1415.29, 4352.725, 32.0000, 102, 255, 102
L -1406.29, 4346.725, 35.0000, -1415.29, 4346.725, 35.0000, 155, 155, 155
L -1405.29, 4366.725, 51.0000, -1405.29, 4359.725, 48.0000, 102, 255, 102
L -1396.29, 4366.725, 51.0000, -1396.29, 4372.725, 54.0000, 102, 255, 102
L -1405.29, 4366.725, 51.0000, -1396.29, 4366.725, 51.0000, 155, 155, 155
L -1396.29, 4379.725, 57.0000, -1396.29, 4385.725, 60.0000, 102, 255, 102
L -1405.29, 4379.725, 57.0000, -1405.29, 4372.725, 54.0000, 102, 255, 102
L -1396.29, 4379.725, 57.0000, -1405.29, 4379.725, 57.0000, 155, 155, 155
L -1396.29, 4385.725, 60.0000, -1396.29, 4391.725, 63.0000, 102, 255, 102
L -1406.29, 4385.725, 60.0000, -1405.29, 4379.725, 57.0000, 102, 255, 102
L -1396.29, 4385.725, 60.0000, -1406.29, 4385.725, 60.0000, 155, 155, 155
L -1396.29, 4372.725, 54.0000, -1396.29, 4379.725, 57.0000, 102, 255, 102
L -1405.29, 4372.725, 54.0000, -1405.29, 4366.725, 51.0000, 102, 255, 102
L -1396.29, 4372.725, 54.0000, -1405.29, 4372.725, 54.0000, 155, 155, 155
L -1396.29, 4353.725, 45.0000, -1396.29, 4359.725, 48.0000, 102, 255, 102
L -1405.29, 4353.725, 45.0000, -1405.29, 4347.725, 42.0000, 102, 255, 102
L -1396.29, 4353.725, 45.0000, -1405.29, 4353.725, 45.0000, 155, 155, 155
L -1396.29, 4359.725, 48.0000, -1396.29, 4366.725, 51.0000, 102, 255, 102
L -1405.29, 4359.725, 48.0000, -1405.29, 4353.725, 45.0000, 102, 255, 102
L -1396.29, 4359.725, 48.0000, -1405.29, 4359.725, 48.0000, 155, 155, 155
L -1396.29, 4347.725, 42.0000, -1396.29, 4353.725, 45.0000, 102, 255, 102
L -1405.29, 4347.725, 42.0000, -1405.29, 4340.725, 39.0000, 102, 255, 102
L -1396.29, 4347.725, 42.0000, -1405.29, 4347.725, 42.0000, 155, 155, 155
L -1596.29, 27.525, -3.2999, -1637.89, 58.325, -3.2999, 0, 0, 0
L -1637.89, 58.325, -3.2999, -1626.59, 73.525, -3.2999, 0, 0, 0
L -1621.69, 80.125, -3.2999, -1610.79, 94.925, -3.2999, 0, 0, 0
L -1610.79, 94.925, -3.2999, -1569.19, 64.125, -3.2999, 0, 0, 0
L -1569.19, 64.125, -3.2999, -1596.29, 27.525, -3.2999, 0, 0, 0
L -1625.09, 82.625, -11.1999, -1611.69, 100.625, -11.1999, 0, 0, 0
L -1611.69, 100.625, -11.1999, -1563.59, 64.925, -10.5000, 0, 0, 0
L -1563.59, 64.925, -10.5000, -1595.39, 22.025, -11.0999, 0, 0, 0
L -1595.39, 22.025, -11.1999, -1643.59, 57.625, -11.1999, 0, 0, 0
L -1643.59, 57.625, -11.1999, -1629.69, 76.325, -11.1999, 0, 0, 0
L -1625.09, 82.625, -11.1999, -1621.69, 80.125, -3.2999, 0, 0, 0
L -1629.69, 76.325, -11.1999, -1626.59, 73.525, -3.2999, 0, 0, 0
L -2430.09, -202.275, -2.7999, -2430.79, -254.075, -2.7999, 0, 0, 0
L -2476.29, -253.475, -2.7999, -2475.59, -201.775, -2.7999, 0, 0, 0
L -2475.59, -201.775, -2.7999, -2430.09, -202.275, -2.7999, 0, 0, 0
L -2457.89, -257.875, -11.1999, -2480.29, -257.575, -11.1999, 0, 0, 0
L -2480.29, -257.575, -11.1999, -2479.59, -197.775, -11.1999, 0, 0, 0
L -2479.59, -197.775, -11.1999, -2426.29, -198.375, -11.1999, 0, 0, 0
L -2426.29, -198.375, -11.1999, -2426.89, -258.275, -11.1999, 0, 0, 0
L -2426.89, -258.275, -11.1999, -2449.99, -257.975, -11.1999, 0, 0, 0
L -2200.89, 2356.725, -9.5999, -2200.89, 2382.925, -9.5999, 0, 0, 0
L -2200.89, 2382.925, -9.3999, -2152.69, 2384.125, -7.5000, 0, 0, 0
L -2152.69, 2384.125, -7.1999, -2152.69, 2355.425, -7.1999, 0, 0, 0
L -2152.69, 2355.425, -7.5000, -2200.89, 2356.725, -9.0000, 0, 0, 0
L -2320.69, 2342.025, -11.0999, -2328.09, 2351.425, -11.1999, 0, 0, 0
L -2328.09, 2351.425, -11.1999, -2262.39, 2402.725, -11.1999, 0, 0, 0
L -2262.39, 2402.725, -11.1999, -2254.99, 2393.225, -11.0999, 0, 0, 0
L -2254.99, 2393.225, -10.6999, -2250.69, 2396.625, -10.6999, 0, 0, 0
L -2250.69, 2396.625, -11.1999, -2261.79, 2410.725, -11.1999, 0, 0, 0
L -2261.79, 2410.725, -11.1999, -2336.19, 2352.725, -11.1999, 0, 0, 0
L -2325.09, 2338.525, -11.1999, -2336.19, 2352.725, -11.1999, 0, 0, 0
L -2325.09, 2338.525, -10.6999, -2320.69, 2342.025, -10.6999, 0, 0, 0
L -2316.49, 2327.425, -10.6999, -2311.89, 2330.725, -10.6999, 0, 0, 0
L -2311.89, 2330.725, -11.0000, -2304.29, 2320.925, -10.8999, 0, 0, 0
L -2304.29, 2320.925, -10.8999, -2238.69, 2372.425, -10.8999, 0, 0, 0
L -2238.69, 2372.425, -10.8999, -2246.29, 2382.025, -11.0000, 0, 0, 0
L -2246.29, 2382.025, -10.6999, -2241.99, 2385.425, -10.6999, 0, 0, 0
L -2241.99, 2385.425, -11.1999, -2231.09, 2371.425, -11.1999, 0, 0, 0
L -2231.09, 2371.425, -11.1999, -2305.49, 2313.425, -11.1999, 0, 0, 0
L -2305.49, 2313.425, -11.1999, -2316.49, 2327.425, -11.1999, 0, 0, 0
L -2449.89, -253.775, -2.7999, -2449.99, -257.975, -11.1999, 0, 0, 0
L -2457.79, -253.675, -2.7999, -2476.29, -253.475, -2.7999, 0, 0, 0
L -2457.79, -253.675, -2.7999, -2457.89, -257.875, -11.1999, 0, 0, 0
L -2430.79, -254.075, -2.7999, -2449.89, -253.775, -2.7999, 0, 0, 0
L 1978.41, 1645.925, -5.5999, 1973.71, 1659.425, -4.8999, 0, 0, 0
L 1984.71, 1647.525, -5.5999, 1981.01, 1658.125, -5.0999, 0, 0, 0
L 1981.01, 1658.125, -5.0999, 2058.71, 1685.225, -4.3999, 0, 0, 0
L 2058.71, 1685.225, -4.3999, 2062.91, 1673.025, -5.2999, 0, 0, 0
L 2068.31, 1657.525, -6.0999, 2071.91, 1646.825, -6.5000, 0, 0, 0
L 2071.91, 1646.825, -6.5000, 1994.11, 1620.225, -6.6999, 0, 0, 0
L 1994.11, 1620.225, -6.6999, 1989.81, 1632.625, -6.5000, 0, 0, 0
L 1989.81, 1632.625, -6.3999, 1983.71, 1630.525, -6.3999, 0, 0, 0
L 1983.71, 1630.525, -6.5000, 1989.01, 1615.125, -7.2999, 0, 0, 0
L 1857.91, 1536.925, -8.8999, 1869.21, 1531.825, -8.8999, 0, 0, 0
L 1849.61, 1540.725, -9.0000, 1840.81, 1544.825, -9.0000, 0, 0, 0
L 1840.81, 1544.825, -9.1999, 1820.41, 1499.925, -9.5999, 0, 0, 0
L 1820.41, 1499.925, -9.8999, 1829.41, 1495.825, -9.7999, 0, 0, 0
L 1829.41, 1495.825, -9.7999, 1827.81, 1492.225, -9.8999, 0, 0, 0
L 1827.81, 1492.225, -9.8999, 1838.21, 1487.425, -9.7999, 0, 0, 0
L 1839.91, 1491.025, -9.6999, 1838.21, 1487.425, -9.7999, 0, 0, 0
L 1839.91, 1491.025, -9.6999, 1848.31, 1487.225, -9.6999, 0, 0, 0
L 1848.31, 1487.225, -9.6999, 1869.21, 1531.825, -9.0000, 0, 0, 0
L 1857.91, 1536.925, -9.0000, 1856.11, 1532.425, -9.0000, 0, 0, 0
L 1856.11, 1532.425, -9.0000, 1861.91, 1529.825, -8.7999, 0, 0, 0
L 1861.91, 1529.825, -8.7999, 1845.51, 1493.825, -8.6999, 0, 0, 0
L 1845.51, 1493.825, -8.6999, 1828.51, 1501.625, -9.2999, 0, 0, 0
L 1828.51, 1501.625, -9.2999, 1844.31, 1537.825, -9.0999, 0, 0, 0
L 1844.31, 1537.825, -9.0999, 1848.61, 1535.925, -9.0999, 0, 0, 0
L 1850.01, 1536.125, -9.0000, 1856.61, 1533.025, -9.0000, 205, 133, 63
