P -3251.394, 1732.78, -0.1864, 255, 0, 0, 3, to_The_Western_Plains_of_Karana
P 2849.847, 185.892, -36.7176, 255, 0, 0, 3, to_The_Eastern_Plains_of_Karana
P -1432.498, 4553.279, -33.7801, 255, 0, 0, 3, to_The_Southern_Plains_of_Karana
P -1471.29, 3897.725, 0.0000, 255, 0, 0, 2, Wizard_port
P 160.71, 481.725, 0.0000, 255, 0, 0, 2, Succor
P 1228.092, 2928.4, -10.6239, 255, 0, 0, 2, Druid_Ring
P -1520.644, 3901.846, -10.9654, 255, 255, 255, 2, Great_Spires
P 1867.145, 1583.635, -8.2237, 240, 240, 240, 2, Farm
P 769.052, 3909.255, 0.7613, 240, 240, 240, 2, Farm
P -2218.438, 2410.706, -10.4237, 240, 240, 240, 2, Farm
P -349.377, 1434.529, 63.8714, 255, 255, 255, 2, Watch_Tower
P -31.89, 824.724, -8.7489, 0, 128, 0, 2, Romi_(Bar)
P -64.865, 875.881, -8.7489, 0, 128, 0, 2, Mrysila_(General)
P -29.446, 873.534, -8.7489, 0, 128, 0, 2, Romella_(General)
P -8.54, 838.531, -8.7489, 0, 128, 0, 2, Roule_(Weapons)
P 1243.355, 2928.137, -8.7489, 0, 128, 0, 2, Tak_(Spells)
P -1428.758, 4344.21, 13.5956, 0, 127, 0, 2, Bilbis_Briar_(General)
P 1715.236, -1174.537, -8.2860, 0, 0, 0, 2, Tal_Stoutheart_(Fang_Breaker)
P -2445.23, -224.156, -1.2295, 0, 127, 0, 2, Barkeep_Jenny_(Bar)
P -1600.663, 49.349, -3.2604, 0, 127, 0, 2, Innkeep_James_(General)
P -2470.231, -234.746, -2.7604, 0, 127, 0, 2, Barkeep_Milo_(Bar)
P -1605.733, 83.194, -3.2604, 0, 127, 0, 2, Innkeep_Disda_(General)
P -93.028, 857.957, -11.2479, 0, 240, 0, 2, Laitia_(Parcels)
P 2497.982, 331.419, -39.9946, 0, 0, 0, 2, Gorri_Fallstine
P 2477.96, 524.84, -54.7290, 0, 0, 0, 2, Lauren
P 2473.064, 531.261, -54.6639, 0, 0, 0, 2, Tyler
P 1670.694, -741.136, 8.7815, 0, 0, 0, 2, Nul_Aleswiller
P 184.156, 441.815, -11.2479, 0, 0, 0, 2, Quinada_Vorana
P -87.333, 817.366, -11.2479, 0, 0, 0, 2, Ezmirella
P -198.771, 854.084, -11.2479, 0, 0, 0, 2, Shiel_Glimmerspindle
P -2292.404, 2357.282, -11.0521, 0, 0, 0, 2, Dellcalgar_Drusiris
P -1166.418, 2646.738, 15.7373, 0, 0, 0, 2, Sir_Gerwin_Thunderblade_(Roam)
P -1388.279, 3993.847, -11.1775, 0, 0, 0, 2, Cordelia_Minster
P -1577.941, 3807.738, -12.0074, 0, 0, 0, 2, Balglaiel_Delver
P -1444.214, 4335.49, 13.5956, 0, 0, 0, 2, Brother_Nallin
P -2500.805, -303.861, -11.2479, 0, 0, 0, 2, Cordelia_Minster
P -1439.454, 4344.072, 62.3769, 0, 0, 0, 2, Capt_Linariush
P 405.092, 110.113, -11.2479, 0, 0, 0, 2, Zahal_the_Vile
P 1314.631, -1295.236, 72.8125, 0, 0, 0, 2, Regis_the_Reverent
P 299.202, 859.23, -11.2479, 127, 64, 0, 2, Ashenpaw_(Hunter)
P -2598.967, 1742.091, -10.1979, 127, 64, 0, 2, Ashenpaw_(Hunter)
P -1215.848, 569.561, -11.2479, 127, 64, 0, 2, Ashenpaw_(Hunter)
P 411.991, -631.374, 6.1934, 127, 64, 0, 2, Callowwing_(Hunter)
P -1666.909, 3770.22, -12.0162, 127, 64, 0, 2, Grimtooth_(Hunter)
P 523.145, 2286.873, -9.6873, 127, 64, 0, 2, Korvik_the_Cursed_(Hunter)
P -1375.853, 1611.88, -10.8963, 127, 64, 0, 2, Lieutenant_Midraim_(Hunter)
P -1166.353, 347.011, -11.2479, 127, 64, 0, 2, Lieutenant_Midrain_(Hunter)
P -2325.96, 3372.088, -5.0097, 127, 64, 0, 2, Lieutenant_Midrain_(Hunter)
P -3133.685, 3208.951, -3.9354, 127, 64, 0, 2, Swiftclaw_(Hunter)
P -3031.42, -779.236, 5.2063, 127, 64, 0, 2, Swiftclaw_(Hunter)
P -2588.338, 1261.353, -10.4533, 127, 64, 0, 2, Swiftclaw_(Hunter)
P 1435.389, 3030.461, -11.2479, 127, 64, 0, 2, Swiftclaw_(Hunter)
P -97.131, 3133.872, -9.7087, 127, 64, 0, 2, Timbur_the_tiny_(Hunter)
P 810.71, 3251.725, -40.0000, 127, 64, 0, 2, Bristletoe_(Hunter,Roam)
P 2886.655, 485.328, -45.1844, 240, 240, 240, 2, Serpent_River
P -56.252, 845.272, -9.0209, 240, 240, 240, 2, Gypsy_Camp
