L 967.63, -587.684, 0.0, 892.63, -578.684, 0.0, 139, 69, 19
L 967.63, -578.684, 0.0, 967.63, -587.684, 0.0, 139, 69, 19
L 892.63, -568.684, -1.5, 967.63, -578.684, 0.0, 139, 69, 19
L 892.63, -578.684, -1.9, 892.63, -568.684, -1.5, 0, 0, 255
L -876.57, -3950.584, -24.3, 267.13, -3949.984, -24.3, 199, 21, 133
L -2871.77, -2433.484, 3.8, -2885.77, -2368.084, 3.8, 199, 21, 133
L 837.53, 2069.416, -0.3, -1386.07, 2067.516, 93.5, 199, 21, 133
L -2771.87, -2347.084, 0.6, -2885.77, -2368.084, 0.6, 0, 0, 0
L -2428.57, -2402.884, 0.6, -2771.87, -2347.084, 0.6, 0, 0, 0
L -2427.97, -2402.784, 0.6, -2428.57, -2402.884, 0.6, 0, 0, 0
L -2237.47, -2387.084, 0.6, -2427.97, -2402.784, 0.6, 0, 0, 0
L -2236.57, -2386.484, 0.6, -2237.47, -2387.084, 0.6, 0, 0, 0
L -2181.17, -2334.084, 0.6, -2236.57, -2386.484, 0.6, 0, 0, 0
L -2085.67, -2243.584, 0.6, -2181.17, -2334.084, 0.6, 0, 0, 0
L -2083.37, -2236.184, 0.6, -2085.67, -2243.584, 0.6, 0, 0, 0
L -2067.17, -2169.384, 0.6, -2068.87, -2176.384, 0.6, 0, 0, 0
L -933.17, -1621.984, 60.0, -926.57, -1598.684, 60.0, 0, 0, 0
L -936.47, -1634.684, 59.7, -933.17, -1621.984, 60.0, 0, 0, 0
L -1006.17, -1670.884, 59.8, -936.47, -1634.684, 59.7, 0, 0, 0
L -1014.57, -1675.484, 59.8, -1006.17, -1670.884, 59.8, 0, 0, 0
L -1060.67, -1716.884, 59.8, -1014.57, -1675.484, 59.8, 0, 0, 0
L -1062.67, -1717.984, 59.9, -1060.67, -1716.884, 59.8, 0, 0, 0
L -1083.87, -1724.084, 59.9, -1062.67, -1717.984, 59.9, 0, 0, 0
L -1113.77, -1733.284, 59.3, -1083.87, -1724.084, 59.9, 0, 0, 0
L -1125.67, -1725.784, 60.0, -1113.77, -1733.284, 59.3, 0, 0, 0
L -1154.27, -1714.284, 60.0, -1125.67, -1725.784, 60.0, 0, 0, 0
L -1177.57, -1705.484, 59.5, -1154.27, -1714.284, 60.0, 0, 0, 0
L -1179.97, -1704.084, 60.0, -1177.57, -1705.484, 59.5, 0, 0, 0
L -1190.47, -1671.084, 60.0, -1179.97, -1704.084, 60.0, 0, 0, 0
L -1201.37, -1636.484, 60.0, -1190.47, -1671.084, 60.0, 0, 0, 0
L -1203.77, -1629.784, 59.7, -1201.37, -1636.484, 60.0, 0, 0, 0
L -1195.37, -1575.184, 60.0, -1203.77, -1629.784, 59.7, 0, 0, 0
L -1193.57, -1564.784, 60.0, -1195.37, -1575.184, 60.0, 0, 0, 0
L -1194.27, -1555.284, 57.0, -1193.57, -1564.784, 60.0, 0, 0, 0
L -1144.77, -1540.584, 59.7, -1194.27, -1555.284, 57.0, 0, 0, 0
L -1143.47, -1539.484, 59.8, -1144.77, -1540.584, 59.7, 0, 0, 0
L -1131.57, -1524.884, 59.8, -1143.47, -1539.484, 59.8, 0, 0, 0
L -1121.97, -1513.184, 59.8, -1131.57, -1524.884, 59.8, 0, 0, 0
L -1110.97, -1499.784, 59.8, -1121.97, -1513.184, 59.8, 0, 0, 0
L -1107.47, -1494.384, 58.5, -1110.97, -1499.784, 59.8, 0, 0, 0
L -1076.17, -1496.984, 59.8, -1107.47, -1494.384, 58.5, 0, 0, 0
L -1066.67, -1497.884, 59.8, -1076.17, -1496.984, 59.8, 0, 0, 0
L -975.07, -1481.684, 59.8, -1066.67, -1497.884, 59.8, 0, 0, 0
L -952.87, -1477.684, 59.8, -975.07, -1481.684, 59.8, 0, 0, 0
L -949.27, -1476.484, 58.8, -952.87, -1477.684, 59.8, 0, 0, 0
L -929.07, -1510.984, 60.0, -949.27, -1476.484, 58.8, 0, 0, 0
L -918.17, -1529.584, 60.0, -929.07, -1510.984, 60.0, 0, 0, 0
L -910.87, -1541.784, 59.7, -918.17, -1529.584, 60.0, 0, 0, 0
L -910.77, -1542.284, 60.0, -910.87, -1541.784, 59.7, 0, 0, 0
L -919.87, -1574.684, 60.0, -910.77, -1542.284, 60.0, 0, 0, 0
L -926.57, -1598.684, 60.0, -924.27, -1590.384, 60.0, 0, 0, 0
L -926.57, -1598.684, 60.0, -919.87, -1574.684, 60.0, 0, 0, 0
L 674.73, -2778.184, -22.8, 678.43, -2769.384, -25.4, 0, 125, 0
L 658.73, -2782.384, -21.9, 674.73, -2778.184, -22.8, 150, 150, 150
L 651.43, -2784.984, -21.2, 658.73, -2782.384, -21.9, 150, 150, 150
L 632.63, -2808.184, -14.7, 651.43, -2784.984, -21.2, 150, 150, 150
L 620.13, -2794.484, -19.1, 632.63, -2808.184, -14.7, 150, 150, 150
L 612.03, -2798.884, -21.0, 620.13, -2794.484, -19.1, 150, 150, 150
L 593.53, -2795.084, -27.0, 612.03, -2798.884, -21.0, 150, 150, 150
L 590.43, -2816.584, -28.0, 593.53, -2795.084, -27.0, 150, 150, 150
L 564.83, -2819.884, -28.0, 590.43, -2816.584, -28.0, 150, 150, 150
L 549.13, -2838.784, -28.0, 564.83, -2819.884, -28.0, 150, 150, 150
L 546.03, -2828.084, -28.0, 549.13, -2838.784, -28.0, 150, 150, 150
L 539.63, -2828.284, -28.0, 546.03, -2828.084, -28.0, 150, 150, 150
L 538.63, -2830.284, -28.0, 539.63, -2828.284, -28.0, 150, 150, 150
L 522.33, -2837.784, -28.0, 538.63, -2830.284, -28.0, 150, 150, 150
L 513.13, -2831.784, -28.0, 522.33, -2837.784, -28.0, 150, 150, 150
L 510.53, -2843.484, -28.0, 513.13, -2831.784, -28.0, 150, 150, 150
L 503.53, -2846.084, -28.0, 510.53, -2843.484, -28.0, 150, 150, 150
L 490.33, -2870.184, -27.8, 503.53, -2846.084, -28.0, 150, 150, 150
L 466.23, -2881.784, -27.3, 490.33, -2870.184, -27.8, 150, 150, 150
L 450.83, -2881.384, -27.3, 466.23, -2881.784, -27.3, 150, 150, 150
L 448.33, -2892.684, -26.8, 450.83, -2881.384, -27.3, 150, 150, 150
L 439.53, -2893.984, -26.7, 448.33, -2892.684, -26.8, 150, 150, 150
L 429.93, -2908.484, -26.1, 439.53, -2893.984, -26.7, 150, 150, 150
L 420.23, -2897.884, -26.6, 429.93, -2908.484, -26.1, 150, 150, 150
L 404.23, -2899.084, -27.3, 420.23, -2897.884, -26.6, 150, 150, 150
L 400.13, -2894.484, -27.5, 404.23, -2899.084, -27.3, 150, 150, 150
L 393.33, -2896.684, -27.8, 400.13, -2894.484, -27.5, 150, 150, 150
L 387.93, -2918.984, -28.0, 393.33, -2896.684, -27.8, 150, 150, 150
L 365.13, -2920.184, -28.0, 387.93, -2918.984, -28.0, 150, 150, 150
L 354.03, -2938.284, -28.0, 365.13, -2920.184, -28.0, 150, 150, 150
L 343.63, -2929.184, -28.0, 354.03, -2938.284, -28.0, 150, 150, 150
L 329.33, -2933.884, -28.0, 343.63, -2929.184, -28.0, 150, 150, 150
L 309.93, -2930.684, -28.0, 329.33, -2933.884, -28.0, 150, 150, 150
L 313.43, -2943.984, -28.0, 309.93, -2930.684, -28.0, 150, 150, 150
L 298.23, -2945.484, -28.0, 313.43, -2943.984, -28.0, 150, 150, 150
L 291.13, -2960.784, -28.0, 298.23, -2945.484, -28.0, 150, 150, 150
L 280.03, -2968.984, -28.0, 291.13, -2960.784, -28.0, 150, 150, 150
L 265.03, -2977.284, -28.0, 280.03, -2968.984, -28.0, 150, 150, 150
L 262.93, -2993.084, -28.0, 265.03, -2977.284, -28.0, 150, 150, 150
L 258.63, -3007.784, -28.0, 262.93, -2993.084, -28.0, 150, 150, 150
L 259.23, -3018.284, -28.0, 258.63, -3007.784, -28.0, 150, 150, 150
L 255.23, -3033.584, -28.0, 259.23, -3018.284, -28.0, 150, 150, 150
L 244.13, -3043.684, -28.0, 255.23, -3033.584, -28.0, 150, 150, 150
L 240.13, -3065.984, -28.0, 244.13, -3043.684, -28.0, 150, 150, 150
L 230.13, -3068.684, -27.3, 240.13, -3065.984, -28.0, 150, 150, 150
L 225.13, -3097.784, -8.8, 230.13, -3068.684, -27.3, 150, 150, 150
L 210.73, -3114.084, -15.2, 225.13, -3097.784, -8.8, 150, 150, 150
L 208.23, -3122.684, -16.7, 210.73, -3114.084, -15.2, 150, 150, 150
L 209.23, -3127.384, -16.1, 208.23, -3122.684, -16.7, 150, 150, 150
L 210.63, -3136.284, -15.2, 209.23, -3127.384, -16.1, 150, 150, 150
L 206.33, -3147.984, -18.0, 210.63, -3136.284, -15.2, 150, 150, 150
L 203.43, -3154.484, -19.8, 206.33, -3147.984, -18.0, 150, 150, 150
L 202.73, -3156.484, -20.2, 203.43, -3154.484, -19.8, 150, 150, 150
L 192.23, -3164.884, -27.0, 202.73, -3156.484, -20.2, 150, 150, 150
L 180.03, -3175.784, -27.6, 192.23, -3164.884, -27.0, 150, 150, 150
L 171.93, -3184.184, -27.3, 180.03, -3175.784, -27.6, 150, 150, 150
L 162.63, -3199.584, -26.6, 171.93, -3184.184, -27.3, 150, 150, 150
L 155.93, -3199.884, -26.6, 162.63, -3199.584, -26.6, 150, 150, 150
L 143.43, -3209.184, -26.2, 155.93, -3199.884, -26.6, 150, 150, 150
L 167.03, -3220.984, -25.7, 143.43, -3209.184, -26.2, 150, 150, 150
L 175.63, -3234.384, -25.2, 167.03, -3220.984, -25.7, 150, 150, 150
L 178.23, -3244.384, -24.8, 175.63, -3234.384, -25.2, 150, 150, 150
L 181.23, -3257.284, -24.2, 178.23, -3244.384, -24.8, 150, 150, 150
L 189.73, -3266.984, -23.8, 181.23, -3257.284, -24.2, 150, 150, 150
L 192.23, -3268.484, -23.4, 189.73, -3266.984, -23.8, 150, 150, 150
L 207.33, -3278.384, -16.5, 192.23, -3268.484, -23.4, 150, 150, 150
L 263.53, -3327.684, 18.6, 207.33, -3278.384, -16.5, 150, 150, 150
L 255.23, -3325.984, 17.7, 263.53, -3327.684, 18.6, 150, 150, 150
L 249.03, -3326.084, 17.6, 255.23, -3325.984, 17.7, 150, 150, 150
L 197.13, -3324.784, -21.4, 249.03, -3326.084, 17.6, 150, 150, 150
L 194.93, -3346.584, -24.0, 197.13, -3324.784, -21.4, 150, 150, 150
L 180.53, -3346.184, -27.1, 194.93, -3346.584, -24.0, 150, 150, 150
L 169.83, -3342.584, -27.4, 180.53, -3346.184, -27.1, 150, 150, 150
L 160.33, -3339.984, -27.6, 169.83, -3342.584, -27.4, 150, 150, 150
L 150.33, -3340.984, -27.6, 160.33, -3339.984, -27.6, 150, 150, 150
L 135.13, -3345.384, -27.5, 150.33, -3340.984, -27.6, 150, 150, 150
L 117.83, -3336.684, -27.6, 135.13, -3345.384, -27.5, 150, 150, 150
L 99.83, -3344.084, -27.5, 117.83, -3336.684, -27.6, 150, 150, 150
L 86.43, -3342.984, -27.5, 99.83, -3344.084, -27.5, 150, 150, 150
L 68.93, -3341.884, -27.6, 86.43, -3342.984, -27.5, 150, 150, 150
L 47.13, -3339.284, -27.6, 68.93, -3341.884, -27.6, 150, 150, 150
L 33.73, -3343.184, -27.5, 47.13, -3339.284, -27.6, 150, 150, 150
L 17.33, -3335.184, -27.6, 33.73, -3343.184, -27.5, 150, 150, 150
L 5.53, -3346.784, -27.5, 17.33, -3335.184, -27.6, 150, 150, 150
L -9.17, -3340.984, -27.6, 5.53, -3346.784, -27.5, 150, 150, 150
L -22.27, -3346.284, -27.5, -9.17, -3340.984, -27.6, 150, 150, 150
L -33.97, -3340.084, -27.6, -22.27, -3346.284, -27.5, 150, 150, 150
L -45.37, -3342.584, -27.5, -33.97, -3340.084, -27.6, 150, 150, 150
L -57.77, -3337.884, -27.6, -45.37, -3342.584, -27.5, 150, 150, 150
L -66.17, -3346.884, -27.5, -57.77, -3337.884, -27.6, 150, 150, 150
L -85.37, -3334.184, -27.6, -66.17, -3346.884, -27.5, 150, 150, 150
L -87.07, -3338.184, -27.6, -85.37, -3334.184, -27.6, 150, 150, 150
L -98.27, -3346.884, -27.5, -87.07, -3338.184, -27.6, 150, 150, 150
L -107.67, -3344.484, -27.5, -98.27, -3346.884, -27.5, 150, 150, 150
L -114.37, -3346.384, -27.5, -107.67, -3344.484, -27.5, 150, 150, 150
L -129.57, -3342.084, -27.5, -114.37, -3346.384, -27.5, 150, 150, 150
L -142.07, -3339.284, -27.6, -129.57, -3342.084, -27.5, 150, 150, 150
L -156.37, -3340.184, -27.6, -142.07, -3339.284, -27.6, 150, 150, 150
L -166.07, -3344.784, -27.5, -156.37, -3340.184, -27.6, 150, 150, 150
L -188.07, -3335.784, -27.6, -166.07, -3344.784, -27.5, 150, 150, 150
L -202.67, -3342.284, -27.5, -188.07, -3335.784, -27.6, 150, 150, 150
L -212.27, -3343.484, -27.5, -202.67, -3342.284, -27.5, 150, 150, 150
L -234.27, -3337.184, -27.6, -212.27, -3343.484, -27.5, 150, 150, 150
L -256.97, -3342.884, -27.5, -234.27, -3337.184, -27.6, 150, 150, 150
L -281.17, -3341.984, -27.6, -256.97, -3342.884, -27.5, 150, 150, 150
L -299.17, -3345.284, -27.5, -281.17, -3341.984, -27.6, 150, 150, 150
L -324.17, -3345.484, -27.5, -299.17, -3345.284, -27.5, 150, 150, 150
L -347.37, -3339.584, -27.6, -324.17, -3345.484, -27.5, 150, 150, 150
L -362.17, -3347.384, -27.5, -347.37, -3339.584, -27.6, 150, 150, 150
L -383.87, -3338.084, -27.6, -362.17, -3347.384, -27.5, 150, 150, 150
L -410.27, -3342.484, -27.5, -383.87, -3338.084, -27.6, 150, 150, 150
L -425.17, -3344.284, -27.5, -410.27, -3342.484, -27.5, 150, 150, 150
L -435.27, -3339.184, -27.6, -425.17, -3344.284, -27.5, 150, 150, 150
L -449.07, -3340.484, -27.6, -435.27, -3339.184, -27.6, 150, 150, 150
L -463.97, -3343.184, -27.5, -449.07, -3340.484, -27.6, 150, 150, 150
L -473.87, -3333.484, -27.6, -463.97, -3343.184, -27.5, 150, 150, 150
L -482.77, -3332.484, -27.6, -473.87, -3333.484, -27.6, 150, 150, 150
L -501.47, -3345.284, -27.5, -482.77, -3332.484, -27.6, 150, 150, 150
L -520.57, -3342.884, -27.5, -501.47, -3345.284, -27.5, 150, 150, 150
L -531.47, -3340.284, -27.6, -520.57, -3342.884, -27.5, 150, 150, 150
L -538.97, -3340.084, -27.6, -531.47, -3340.284, -27.6, 150, 150, 150
L -550.67, -3338.384, -27.6, -538.97, -3340.084, -27.6, 150, 150, 150
L -563.07, -3344.484, -27.5, -550.67, -3338.384, -27.6, 150, 150, 150
L -583.07, -3335.484, -27.6, -563.07, -3344.484, -27.5, 150, 150, 150
L -596.47, -3343.184, -27.5, -583.07, -3335.484, -27.6, 150, 150, 150
L -609.47, -3340.884, -27.6, -596.47, -3343.184, -27.5, 150, 150, 150
L -631.67, -3339.984, -27.6, -609.47, -3340.884, -27.6, 150, 150, 150
L -650.27, -3338.884, -27.6, -631.67, -3339.984, -27.6, 150, 150, 150
L -663.77, -3343.584, -27.5, -650.27, -3338.884, -27.6, 150, 150, 150
L -679.87, -3338.284, -27.6, -663.77, -3343.584, -27.5, 150, 150, 150
L -717.47, -3345.284, -26.9, -679.87, -3338.284, -27.6, 150, 150, 150
L -733.07, -3342.584, -25.8, -717.47, -3345.284, -26.9, 150, 150, 150
L -765.27, -3344.084, -25.9, -733.07, -3342.584, -25.8, 150, 150, 150
L -784.37, -3337.884, -25.5, -765.27, -3344.084, -25.9, 150, 150, 150
L -808.57, -3346.284, -25.9, -784.37, -3337.884, -25.5, 150, 150, 150
L -808.47, -3366.884, -27.1, -808.57, -3346.284, -25.9, 150, 150, 150
L -830.17, -3345.984, 1.9, -808.47, -3366.884, -27.1, 150, 150, 150
L -831.77, -3341.184, 4.2, -830.17, -3345.984, 1.9, 150, 150, 150
L -852.67, -3313.084, 32.3, -831.77, -3341.184, 4.2, 150, 150, 150
L -808.27, -3268.884, -21.0, -852.67, -3313.084, 32.3, 150, 150, 150
L -821.97, -3258.484, -15.4, -808.27, -3268.884, -21.0, 150, 150, 150
L -845.87, -3245.484, 0.0, -821.97, -3258.484, -15.4, 150, 150, 150
L -856.07, -3231.784, -2.2, -845.87, -3245.484, 0.0, 150, 150, 150
L -874.07, -3224.384, 11.5, -856.07, -3231.784, -2.2, 150, 150, 150
L -882.37, -3192.184, -12.5, -874.07, -3224.384, 11.5, 150, 150, 150
L -897.67, -3189.284, 0.9, -882.37, -3192.184, -12.5, 150, 150, 150
L -898.07, -3181.084, -8.2, -897.67, -3189.284, 0.9, 150, 150, 150
L -905.27, -3169.484, -9.9, -898.07, -3181.084, -8.2, 150, 150, 150
L -914.17, -3131.584, -15.9, -905.27, -3169.484, -9.9, 150, 150, 150
L -929.17, -3127.884, -16.2, -914.17, -3131.584, -15.9, 150, 150, 150
L -935.47, -3125.984, -16.5, -929.17, -3127.884, -16.2, 150, 150, 150
L -944.47, -3124.284, -16.6, -935.47, -3125.984, -16.5, 150, 150, 150
L -955.57, -3118.484, -17.4, -944.47, -3124.284, -16.6, 150, 150, 150
L -959.87, -3108.384, -19.2, -955.57, -3118.484, -17.4, 150, 150, 150
L -969.27, -3089.284, -22.6, -959.87, -3108.384, -19.2, 150, 150, 150
L -975.17, -3078.284, -24.5, -969.27, -3089.284, -22.6, 150, 150, 150
L -978.47, -3067.784, -26.4, -975.17, -3078.284, -24.5, 150, 150, 150
L -1008.57, -3067.784, -25.6, -978.47, -3067.784, -26.4, 150, 150, 150
L -1036.87, -3047.684, -4.0, -1008.57, -3067.784, -25.6, 150, 150, 150
L -1050.37, -3038.184, 6.6, -1036.87, -3047.684, -4.0, 150, 150, 150
L -1061.47, -3028.384, 12.8, -1050.37, -3038.184, 6.6, 150, 150, 150
L -1069.57, -3006.584, 3.0, -1061.47, -3028.384, 12.8, 150, 150, 150
L -1109.37, -2969.484, 23.4, -1069.57, -3006.584, 3.0, 150, 150, 150
L -1118.97, -2959.284, 25.6, -1109.37, -2969.484, 23.4, 150, 150, 150
L -1152.57, -2925.184, 34.3, -1118.97, -2959.284, 25.6, 150, 150, 150
L -1170.87, -2922.084, 61.2, -1152.57, -2925.184, 34.3, 150, 150, 150
L -1171.17, -2906.984, 40.2, -1170.87, -2922.084, 61.2, 150, 150, 150
L -1181.37, -2894.284, 41.2, -1171.17, -2906.984, 40.2, 150, 150, 150
L -1198.17, -2881.384, 49.9, -1181.37, -2894.284, 41.2, 150, 150, 150
L -1206.87, -2871.884, 51.0, -1198.17, -2881.384, 49.9, 150, 150, 150
L -1187.97, -2861.384, 33.7, -1206.87, -2871.884, 51.0, 150, 150, 150
L -1185.07, -2851.584, 25.9, -1187.97, -2861.384, 33.7, 150, 150, 150
L -1177.97, -2835.584, 12.0, -1185.07, -2851.584, 25.9, 150, 150, 150
L -1178.97, -2817.084, 1.0, -1177.97, -2835.584, 12.0, 150, 150, 150
L -1178.47, -2811.784, -2.5, -1178.97, -2817.084, 1.0, 150, 150, 150
L -1173.27, -2803.884, -10.3, -1178.47, -2811.784, -2.5, 150, 150, 150
L -1158.67, -2784.384, -3.7, -1173.27, -2803.884, -10.3, 150, 150, 150
L -1155.57, -2769.684, -0.6, -1158.67, -2784.384, -3.7, 150, 150, 150
L -1137.47, -2725.384, 8.8, -1155.57, -2769.684, -0.6, 150, 150, 150
L -1152.47, -2705.184, 7.8, -1137.47, -2725.384, 8.8, 150, 150, 150
L -1150.17, -2683.284, 10.3, -1152.47, -2705.184, 7.8, 150, 150, 150
L -1159.47, -2671.984, 9.6, -1150.17, -2683.284, 10.3, 150, 150, 150
L -1158.57, -2649.484, 7.7, -1159.47, -2671.984, 9.6, 150, 150, 150
L -1173.57, -2632.384, 2.6, -1158.57, -2649.484, 7.7, 150, 150, 150
L -1171.27, -2628.184, 2.4, -1173.57, -2632.384, 2.6, 150, 150, 150
L -1172.57, -2609.484, -0.3, -1171.27, -2628.184, 2.4, 150, 150, 150
L -1176.87, -2599.684, -2.4, -1172.57, -2609.484, -0.3, 150, 150, 150
L -1181.47, -2592.584, -4.4, -1176.87, -2599.684, -2.4, 150, 150, 150
L -1184.67, -2583.984, -6.5, -1181.47, -2592.584, -4.4, 150, 150, 150
L -1189.37, -2575.984, -8.7, -1184.67, -2583.984, -6.5, 150, 150, 150
L -1202.27, -2569.584, -11.6, -1189.37, -2575.984, -8.7, 150, 150, 150
L -1209.57, -2565.484, -13.2, -1202.27, -2569.584, -11.6, 150, 150, 150
L -1217.87, -2549.284, -15.3, -1209.57, -2565.484, -13.2, 150, 150, 150
L -1232.97, -2540.584, -15.9, -1217.87, -2549.284, -15.3, 150, 150, 150
L -1240.87, -2538.984, -15.8, -1232.97, -2540.584, -15.9, 150, 150, 150
L -1251.47, -2536.084, -15.8, -1240.87, -2538.984, -15.8, 150, 150, 150
L -1263.27, -2537.284, -15.2, -1251.47, -2536.084, -15.8, 150, 150, 150
L -1274.17, -2530.984, -15.7, -1263.27, -2537.284, -15.2, 150, 150, 150
L -1285.67, -2521.684, -16.6, -1274.17, -2530.984, -15.7, 150, 150, 150
L -1309.17, -2513.184, -16.9, -1285.67, -2521.684, -16.6, 150, 150, 150
L -1386.07, -2490.584, 137.8, -1309.17, -2513.184, -16.9, 150, 150, 150
L -1386.07, -2468.384, 134.7, -1386.07, -2490.584, 137.8, 0, 125, 0
L -1386.07, -2455.684, 124.7, -1386.07, -2468.384, 134.7, 0, 0, 0
L -259.27, -2467.784, -28.0, -259.17, -2467.684, -28.0, 205, 133, 63
L -264.87, -2481.484, -28.0, -259.27, -2467.784, -28.0, 205, 133, 63
L -261.87, -2486.084, -28.0, -264.87, -2481.484, -28.0, 205, 133, 63
L -258.57, -2500.984, -28.0, -261.87, -2486.084, -28.0, 205, 133, 63
L -255.37, -2504.684, -28.0, -258.57, -2500.984, -28.0, 205, 133, 63
L -259.87, -2517.284, -28.0, -255.37, -2504.684, -28.0, 205, 133, 63
L -267.57, -2534.984, -28.0, -259.87, -2517.284, -28.0, 205, 133, 63
L -262.87, -2542.784, -28.0, -267.57, -2534.984, -28.0, 205, 133, 63
L -259.37, -2550.084, -28.0, -262.87, -2542.784, -28.0, 205, 133, 63
L -257.57, -2558.384, -28.0, -259.37, -2550.084, -28.0, 205, 133, 63
L -264.37, -2573.984, -28.0, -257.57, -2558.384, -28.0, 205, 133, 63
L -267.37, -2584.784, -28.0, -264.37, -2573.984, -28.0, 205, 133, 63
L -259.87, -2590.784, -28.0, -267.37, -2584.784, -28.0, 205, 133, 63
L -257.77, -2596.884, -28.0, -259.87, -2590.784, -28.0, 205, 133, 63
L -251.47, -2607.684, -28.0, -257.77, -2596.884, -28.0, 205, 133, 63
L -260.37, -2617.484, -28.0, -251.47, -2607.684, -28.0, 205, 133, 63
L -269.17, -2635.584, -28.0, -260.37, -2617.484, -28.0, 205, 133, 63
L -258.27, -2649.084, -28.0, -269.17, -2635.584, -28.0, 205, 133, 63
L -258.97, -2668.284, -28.0, -258.27, -2649.084, -28.0, 205, 133, 63
L -258.67, -2677.384, -28.0, -258.97, -2668.284, -28.0, 205, 133, 63
L -258.37, -2684.984, -28.0, -258.67, -2677.384, -28.0, 205, 133, 63
L -269.97, -2696.484, -28.0, -258.37, -2684.984, -28.0, 205, 133, 63
L -259.27, -3289.984, -27.8, -259.07, -3306.284, -27.8, 205, 133, 63
L -257.67, -3254.684, -28.0, -259.27, -3289.984, -27.8, 205, 133, 63
L -267.77, -3233.284, -28.0, -257.67, -3254.684, -28.0, 205, 133, 63
L -253.57, -3212.584, -28.0, -267.77, -3233.284, -28.0, 205, 133, 63
L -256.67, -3194.484, -28.0, -253.57, -3212.584, -28.0, 205, 133, 63
L -264.07, -3187.884, -28.0, -256.67, -3194.484, -28.0, 205, 133, 63
L -255.67, -3160.484, -28.0, -264.07, -3187.884, -28.0, 205, 133, 63
L -267.07, -3137.684, -28.0, -255.67, -3160.484, -28.0, 205, 133, 63
L -254.67, -3108.984, -28.0, -267.07, -3137.684, -28.0, 205, 133, 63
L -262.07, -3087.084, -28.0, -254.67, -3108.984, -28.0, 205, 133, 63
L -255.67, -3059.684, -28.0, -262.07, -3087.084, -28.0, 205, 133, 63
L -265.67, -3037.884, -28.0, -255.67, -3059.684, -28.0, 205, 133, 63
L -250.17, -3009.484, -28.0, -265.67, -3037.884, -28.0, 205, 133, 63
L -263.97, -2982.784, -28.0, -250.17, -3009.484, -28.0, 205, 133, 63
L -257.07, -2962.684, -28.0, -263.97, -2982.784, -28.0, 205, 133, 63
L -265.37, -2937.084, -28.0, -257.07, -2962.684, -28.0, 205, 133, 63
L -252.97, -2906.784, -28.0, -265.37, -2937.084, -28.0, 205, 133, 63
L -255.97, -2895.284, -28.0, -252.97, -2906.784, -28.0, 205, 133, 63
L -264.37, -2884.184, -28.0, -255.97, -2895.284, -28.0, 205, 133, 63
L -257.37, -2861.584, -28.0, -264.37, -2884.184, -28.0, 205, 133, 63
L -267.57, -2835.484, -28.0, -257.37, -2861.584, -28.0, 205, 133, 63
L -252.87, -2804.884, -28.0, -267.57, -2835.484, -28.0, 205, 133, 63
L -262.87, -2785.484, -28.0, -252.87, -2804.884, -28.0, 205, 133, 63
L -259.27, -2769.684, -28.0, -262.87, -2785.484, -28.0, 205, 133, 63
L -263.47, -2756.384, -28.0, -259.27, -2769.684, -28.0, 205, 133, 63
L -253.47, -2725.484, -28.0, -263.47, -2756.384, -28.0, 205, 133, 63
L -272.37, -2697.584, -28.0, -253.47, -2725.484, -28.0, 205, 133, 63
L -280.27, -2687.084, -28.0, -272.37, -2697.584, -28.0, 205, 133, 63
L -293.37, -2681.684, -28.0, -280.27, -2687.084, -28.0, 205, 133, 63
L -307.57, -2667.884, -28.0, -293.37, -2681.684, -28.0, 205, 133, 63
L -313.97, -2661.584, -28.0, -307.57, -2667.884, -28.0, 205, 133, 63
L -316.27, -2659.284, -28.0, -313.97, -2661.584, -28.0, 205, 133, 63
L -319.57, -2653.084, -28.0, -316.27, -2659.284, -28.0, 205, 133, 63
L -325.27, -2645.884, -28.0, -319.57, -2653.084, -28.0, 205, 133, 63
L -333.67, -2625.184, -28.0, -325.27, -2645.884, -28.0, 205, 133, 63
L -343.37, -2614.684, -28.0, -333.67, -2625.184, -28.0, 205, 133, 63
L -368.67, -2609.984, -27.8, -343.37, -2614.684, -28.0, 205, 133, 63
L -376.07, -2616.684, -26.5, -368.67, -2609.984, -27.8, 205, 133, 63
L -401.77, -2618.384, -24.0, -376.07, -2616.684, -26.5, 205, 133, 63
L -417.17, -2615.184, -23.6, -401.77, -2618.384, -24.0, 205, 133, 63
L -427.17, -2616.284, -23.5, -417.17, -2615.184, -23.6, 205, 133, 63
L -442.37, -2626.684, -22.5, -427.17, -2616.284, -23.5, 205, 133, 63
L -457.87, -2617.984, -23.3, -442.37, -2626.684, -22.5, 205, 133, 63
L -466.57, -2610.884, -23.9, -457.87, -2617.984, -23.3, 205, 133, 63
L -475.27, -2615.884, -22.4, -466.57, -2610.884, -23.9, 205, 133, 63
L -492.77, -2623.184, -19.6, -475.27, -2615.884, -22.4, 205, 133, 63
L -497.07, -2622.684, -19.3, -492.77, -2623.184, -19.6, 205, 133, 63
L -505.97, -2617.184, -19.5, -497.07, -2622.684, -19.3, 205, 133, 63
L -517.27, -2616.084, -19.5, -505.97, -2617.184, -19.5, 205, 133, 63
L -527.67, -2616.584, -19.4, -517.27, -2616.084, -19.5, 205, 133, 63
L -542.17, -2626.084, -17.7, -527.67, -2616.584, -19.4, 205, 133, 63
L -562.27, -2612.284, -20.1, -542.17, -2626.084, -17.7, 205, 133, 63
L -579.67, -2612.284, -21.4, -562.27, -2612.284, -20.1, 205, 133, 63
L -590.27, -2617.484, -21.8, -579.67, -2612.284, -21.4, 205, 133, 63
L -602.27, -2614.184, -23.1, -590.27, -2617.484, -21.8, 205, 133, 63
L -617.27, -2616.784, -23.4, -602.27, -2614.184, -23.1, 205, 133, 63
L -623.47, -2620.884, -23.1, -617.27, -2616.784, -23.4, 205, 133, 63
L -632.77, -2618.084, -23.3, -623.47, -2620.884, -23.1, 205, 133, 63
L -648.67, -2623.384, -22.8, -632.77, -2618.084, -23.3, 205, 133, 63
L -662.67, -2622.684, -23.6, -648.67, -2623.384, -22.8, 205, 133, 63
L -677.57, -2614.084, -25.0, -662.67, -2622.684, -23.6, 205, 133, 63
L -686.07, -2603.884, -25.8, -677.57, -2614.084, -25.0, 205, 133, 63
L -692.27, -2590.484, -26.4, -686.07, -2603.884, -25.8, 205, 133, 63
L -701.37, -2576.684, -27.2, -692.27, -2590.484, -26.4, 205, 133, 63
L -708.07, -2568.184, -27.9, -701.37, -2576.684, -27.2, 205, 133, 63
L -718.47, -2557.184, -28.0, -708.07, -2568.184, -27.9, 205, 133, 63
L -744.07, -2551.884, -28.0, -718.47, -2557.184, -28.0, 205, 133, 63
L -750.27, -2545.084, -28.0, -744.07, -2551.884, -28.0, 205, 133, 63
L -764.47, -2540.784, -28.0, -750.27, -2545.084, -28.0, 205, 133, 63
L -769.77, -2533.484, -28.0, -764.47, -2540.784, -28.0, 205, 133, 63
L -767.07, -2509.984, -28.0, -769.77, -2533.484, -28.0, 205, 133, 63
L -774.77, -2489.684, -27.8, -767.07, -2509.984, -28.0, 205, 133, 63
L -799.57, -2475.684, -27.9, -774.77, -2489.684, -27.8, 205, 133, 63
L -819.57, -2460.884, -28.0, -799.57, -2475.684, -27.9, 205, 133, 63
L -836.07, -2448.884, -28.0, -819.57, -2460.884, -28.0, 205, 133, 63
L -853.57, -2439.384, -28.0, -836.07, -2448.884, -28.0, 205, 133, 63
L -857.57, -2436.084, -28.0, -853.57, -2439.384, -28.0, 205, 133, 63
L -863.97, -2420.184, -28.0, -857.57, -2436.084, -28.0, 205, 133, 63
L -859.17, -2397.684, -28.0, -863.97, -2420.184, -28.0, 205, 133, 63
L -859.97, -2371.084, -28.0, -859.17, -2397.684, -28.0, 205, 133, 63
L -1370.87, -2454.084, 92.2, -1386.17, -2455.684, 124.8, 0, 0, 0
L -1352.97, -2452.084, 53.8, -1370.87, -2454.084, 92.2, 150, 150, 150
L -1319.57, -2457.984, -8.5, -1352.97, -2452.084, 53.8, 150, 150, 150
L -1309.27, -2458.284, -23.6, -1319.57, -2457.984, -8.5, 150, 150, 150
L -1292.77, -2447.384, -23.8, -1309.27, -2458.284, -23.6, 150, 150, 150
L -1280.27, -2400.384, -27.0, -1292.77, -2447.384, -23.8, 150, 150, 150
L -1281.87, -2384.384, -24.3, -1280.27, -2400.384, -27.0, 150, 150, 150
L -1283.87, -2368.984, -21.6, -1281.87, -2384.384, -24.3, 150, 150, 150
L -1293.07, -2360.984, -20.5, -1283.87, -2368.984, -21.6, 150, 150, 150
L -1277.97, -2344.584, -12.8, -1293.07, -2360.984, -20.5, 150, 150, 150
L -1259.87, -2319.084, -0.9, -1277.97, -2344.584, -12.8, 150, 150, 150
L -1227.47, -2322.184, 6.3, -1259.87, -2319.084, -0.9, 150, 150, 150
L -1210.37, -2327.384, 9.1, -1227.47, -2322.184, 6.3, 150, 150, 150
L -1198.37, -2318.184, 14.3, -1210.37, -2327.384, 9.1, 150, 150, 150
L -1183.17, -2320.184, 17.3, -1198.37, -2318.184, 14.3, 150, 150, 150
L -1169.07, -2302.884, 24.8, -1183.17, -2320.184, 17.3, 150, 150, 150
L -1158.97, -2304.384, 26.1, -1169.07, -2302.884, 24.8, 150, 150, 150
L -1151.37, -2309.284, 26.4, -1158.97, -2304.384, 26.1, 150, 150, 150
L -1112.77, -2343.884, 25.7, -1151.37, -2309.284, 26.4, 150, 150, 150
L -1110.47, -2338.584, 27.3, -1112.77, -2343.884, 25.7, 150, 150, 150
L -1089.97, -2319.084, 26.7, -1110.47, -2338.584, 27.3, 150, 150, 150
L -1059.17, -2341.384, 15.1, -1089.97, -2319.084, 26.7, 150, 150, 150
L -1058.27, -2322.684, 18.8, -1059.17, -2341.384, 15.1, 150, 150, 150
L -1057.07, -2310.084, 21.7, -1058.27, -2322.684, 18.8, 150, 150, 150
L -1050.07, -2302.484, 22.5, -1057.07, -2310.084, 21.7, 150, 150, 150
L -1037.27, -2313.784, 17.3, -1050.07, -2302.484, 22.5, 150, 150, 150
L -1025.17, -2314.084, 15.2, -1037.27, -2313.784, 17.3, 150, 150, 150
L -1007.97, -2315.084, 11.9, -1025.17, -2314.084, 15.2, 150, 150, 150
L -961.77, -2326.584, -3.3, -1007.97, -2315.084, 11.9, 150, 150, 150
L -948.17, -2310.484, -2.3, -961.77, -2326.584, -3.3, 150, 150, 150
L -924.17, -2313.684, -9.1, -948.17, -2310.484, -2.3, 150, 150, 150
L -894.47, -2314.184, -12.8, -924.17, -2313.684, -9.1, 150, 150, 150
L -886.17, -2336.284, -19.0, -894.47, -2314.184, -12.8, 150, 150, 150
L -866.17, -2312.384, -12.3, -886.17, -2336.284, -19.0, 150, 150, 150
L -852.17, -2318.684, -14.0, -866.17, -2312.384, -12.3, 150, 150, 150
L -825.47, -2309.784, -11.5, -852.17, -2318.684, -14.0, 150, 150, 150
L -796.27, -2315.284, -12.6, -825.47, -2309.784, -11.5, 150, 150, 150
L -774.87, -2318.084, -12.6, -796.27, -2315.284, -12.6, 150, 150, 150
L -753.37, -2310.784, -8.5, -774.87, -2318.084, -12.6, 150, 150, 150
L -735.97, -2324.284, -11.4, -753.37, -2310.784, -8.5, 150, 150, 150
L -703.07, -2319.484, -6.8, -735.97, -2324.284, -11.4, 150, 150, 150
L -690.57, -2335.784, -14.0, -703.07, -2319.484, -6.8, 150, 150, 150
L -673.37, -2331.284, -13.8, -690.57, -2335.784, -14.0, 150, 150, 150
L -656.17, -2335.184, -16.8, -673.37, -2331.284, -13.8, 150, 150, 150
L -642.57, -2340.284, -19.9, -656.17, -2335.184, -16.8, 150, 150, 150
L -611.07, -2345.884, -25.1, -642.57, -2340.284, -19.9, 150, 150, 150
L -589.37, -2348.584, -24.4, -611.07, -2345.884, -25.1, 150, 150, 150
L -568.67, -2328.484, -15.3, -589.37, -2348.584, -24.4, 150, 150, 150
L -551.87, -2327.884, -13.7, -568.67, -2328.484, -15.3, 150, 150, 150
L -542.07, -2329.884, -13.5, -551.87, -2327.884, -13.7, 150, 150, 150
L -529.57, -2324.384, -10.0, -542.07, -2329.884, -13.5, 150, 150, 150
L -513.47, -2325.184, -8.5, -529.57, -2324.384, -10.0, 150, 150, 150
L -499.77, -2301.684, 0.3, -513.47, -2325.184, -8.5, 150, 150, 150
L -494.37, -2301.284, 0.2, -499.77, -2301.684, 0.3, 150, 150, 150
L -487.37, -2313.084, -4.5, -494.37, -2301.284, 0.2, 150, 150, 150
L -453.37, -2315.684, -7.5, -487.37, -2313.084, -4.5, 150, 150, 150
L -416.77, -2318.684, -13.1, -453.37, -2315.684, -7.5, 150, 150, 150
L -393.37, -2322.284, -15.1, -416.77, -2318.684, -13.1, 150, 150, 150
L -377.17, -2326.384, -16.2, -393.37, -2322.284, -15.1, 150, 150, 150
L -364.47, -2329.284, -17.0, -377.17, -2326.384, -16.2, 150, 150, 150
L -319.77, -2347.484, -22.2, -364.47, -2329.284, -17.0, 150, 150, 150
L -305.77, -2367.484, -27.9, -319.77, -2347.484, -22.2, 150, 150, 150
L -291.47, -2374.684, -28.0, -305.77, -2367.484, -27.9, 150, 150, 150
L -280.67, -2384.484, -28.0, -291.47, -2374.684, -28.0, 150, 150, 150
L -246.37, -2391.184, -28.0, -280.67, -2384.484, -28.0, 150, 150, 150
L -246.37, -2408.884, -28.0, -246.37, -2391.184, -28.0, 150, 150, 150
L -227.67, -2418.184, -28.0, -246.37, -2408.884, -28.0, 150, 150, 150
L -207.67, -2414.984, -28.0, -227.67, -2418.184, -28.0, 150, 150, 150
L -187.27, -2410.484, -28.0, -207.67, -2414.984, -28.0, 150, 150, 150
L -169.17, -2398.384, -28.0, -187.27, -2410.484, -28.0, 150, 150, 150
L -161.07, -2401.384, -28.0, -169.17, -2398.384, -28.0, 150, 150, 150
L -133.87, -2383.884, -28.0, -161.07, -2401.384, -28.0, 150, 150, 150
L -120.47, -2376.684, -28.0, -133.87, -2383.884, -28.0, 150, 150, 150
L -106.07, -2351.284, -23.3, -120.47, -2376.684, -28.0, 150, 150, 150
L -92.57, -2348.684, -22.5, -106.07, -2351.284, -23.3, 150, 150, 150
L -69.37, -2320.484, -14.5, -92.57, -2348.684, -22.5, 150, 150, 150
L -25.37, -2319.684, -13.9, -69.37, -2320.484, -14.5, 150, 150, 150
L 3.13, -2332.284, -17.5, -25.37, -2319.684, -13.9, 150, 150, 150
L 25.03, -2316.284, -12.7, 3.13, -2332.284, -17.5, 150, 150, 150
L 44.43, -2324.784, -15.3, 25.03, -2316.284, -12.7, 150, 150, 150
L 62.63, -2309.884, -6.8, 44.43, -2324.784, -15.3, 150, 150, 150
L 99.33, -2318.184, -6.1, 62.63, -2309.884, -6.8, 150, 150, 150
L 115.83, -2314.384, -3.0, 99.33, -2318.184, -6.1, 150, 150, 150
L 153.53, -2303.984, -0.2, 115.83, -2314.384, -3.0, 150, 150, 150
L 204.03, -2318.684, -6.0, 153.53, -2303.984, -0.2, 150, 150, 150
L 214.13, -2305.984, -1.9, 204.03, -2318.684, -6.0, 150, 150, 150
L 226.63, -2302.584, -0.2, 214.13, -2305.984, -1.9, 150, 150, 150
L 251.23, -2300.984, 1.4, 226.63, -2302.584, -0.2, 150, 150, 150
L 261.43, -2279.084, 7.3, 251.23, -2300.984, 1.4, 150, 150, 150
L 291.33, -2270.384, 10.9, 261.43, -2279.084, 7.3, 150, 150, 150
L 305.73, -2273.084, 9.8, 291.33, -2270.384, 10.9, 150, 150, 150
L 312.13, -2284.684, 7.8, 305.73, -2273.084, 9.8, 150, 150, 150
L 343.73, -2289.584, 5.4, 312.13, -2284.684, 7.8, 150, 150, 150
L 363.53, -2320.384, 0.0, 343.73, -2289.584, 5.4, 150, 150, 150
L 408.43, -2314.084, -0.0, 363.53, -2320.384, 0.0, 150, 150, 150
L 430.23, -2302.684, 1.6, 408.43, -2314.084, -0.0, 150, 150, 150
L 459.53, -2307.584, -0.3, 430.23, -2302.684, 1.6, 150, 150, 150
L 472.43, -2294.084, -0.2, 459.53, -2307.584, -0.3, 150, 150, 150
L 464.23, -2276.684, 1.3, 472.43, -2294.084, -0.2, 150, 150, 150
L 478.83, -2275.684, 0.5, 464.23, -2276.684, 1.3, 150, 150, 150
L 493.03, -2265.484, 0.5, 478.83, -2275.684, 0.5, 150, 150, 150
L 496.23, -2275.984, -0.8, 493.03, -2265.484, 0.5, 150, 150, 150
L 507.13, -2288.384, -2.7, 496.23, -2275.984, -0.8, 150, 150, 150
L 513.23, -2296.984, -3.9, 507.13, -2288.384, -2.7, 150, 150, 150
L 516.03, -2312.984, -5.1, 513.23, -2296.984, -3.9, 150, 150, 150
L 529.03, -2321.584, -7.0, 516.03, -2312.984, -5.1, 150, 150, 150
L 529.13, -2339.984, -8.2, 529.03, -2321.584, -7.0, 150, 150, 150
L 540.83, -2366.284, -11.0, 529.13, -2339.984, -8.2, 150, 150, 150
L 540.43, -2400.484, -7.6, 540.83, -2366.284, -11.0, 150, 150, 150
L 550.03, -2409.484, -7.7, 540.43, -2400.484, -7.6, 150, 150, 150
L 551.33, -2441.784, -3.7, 550.03, -2409.484, -7.7, 150, 150, 150
L 579.03, -2445.584, -6.9, 551.33, -2441.784, -3.7, 150, 150, 150
L 582.43, -2460.984, -5.6, 579.03, -2445.584, -6.9, 150, 150, 150
L 590.73, -2467.684, -5.8, 582.43, -2460.984, -5.6, 150, 150, 150
L 621.53, -2482.784, -12.6, 590.73, -2467.684, -5.8, 150, 150, 150
L 629.63, -2486.784, -14.5, 621.53, -2482.784, -12.6, 150, 150, 150
L 650.33, -2519.984, -19.0, 629.63, -2486.784, -14.5, 150, 150, 150
L 674.03, -2534.084, -24.3, 650.33, -2519.984, -19.0, 150, 150, 150
L 688.33, -2563.984, -27.5, 674.03, -2534.084, -24.3, 150, 150, 150
L 740.23, -2610.684, 2.7, 688.33, -2563.984, -27.5, 150, 150, 150
L 749.93, -2602.884, 1.1, 740.23, -2610.684, 2.7, 150, 100, 0
L -78.07, 1289.016, 16.9, -85.47, 1319.916, 16.9, 0, 0, 0
L -109.17, 1281.916, 16.9, -78.07, 1289.016, 16.9, 0, 0, 0
L -116.67, 1312.716, 16.9, -109.17, 1281.916, 16.9, 0, 0, 0
L -85.67, 1319.816, 16.9, -116.67, 1312.716, 16.9, 0, 0, 0
L -85.37, 1320.416, 16.9, -76.17, 1287.716, -19.4, 0, 0, 0
L -117.47, 1313.016, 6.5, -85.37, 1320.416, 16.9, 0, 0, 0
L -111.07, 1278.816, -33.8, -117.47, 1313.016, 6.5, 0, 0, 0
L -76.37, 1287.516, -19.6, -111.07, 1278.816, -33.8, 0, 0, 0
L 523.63, 993.216, 9.3, 528.83, 991.316, 9.3, 150, 150, 150
L 518.53, 990.916, 9.3, 523.63, 993.216, 9.3, 150, 150, 150
L 516.53, 985.716, 9.3, 518.53, 990.916, 9.3, 150, 150, 150
L 518.73, 980.816, 9.3, 516.53, 985.716, 9.3, 150, 150, 150
L 524.23, 978.616, 9.3, 518.73, 980.816, 9.3, 150, 150, 150
L 529.23, 980.916, 9.3, 524.23, 978.616, 9.3, 150, 150, 150
L 531.13, 986.016, 9.3, 529.23, 980.916, 9.3, 150, 150, 150
L 528.83, 991.316, 9.3, 531.13, 986.016, 9.3, 150, 150, 150
L 512.23, 986.916, 6.6, 517.73, 997.116, 6.6, 150, 150, 150
L 518.33, 977.116, 6.6, 512.23, 986.916, 6.6, 150, 150, 150
L 530.03, 977.516, 6.6, 518.33, 977.116, 6.6, 150, 150, 150
L 535.43, 987.816, 6.6, 530.03, 977.516, 6.6, 150, 150, 150
L 529.03, 997.616, 6.6, 535.43, 987.816, 6.6, 150, 150, 150
L 517.53, 997.016, 6.6, 529.03, 997.616, 6.6, 150, 150, 150
L 504.23, 991.816, 3.8, 513.03, 1009.116, 3.8, 150, 150, 150
L 514.53, 975.716, 3.8, 504.23, 991.816, 3.8, 150, 150, 150
L 534.13, 976.616, 3.8, 514.53, 975.716, 3.8, 150, 150, 150
L 542.93, 993.616, 3.8, 534.13, 976.616, 3.8, 150, 150, 150
L 532.63, 1009.816, 3.8, 542.93, 993.616, 3.8, 150, 150, 150
L 512.93, 1009.016, 3.8, 532.63, 1009.816, 3.8, 150, 150, 150
L 504.33, 991.616, 3.8, 512.93, 1009.016, 3.8, 150, 150, 150
L 538.83, 975.616, 2.4, 510.03, 974.316, 2.4, 150, 150, 150
L 552.33, 1001.516, 2.4, 538.83, 975.616, 2.4, 150, 150, 150
L 536.73, 1026.116, 2.4, 552.33, 1001.516, 2.4, 150, 150, 150
L 507.73, 1025.016, 2.4, 536.73, 1026.116, 2.4, 150, 150, 150
L 494.03, 998.816, 2.4, 507.73, 1025.016, 2.4, 150, 150, 150
L 494.03, 998.716, 2.4, 494.03, 998.816, 2.4, 150, 150, 150
L 509.63, 974.516, 2.4, 494.03, 998.716, 2.4, 150, 150, 150
L 204.43, 526.916, -84.6, 204.43, 519.616, -76.7, 0, 0, 0
L 204.43, 547.916, -84.5, 204.43, 526.916, -84.6, 0, 0, 0
L 204.43, 562.416, -79.9, 204.43, 547.916, -84.5, 0, 0, 0
L 217.63, 562.416, -78.6, 204.43, 562.416, -79.9, 0, 0, 0
L 247.13, 562.416, -79.2, 217.63, 562.416, -78.6, 0, 0, 0
L 247.13, 549.916, -84.5, 247.13, 562.416, -79.2, 0, 0, 0
L 247.13, 526.216, -84.6, 247.13, 549.916, -84.5, 0, 0, 0
L 247.13, 519.616, -77.5, 247.13, 526.216, -84.6, 0, 0, 0
L 204.43, 519.616, -76.7, 247.13, 519.616, -77.5, 0, 0, 0
L 204.03, 535.916, -84.2, 199.93, 535.916, -84.2, 0, 0, 0
L 199.83, 547.516, -84.2, 203.93, 547.516, -84.2, 0, 0, 0
L 199.53, 531.116, -84.4, 191.03, 531.116, -84.4, 0, 0, 0
L 190.83, 528.016, -85.6, 199.53, 528.116, -85.9, 0, 0, 0
L 190.63, 532.916, -90.7, 190.83, 528.016, -85.6, 0, 0, 0
L 190.73, 550.816, -84.9, 190.63, 532.916, -90.7, 0, 0, 0
L 195.33, 550.916, -84.4, 199.53, 549.416, -84.4, 0, 0, 0
L 190.63, 550.916, -84.9, 195.33, 550.916, -84.4, 0, 0, 0
L 199.53, 549.516, -84.4, 199.53, 566.616, -79.1, 0, 0, 0
L 199.53, 531.216, -84.4, 199.53, 549.516, -84.4, 0, 0, 0
L 199.53, 528.416, -86.0, 199.53, 531.216, -84.4, 0, 0, 0
L 199.53, 514.916, -71.5, 199.53, 528.416, -86.0, 0, 0, 0
L 252.03, 515.316, -72.9, 199.53, 514.916, -71.5, 0, 0, 0
L 252.03, 532.916, -91.9, 252.03, 515.316, -72.9, 0, 0, 0
L 252.03, 566.916, -77.3, 252.03, 532.916, -91.9, 0, 0, 0
L 251.83, 567.216, -77.2, 252.03, 566.916, -77.3, 0, 0, 0
L 251.13, 567.216, -77.1, 251.83, 567.216, -77.2, 0, 0, 0
L 221.43, 567.216, -76.7, 251.13, 567.216, -77.1, 0, 0, 0
L 199.93, 567.216, -78.8, 221.43, 567.216, -76.7, 0, 0, 0
L -295.97, 162.116, -35.1, -296.97, 163.916, -35.1, 100, 50, 0
L -297.47, 160.616, -34.5, -295.97, 162.116, -35.1, 100, 50, 0
L -296.87, 159.116, -35.0, -297.47, 160.616, -34.5, 100, 50, 0
L -295.07, 160.416, -34.7, -296.87, 159.116, -35.0, 100, 50, 0
L -293.77, 158.616, -34.7, -295.07, 160.416, -34.7, 100, 50, 0
L -292.27, 159.316, -35.1, -293.77, 158.616, -34.7, 100, 50, 0
L -293.57, 161.216, -34.7, -292.27, 159.316, -35.1, 100, 50, 0
L -291.77, 162.116, -35.1, -293.57, 161.216, -34.7, 100, 50, 0
L -292.17, 163.716, -35.2, -291.77, 162.116, -35.1, 100, 50, 0
L -294.27, 162.516, -34.6, -292.17, 163.716, -35.2, 100, 50, 0
L -295.17, 164.916, -35.2, -294.27, 162.516, -34.6, 100, 50, 0
L -296.97, 163.916, -35.1, -295.17, 164.916, -35.2, 100, 50, 0
L -293.27, 159.016, -34.2, -295.97, 164.116, -34.2, 255, 0, 0
L -296.77, 160.316, -34.2, -292.27, 162.716, -34.2, 255, 0, 0
L -345.67, 157.516, -9.1, -357.67, 155.916, -14.2, 100, 50, 0
L -345.87, 158.316, -9.1, -345.67, 157.516, -9.1, 100, 50, 0
L -357.37, 156.716, -14.1, -345.87, 158.316, -9.1, 100, 50, 0
L -356.97, 156.316, -13.8, -359.47, 174.216, -36.4, 100, 50, 0
L -355.17, 139.616, -35.2, -356.97, 156.316, -13.8, 100, 50, 0
L -396.17, 133.216, -36.3, -355.17, 139.616, -35.2, 100, 50, 0
L -398.37, 150.516, -33.3, -396.17, 133.216, -36.3, 100, 50, 0
L -401.17, 168.216, -36.5, -398.37, 150.516, -33.3, 100, 50, 0
L -359.27, 174.016, -36.4, -401.17, 168.216, -36.5, 100, 50, 0
L -319.27, 185.216, -9.2, -313.37, 194.716, -14.3, 100, 50, 0
L -318.87, 184.416, -9.0, -319.27, 185.216, -9.2, 100, 50, 0
L -312.57, 194.016, -14.2, -318.87, 184.416, -9.0, 100, 50, 0
L -291.27, 229.916, -33.4, -289.27, 233.716, -36.9, 100, 50, 0
L -290.27, 229.516, -33.7, -291.27, 229.916, -33.4, 100, 50, 0
L -287.97, 233.116, -36.9, -290.27, 229.516, -33.7, 100, 50, 0
L -289.27, 233.716, -36.8, -287.97, 233.116, -36.9, 100, 50, 0
L -313.77, 194.416, -14.2, -328.57, 203.816, -36.2, 100, 50, 0
L -298.57, 185.016, -35.6, -313.77, 194.416, -14.2, 100, 50, 0
L -275.37, 219.616, -36.8, -298.57, 185.016, -35.6, 100, 50, 0
L -290.67, 229.116, -33.2, -275.37, 219.616, -36.8, 100, 50, 0
L -302.67, 237.016, -35.7, -290.67, 229.116, -33.2, 100, 50, 0
L -306.07, 237.416, -35.6, -302.67, 237.016, -35.7, 100, 50, 0
L -308.57, 234.516, -36.3, -306.07, 237.416, -35.6, 100, 50, 0
L -328.57, 203.816, -36.4, -308.57, 234.516, -36.3, 100, 50, 0
L -349.97, 188.916, -9.2, -359.57, 195.216, -14.3, 100, 50, 0
L -350.47, 188.416, -9.2, -349.97, 188.916, -9.2, 100, 50, 0
L -360.17, 194.416, -14.3, -350.47, 188.416, -9.2, 100, 50, 0
L -395.27, 216.016, -33.3, -399.07, 218.316, -36.2, 100, 50, 0
L -394.77, 216.816, -33.3, -395.27, 216.016, -33.3, 100, 50, 0
L -398.17, 219.316, -36.2, -394.77, 216.816, -33.3, 100, 50, 0
L -399.07, 218.316, -36.2, -398.17, 219.316, -36.2, 100, 50, 0
L -394.87, 216.316, -33.1, -404.27, 201.516, -36.3, 100, 50, 0
L -385.07, 231.116, -36.2, -394.87, 216.316, -33.1, 100, 50, 0
L -349.67, 209.916, -36.6, -385.07, 231.116, -36.2, 100, 50, 0
L -359.47, 194.516, -13.8, -349.67, 209.916, -36.6, 100, 50, 0
L -368.57, 179.516, -36.1, -359.47, 194.516, -13.8, 100, 50, 0
L -404.37, 201.516, -36.3, -368.57, 179.516, -36.1, 100, 50, 0
L -1233.37, 1443.416, 3.7, -1229.87, 1439.316, 3.7, 255, 0, 0
L -1233.37, 1439.616, 3.7, -1229.27, 1443.116, 3.7, 255, 0, 0
L -1233.17, 1438.516, 3.0, -1234.37, 1440.116, 3.2, 100, 50, 0
L -1231.57, 1440.016, 3.2, -1233.17, 1438.516, 3.0, 100, 50, 0
L -1230.07, 1438.216, 2.9, -1231.57, 1440.016, 3.2, 100, 50, 0
L -1228.97, 1439.216, 3.2, -1230.07, 1438.216, 2.9, 100, 50, 0
L -1230.47, 1441.116, 3.3, -1228.97, 1439.216, 3.2, 100, 50, 0
L -1228.47, 1442.616, 2.8, -1230.47, 1441.116, 3.3, 100, 50, 0
L -1229.67, 1444.016, 2.8, -1228.47, 1442.616, 2.8, 100, 50, 0
L -1231.47, 1442.716, 3.1, -1229.67, 1444.016, 2.8, 100, 50, 0
L -1232.97, 1444.216, 3.2, -1231.47, 1442.716, 3.1, 100, 50, 0
L -1233.87, 1443.316, 3.4, -1232.97, 1444.216, 3.2, 100, 50, 0
L -1232.77, 1441.516, 2.2, -1233.87, 1443.316, 3.4, 100, 50, 0
L -1234.37, 1440.116, 2.2, -1232.77, 1441.516, 2.2, 100, 50, 0
L -1218.37, 1476.616, 1.5, -1238.37, 1473.016, 1.6, 100, 50, 0
L -1221.77, 1496.416, 1.1, -1218.37, 1476.616, 1.5, 100, 50, 0
L -1241.87, 1493.116, 1.2, -1221.77, 1496.416, 1.1, 100, 50, 0
L -1238.47, 1473.116, 1.6, -1241.87, 1493.116, 1.2, 100, 50, 0
L -1273.47, 1484.316, 1.7, -1286.07, 1468.716, 1.9, 100, 50, 0
L -1257.47, 1471.516, 1.6, -1273.47, 1484.316, 1.7, 100, 50, 0
L -1267.07, 1459.816, 1.8, -1257.47, 1471.516, 1.6, 100, 50, 0
L -1270.57, 1455.916, 1.9, -1267.07, 1459.816, 1.8, 100, 50, 0
L -1286.47, 1468.716, 1.9, -1270.57, 1455.916, 1.9, 100, 50, 0
L -1267.97, 1441.116, 2.2, -1261.77, 1433.216, 2.4, 100, 50, 0
L -1276.87, 1439.816, 2.2, -1267.97, 1441.116, 2.2, 100, 50, 0
L -1280.57, 1431.316, 2.5, -1276.87, 1439.816, 2.2, 100, 50, 0
L -1275.17, 1424.116, 3.1, -1280.57, 1431.316, 2.5, 100, 50, 0
L -1266.27, 1425.316, 3.0, -1275.17, 1424.116, 3.1, 100, 50, 0
L -1261.77, 1433.216, 2.4, -1266.27, 1425.316, 3.0, 100, 50, 0
L -1046.87, 1157.516, 94.9, -1048.77, 1163.016, 94.9, 0, 0, 0
L -1042.07, 1143.516, 94.9, -1046.87, 1157.516, 94.9, 0, 0, 0
L -1040.97, 1142.016, 94.9, -1042.07, 1143.516, 94.9, 0, 0, 0
L -1039.27, 1141.616, 94.9, -1040.97, 1142.016, 94.9, 0, 0, 0
L -1024.37, 1138.116, 94.9, -1039.27, 1141.616, 94.9, 0, 0, 0
L -1015.87, 1136.116, 94.9, -1024.37, 1138.116, 94.9, 0, 0, 0
L -1014.57, 1135.616, 94.6, -1015.87, 1136.116, 94.9, 0, 0, 0
L -1013.17, 1135.716, 94.6, -1014.57, 1135.616, 94.6, 0, 0, 0
L -1002.57, 1145.016, 94.6, -1013.17, 1135.716, 94.6, 0, 0, 0
L -992.87, 1153.516, 94.6, -1002.57, 1145.016, 94.6, 0, 0, 0
L -983.57, 1161.716, 94.6, -992.87, 1153.516, 94.6, 0, 0, 0
L -972.17, 1171.716, 94.6, -983.57, 1161.716, 94.6, 0, 0, 0
L -964.87, 1187.416, 94.6, -972.17, 1171.716, 94.6, 0, 0, 0
L -960.47, 1198.816, 94.6, -964.87, 1187.416, 94.6, 0, 0, 0
L -958.87, 1203.816, 99.0, -960.47, 1198.816, 94.6, 0, 0, 0
L -960.67, 1204.416, 105.6, -958.87, 1203.816, 99.0, 0, 0, 0
L -964.57, 1208.916, 111.7, -960.67, 1204.416, 105.6, 0, 0, 0
L -972.87, 1220.916, 119.4, -964.57, 1208.916, 111.7, 0, 0, 0
L -981.57, 1233.416, 127.9, -972.87, 1220.916, 119.4, 0, 0, 0
L -995.47, 1253.616, 140.1, -981.57, 1233.416, 127.9, 0, 0, 0
L -998.17, 1256.316, 144.8, -995.47, 1253.616, 140.1, 0, 0, 0
L -999.67, 1257.416, 143.3, -998.17, 1256.316, 144.8, 0, 0, 0
L -1004.77, 1261.316, 137.9, -999.67, 1257.416, 143.3, 0, 0, 0
L -1016.77, 1270.416, 125.3, -1004.77, 1261.316, 137.9, 0, 0, 0
L -1026.57, 1276.816, 117.3, -1016.77, 1270.416, 125.3, 0, 0, 0
L -1030.07, 1278.916, 115.0, -1026.57, 1276.816, 117.3, 0, 0, 0
L -1030.77, 1279.116, 114.5, -1030.07, 1278.916, 115.0, 0, 0, 0
L -1048.77, 1284.316, 101.9, -1030.77, 1279.116, 114.5, 0, 0, 0
L -1051.67, 1283.316, 103.2, -1048.77, 1284.316, 101.9, 0, 0, 0
L -1060.77, 1278.216, 97.9, -1051.67, 1283.316, 103.2, 0, 0, 0
L -1066.07, 1275.216, 94.9, -1060.77, 1278.216, 97.9, 0, 0, 0
L -1066.27, 1273.116, 95.4, -1066.07, 1275.216, 94.9, 0, 0, 0
L -1065.57, 1261.716, 95.4, -1066.27, 1273.116, 95.4, 0, 0, 0
L -1063.37, 1205.516, 95.1, -1065.57, 1261.716, 95.4, 0, 0, 0
L -1062.97, 1204.216, 95.0, -1063.37, 1205.516, 95.1, 0, 0, 0
L -1057.57, 1188.516, 95.0, -1062.97, 1204.216, 95.0, 0, 0, 0
L -1047.97, 1160.516, 95.0, -1057.57, 1188.516, 95.0, 0, 0, 0
L -1104.77, -681.684, 137.8, -1104.77, -683.884, 137.8, 150, 100, 0
L -1104.37, -673.884, 137.8, -1104.77, -681.684, 137.8, 150, 100, 0
L -1104.27, -672.184, 137.8, -1104.37, -673.884, 137.8, 150, 100, 0
L -1103.47, -669.584, 138.0, -1104.27, -672.184, 137.8, 150, 100, 0
L -1099.47, -655.584, 138.0, -1103.47, -669.584, 138.0, 150, 100, 0
L -1095.87, -643.184, 138.0, -1099.47, -655.584, 138.0, 150, 100, 0
L -1094.67, -639.784, 137.5, -1095.87, -643.184, 138.0, 150, 100, 0
L -1092.87, -638.184, 137.5, -1094.67, -639.784, 137.5, 150, 100, 0
L -1085.27, -631.584, 137.5, -1092.87, -638.184, 137.5, 150, 100, 0
L -1077.57, -624.984, 137.5, -1085.27, -631.584, 137.5, 150, 100, 0
L -1075.67, -623.684, 138.6, -1077.57, -624.984, 137.5, 150, 100, 0
L -1073.47, -624.084, 138.8, -1075.67, -623.684, 138.6, 150, 100, 0
L -1063.37, -626.584, 138.8, -1073.47, -624.084, 138.8, 150, 100, 0
L -1055.37, -628.484, 138.7, -1063.37, -626.584, 138.8, 150, 100, 0
L -1048.97, -630.084, 138.7, -1055.37, -628.484, 138.7, 150, 100, 0
L -1046.27, -630.884, 137.6, -1048.97, -630.084, 138.7, 150, 100, 0
L -1043.77, -642.584, 137.6, -1046.27, -630.884, 137.6, 150, 100, 0
L -1040.57, -657.784, 137.6, -1043.77, -642.584, 137.6, 150, 100, 0
L -1037.77, -670.784, 137.6, -1040.57, -657.784, 137.6, 150, 100, 0
L -1035.97, -679.184, 137.6, -1037.77, -670.784, 137.6, 150, 100, 0
L -1035.17, -682.984, 137.6, -1035.97, -679.184, 137.6, 150, 100, 0
L -1034.97, -684.784, 137.6, -1035.17, -682.984, 137.6, 150, 100, 0
L -1035.17, -687.784, 137.6, -1034.97, -684.784, 137.6, 150, 100, 0
L -1035.67, -693.184, 137.6, -1035.17, -687.784, 137.6, 150, 100, 0
L -1036.57, -703.984, 137.6, -1035.67, -693.184, 137.6, 150, 100, 0
L -1036.67, -705.584, 137.4, -1036.57, -703.984, 137.6, 150, 100, 0
L -1037.57, -707.284, 137.7, -1036.67, -705.584, 137.4, 150, 100, 0
L -1038.57, -708.184, 137.7, -1037.57, -707.284, 137.7, 150, 100, 0
L -1040.07, -709.584, 137.7, -1038.57, -708.184, 137.7, 150, 100, 0
L -1043.17, -712.384, 137.7, -1040.07, -709.584, 137.7, 150, 100, 0
L -1048.47, -717.284, 137.7, -1043.17, -712.384, 137.7, 150, 100, 0
L -1052.97, -720.684, 137.7, -1048.47, -717.284, 137.7, 150, 100, 0
L -1053.87, -720.784, 137.7, -1052.97, -720.684, 137.7, 150, 100, 0
L -1055.87, -720.884, 137.7, -1053.87, -720.784, 137.7, 150, 100, 0
L -1062.17, -721.384, 137.7, -1055.87, -720.884, 137.7, 150, 100, 0
L -1076.27, -722.384, 137.7, -1062.17, -721.384, 137.7, 150, 100, 0
L -1077.77, -721.984, 137.8, -1076.27, -722.384, 137.7, 150, 100, 0
L -1104.87, -709.884, 137.8, -1077.77, -721.984, 137.8, 150, 100, 0
L -1106.47, -708.784, 137.8, -1104.87, -709.884, 137.8, 150, 100, 0
L -1106.07, -707.784, 137.9, -1106.47, -708.784, 137.8, 150, 100, 0
L -1105.87, -702.784, 137.9, -1106.07, -707.784, 137.9, 150, 100, 0
L -1105.77, -698.884, 137.9, -1105.87, -702.784, 137.9, 150, 100, 0
L -1104.37, -683.284, 137.9, -1105.77, -698.884, 137.9, 150, 100, 0
L -787.27, -1151.584, 7.2, -803.47, -1164.584, 7.1, 0, 0, 0
L -786.27, -1152.684, 7.2, -787.27, -1151.584, 7.2, 0, 0, 0
L -803.17, -1164.784, 7.2, -802.47, -1165.784, 7.2, 0, 0, 0
L -802.87, -1165.684, 6.8, -805.87, -1162.084, 0.3, 150, 150, 150
L -803.37, -1166.784, 7.2, -802.87, -1165.684, 6.8, 0, 0, 0
L -787.67, -1185.784, 7.2, -803.37, -1166.784, 7.2, 0, 0, 0
L -769.47, -1170.484, 7.2, -787.67, -1185.784, 7.2, 0, 0, 0
L -784.97, -1151.784, 7.2, -769.47, -1170.484, 7.2, 0, 0, 0
L -786.27, -1152.584, 7.2, -784.97, -1151.784, 7.2, 0, 0, 0
L -792.47, -1144.484, -6.3, -786.27, -1152.584, 7.2, 150, 150, 150
L -786.17, -1094.484, -18.9, -779.87, -1103.184, -18.0, 0, 0, 0
L -778.17, -1084.984, -22.5, -786.17, -1094.484, -18.9, 0, 0, 0
L -772.07, -1094.284, -21.2, -778.17, -1084.984, -22.5, 0, 0, 0
L -779.87, -1103.184, -18.1, -772.07, -1094.284, -21.2, 0, 0, 0
L -726.47, -1179.084, 2.5, -730.27, -1175.684, 2.4, 0, 0, 0
L -722.77, -1176.284, 2.4, -726.47, -1179.084, 2.5, 0, 0, 0
L -725.87, -1172.184, 2.4, -722.77, -1176.284, 2.4, 0, 0, 0
L -730.27, -1175.684, 2.4, -725.87, -1172.184, 2.4, 0, 0, 0
L -807.07, -1167.384, 2.5, -788.17, -1190.284, 2.6, 150, 150, 150
L -808.87, -1165.784, 1.8, -807.07, -1167.384, 2.5, 150, 150, 150
L -805.87, -1162.084, 0.3, -808.87, -1165.784, 1.8, 150, 150, 150
L -806.97, -1160.684, 0.0, -805.87, -1162.084, 0.3, 150, 150, 150
L -793.27, -1143.584, -6.4, -806.97, -1160.684, 0.0, 150, 150, 150
L -792.27, -1144.584, -6.3, -793.27, -1143.584, -6.4, 150, 150, 150
L -783.47, -1134.484, -10.2, -792.27, -1144.584, -6.3, 150, 150, 150
L -781.87, -1136.784, -10.0, -783.47, -1134.484, -10.2, 150, 150, 150
L -767.67, -1167.384, 2.4, -781.87, -1136.784, -10.0, 150, 150, 150
L -764.37, -1171.584, 2.4, -767.67, -1167.384, 2.4, 150, 150, 150
L -788.17, -1190.684, 2.4, -764.37, -1171.584, 2.4, 150, 150, 150
L -790.17, -1224.784, 2.4, -793.87, -1228.284, 2.7, 0, 0, 0
L -787.37, -1228.784, 2.4, -790.17, -1224.784, 2.4, 0, 0, 0
L -787.87, -1229.384, 2.4, -787.37, -1228.784, 2.4, 0, 0, 0
L -791.07, -1231.784, 2.4, -787.87, -1229.384, 2.4, 0, 0, 0
L -793.87, -1228.284, 2.4, -791.07, -1231.784, 2.4, 0, 0, 0
L 412.23, -1159.984, 5.8, 410.63, -1160.484, 5.4, 100, 50, 0
L 411.73, -1157.984, 6.0, 412.23, -1159.984, 5.8, 100, 50, 0
L 414.23, -1157.684, 5.4, 411.73, -1157.984, 6.0, 100, 50, 0
L 414.03, -1155.884, 5.7, 414.23, -1157.684, 5.4, 100, 50, 0
L 411.73, -1156.184, 5.8, 414.03, -1155.884, 5.7, 100, 50, 0
L 411.33, -1153.884, 5.7, 411.73, -1156.184, 5.8, 100, 50, 0
L 409.73, -1154.084, 5.7, 411.33, -1153.884, 5.7, 100, 50, 0
L 410.03, -1156.584, 5.8, 409.73, -1154.084, 5.7, 100, 50, 0
L 407.93, -1156.884, 5.8, 410.03, -1156.584, 5.8, 100, 50, 0
L 408.03, -1158.484, 5.8, 407.93, -1156.884, 5.8, 100, 50, 0
L 410.43, -1158.084, 5.8, 408.03, -1158.484, 5.8, 100, 50, 0
L 410.73, -1160.384, 5.7, 410.43, -1158.084, 5.8, 100, 50, 0
L 411.53, -1159.884, 6.3, 410.43, -1154.284, 6.3, 255, 0, 0
L 408.23, -1157.684, 6.3, 414.03, -1156.684, 6.3, 255, 0, 0
L 380.33, -1134.484, 31.5, 369.23, -1137.484, 26.1, 100, 50, 0
L 379.83, -1133.784, 31.3, 380.33, -1134.484, 31.5, 100, 50, 0
L 369.13, -1136.184, 26.4, 379.83, -1133.784, 31.3, 100, 50, 0
L 369.03, -1136.784, 26.6, 365.73, -1118.584, 3.2, 100, 50, 0
L 373.43, -1153.484, 4.9, 369.03, -1136.784, 26.6, 100, 50, 0
L 333.13, -1162.084, 5.0, 373.43, -1153.484, 4.9, 100, 50, 0
L 331.93, -1160.384, 4.9, 333.13, -1162.084, 5.0, 100, 50, 0
L 329.93, -1152.484, 7.1, 331.93, -1160.384, 4.9, 100, 50, 0
L 323.83, -1147.384, 4.3, 328.43, -1146.484, 7.1, 100, 50, 0
L 323.53, -1146.484, 4.2, 323.83, -1147.384, 4.3, 100, 50, 0
L 328.13, -1145.384, 7.1, 323.53, -1146.484, 4.2, 100, 50, 0
L 328.43, -1145.884, 7.3, 328.13, -1145.384, 7.1, 100, 50, 0
L 324.53, -1128.784, 4.2, 329.93, -1152.484, 7.3, 100, 50, 0
L 365.83, -1119.184, 4.2, 324.53, -1128.784, 4.2, 100, 50, 0
L 377.93, -1095.584, 24.4, 369.53, -1110.284, 3.1, 100, 50, 0
L 386.73, -1079.784, 2.1, 377.93, -1095.584, 24.4, 100, 50, 0
L 387.93, -1100.884, 29.1, 377.63, -1095.184, 24.1, 100, 50, 0
L 387.53, -1101.584, 29.1, 387.93, -1100.884, 29.1, 100, 50, 0
L 377.83, -1096.184, 24.0, 387.53, -1101.584, 29.1, 100, 50, 0
L 333.03, -1090.784, 2.0, 369.53, -1110.284, 3.1, 100, 50, 0
L 340.73, -1075.984, 4.7, 333.03, -1090.784, 2.0, 100, 50, 0
L 336.93, -1073.984, 2.4, 340.73, -1075.984, 4.7, 100, 50, 0
L 336.93, -1072.584, 1.3, 336.93, -1073.984, 2.4, 100, 50, 0
L 341.73, -1074.684, 4.8, 336.93, -1072.584, 1.3, 100, 50, 0
L 349.93, -1060.384, 2.1, 341.73, -1074.684, 4.8, 100, 50, 0
L 386.73, -1079.784, 1.6, 349.93, -1060.384, 2.1, 100, 50, 0
L 460.23, -1085.584, 7.8, 464.43, -1083.184, 4.7, 100, 50, 0
L 461.13, -1086.184, 7.2, 460.23, -1085.584, 7.8, 100, 50, 0
L 464.83, -1084.184, 4.8, 461.13, -1086.184, 7.2, 100, 50, 0
L 464.33, -1083.184, 4.7, 464.83, -1084.184, 4.8, 100, 50, 0
L 422.73, -1104.584, 27.0, 430.53, -1120.084, 5.3, 100, 50, 0
L 412.93, -1109.484, 32.0, 422.83, -1104.784, 27.0, 100, 50, 0
L 412.93, -1108.784, 31.8, 412.93, -1109.484, 32.0, 100, 50, 0
L 422.53, -1104.184, 27.2, 412.93, -1108.784, 31.8, 100, 50, 0
L 414.53, -1088.784, 3.1, 422.73, -1104.584, 27.2, 100, 50, 0
L 452.43, -1069.784, 3.1, 414.53, -1088.784, 3.1, 100, 50, 0
L 459.93, -1086.184, 7.4, 452.43, -1069.784, 3.1, 100, 50, 0
L 467.13, -1099.384, 4.5, 459.93, -1086.184, 7.4, 100, 50, 0
L 467.43, -1101.784, 4.5, 467.13, -1099.384, 4.5, 100, 50, 0
L 430.53, -1120.084, 4.5, 467.43, -1101.784, 4.5, 100, 50, 0
L 961.83, -2006.684, 4.6, 962.63, -2006.484, 4.6, 100, 50, 0
L 960.03, -1996.784, 4.6, 960.63, -1996.684, 4.6, 100, 50, 0
L 963.73, -2010.484, 4.4, 981.33, -2006.984, 4.4, 100, 50, 0
L 960.23, -1992.884, 4.4, 963.73, -2010.484, 4.4, 100, 50, 0
L 977.83, -1989.384, 4.4, 960.23, -1992.884, 4.4, 100, 50, 0
L 981.33, -2006.984, 4.4, 977.83, -1989.384, 4.4, 100, 50, 0
L 971.73, -2062.784, 12.1, 971.03, -2062.484, 12.1, 100, 50, 0
L 974.83, -2053.184, 12.1, 975.33, -2053.384, 12.1, 100, 50, 0
L 977.13, -2050.084, 11.9, 970.53, -2066.684, 11.9, 100, 50, 0
L 993.83, -2056.684, 11.9, 977.13, -2050.084, 11.9, 100, 50, 0
L 987.13, -2073.384, 11.9, 993.83, -2056.684, 11.9, 100, 50, 0
L 970.53, -2066.684, 11.9, 987.13, -2073.384, 11.9, 100, 50, 0
L 807.63, -2000.884, 4.9, 806.43, -1999.984, 4.9, 100, 50, 0
L 812.93, -1992.484, 4.9, 814.03, -1993.384, 4.9, 100, 50, 0
L 803.63, -2002.984, 4.8, 815.13, -1989.284, 4.8, 100, 50, 0
L 775.53, -1979.384, 4.8, 803.63, -2002.984, 4.8, 100, 50, 0
L 787.13, -1965.684, 4.8, 775.53, -1979.384, 4.8, 100, 50, 0
L 815.13, -1989.284, 4.8, 787.13, -1965.684, 4.8, 100, 50, 0
L -74.57, -2948.984, -28.0, -79.37, -2953.684, -27.4, 0, 0, 0
L -79.17, -2943.884, -28.0, -74.57, -2948.984, -28.0, 0, 0, 0
L -84.17, -2948.884, -27.4, -79.17, -2943.884, -28.0, 0, 0, 0
L 113.13, -3179.484, -24.6, 112.53, -3178.784, -24.6, 0, 0, 0
L 108.13, -3184.184, -24.6, 113.13, -3179.484, -24.6, 0, 0, 0
L 107.73, -3183.684, -24.6, 108.13, -3184.184, -24.6, 0, 0, 0
L 127.33, -3220.584, -26.4, 117.43, -3222.884, -26.9, 150, 150, 150
L 102.63, -3185.984, -27.5, 102.83, -3202.484, -27.5, 0, 0, 0
L 106.33, -3182.284, -27.4, 102.63, -3185.984, -27.5, 0, 0, 0
L 114.43, -3213.984, -27.0, 102.83, -3202.484, -27.5, 0, 0, 0
L 116.93, -3213.984, -26.9, 114.43, -3213.984, -27.0, 0, 0, 0
L -442.27, -3262.884, -26.4, -441.67, -3263.484, -26.4, 0, 0, 0
L -437.27, -3258.084, -26.4, -442.27, -3262.884, -26.4, 0, 0, 0
L -436.77, -3258.584, -26.4, -437.27, -3258.084, -26.4, 0, 0, 0
L -460.77, -3158.184, -26.4, -461.37, -3157.584, -26.4, 0, 0, 0
L -465.77, -3162.984, -26.4, -460.77, -3158.184, -26.4, 0, 0, 0
L -466.27, -3162.384, -26.4, -465.77, -3162.984, -26.4, 0, 0, 0
L -461.57, -3224.684, -26.4, -461.97, -3225.084, -26.4, 0, 0, 0
L -466.17, -3219.584, -26.4, -461.57, -3224.684, -26.4, 0, 0, 0
L -466.87, -3220.184, -26.4, -466.17, -3219.584, -26.4, 0, 0, 0
L -426.67, -3205.284, -28.0, -431.67, -3205.084, -28.0, 0, 0, 0
L -426.67, -3215.584, -28.0, -426.67, -3205.284, -28.0, 0, 0, 0
L -431.67, -3215.784, -28.0, -426.67, -3215.584, -28.0, 0, 0, 0
L -431.67, -3218.484, -28.0, -431.67, -3215.784, -28.0, 0, 0, 0
L -442.37, -3229.184, -28.0, -431.67, -3218.484, -28.0, 0, 0, 0
L -431.87, -3239.784, -28.0, -442.37, -3229.184, -28.0, 0, 0, 0
L -431.77, -3256.484, -28.0, -431.87, -3239.784, -28.0, 0, 0, 0
L -435.37, -3260.084, -28.0, -431.77, -3256.484, -28.0, 0, 0, 0
L -431.97, -3263.684, -28.0, -435.37, -3260.084, -28.0, 0, 0, 0
L -436.67, -3268.484, -28.0, -431.97, -3263.684, -28.0, 0, 0, 0
L -440.27, -3264.884, -28.0, -436.67, -3268.484, -28.0, 0, 0, 0
L -443.27, -3267.884, -28.0, -440.27, -3264.884, -28.0, 0, 0, 0
L -459.57, -3267.984, -28.0, -443.27, -3267.884, -28.0, 0, 0, 0
L -471.37, -3256.384, -28.0, -459.57, -3267.984, -28.0, 0, 0, 0
L -471.37, -3239.984, -28.0, -471.37, -3256.384, -28.0, 0, 0, 0
L -460.67, -3229.184, -28.0, -471.37, -3239.984, -28.0, 0, 0, 0
L -463.47, -3226.484, -28.0, -460.67, -3229.184, -28.0, 0, 0, 0
L -467.17, -3229.884, -28.0, -463.47, -3226.484, -28.0, 0, 0, 0
L -471.87, -3225.184, -28.0, -467.17, -3229.884, -28.0, 0, 0, 0
L -468.27, -3221.584, -28.0, -471.87, -3225.184, -28.0, 0, 0, 0
L -471.37, -3218.384, -28.0, -468.27, -3221.584, -28.0, 0, 0, 0
L -471.27, -3201.984, -28.0, -471.37, -3218.384, -28.0, 0, 0, 0
L -460.87, -3191.584, -28.0, -471.27, -3201.984, -28.0, 0, 0, 0
L -471.37, -3180.784, -28.0, -460.87, -3191.584, -28.0, 0, 0, 0
L -471.27, -3164.684, -28.0, -471.37, -3180.784, -28.0, 0, 0, 0
L -467.67, -3160.984, -28.0, -471.27, -3164.684, -28.0, 0, 0, 0
L -471.17, -3157.284, -28.0, -467.67, -3160.984, -28.0, 0, 0, 0
L -466.67, -3152.684, -28.0, -471.17, -3157.284, -28.0, 0, 0, 0
L -466.27, -3152.584, -28.0, -466.67, -3152.684, -28.0, 0, 0, 0
L -462.77, -3156.084, -28.0, -466.27, -3152.584, -28.0, 0, 0, 0
L -459.77, -3153.084, -28.0, -462.77, -3156.084, -28.0, 0, 0, 0
L -443.27, -3153.084, -28.0, -459.77, -3153.084, -28.0, 0, 0, 0
L -431.67, -3164.684, -28.0, -443.27, -3153.084, -28.0, 0, 0, 0
L -431.67, -3181.084, -28.0, -431.67, -3164.684, -28.0, 0, 0, 0
L -442.17, -3191.584, -28.0, -431.67, -3181.084, -28.0, 0, 0, 0
L -431.77, -3201.984, -28.0, -442.17, -3191.584, -28.0, 0, 0, 0
L -431.67, -3205.084, -28.0, -431.77, -3201.984, -28.0, 0, 0, 0
L 773.33, -1978.984, 2.7, 773.33, -1978.884, 2.7, 100, 50, 0
L 786.63, -1963.084, 2.4, 773.33, -1978.984, 2.7, 100, 50, 0
L 817.63, -1989.284, 0.7, 786.63, -1963.084, 2.4, 100, 50, 0
L 804.23, -2005.584, 1.5, 817.63, -1989.284, 0.7, 100, 50, 0
L 772.93, -1978.784, 2.8, 804.23, -2005.584, 1.5, 100, 50, 0
L 833.13, -2044.784, -0.4, 834.43, -2045.384, -0.5, 100, 50, 0
L 832.63, -2047.484, -0.4, 833.13, -2044.784, -0.4, 100, 50, 0
L 830.03, -2046.984, -0.2, 832.63, -2047.484, -0.4, 100, 50, 0
L 830.03, -2047.784, -0.2, 830.03, -2046.984, -0.2, 100, 50, 0
L 829.93, -2049.084, -0.2, 830.03, -2047.784, -0.2, 100, 50, 0
L 832.33, -2049.384, -0.3, 829.93, -2049.084, -0.2, 100, 50, 0
L 831.73, -2051.584, -0.3, 832.33, -2049.384, -0.3, 100, 50, 0
L 834.03, -2052.884, -0.4, 831.73, -2051.584, -0.3, 100, 50, 0
L 834.83, -2049.584, -0.5, 834.03, -2052.884, -0.4, 100, 50, 0
L 836.53, -2049.784, -0.6, 834.83, -2049.584, -0.5, 100, 50, 0
L 836.93, -2047.784, -0.6, 836.53, -2049.784, -0.6, 100, 50, 0
L 832.73, -2047.684, -0.5, 836.93, -2047.784, -0.6, 100, 50, 0
L 829.83, -2046.984, -0.0, 832.73, -2047.684, -0.5, 100, 50, 0
L 833.63, -2045.984, 1.1, 833.23, -2051.484, 1.1, 255, 0, 0
L 830.53, -2048.284, 1.1, 836.33, -2048.884, 1.1, 255, 0, 0
L 825.83, -2091.584, 2.9, 827.43, -2090.984, 0.1, 100, 50, 0
L 830.23, -2094.584, -0.1, 819.03, -2080.084, 0.6, 100, 50, 0
L 830.33, -2095.084, -0.1, 830.23, -2094.584, -0.1, 100, 50, 0
L 798.43, -2119.884, 1.8, 830.33, -2095.084, -0.1, 100, 50, 0
L 785.83, -2103.784, 2.4, 798.43, -2119.884, 1.8, 100, 50, 0
L 785.93, -2103.584, 2.4, 785.83, -2103.784, 2.4, 100, 50, 0
L 817.83, -2078.784, 0.7, 785.93, -2103.584, 2.4, 100, 50, 0
L 820.33, -2081.884, 0.5, 817.83, -2078.784, 0.7, 100, 50, 0
L 820.63, -2083.184, 2.9, 820.33, -2081.884, 0.5, 100, 50, 0
L 819.73, -2083.884, 2.9, 820.63, -2083.184, 2.9, 100, 50, 0
L 828.13, -2095.184, 2.8, 817.13, -2081.084, 2.8, 100, 50, 0
L 799.23, -2117.784, 2.8, 828.13, -2095.184, 2.8, 100, 50, 0
L 788.23, -2103.584, 2.8, 799.23, -2117.784, 2.8, 100, 50, 0
L 817.13, -2081.084, 2.8, 788.23, -2103.584, 2.8, 100, 50, 0
L -102.17, -2945.584, -27.4, -112.57, -2955.984, -27.4, 0, 0, 0
L -87.47, -2945.584, -27.4, -102.17, -2945.584, -27.4, 0, 0, 0
L -77.07, -2955.984, -27.4, -79.37, -2953.684, -27.4, 0, 0, 0
L -77.07, -2970.684, -27.4, -77.07, -2955.984, -27.4, 0, 0, 0
L -87.47, -2981.084, -27.4, -77.07, -2970.684, -27.4, 0, 0, 0
L -102.17, -2981.184, -27.4, -87.47, -2981.084, -27.4, 0, 0, 0
L -112.57, -2970.784, -27.4, -102.17, -2981.184, -27.4, 0, 0, 0
L -469.47, -3180.284, -26.4, -459.07, -3190.684, -26.4, 0, 0, 0
L -469.47, -3165.584, -26.4, -469.47, -3180.284, -26.4, 0, 0, 0
L -466.27, -3162.384, -26.4, -469.47, -3165.584, -26.4, 0, 0, 0
L -461.37, -3157.584, -26.4, -466.27, -3162.384, -26.4, 0, 0, 0
L -459.07, -3155.184, -26.4, -461.37, -3157.584, -26.4, 0, 0, 0
L -444.37, -3155.184, -26.4, -459.07, -3155.184, -26.4, 0, 0, 0
L -433.97, -3165.584, -26.4, -444.37, -3155.184, -26.4, 0, 0, 0
L -433.97, -3180.284, -26.4, -433.97, -3165.584, -26.4, 0, 0, 0
L -444.27, -3190.684, -26.4, -433.97, -3180.284, -26.4, 0, 0, 0
L -459.07, -3190.684, -26.4, -455.87, -3190.684, -26.4, 0, 0, 0
L -455.87, -3190.684, -26.4, -455.97, -3192.884, -26.4, 0, 0, 0
L -446.87, -3192.684, -26.4, -447.07, -3190.684, -26.4, 0, 0, 0
L -446.87, -3228.284, -26.4, -446.57, -3230.284, -26.4, 0, 0, 0
L -455.97, -3230.284, -26.4, -456.27, -3228.284, -26.4, 0, 0, 0
L -443.97, -3230.284, -26.4, -446.57, -3230.284, -26.4, 0, 0, 0
L -433.57, -3240.684, -26.4, -443.97, -3230.284, -26.4, 0, 0, 0
L -433.57, -3255.484, -26.4, -433.57, -3240.684, -26.4, 0, 0, 0
L -441.67, -3263.484, -26.4, -433.57, -3255.484, -26.4, 0, 0, 0
L -443.97, -3265.884, -26.4, -441.67, -3263.484, -26.4, 0, 0, 0
L -458.77, -3265.784, -26.4, -443.97, -3265.884, -26.4, 0, 0, 0
L -469.07, -3255.384, -26.4, -458.77, -3265.784, -26.4, 0, 0, 0
L -469.07, -3241.084, -26.4, -469.07, -3255.384, -26.4, 0, 0, 0
L -458.67, -3230.284, -26.4, -469.07, -3241.084, -26.4, 0, 0, 0
L -433.67, -3217.784, -26.4, -433.67, -3215.684, -26.4, 0, 0, 0
L -444.17, -3228.284, -26.4, -433.67, -3217.784, -26.4, 0, 0, 0
L -458.77, -3228.284, -26.4, -456.27, -3228.284, -26.4, 0, 0, 0
L -461.97, -3225.084, -26.4, -458.77, -3228.284, -26.4, 0, 0, 0
L -466.87, -3220.184, -26.4, -461.97, -3225.084, -26.4, 0, 0, 0
L -468.37, -3218.684, -26.4, -466.87, -3220.184, -26.4, 0, 0, 0
L -469.17, -3215.484, -26.4, -468.37, -3218.684, -26.4, 0, 0, 0
L -463.27, -3215.584, -26.4, -469.17, -3215.484, -26.4, 205, 133, 63
L -459.87, -3215.584, -26.4, -463.27, -3215.584, -26.4, 205, 133, 63
L -459.87, -3207.384, -26.4, -459.87, -3215.584, -26.4, 205, 133, 63
L -462.87, -3207.084, -26.4, -459.87, -3207.384, -26.4, 205, 133, 63
L -462.77, -3212.284, -26.4, -462.87, -3207.084, -26.4, 205, 133, 63
L -469.17, -3212.284, -26.4, -462.77, -3212.284, -26.4, 205, 133, 63
L -469.17, -3204.684, -26.4, -469.17, -3212.284, -26.4, 0, 0, 0
L -458.97, -3192.884, -26.4, -469.17, -3204.684, -26.4, 0, 0, 0
L -444.17, -3192.684, -26.4, -446.87, -3192.684, -26.4, 0, 0, 0
L -433.67, -3203.084, -26.4, -444.17, -3192.684, -26.4, 0, 0, 0
L 114.93, -3211.984, -24.6, 116.93, -3211.984, -24.6, 0, 0, 0
L 104.53, -3201.584, -24.6, 114.93, -3211.984, -24.6, 0, 0, 0
L 104.53, -3187.284, -24.6, 104.53, -3201.584, -24.6, 0, 0, 0
L 107.73, -3183.684, -24.6, 104.53, -3187.284, -24.6, 0, 0, 0
L 112.53, -3178.784, -24.6, 107.73, -3183.684, -24.6, 0, 0, 0
L 114.93, -3176.484, -24.6, 112.53, -3178.784, -24.6, 0, 0, 0
L 129.63, -3176.484, -24.6, 114.93, -3176.484, -24.6, 0, 0, 0
L 140.03, -3186.884, -24.6, 129.63, -3176.484, -24.6, 0, 0, 0
L 140.03, -3201.584, -24.6, 140.03, -3186.884, -24.6, 0, 0, 0
L 129.63, -3211.984, -24.6, 140.03, -3201.584, -24.6, 0, 0, 0
L 117.43, -3222.884, -26.9, 116.93, -3213.984, -26.9, 150, 150, 150
L 127.73, -3213.984, -26.4, 127.33, -3220.584, -26.4, 150, 150, 150
L 130.63, -3213.984, -26.3, 127.73, -3213.984, -26.4, 0, 0, 0
L 142.33, -3202.384, -26.5, 130.63, -3213.984, -26.3, 0, 0, 0
L 142.33, -3186.184, -27.2, 142.33, -3202.384, -26.5, 0, 0, 0
L 130.73, -3174.384, -27.7, 142.33, -3186.184, -27.2, 0, 0, 0
L 114.43, -3174.284, -27.7, 130.73, -3174.384, -27.7, 0, 0, 0
L 111.13, -3177.384, -27.6, 114.43, -3174.284, -27.7, 0, 0, 0
L 107.63, -3173.784, -27.7, 111.13, -3177.384, -27.6, 0, 0, 0
L 102.73, -3178.484, -27.5, 107.63, -3173.784, -27.7, 0, 0, 0
L 106.33, -3182.284, -27.4, 102.73, -3178.484, -27.5, 0, 0, 0
L 114.43, -3213.984, -27.0, 114.03, -3213.784, -27.0, 0, 0, 0
L 267.13, -3949.984, -21.8, 270.13, -3430.984, -16.3, 0, 0, 0
L -876.57, -3950.584, -25.3, -883.87, -3469.584, -27.4, 0, 0, 0
L -883.87, -3469.584, -27.4, -883.87, -3467.584, -27.2, 0, 0, 0
L -883.87, -3467.584, -27.2, -885.07, -3390.484, 30.5, 0, 0, 0
L -885.07, -3390.484, 30.5, -885.37, -3367.384, 30.9, 0, 0, 0
L -885.37, -3367.384, 30.9, -909.97, -3304.684, 86.4, 0, 0, 0
L -909.97, -3304.684, 86.4, -936.47, -3267.784, 133.3, 0, 0, 0
L -936.47, -3267.784, 133.3, -979.47, -3254.784, 157.4, 0, 0, 0
L -979.47, -3254.784, 157.4, -991.17, -3241.984, 151.7, 0, 0, 0
L -991.17, -3241.984, 151.7, -1003.37, -3228.584, 145.8, 0, 0, 0
L -1003.37, -3228.584, 145.8, -1065.77, -3160.484, 139.0, 0, 0, 0
L -1065.77, -3160.484, 139.0, -1109.37, -3112.784, 162.3, 0, 0, 0
L -1109.37, -3112.784, 162.3, -1117.87, -3103.484, 161.6, 0, 0, 0
L -1117.87, -3103.484, 161.6, -1134.47, -3085.384, 160.1, 0, 0, 0
L -1134.47, -3085.384, 160.1, -1149.47, -3068.984, 158.8, 0, 0, 0
L -1149.47, -3068.984, 158.8, -1152.57, -3065.584, 159.9, 0, 0, 0
L -1152.57, -3065.584, 159.9, -1159.17, -3058.284, 163.9, 0, 0, 0
L -1159.17, -3058.284, 163.9, -1191.77, -3022.684, 183.5, 0, 0, 0
L -1191.77, -3022.684, 183.5, -1209.47, -3003.284, 194.1, 0, 0, 0
L -1209.47, -3003.284, 194.1, -1215.27, -2996.884, 194.6, 0, 0, 0
L -1215.27, -2996.884, 194.6, -1239.77, -2970.184, 196.8, 0, 0, 0
L -1239.77, -2970.184, 196.8, -1260.07, -2947.984, 200.4, 0, 0, 0
L -1260.07, -2947.984, 200.4, -1310.97, -2892.384, 209.8, 0, 0, 0
L -1310.97, -2892.384, 209.8, -1386.07, -2804.084, 207.1, 0, 0, 0
L -1386.07, -2804.084, 207.1, -1386.07, -2788.684, 205.8, 0, 0, 0
L -1386.07, -2788.684, 205.8, -1386.07, -2763.984, 197.2, 0, 0, 0
L -1386.07, -2763.984, 197.2, -1386.07, -2690.784, 186.7, 0, 0, 0
L -1386.07, -2690.784, 186.7, -1386.07, -2669.384, 159.4, 0, 0, 0
L -1386.07, -2669.384, 159.4, -1386.07, -2664.484, 157.9, 0, 0, 0
L -1386.07, -2664.484, 157.9, -1386.07, -2590.684, 168.1, 0, 0, 0
L -1386.07, -2590.684, 168.1, -1386.07, -2507.384, 141.8, 0, 0, 0
L -1386.07, -2507.384, 141.8, -1386.07, -2467.584, 134.4, 0, 0, 0
L -1386.07, -2467.584, 134.4, -1386.07, -2455.684, 124.6, 0, 0, 0
L -1386.07, -2455.684, 124.6, -1377.47, -2454.684, 106.4, 0, 0, 0
L -1377.47, -2454.684, 106.4, -1376.87, -2403.784, 124.5, 0, 0, 0
L -1376.87, -2403.784, 124.5, -1383.97, -2404.584, 124.5, 0, 0, 0
L -1383.97, -2404.584, 124.5, -1386.17, -2404.784, 124.5, 0, 0, 0
L -1386.17, -2404.784, 124.5, -1386.07, -2394.084, 79.7, 0, 0, 0
L -1386.07, -2394.084, 79.7, -1386.17, -2392.484, 73.4, 0, 0, 0
L -1386.17, -2392.484, 73.4, -1385.77, -2382.984, 71.3, 0, 0, 0
L -1385.77, -2382.984, 71.3, -1364.57, -2369.784, 43.3, 0, 0, 0
L -1364.57, -2369.784, 43.3, -1352.27, -2362.784, 40.1, 0, 0, 0
L -1352.27, -2362.784, 40.1, -1348.97, -2360.884, 40.1, 0, 0, 0
L -1348.97, -2360.884, 40.1, -1344.57, -2313.084, 40.1, 0, 0, 0
L -1344.57, -2313.084, 40.1, -1343.57, -2300.484, 40.0, 0, 0, 0
L -1343.57, -2300.484, 40.0, -1312.37, -2262.884, 40.0, 0, 0, 0
L -1312.37, -2262.884, 40.0, -1317.87, -2250.984, 40.3, 0, 0, 0
L -1317.87, -2250.984, 40.3, -1345.17, -2194.484, 40.3, 0, 0, 0
L -1345.17, -2194.484, 40.3, -1386.17, -2162.984, 40.0, 0, 0, 0
L -1386.17, -2162.984, 40.0, -1386.17, -2129.384, 7.2, 0, 0, 0
L -1386.17, -2129.384, 7.2, -1386.17, -2105.284, 8.1, 0, 0, 0
L -1386.17, -2105.284, 8.1, -1386.17, -2088.584, 33.6, 0, 0, 0
L -1386.17, -2088.584, 33.6, -1386.07, -2054.284, 71.7, 0, 0, 0
L -1386.07, -2054.284, 71.7, -1386.07, -1991.984, 68.6, 0, 0, 0
L -1386.07, -1991.984, 68.6, -1386.07, -1986.084, 64.5, 0, 0, 0
L -1386.07, -1986.084, 64.5, -1386.07, -1932.384, 27.1, 0, 0, 0
L -1386.07, -1932.384, 27.1, -1386.07, -1863.384, 25.1, 0, 0, 0
L -1386.07, -1863.384, 25.1, -1386.07, -1846.684, 16.5, 0, 0, 0
L -1386.07, -1846.684, 16.5, -1386.07, -1827.484, 66.1, 0, 0, 0
L -1386.07, -1827.484, 66.1, -1371.47, -1826.784, 66.3, 0, 0, 0
L -1371.47, -1826.784, 66.3, -1386.17, -1801.284, 131.3, 0, 0, 0
L -1386.17, -1801.284, 131.3, -1386.17, -1797.884, 136.6, 0, 0, 0
L -1386.17, -1797.884, 136.6, -1386.07, -1792.084, 141.0, 0, 0, 0
L -1386.07, -1792.084, 141.0, -1383.87, -1785.484, 141.1, 0, 0, 0
L -1383.87, -1785.484, 141.1, -1386.07, -1776.384, 139.9, 0, 0, 0
L -1386.07, -1776.384, 139.9, -1385.87, -1774.984, 136.4, 0, 0, 0
L -1385.87, -1774.984, 136.4, -1390.77, -1744.384, 44.2, 0, 0, 0
L -1390.77, -1744.384, 44.2, -1400.07, -1740.484, 45.2, 0, 0, 0
L -1400.07, -1740.484, 45.2, -1409.67, -1738.484, 44.3, 0, 0, 0
L -1409.67, -1738.484, 44.3, -1476.17, -1729.884, 38.5, 0, 0, 0
L -1476.17, -1729.884, 38.5, -1488.47, -1742.584, 36.8, 0, 0, 0
L -1488.47, -1742.584, 36.8, -1497.07, -1754.084, 32.2, 0, 0, 0
L -1497.07, -1754.084, 32.2, -1493.47, -1769.784, 31.4, 0, 0, 0
L -1493.47, -1769.784, 31.4, -1510.87, -1770.684, 0.7, 0, 0, 0
L -1510.87, -1770.684, 0.7, -1542.77, -1771.284, 0.6, 0, 0, 0
L -1542.77, -1771.284, 0.6, -1571.57, -1766.384, 0.6, 0, 0, 0
L -1571.57, -1766.384, 0.6, -1630.07, -1756.684, 0.6, 0, 0, 0
L -1630.07, -1756.684, 0.6, -1666.17, -1750.684, 0.6, 0, 0, 0
L -1666.17, -1750.684, 0.6, -1685.67, -1747.384, 0.6, 0, 0, 0
L -1685.67, -1747.384, 0.6, -1686.47, -1747.384, 0.6, 0, 0, 0
L -1686.47, -1747.384, 0.6, -1687.27, -1747.784, 0.6, 0, 0, 0
L -1687.27, -1747.784, 0.6, -1741.77, -1771.184, 0.6, 0, 0, 0
L -1741.77, -1771.184, 0.6, -1742.47, -1771.584, 0.6, 0, 0, 0
L -1742.47, -1771.584, 0.6, -1742.97, -1772.684, 0.6, 0, 0, 0
L -1742.97, -1772.684, 0.6, -1782.27, -1851.184, 0.6, 0, 0, 0
L -1782.27, -1851.184, 0.6, -1833.77, -1855.184, 0.6, 0, 0, 0
L -1833.77, -1855.184, 0.6, -1885.17, -1859.084, 0.6, 0, 0, 0
L -1885.17, -1859.084, 0.6, -1885.67, -1859.084, 0.6, 0, 0, 0
L -1885.67, -1859.084, 0.6, -1885.97, -1859.184, 0.6, 0, 0, 0
L -1885.97, -1859.184, 0.6, -1886.47, -1859.884, 0.6, 0, 0, 0
L -1886.47, -1859.884, 0.6, -1902.87, -1890.384, 0.6, 0, 0, 0
L -1902.87, -1890.384, 0.6, -1909.47, -1902.684, 0.6, 0, 0, 0
L -1909.47, -1902.684, 0.6, -1916.27, -1915.384, 0.6, 0, 0, 0
L -1916.27, -1915.384, 0.6, -1922.27, -1926.484, 0.6, 0, 0, 0
L -1922.27, -1926.484, 0.6, -1931.27, -1943.184, 0.6, 0, 0, 0
L -1931.27, -1943.184, 0.6, -1939.37, -1958.184, 0.6, 0, 0, 0
L -1939.37, -1958.184, 0.6, -1942.07, -1963.384, 0.6, 0, 0, 0
L -1942.07, -1963.384, 0.6, -1942.17, -1964.384, 0.6, 0, 0, 0
L -1942.17, -1964.384, 0.6, -1945.27, -1991.984, 0.6, 0, 0, 0
L -1945.27, -1991.984, 0.6, -1949.97, -2034.684, 0.6, 0, 0, 0
L -1949.97, -2034.684, 0.6, -1952.67, -2058.884, 0.6, 0, 0, 0
L -1952.67, -2058.884, 0.6, -1958.07, -2107.084, 0.6, 0, 0, 0
L -1958.07, -2107.084, 0.6, -1958.77, -2108.884, 0.6, 0, 0, 0
L -1958.77, -2108.884, 0.6, -1965.27, -2124.684, 0.6, 0, 0, 0
L -1965.27, -2124.684, 0.6, -1979.47, -2159.484, 0.6, 0, 0, 0
L -1979.47, -2159.484, 0.6, -1987.47, -2179.084, 0.6, 0, 0, 0
L -1987.47, -2179.084, 0.6, -1998.77, -2206.584, 0.6, 0, 0, 0
L -1998.77, -2206.584, 0.6, -2013.27, -2242.084, 0.6, 0, 0, 0
L -2013.27, -2242.084, 0.6, -2019.77, -2257.884, 0.6, 0, 0, 0
L -2019.77, -2257.884, 0.6, -2029.67, -2282.084, 0.6, 0, 0, 0
L -2029.67, -2282.084, 0.6, -2032.07, -2284.584, 0.6, 0, 0, 0
L -2032.07, -2284.584, 0.6, -2068.17, -2317.684, 0.6, 0, 0, 0
L -2068.17, -2317.684, 0.6, -2111.57, -2357.484, 0.6, 0, 0, 0
L -2111.57, -2357.484, 0.6, -2220.27, -2457.084, 0.6, 0, 0, 0
L -2220.27, -2457.084, 0.6, -2221.57, -2458.084, 0.6, 0, 0, 0
L -2221.57, -2458.084, 0.6, -2223.67, -2458.284, 0.6, 0, 0, 0
L -2223.67, -2458.284, 0.6, -2278.37, -2462.484, 0.6, 0, 0, 0
L -2278.37, -2462.484, 0.6, -2428.17, -2473.984, 0.6, 0, 0, 0
L -2428.17, -2473.984, 0.6, -2430.07, -2473.784, 0.6, 0, 0, 0
L -2430.07, -2473.784, 0.6, -2438.77, -2472.384, 0.6, 0, 0, 0
L -2438.77, -2472.384, 0.6, -2510.97, -2460.284, 0.6, 0, 0, 0
L -2510.97, -2460.284, 0.6, -2575.27, -2449.584, 0.6, 0, 0, 0
L -2575.27, -2449.584, 0.6, -2759.07, -2418.984, 0.6, 0, 0, 0
L -2759.07, -2418.984, 0.6, -2763.57, -2418.184, 0.6, 0, 0, 0
L -2763.57, -2418.184, 0.6, -2764.17, -2418.084, 0.6, 0, 0, 0
L -2764.17, -2418.084, 0.6, -2764.97, -2418.184, 0.6, 0, 0, 0
L -2764.97, -2418.184, 0.6, -2768.77, -2418.784, 0.6, 0, 0, 0
L -2768.77, -2418.784, 0.6, -2871.77, -2433.484, 0.6, 0, 0, 0
L -2085.07, -2242.884, 0.6, -2050.17, -2099.484, 0.6, 0, 0, 0
L -2050.17, -2099.484, 0.6, -2035.47, -2039.184, 0.6, 0, 0, 0
L -2035.47, -2039.184, 0.6, -1997.17, -1883.484, 0.6, 0, 0, 0
L -1997.17, -1883.484, 0.6, -1996.17, -1882.084, 0.6, 0, 0, 0
L -1996.17, -1882.084, 0.6, -1950.07, -1812.884, 0.6, 0, 0, 0
L -1950.07, -1812.884, 0.6, -1949.37, -1811.884, 0.6, 0, 0, 0
L -1949.37, -1811.884, 0.6, -1947.67, -1811.684, 0.6, 0, 0, 0
L -1947.67, -1811.684, 0.6, -1940.87, -1810.684, 0.6, 0, 0, 0
L -1940.87, -1810.684, 0.6, -1838.17, -1796.084, 0.6, 0, 0, 0
L -1838.17, -1796.084, 0.6, -1836.77, -1795.384, 0.6, 0, 0, 0
L -1836.77, -1795.384, 0.6, -1836.67, -1794.584, 0.6, 0, 0, 0
L -1836.67, -1794.584, 0.6, -1789.67, -1716.084, 0.6, 0, 0, 0
L -1789.67, -1716.084, 0.6, -1767.57, -1708.684, 0.6, 0, 0, 0
L -1767.57, -1708.684, 0.6, -1693.67, -1684.184, 0.6, 0, 0, 0
L -1693.67, -1684.184, 0.6, -1677.77, -1682.484, 0.6, 0, 0, 0
L -1677.77, -1682.484, 0.6, -1549.57, -1669.384, 0.6, 0, 0, 0
L -1549.57, -1669.384, 0.6, -1544.87, -1669.384, 0.6, 0, 0, 0
L -1544.87, -1669.384, 0.6, -1440.97, -1669.084, 1.0, 0, 0, 0
L -1440.97, -1669.084, 1.0, -1439.87, -1669.084, 1.0, 0, 0, 0
L -1439.87, -1669.084, 1.0, -1409.07, -1668.684, 45.5, 0, 0, 0
L -1409.07, -1668.684, 45.5, -1402.07, -1674.384, 42.8, 0, 0, 0
L -1402.07, -1674.384, 42.8, -1388.37, -1682.784, 43.5, 0, 0, 0
L -1388.37, -1682.784, 43.5, -1370.07, -1688.184, 57.6, 0, 0, 0
L -1370.07, -1688.184, 57.6, -1386.17, -1659.884, 126.7, 0, 0, 0
L -1386.17, -1659.884, 126.7, -1380.97, -1655.284, 134.9, 0, 0, 0
L -1380.97, -1655.284, 134.9, -1372.77, -1650.784, 141.0, 0, 0, 0
L -1372.77, -1650.784, 141.0, -1358.87, -1643.584, 141.1, 0, 0, 0
L -1358.87, -1643.584, 141.1, -1357.97, -1642.184, 141.2, 0, 0, 0
L -1357.97, -1642.184, 141.2, -1356.37, -1636.984, 141.2, 0, 0, 0
L -1356.37, -1636.984, 141.2, -1355.07, -1632.684, 141.1, 0, 0, 0
L -1355.07, -1632.684, 141.1, -1362.97, -1619.784, 140.4, 0, 0, 0
L -1362.97, -1619.784, 140.4, -1370.67, -1607.084, 140.4, 0, 0, 0
L -1370.67, -1607.084, 140.4, -1375.97, -1598.084, 140.4, 0, 0, 0
L -1375.97, -1598.084, 140.4, -1377.37, -1594.984, 134.9, 0, 0, 0
L -1377.37, -1594.984, 134.9, -1386.07, -1532.184, 0.0, 0, 0, 0
L -1386.07, -1532.184, 0.0, -1386.07, -1467.784, 18.0, 0, 0, 0
L -1386.07, -1467.784, 18.0, -1386.07, -1441.484, 50.5, 0, 0, 0
L -1386.07, -1441.484, 50.5, -1386.07, -1359.084, 75.8, 0, 0, 0
L -1386.07, -1359.084, 75.8, -1386.07, -1340.984, 80.2, 0, 0, 0
L -1386.07, -1340.984, 80.2, -1386.07, -1334.284, 80.6, 0, 0, 0
L -1386.07, -1334.284, 80.6, -1386.07, -1270.884, 84.3, 0, 0, 0
L -1386.07, -1270.884, 84.3, -1386.07, -1234.784, 101.0, 0, 0, 0
L -1386.07, -1234.784, 101.0, -1386.07, -1225.784, 105.7, 0, 0, 0
L -1386.07, -1225.784, 105.7, -1386.07, -1218.484, 111.7, 0, 0, 0
L -1386.07, -1218.484, 111.7, -1386.07, -1210.884, 120.8, 0, 0, 0
L -1386.07, -1210.884, 120.8, -1386.07, -1200.884, 129.0, 0, 0, 0
L -1386.07, -1200.884, 129.0, -1386.17, -1200.584, 128.2, 0, 0, 0
L -1386.17, -1200.584, 128.2, -1386.07, -1185.184, 99.9, 0, 0, 0
L -1386.07, -1185.184, 99.9, -1386.07, -1177.384, 92.3, 0, 0, 0
L -1386.07, -1177.384, 92.3, -1386.07, -1119.884, 43.3, 0, 0, 0
L -1386.07, -1119.884, 43.3, -1385.67, -1106.984, 58.1, 0, 0, 0
L -1385.67, -1106.984, 58.1, -1368.27, -1102.884, 57.9, 0, 0, 0
L -1368.27, -1102.884, 57.9, -1348.57, -986.184, 57.9, 0, 0, 0
L -1348.57, -986.184, 57.9, -1331.87, -946.284, 55.2, 0, 0, 0
L -1331.87, -946.284, 55.2, -1336.07, -941.984, 57.9, 0, 0, 0
L -1336.07, -941.984, 57.9, -1345.87, -925.784, 57.9, 0, 0, 0
L -1345.87, -925.784, 57.9, -1361.87, -899.084, 57.9, 0, 0, 0
L -1361.87, -899.084, 57.9, -1362.27, -897.884, 57.8, 0, 0, 0
L -1362.27, -897.884, 57.8, -1358.87, -854.484, 57.8, 0, 0, 0
L -1358.87, -854.484, 57.8, -1363.97, -846.284, 58.1, 0, 0, 0
L -1363.97, -846.284, 58.1, -1384.47, -834.884, 60.5, 0, 0, 0
L -1384.47, -834.884, 60.5, -1386.17, -785.284, 68.7, 0, 0, 0
L -1386.17, -785.284, 68.7, -1374.77, -784.284, 65.5, 0, 0, 0
L -1374.77, -784.284, 65.5, -1332.57, -755.084, 58.2, 0, 0, 0
L -1332.57, -755.084, 58.2, -1320.17, -749.684, 55.7, 0, 0, 0
L -1320.17, -749.684, 55.7, -1318.77, -749.084, 55.4, 0, 0, 0
L -1318.77, -749.084, 55.4, -1302.07, -694.784, 61.7, 0, 0, 0
L -1302.07, -694.784, 61.7, -1306.37, -665.784, 69.1, 0, 0, 0
L -1306.37, -665.784, 69.1, -1306.87, -661.984, 68.3, 0, 0, 0
L -1306.87, -661.984, 68.3, -1310.57, -635.884, 47.2, 0, 0, 0
L -1310.57, -635.884, 47.2, -1311.07, -632.584, 44.7, 0, 0, 0
L -1311.07, -632.584, 44.7, -1305.47, -583.484, 8.0, 0, 0, 0
L -1305.47, -583.484, 8.0, -1301.37, -547.384, 8.0, 0, 0, 0
L -1301.37, -547.384, 8.0, -1304.17, -543.484, 8.1, 0, 0, 0
L -1304.17, -543.484, 8.1, -1330.27, -513.084, 8.1, 0, 0, 0
L -1330.27, -513.084, 8.1, -1353.27, -486.084, 8.1, 0, 0, 0
L -1353.27, -486.084, 8.1, -1364.37, -473.384, 7.9, 0, 0, 0
L -1364.37, -473.384, 7.9, -1386.07, -472.184, 8.2, 0, 0, 0
L -1386.07, -472.184, 8.2, -1386.07, -462.984, -2.2, 0, 0, 0
L -1386.07, -462.984, -2.2, -1386.07, -439.384, -20.5, 0, 0, 0
L -1386.07, -439.384, -20.5, -1386.07, -363.284, 31.3, 0, 0, 0
L -1386.07, -363.284, 31.3, -1386.07, -265.284, -36.6, 0, 0, 0
L -1386.07, -265.284, -36.6, -1386.07, -231.884, -30.1, 0, 0, 0
L -1386.07, -231.884, -30.1, -1386.07, -163.184, 0.6, 0, 0, 0
L -1386.07, -163.184, 0.6, -1386.07, -135.384, 25.4, 0, 0, 0
L -1386.07, -135.384, 25.4, -1386.07, -63.884, 57.1, 0, 0, 0
L -1386.07, -63.884, 57.1, -1386.07, 37.916, 21.6, 0, 0, 0
L -1386.07, 37.916, 21.6, -1386.07, 66.216, 22.3, 0, 0, 0
L -1386.07, 66.216, 22.3, -1386.07, 138.316, 42.4, 0, 0, 0
L -1386.07, 138.316, 42.4, -1386.07, 157.816, 43.3, 0, 0, 0
L -1386.07, 157.816, 43.3, -1386.07, 211.116, 61.6, 0, 0, 0
L -1386.07, 211.116, 61.6, -1386.07, 219.716, 53.8, 0, 0, 0
L -1386.07, 219.716, 53.8, -1386.07, 229.116, 47.6, 0, 0, 0
L -1386.07, 229.116, 47.6, -1383.57, 248.216, 65.6, 0, 0, 0
L -1383.57, 248.216, 65.6, -1341.67, 278.616, 65.6, 0, 0, 0
L -1341.67, 278.616, 65.6, -1328.97, 284.516, 65.4, 0, 0, 0
L -1328.97, 284.516, 65.4, -1323.17, 304.816, 65.5, 0, 0, 0
L -1323.17, 304.816, 65.5, -1315.17, 332.616, 65.5, 0, 0, 0
L -1315.17, 332.616, 65.5, -1314.07, 339.316, 65.4, 0, 0, 0
L -1314.07, 339.316, 65.4, -1324.07, 404.916, 65.4, 0, 0, 0
L -1324.07, 404.916, 65.4, -1318.87, 463.116, 65.4, 0, 0, 0
L -1318.87, 463.116, 65.4, -1316.77, 486.116, 65.4, 0, 0, 0
L -1316.77, 486.116, 65.4, -1318.97, 489.416, 65.6, 0, 0, 0
L -1318.97, 489.416, 65.6, -1386.07, 563.216, 60.4, 0, 0, 0
L -1386.07, 563.216, 60.4, -1386.07, 578.716, 42.2, 0, 0, 0
L -1386.07, 578.716, 42.2, -1386.07, 580.316, 40.4, 0, 0, 0
L -1386.07, 580.316, 40.4, -1386.07, 585.216, 39.2, 0, 0, 0
L -1386.07, 585.216, 39.2, -1385.17, 590.216, 44.5, 0, 0, 0
L -1385.17, 590.216, 44.5, -1386.07, 636.816, 30.7, 0, 0, 0
L -1386.07, 636.816, 30.7, -1386.07, 638.916, 29.0, 0, 0, 0
L -1386.07, 638.916, 29.0, -1386.07, 664.716, 8.1, 0, 0, 0
L -1386.07, 664.716, 8.1, -1386.07, 665.116, 7.9, 0, 0, 0
L -1386.07, 665.116, 7.9, -1386.07, 683.016, 9.6, 0, 0, 0
L -1386.07, 683.016, 9.6, -1386.07, 688.916, 11.6, 0, 0, 0
L -1386.07, 688.916, 11.6, -1386.07, 737.016, 29.8, 0, 0, 0
L -1386.07, 737.016, 29.8, -1386.07, 787.516, 14.2, 0, 0, 0
L -1386.07, 787.516, 14.2, -1386.07, 841.216, 21.4, 0, 0, 0
L -1386.07, 841.216, 21.4, -1386.07, 867.116, 33.3, 0, 0, 0
L -1386.07, 867.116, 33.3, -1386.07, 914.916, 49.5, 0, 0, 0
L -1386.07, 914.916, 49.5, -1386.07, 940.716, 59.8, 0, 0, 0
L -1386.07, 940.716, 59.8, -1386.07, 959.716, 69.5, 0, 0, 0
L -1386.07, 959.716, 69.5, -1386.07, 962.716, 69.7, 0, 0, 0
L -1386.07, 962.716, 69.7, -1386.07, 1032.616, 75.2, 0, 0, 0
L -1386.07, 1032.616, 75.2, -1386.07, 1036.716, 74.0, 0, 0, 0
L -1386.07, 1036.716, 74.0, -1386.07, 1040.916, 72.7, 0, 0, 0
L -1386.07, 1040.916, 72.7, -1386.07, 1075.816, 78.9, 0, 0, 0
L -1386.07, 1075.816, 78.9, -1386.07, 1098.216, 82.8, 0, 0, 0
L -1386.07, 1098.216, 82.8, -1386.07, 1123.616, 85.9, 0, 0, 0
L -1386.07, 1123.616, 85.9, -1386.07, 1187.716, 58.7, 0, 0, 0
L -1386.07, 1187.716, 58.7, -1386.07, 1190.316, 58.6, 0, 0, 0
L -1386.07, 1190.316, 58.6, -1386.07, 1226.116, 84.0, 0, 0, 0
L -1386.07, 1226.116, 84.0, -1386.07, 1228.416, 86.1, 0, 0, 0
L -1386.07, 1228.416, 86.1, -1386.07, 1301.416, 125.0, 0, 0, 0
L -1386.07, 1301.416, 125.0, -1386.07, 1336.316, 78.3, 0, 0, 0
L -1386.07, 1336.316, 78.3, -1386.07, 1372.116, 42.0, 0, 0, 0
L -1386.07, 1372.116, 42.0, -1386.07, 1374.016, 40.1, 0, 0, 0
L -1386.07, 1374.016, 40.1, -1386.07, 1396.316, 70.1, 0, 0, 0
L -1386.07, 1396.316, 70.1, -1386.07, 1446.316, 156.6, 0, 0, 0
L -1386.07, 1446.316, 156.6, -1378.77, 1442.016, 156.6, 0, 0, 0
L -1378.77, 1442.016, 156.6, -1373.87, 1440.016, 156.6, 0, 0, 0
L -1373.87, 1440.016, 156.6, -1361.57, 1443.116, 155.3, 0, 0, 0
L -1361.57, 1443.116, 155.3, -1358.87, 1447.616, 154.8, 0, 0, 0
L -1358.87, 1447.616, 154.8, -1334.17, 1492.316, 150.6, 0, 0, 0
L -1334.17, 1492.316, 150.6, -1325.07, 1535.116, 101.3, 0, 0, 0
L -1325.07, 1535.116, 101.3, -1326.47, 1536.716, 70.2, 0, 0, 0
L -1326.47, 1536.716, 70.2, -1332.27, 1542.816, 69.4, 0, 0, 0
L -1332.27, 1542.816, 69.4, -1343.37, 1542.716, 66.8, 0, 0, 0
L -1343.37, 1542.716, 66.8, -1355.37, 1539.416, 70.1, 0, 0, 0
L -1355.37, 1539.416, 70.1, -1386.17, 1535.416, 70.1, 0, 0, 0
L -1386.17, 1535.416, 70.1, -1386.07, 1542.516, 58.6, 0, 0, 0
L -1386.07, 1542.516, 58.6, -1386.07, 1554.416, 42.4, 0, 0, 0
L -1386.07, 1554.416, 42.4, -1386.07, 1566.516, 51.2, 0, 0, 0
L -1386.07, 1566.516, 51.2, -1383.27, 1583.316, 60.6, 0, 0, 0
L -1383.27, 1583.316, 60.6, -1373.17, 1592.516, 60.6, 0, 0, 0
L -1373.17, 1592.516, 60.6, -1373.17, 1595.616, 60.6, 0, 0, 0
L -1373.17, 1595.616, 60.6, -1375.07, 1648.016, 60.4, 0, 0, 0
L -1375.07, 1648.016, 60.4, -1385.27, 1667.316, 60.5, 0, 0, 0
L -1385.27, 1667.316, 60.5, -1386.07, 1673.516, 56.4, 0, 0, 0
L -1386.07, 1673.516, 56.4, -1386.17, 1675.716, 54.8, 0, 0, 0
L -1386.17, 1675.716, 54.8, -1386.07, 1745.316, 67.3, 0, 0, 0
L -1386.07, 1745.316, 67.3, -1386.07, 1757.516, 71.9, 0, 0, 0
L -1386.07, 1757.516, 71.9, -1386.07, 1763.816, 72.2, 0, 0, 0
L -1386.07, 1763.816, 72.2, -1386.07, 1812.016, 73.2, 0, 0, 0
L -1386.07, 1812.016, 73.2, -1386.07, 1834.616, 74.3, 0, 0, 0
L -1386.07, 1834.616, 74.3, -1386.07, 1869.416, 81.2, 0, 0, 0
L -1386.07, 1869.416, 81.2, -1386.07, 1891.216, 77.8, 0, 0, 0
L -1386.07, 1891.216, 77.8, -1386.07, 1906.816, 75.4, 0, 0, 0
L -1386.07, 1906.816, 75.4, -1386.07, 1913.016, 83.8, 0, 0, 0
L -1386.07, 1913.016, 83.8, -1386.07, 1928.516, 126.4, 0, 0, 0
L -1386.07, 1928.516, 126.4, -1386.07, 1935.316, 145.4, 0, 0, 0
L -1386.07, 1935.316, 145.4, -1370.77, 1936.416, 145.5, 0, 0, 0
L -1370.77, 1936.416, 145.5, -1357.07, 1946.616, 145.5, 0, 0, 0
L -1357.07, 1946.616, 145.5, -1355.87, 1948.716, 145.3, 0, 0, 0
L -1355.87, 1948.716, 145.3, -1352.37, 1971.816, 145.4, 0, 0, 0
L -1352.37, 1971.816, 145.4, -1353.97, 1986.016, 145.4, 0, 0, 0
L -1353.97, 1986.016, 145.4, -1358.17, 2023.016, 145.4, 0, 0, 0
L -1358.17, 2023.016, 145.4, -1384.67, 2032.816, 146.0, 0, 0, 0
L -1384.67, 2032.816, 146.0, -1386.17, 2033.316, 146.0, 0, 0, 0
L -1386.17, 2033.316, 146.0, -1386.17, 2033.216, 146.0, 0, 0, 0
L -1386.17, 2033.216, 146.0, -1386.07, 2067.516, 56.2, 0, 0, 0
L 930.73, -2181.284, -5.7, 895.93, -2262.484, 52.6, 0, 0, 0
L 895.93, -2262.484, 52.6, 894.13, -2266.684, 54.8, 0, 0, 0
L 894.13, -2266.684, 54.8, 889.63, -2267.184, 57.5, 0, 0, 0
L 889.63, -2267.184, 57.5, 885.93, -2285.884, 63.4, 0, 0, 0
L 885.93, -2285.884, 63.4, 863.03, -2339.284, 73.8, 0, 0, 0
L 863.03, -2339.284, 73.8, 849.83, -2369.884, 54.5, 0, 0, 0
L 849.83, -2369.884, 54.5, 846.43, -2377.984, 52.1, 0, 0, 0
L 846.43, -2377.984, 52.1, 828.63, -2419.384, 39.7, 0, 0, 0
L 828.63, -2419.384, 39.7, 804.23, -2476.184, 22.1, 0, 0, 0
L 804.23, -2476.184, 22.1, 802.63, -2479.984, 22.0, 0, 0, 0
L 802.63, -2479.984, 22.0, 800.53, -2484.884, 18.2, 0, 0, 0
L 800.53, -2484.884, 18.2, 787.13, -2516.084, -3.2, 0, 0, 0
L 787.13, -2516.084, -3.2, 764.63, -2568.684, -12.0, 0, 0, 0
L 764.63, -2568.684, -12.0, 741.23, -2623.084, 6.7, 0, 0, 0
L 741.23, -2623.084, 6.7, 721.03, -2670.184, -5.8, 0, 0, 0
L 721.03, -2670.184, -5.8, 711.83, -2691.684, -0.4, 0, 0, 0
L 711.83, -2691.684, -0.4, 689.83, -2742.784, -26.2, 0, 0, 0
L 689.83, -2742.784, -26.2, 651.23, -2829.684, -8.0, 0, 0, 0
L 651.23, -2829.684, -8.0, 650.73, -2830.484, -8.2, 150, 100, 0
L 650.73, -2830.484, -8.2, 624.33, -2867.084, -16.9, 0, 0, 0
L 624.33, -2867.084, -16.9, 615.73, -2878.884, 1.8, 0, 0, 0
L 615.73, -2878.884, 1.8, 604.83, -2894.084, 16.7, 0, 0, 0
L 604.83, -2894.084, 16.7, 590.53, -2913.884, 19.6, 0, 0, 0
L 590.53, -2913.884, 19.6, 568.33, -2944.584, 51.2, 0, 0, 0
L 568.33, -2944.584, 51.2, 567.83, -2945.284, 51.7, 150, 100, 0
L 567.83, -2945.284, 51.7, 551.83, -2967.484, 37.3, 0, 0, 0
L 551.83, -2967.484, 37.3, 525.83, -3003.384, 59.9, 0, 0, 0
L 525.83, -3003.384, 59.9, 482.73, -3063.184, 162.8, 0, 0, 0
L 482.73, -3063.184, 162.8, 477.03, -3070.984, 156.9, 0, 0, 0
L 477.03, -3070.984, 156.9, 441.83, -3119.684, 114.8, 0, 0, 0
L 441.83, -3119.684, 114.8, 407.03, -3167.884, 198.2, 0, 0, 0
L 407.03, -3167.884, 198.2, 390.33, -3190.984, 198.2, 0, 0, 0
L 390.33, -3190.984, 198.2, 357.93, -3235.884, 149.9, 0, 0, 0
L 357.93, -3235.884, 149.9, 356.43, -3237.984, 145.0, 150, 100, 0
L 356.43, -3237.984, 145.0, 315.13, -3295.184, 28.3, 0, 0, 0
L 315.13, -3295.184, 28.3, 294.63, -3323.584, 19.6, 0, 0, 0
L 294.63, -3323.584, 19.6, 288.43, -3332.184, 21.0, 0, 0, 0
L 288.43, -3332.184, 21.0, 274.03, -3352.084, 35.3, 0, 0, 0
L 274.03, -3352.084, 35.3, 270.23, -3367.784, 31.7, 0, 0, 0
L 270.23, -3367.784, 31.7, 270.23, -3370.584, 29.7, 0, 0, 0
L 270.23, -3370.584, 29.7, 270.13, -3406.184, 2.9, 0, 0, 0
L 270.13, -3406.184, 2.9, 270.13, -3430.984, -16.3, 0, 0, 0
L 930.73, -2181.284, -5.7, 897.93, -2167.384, -5.7, 0, 0, 255
L 897.93, -2167.384, -5.7, 897.43, -2158.284, -5.7, 0, 0, 255
L 897.43, -2158.284, -5.7, 897.53, -2066.984, -5.7, 0, 0, 255
L 897.53, -2066.984, -5.7, 898.13, -2057.484, -5.8, 0, 0, 255
L 898.13, -2057.484, -5.8, 897.93, -1966.684, -5.8, 0, 0, 255
L 897.93, -1966.684, -5.8, 897.73, -1957.484, -5.8, 0, 0, 255
L 897.73, -1957.484, -5.8, 897.33, -1866.984, -5.7, 0, 0, 255
L 897.33, -1866.984, -5.7, 896.53, -1857.984, -5.8, 0, 0, 255
L 896.53, -1857.984, -5.8, 888.73, -1809.984, -5.8, 0, 0, 255
L 888.73, -1809.984, -5.8, 888.43, -1808.584, -5.8, 0, 0, 255
L 888.43, -1808.584, -5.8, 871.73, -1783.184, -5.8, 0, 0, 255
L 871.73, -1783.184, -5.8, 872.13, -1767.484, -5.8, 0, 0, 255
L 872.13, -1767.484, -5.8, 839.53, -1713.584, -5.6, 0, 0, 255
L 839.53, -1713.584, -5.6, 840.43, -1667.484, -5.8, 0, 0, 255
L 840.43, -1667.484, -5.8, 834.83, -1621.184, -5.8, 0, 0, 255
L 834.83, -1621.184, -5.8, 840.33, -1566.284, -5.8, 0, 0, 255
L 840.33, -1566.284, -5.8, 840.43, -1515.384, -5.8, 0, 0, 255
L 840.43, -1515.384, -5.8, 873.03, -1467.084, -5.8, 0, 0, 255
L 873.03, -1467.084, -5.8, 875.73, -1379.484, -5.9, 0, 0, 255
L 875.73, -1379.484, -5.9, 871.83, -1367.284, -5.7, 0, 0, 255
L 871.83, -1367.284, -5.7, 884.53, -1270.884, -5.9, 0, 0, 255
L 884.53, -1270.884, -5.9, 875.03, -1267.284, -5.8, 0, 0, 255
L 875.03, -1267.284, -5.8, 888.33, -1225.784, -5.8, 0, 0, 255
L 888.33, -1225.784, -5.8, 897.03, -1166.284, -5.8, 0, 0, 255
L 897.03, -1166.284, -5.8, 897.93, -1154.684, -5.9, 0, 0, 255
L 897.93, -1154.684, -5.9, 897.23, -1065.784, -5.8, 0, 0, 255
L 897.23, -1065.784, -5.8, 896.73, -1059.184, -5.7, 0, 0, 255
L 896.73, -1059.184, -5.7, 887.93, -1037.184, -5.8, 0, 0, 255
L 887.93, -1037.184, -5.8, 848.13, -1007.784, -5.8, 0, 0, 255
L 848.13, -1007.784, -5.8, 847.93, -967.084, -5.8, 0, 0, 255
L 847.93, -967.084, -5.8, 840.43, -913.584, -5.7, 0, 0, 255
L 840.43, -913.584, -5.7, 840.73, -866.884, -5.8, 0, 0, 255
L 840.73, -866.884, -5.8, 862.03, -792.484, -5.8, 0, 0, 255
L 862.03, -792.484, -5.8, 866.13, -764.584, -5.8, 0, 0, 255
L 866.13, -764.584, -5.8, 874.53, -680.884, -5.8, 0, 0, 255
L 874.53, -680.884, -5.8, 874.73, -666.884, -5.8, 0, 0, 255
L 874.73, -666.884, -5.8, 888.63, -625.484, -5.8, 0, 0, 255
L 888.63, -625.484, -5.8, 898.03, -565.084, -6.0, 0, 0, 255
L 898.03, -565.084, -6.0, 897.33, -559.884, -5.8, 0, 0, 255
L 897.33, -559.884, -5.8, 889.63, -462.384, -5.7, 0, 0, 255
L 889.63, -462.384, -5.7, 896.83, -365.284, -5.7, 0, 0, 255
L 896.83, -365.284, -5.7, 896.63, -355.984, -5.8, 0, 0, 255
L 896.63, -355.984, -5.8, 888.03, -247.484, -5.8, 0, 0, 255
L 888.03, -247.484, -5.8, 871.73, -183.184, -5.8, 0, 0, 255
L 871.73, -183.184, -5.8, 872.03, -165.984, -5.8, 0, 0, 255
L 872.03, -165.984, -5.8, 847.93, -107.084, -5.8, 0, 0, 255
L 847.93, -107.084, -5.8, 848.33, -64.484, -5.8, 0, 0, 255
L 848.33, -64.484, -5.8, 858.13, 5.116, -5.8, 0, 0, 255
L 858.13, 5.116, -5.8, 851.73, 33.616, -5.8, 0, 0, 255
L 851.73, 33.616, -5.8, 851.73, 95.616, -5.8, 0, 0, 255
L 851.73, 95.616, -5.8, 857.93, 132.216, -5.8, 0, 0, 255
L 857.93, 132.216, -5.8, 847.73, 193.616, -5.5, 0, 0, 255
L 847.73, 193.616, -5.5, 867.53, 233.716, -5.8, 0, 0, 255
L 867.53, 233.716, -5.8, 881.13, 327.316, -5.7, 0, 0, 255
L 881.13, 327.316, -5.7, 881.93, 333.816, -5.7, 0, 0, 255
L 881.93, 333.816, -5.7, 889.73, 434.416, -5.7, 0, 0, 255
L 889.73, 434.416, -5.7, 889.63, 536.016, -5.8, 0, 0, 255
L 889.63, 536.016, -5.8, 888.43, 551.316, -5.8, 0, 0, 255
L 888.43, 551.316, -5.8, 872.03, 616.316, -5.8, 0, 0, 255
L 872.03, 616.316, -5.8, 871.83, 633.716, -5.8, 0, 0, 255
L 871.83, 633.716, -5.8, 849.93, 697.316, -5.7, 0, 0, 255
L 849.93, 697.316, -5.7, 850.53, 733.916, -5.9, 0, 0, 255
L 850.53, 733.916, -5.9, 825.83, 771.716, -5.7, 0, 0, 255
L 825.83, 771.716, -5.7, 812.33, 833.616, -5.7, 0, 0, 255
L 812.33, 833.616, -5.7, 815.03, 860.316, -5.7, 0, 0, 255
L 815.03, 860.316, -5.7, 815.63, 933.916, -5.7, 0, 0, 255
L 815.63, 933.916, -5.7, 824.93, 970.616, -5.8, 0, 0, 255
L 824.93, 970.616, -5.8, 833.83, 1032.516, -5.8, 0, 0, 255
L 833.83, 1032.516, -5.8, 852.43, 1097.916, -5.8, 0, 0, 255
L 852.43, 1097.916, -5.8, 872.13, 1217.016, -5.8, 0, 0, 255
L 872.13, 1217.016, -5.8, 871.93, 1333.816, -5.8, 0, 0, 255
L 871.93, 1333.816, -5.8, 847.73, 1393.416, -5.7, 0, 0, 255
L 847.73, 1393.416, -5.7, 848.13, 1433.816, -5.8, 0, 0, 255
L 848.13, 1433.816, -5.8, 830.03, 1475.716, -5.8, 0, 0, 255
L 830.03, 1475.716, -5.8, 823.73, 1533.116, -5.8, 0, 0, 255
L 823.73, 1533.116, -5.8, 829.73, 1575.216, -5.8, 0, 0, 255
L 829.73, 1575.216, -5.8, 829.73, 1633.816, -5.7, 0, 0, 255
L 829.73, 1633.816, -5.7, 841.33, 1686.616, -5.7, 0, 0, 255
L 841.33, 1686.616, -5.7, 848.13, 1733.816, -5.8, 0, 0, 255
L 848.13, 1733.816, -5.8, 847.93, 1792.216, -5.8, 0, 0, 255
L 847.93, 1792.216, -5.8, 862.93, 1833.816, -5.8, 0, 0, 255
L 862.93, 1833.816, -5.8, 857.93, 1903.016, -5.8, 0, 0, 255
L 857.93, 1903.016, -5.8, 842.53, 1933.416, -5.8, 0, 0, 255
L 842.53, 1933.416, -5.8, 829.53, 2033.216, -5.7, 0, 0, 255
L 829.53, 2033.216, -5.7, 837.53, 2069.416, -5.8, 0, 0, 255
L 520.83, 1737.016, -62.3, 516.53, 1731.916, -67.2, 0, 0, 0
L 516.53, 1731.916, -67.2, 496.23, 1709.916, -60.5, 0, 0, 0
L 496.23, 1709.916, -60.5, 495.13, 1709.216, -60.4, 0, 0, 0
L 495.13, 1709.216, -60.4, 487.63, 1715.916, -68.2, 0, 0, 0
L 487.63, 1715.916, -68.2, 477.33, 1725.016, -70.0, 0, 0, 0
L 477.33, 1725.016, -70.0, 466.73, 1734.916, -66.2, 0, 0, 0
L 466.73, 1734.916, -66.2, 466.63, 1735.516, -66.1, 0, 0, 0
L 466.63, 1735.516, -66.1, 477.13, 1747.216, -72.7, 0, 0, 0
L 477.13, 1747.216, -72.7, 478.53, 1746.016, -73.8, 0, 0, 0
L 478.53, 1746.016, -73.8, 475.03, 1740.916, -71.6, 0, 0, 0
L 475.03, 1740.916, -71.6, 469.63, 1735.316, -68.2, 0, 0, 0
L 469.63, 1735.316, -68.2, 480.73, 1725.116, -72.3, 0, 0, 0
L 480.73, 1725.116, -72.3, 488.33, 1718.216, -70.2, 0, 0, 0
L 488.33, 1718.216, -70.2, 495.13, 1712.116, -62.6, 0, 0, 0
L 495.13, 1712.116, -62.6, 514.53, 1733.216, -68.3, 0, 0, 0
L 514.53, 1733.216, -68.3, 518.53, 1737.516, -62.9, 0, 0, 0
L 518.53, 1737.516, -62.9, 505.63, 1749.216, -59.4, 0, 0, 0
L 505.63, 1749.216, -59.4, 492.93, 1761.316, -74.1, 0, 0, 0
L 492.93, 1761.316, -74.1, 488.63, 1756.916, -78.9, 0, 0, 0
L 488.63, 1756.916, -78.9, 485.53, 1753.416, -78.2, 0, 0, 0
L 485.53, 1753.416, -78.2, 483.03, 1751.216, -76.6, 0, 0, 0
L 483.03, 1751.216, -76.6, 481.83, 1752.416, -75.7, 0, 0, 0
L 481.83, 1752.416, -75.7, 482.63, 1753.616, -76.2, 0, 0, 0
L 482.63, 1753.616, -76.2, 490.13, 1762.016, -77.6, 0, 0, 0
L 490.13, 1762.016, -77.6, 492.33, 1764.216, -74.8, 0, 0, 0
L 492.33, 1764.216, -74.8, 492.83, 1764.616, -74.1, 0, 0, 0
L 492.83, 1764.616, -74.1, 495.83, 1761.716, -70.4, 0, 0, 0
L 495.83, 1761.716, -70.4, 502.43, 1755.316, -62.5, 0, 0, 0
L 502.43, 1755.316, -62.5, 508.33, 1749.816, -57.6, 0, 0, 0
L 508.33, 1749.816, -57.6, 522.13, 1736.916, -61.7, 0, 0, 0
L -924.37, 1674.516, -53.5, -941.47, 1703.216, -68.1, 0, 0, 0
L -941.47, 1703.216, -68.1, -942.27, 1702.816, -68.0, 0, 0, 0
L -942.27, 1702.816, -68.0, -971.07, 1684.416, -59.2, 0, 0, 0
L -971.07, 1684.416, -59.2, -952.67, 1655.916, -44.2, 0, 0, 0
L -952.67, 1655.916, -44.2, -951.87, 1656.316, -44.4, 0, 0, 0
L -951.87, 1656.316, -44.4, -923.77, 1673.416, -52.9, 0, 0, 0
L -923.77, 1673.416, -52.9, -924.37, 1674.416, -53.4, 0, 0, 0
L -1051.07, 872.216, -77.9, -1076.17, 871.116, -83.0, 0, 0, 0
L -1076.17, 871.116, -83.0, -1081.57, 870.916, -83.6, 0, 0, 0
L -1081.57, 870.916, -83.6, -1082.37, 870.816, -83.7, 0, 0, 0
L -1082.37, 870.816, -83.7, -1082.67, 870.416, -83.7, 0, 0, 0
L -1082.67, 870.416, -83.7, -1080.37, 834.716, -80.4, 0, 0, 0
L -1080.37, 834.716, -80.4, -1045.47, 836.816, -73.1, 0, 0, 0
L -1045.47, 836.816, -73.1, -1045.07, 837.416, -73.1, 0, 0, 0
L -1045.07, 837.416, -73.1, -1046.87, 872.216, -77.0, 0, 0, 0
L -1046.87, 872.216, -77.0, -1050.37, 872.216, -77.8, 0, 0, 0
L -425.97, -245.784, 2.4, -419.57, -246.684, 2.4, 0, 0, 0
L -419.57, -246.684, 2.4, -419.17, -246.384, 2.4, 0, 0, 0
L -419.17, -246.384, 2.4, -418.47, -238.784, 2.4, 0, 0, 0
L -418.47, -238.784, 2.4, -425.97, -237.884, 2.4, 0, 0, 0
L -425.97, -237.884, 2.4, -426.07, -237.984, 2.4, 0, 0, 0
L -426.07, -237.984, 2.4, -425.97, -245.784, 2.4, 0, 0, 0
L -425.97, -246.284, 2.4, -424.17, -246.084, 2.4, 0, 0, 0
L -411.37, -247.584, 2.4, -403.57, -248.584, 2.4, 0, 0, 0
L -403.57, -248.584, 2.4, -402.57, -240.884, 2.4, 0, 0, 0
L -402.57, -240.884, 2.4, -410.47, -240.184, 2.4, 0, 0, 0
L -410.47, -240.184, 2.4, -411.37, -247.584, 2.4, 0, 0, 0
L -449.87, -224.884, 2.4, -443.07, -221.584, 2.6, 0, 0, 0
L -443.07, -221.584, 2.6, -445.67, -215.184, 2.4, 0, 0, 0
L -445.67, -215.184, 2.4, -453.07, -217.784, 2.4, 0, 0, 0
L -453.07, -217.784, 2.4, -449.87, -224.984, 2.4, 0, 0, 0
L -442.17, -203.784, 2.4, -434.87, -204.584, 2.4, 0, 0, 0
L -434.87, -204.584, 2.4, -433.97, -196.784, 2.4, 0, 0, 0
L -433.97, -196.784, 2.4, -441.57, -195.984, 2.7, 0, 0, 0
L -441.57, -195.984, 2.7, -442.37, -203.684, 2.4, 0, 0, 0
L -418.17, -213.984, 2.8, -416.37, -198.284, 2.4, 0, 0, 0
L -416.37, -198.284, 2.4, -401.27, -200.184, 2.4, 0, 0, 0
L -401.27, -200.184, 2.4, -403.27, -215.984, 2.4, 0, 0, 0
L -403.27, -215.984, 2.4, -418.47, -213.684, 2.4, 0, 0, 0
L -413.37, -184.184, 2.4, -405.87, -185.184, 2.4, 0, 0, 0
L -405.87, -185.184, 2.4, -404.67, -177.484, 2.4, 0, 0, 0
L -404.67, -177.484, 2.4, -412.57, -176.684, 2.6, 0, 0, 0
L -412.57, -176.684, 2.6, -413.47, -184.384, 2.4, 0, 0, 0
L -403.37, -185.384, 2.4, -396.17, -186.284, 2.4, 0, 0, 0
L -396.17, -186.284, 2.4, -395.07, -178.384, 2.4, 0, 0, 0
L -395.07, -178.384, 2.4, -402.27, -177.484, 2.4, 0, 0, 0
L -402.27, -177.484, 2.4, -403.37, -185.384, 2.4, 0, 0, 0
L -376.67, -203.184, 2.4, -376.57, -203.184, 2.4, 0, 0, 0
L -369.27, -204.284, 2.4, -370.17, -211.784, 2.4, 0, 0, 0
L -370.17, -211.784, 2.4, -377.77, -211.084, 2.4, 0, 0, 0
L -376.57, -203.184, 2.4, -369.27, -204.284, 2.4, 0, 0, 0
L -377.77, -211.084, 2.4, -376.57, -203.184, 2.4, 0, 0, 0
L -378.97, -218.484, 2.4, -379.87, -226.584, 2.4, 0, 0, 0
L -379.87, -226.584, 2.4, -372.07, -227.584, 2.4, 0, 0, 0
L -372.07, -227.584, 2.4, -371.17, -220.284, 2.4, 0, 0, 0
L -371.17, -220.284, 2.4, -378.97, -218.484, 2.4, 0, 0, 0
L -427.27, -237.984, 20.0, -427.97, -245.384, 20.0, 0, 0, 0
L -427.97, -245.384, 20.0, -402.47, -248.384, 20.0, 0, 0, 0
L -402.47, -248.384, 20.0, -401.37, -240.584, 20.0, 0, 0, 0
L -401.37, -240.584, 20.0, -427.27, -237.984, 20.0, 0, 0, 0
L -380.07, -227.884, 20.0, -372.37, -228.784, 20.0, 0, 0, 0
L -372.37, -228.784, 20.0, -369.47, -203.384, 20.0, 0, 0, 0
L -369.47, -203.384, 20.0, -377.07, -202.184, 20.0, 0, 0, 0
L -377.07, -202.184, 20.0, -380.07, -227.884, 20.0, 0, 0, 0
L -447.07, -3190.684, -26.4, -444.27, -3190.684, -26.4, 0, 0, 0
L -455.97, -3192.884, -26.4, -458.97, -3192.884, -26.4, 0, 0, 0
L -446.87, -3228.284, -26.4, -444.17, -3228.284, -26.4, 0, 0, 0
L -455.97, -3230.284, -26.4, -458.67, -3230.284, -26.4, 0, 0, 0
L -433.67, -3204.984, -26.4, -433.67, -3203.084, -26.4, 0, 0, 0
L -431.67, -3205.084, -28.0, -433.67, -3204.984, -26.4, 0, 0, 0
L -431.67, -3215.784, -28.0, -433.67, -3215.684, -26.4, 0, 0, 0
L -469.17, -3215.484, -26.4, -469.17, -3212.284, -26.4, 0, 0, 0
L 127.73, -3211.984, -24.6, 129.63, -3211.984, -24.6, 0, 0, 0
L 127.73, -3213.984, -26.4, 127.73, -3211.984, -24.6, 0, 0, 0
L 116.93, -3213.984, -26.9, 116.93, -3211.984, -24.6, 0, 0, 0
L -84.17, -2948.884, -27.4, -87.47, -2945.584, -27.4, 0, 0, 0
L -79.37, -2953.684, -27.4, -84.17, -2948.884, -27.4, 0, 0, 0
L -112.57, -2970.784, -27.4, -114.37, -2970.784, -27.4, 0, 0, 0
L -112.57, -2955.984, -27.4, -114.37, -2955.984, -27.4, 0, 0, 0
L -116.27, -2960.884, -27.4, -116.27, -2965.884, -27.4, 205, 133, 63
L -114.37, -2955.984, -27.4, -116.27, -2955.984, -27.4, 0, 0, 0
L -114.37, -2955.984, -27.4, -114.37, -2960.884, -27.4, 205, 133, 63
L -116.27, -2960.884, -27.4, -112.57, -2960.884, -27.4, 205, 133, 63
L -116.27, -2965.884, -27.4, -114.37, -2965.884, -27.4, 205, 133, 63
L -114.37, -2965.884, -27.4, -112.57, -2965.884, -27.4, 205, 133, 63
L -114.37, -2970.784, -27.4, -116.27, -2970.784, -27.4, 0, 0, 0
L -114.37, -2965.884, -27.4, -114.37, -2970.784, -27.4, 205, 133, 63
L -112.57, -2960.884, -27.4, -112.57, -2965.884, -27.4, 205, 133, 63
L -2885.77, -2368.084, 0.6, -2958.67, -2381.484, 0.6, 0, 0, 0
L -2871.77, -2433.484, 0.6, -2930.97, -2444.384, 0.6, 0, 0, 0
