L -1152.24, -93.4, 1.9, -1180.24, -114.5, 5.8, 0, 0, 0
L -1090.94, -82, -5.6, -1152.24, -93.4, 1.9, 0, 0, 0
L -1069.94, -107.4, -5.1, -1090.94, -82, -5.6, 0, 0, 0
L -1091.54, -170.8, 3.6, -1069.94, -107.4, -5.1, 0, 0, 0
L -1092.94, -176.3, 3.5, -1091.54, -170.8, 3.6, 0, 0, 0
L -1111.34, -205.8, 3.1, -1092.94, -176.3, 3.5, 0, 0, 0
L -1132.04, -237.9, 2.8, -1111.34, -205.8, 3.1, 0, 0, 0
L -1150.44, -238.8, 4.6, -1132.04, -237.9, 2.8, 0, 0, 0
L -1166.64, -227.3, 7.1, -1150.44, -238.8, 4.6, 0, 0, 0
L -1187.64, -198, 11.4, -1166.64, -227.3, 7.1, 0, 0, 0
L -1185.14, -172.3, 11.8, -1187.64, -198, 11.4, 0, 0, 0
L -1180.74, -115, 6.2, -1185.14, -172.3, 11.8, 0, 0, 0
L -1246.94, 1036.4, 2.9, -1250.54, 1033.1, 2.9, 0, 0, 0
L -1207.04, 1034.5, 1.8, -1246.94, 1036.4, 2.9, 0, 0, 0
L -1172.84, 1003.5, 0.8, -1207.04, 1034.5, 1.8, 0, 0, 0
L -1159.84, 968.6, 0.4, -1172.84, 1003.5, 0.8, 0, 0, 0
L -1147.14, 943.1, -3.9, -1159.84, 968.6, 0.4, 0, 0, 0
L -1159.24, 937.9, 0.4, -1147.14, 943.1, -3.9, 0, 0, 0
L -1173.94, 929, 1.4, -1159.24, 937.9, 0.4, 0, 0, 0
L -1179.94, 923, 1.1, -1173.94, 929, 1.4, 0, 0, 0
L -1185.44, 916.5, 1.3, -1179.94, 923, 1.1, 0, 0, 0
L -1206.64, 898.6, 1.7, -1185.44, 916.5, 1.3, 0, 0, 0
L -1219.44, 896, 2.0, -1206.64, 898.6, 1.7, 0, 0, 0
L -1249.04, 885.5, 2.9, -1219.44, 896, 2.0, 0, 0, 0
L -1256.84, 883.9, 3.6, -1249.04, 885.5, 2.9, 0, 0, 0
L -1274.14, 879.4, 3.0, -1256.84, 883.9, 3.6, 0, 0, 0
L -1304.44, 883.1, 3.8, -1274.14, 879.4, 3.0, 0, 0, 0
L -1323.74, 915.8, 3.0, -1304.44, 883.1, 3.8, 0, 0, 0
L -1311.24, 963.1, 3.0, -1323.74, 915.8, 3.0, 0, 0, 0
L -1280.04, 1009.2, 3.2, -1311.24, 963.1, 3.0, 0, 0, 0
L -1246.44, 1036.2, 2.9, -1280.04, 1009.2, 3.2, 0, 0, 0
L -266.64, -517.2, 3.0, -223.84, -487.6, 3.0, 0, 0, 0
L -334.84, -518.6, 3.0, -266.64, -517.2, 3.0, 0, 0, 0
L -364.84, -476.7, 3.0, -334.84, -518.6, 3.0, 0, 0, 0
L -344.94, -434.9, 3.0, -364.84, -476.7, 3.0, 0, 0, 0
L -313.44, -402.4, 3.0, -344.94, -434.9, 3.0, 0, 0, 0
L -270.74, -393.9, 3.0, -313.44, -402.4, 3.0, 0, 0, 0
L -248.24, -397.3, 3.0, -270.74, -393.9, 3.0, 0, 0, 0
L -223.34, -425.7, 3.0, -248.24, -397.3, 3.0, 0, 0, 0
L -222.64, -486.7, 3.0, -223.34, -425.7, 3.0, 0, 0, 0
L -239.84, -498.2, 3.0, -222.64, -486.7, 3.0, 0, 0, 0
L -451.84, -778.1, 3.0, -450.34, -771.7, 2.6, 0, 0, 0
L -455.94, -790.4, 4.0, -451.84, -778.1, 3.0, 0, 0, 0
L -459.64, -791.6, 5.1, -455.94, -790.4, 4.0, 0, 0, 0
L -492.94, -802.4, 4.8, -459.64, -791.6, 5.1, 0, 0, 0
L -552.64, -822.5, 3.2, -492.94, -802.4, 4.8, 0, 0, 0
L -610.24, -823.6, 3.0, -552.64, -822.5, 3.2, 0, 0, 0
L -655.94, -825.8, 3.0, -610.24, -823.6, 3.0, 0, 0, 0
L -674.84, -805.4, 3.1, -655.94, -825.8, 3.0, 0, 0, 0
L -676.14, -773.5, 3.0, -674.84, -805.4, 3.1, 0, 0, 0
L -662.64, -724.8, 3.0, -676.14, -773.5, 3.0, 0, 0, 0
L -562.04, -671.7, 3.6, -662.64, -724.8, 3.0, 0, 0, 0
L -548.04, -663.5, 3.2, -562.04, -671.7, 3.6, 0, 0, 0
L -543.34, -665.4, 3.5, -548.04, -663.5, 3.2, 0, 0, 0
L -501.64, -684.1, 6.0, -543.34, -665.4, 3.5, 0, 0, 0
L -489.64, -698.5, 6.7, -501.64, -684.1, 6.0, 0, 0, 0
L -459.94, -733.5, 6.6, -489.64, -698.5, 6.7, 0, 0, 0
L -449.74, -747.5, 10.3, -459.94, -733.5, 6.6, 0, 0, 0
L -451.84, -759.1, 9.5, -449.74, -747.5, 10.3, 0, 0, 0
L -453.34, -763, 10.3, -451.84, -759.1, 9.5, 0, 0, 0
L -450.64, -770.4, 3.7, -453.34, -763, 10.3, 0, 0, 0
L -450.64, -772.8, 3.0, -450.64, -770.4, 3.7, 0, 0, 0
L -1251.04, -1181.4, 3.3, -1223.44, -1199.8, 3.9, 0, 0, 0
L -1250.24, -1122.4, 3.0, -1251.04, -1181.4, 3.3, 0, 0, 0
L -1212.24, -1058.7, 3.0, -1250.24, -1122.4, 3.0, 0, 0, 0
L -1161.24, -1057.3, 3.0, -1212.24, -1058.7, 3.0, 0, 0, 0
L -1152.04, -1058.3, 4.9, -1161.24, -1057.3, 3.0, 0, 0, 0
L -1150.04, -1061.4, 5.4, -1152.04, -1058.3, 4.9, 0, 0, 0
L -1146.54, -1070.5, 8.2, -1150.04, -1061.4, 5.4, 0, 0, 0
L -1131.74, -1101.1, 14.5, -1146.54, -1070.5, 8.2, 0, 0, 0
L -1125.04, -1136.1, 17.3, -1131.74, -1101.1, 14.5, 0, 0, 0
L -1119.34, -1149.9, 12.0, -1125.04, -1136.1, 17.3, 0, 0, 0
L -1124.24, -1172.4, 3.1, -1119.34, -1149.9, 12.0, 0, 0, 0
L -1134.94, -1194.7, 5.4, -1124.24, -1172.4, 3.1, 0, 0, 0
L -1151.64, -1212.8, 7.3, -1134.94, -1194.7, 5.4, 0, 0, 0
L -1158.94, -1213.5, 7.4, -1151.64, -1212.8, 7.3, 0, 0, 0
L -1195.04, -1219, 5.2, -1158.94, -1213.5, 7.4, 0, 0, 0
L -1231.84, -1194.5, 3.6, -1195.04, -1219, 5.2, 0, 0, 0
L -1426.84, -1366.9, 8.1, -1425.14, -1366.6, 8.3, 0, 0, 0
L -1429.94, -1367.4, 7.6, -1426.84, -1366.9, 8.1, 0, 0, 0
L -1430.14, -1367.6, 7.6, -1429.94, -1367.4, 7.6, 0, 0, 0
L -1429.54, -1371.4, 8.4, -1430.14, -1367.6, 7.6, 0, 0, 0
L -1429.04, -1371.8, 8.6, -1429.54, -1371.4, 8.4, 0, 0, 0
L -1428.94, -1371.7, 8.6, -1429.04, -1371.8, 8.6, 0, 0, 0
L -1413.64, -1369.4, 10.9, -1428.94, -1371.7, 8.6, 0, 0, 0
L -1413.14, -1368.9, 10.9, -1413.64, -1369.4, 10.9, 0, 0, 0
L -1413.54, -1365.2, 10.2, -1413.14, -1368.9, 10.9, 0, 0, 0
L -1413.94, -1365, 10.1, -1413.54, -1365.2, 10.2, 0, 0, 0
L -1429.24, -1367.2, 7.7, -1413.94, -1365, 10.1, 0, 0, 0
L -1474.14, -1303.6, 3.0, -1473.54, -1307.5, 3.0, 0, 0, 0
L -1474.54, -1303.1, 3.0, -1474.14, -1303.6, 3.0, 0, 0, 0
L -1478.54, -1303.7, 3.0, -1474.54, -1303.1, 3.0, 0, 0, 0
L -1478.84, -1304.1, 3.0, -1478.54, -1303.7, 3.0, 0, 0, 0
L -1476.34, -1321.2, 3.0, -1478.84, -1304.1, 3.0, 0, 0, 0
L -1475.84, -1321.3, 3.0, -1476.34, -1321.2, 3.0, 0, 0, 0
L -1472.14, -1320.8, 3.0, -1475.84, -1321.3, 3.0, 0, 0, 0
L -1471.64, -1320.4, 3.0, -1472.14, -1320.8, 3.0, 0, 0, 0
L -1473.54, -1307.5, 3.0, -1473.24, -1309.7, 3.0, 0, 0, 0
L -1473.54, -1307.5, 3.0, -1471.64, -1320.4, 3.0, 0, 0, 0
L -1424.74, -1243, 3.0, -1430.14, -1243.5, 3.0, 0, 0, 0
L -1424.34, -1242.5, 3.0, -1424.74, -1243, 3.0, 0, 0, 0
L -1424.64, -1238.8, 3.1, -1424.34, -1242.5, 3.0, 0, 0, 0
L -1424.84, -1238.4, 3.0, -1424.64, -1238.8, 3.1, 0, 0, 0
L -1441.84, -1240, 3.0, -1424.84, -1238.4, 3.0, 0, 0, 0
L -1442.24, -1240.3, 3.0, -1441.84, -1240, 3.0, 0, 0, 0
L -1441.84, -1244.4, 3.1, -1442.24, -1240.3, 3.0, 0, 0, 0
L -1441.34, -1244.6, 3.0, -1441.84, -1244.4, 3.1, 0, 0, 0
L -1428.34, -1243.4, 3.0, -1441.34, -1244.6, 3.0, 0, 0, 0
L -1383.84, -1312.7, 6.1, -1384.24, -1312.2, 5.9, 0, 0, 0
L -1380.24, -1312.3, 6.7, -1383.84, -1312.7, 6.1, 0, 0, 0
L -1379.74, -1311.9, 6.7, -1380.24, -1312.3, 6.7, 0, 0, 0
L -1381.24, -1295.5, 3.4, -1379.74, -1311.9, 6.7, 0, 0, 0
L -1381.84, -1295.2, 3.2, -1381.24, -1295.5, 3.4, 0, 0, 0
L -1385.24, -1295.4, 3.1, -1381.84, -1295.2, 3.2, 0, 0, 0
L -1385.84, -1296.3, 3.0, -1385.24, -1295.4, 3.1, 0, 0, 0
L -1384.44, -1310.7, 5.6, -1385.84, -1296.3, 3.0, 0, 0, 0
L -1440.04, -1318.5, 3.0, -1424.84, -1324.8, 3.0, 0, 0, 0
L -1440.34, -1318.1, 3.0, -1440.04, -1318.5, 3.0, 0, 0, 0
L -1442.14, -1301.9, 3.0, -1440.34, -1318.1, 3.0, 0, 0, 0
L -1428.94, -1292.2, 3.0, -1442.14, -1301.9, 3.0, 0, 0, 0
L -1413.64, -1298.9, 3.0, -1428.94, -1292.2, 3.0, 0, 0, 0
L -1412.04, -1315.3, 3.0, -1413.64, -1298.9, 3.0, 0, 0, 0
L -1412.14, -1315.4, 3.0, -1412.04, -1315.3, 3.0, 0, 0, 0
L -1424.04, -1324.2, 3.0, -1412.14, -1315.4, 3.0, 0, 0, 0
L 264.86, 655.5, 3.3, 261.96, 657.6, 3.3, 0, 0, 0
L 243.36, 625.7, 3.3, 264.86, 655.5, 3.3, 0, 0, 0
L 228.66, 636.3, 3.3, 243.36, 625.7, 3.3, 0, 0, 0
L 250.16, 666.1, 3.3, 228.66, 636.3, 3.3, 0, 0, 0
L 252.86, 664.2, 3.3, 250.16, 666.1, 3.3, 0, 0, 0
L 330.96, 705.3, 6.1, 329.06, 702.9, 6.1, 0, 0, 0
L 345.36, 694.4, 6.1, 330.96, 705.3, 6.1, 0, 0, 0
L 334.36, 680, 6.1, 345.36, 694.4, 6.1, 0, 0, 0
L 319.96, 690.9, 6.1, 334.36, 680, 6.1, 0, 0, 0
L 321.96, 693.5, 6.1, 319.96, 690.9, 6.1, 0, 0, 0
L 324.56, 736.2, 2.8, 321.96, 738.3, 2.8, 0, 0, 0
L 336.16, 750, 2.8, 324.56, 736.2, 2.8, 0, 0, 0
L 322.36, 761.6, 2.8, 336.16, 750, 2.8, 0, 0, 0
L 310.76, 747.8, 2.8, 322.36, 761.6, 2.8, 0, 0, 0
L 312.96, 745.9, 2.8, 310.76, 747.8, 2.8, 0, 0, 0
L 917.76, -453.4, -0.5, 918.76, -452.5, -0.5, 100, 50, 0
L 917.26, -454.2, -0.5, 917.76, -453.4, -0.5, 100, 50, 0
L 916.36, -455.1, -0.5, 917.26, -454.2, -0.5, 100, 50, 0
L 915.76, -455.6, -0.5, 916.36, -455.1, -0.5, 100, 50, 0
L 882.46, -484.4, -0.5, 882.96, -484, -0.5, 100, 50, 0
L 679.26, -737.8, -3.0, 738.16, -741.8, -3.0, 100, 50, 0
L 680.06, -718.7, -3.0, 679.26, -737.8, -3.0, 100, 50, 0
L 739.66, -722, -3.0, 680.06, -718.7, -3.0, 100, 50, 0
L 738.26, -741.6, -3.0, 739.66, -722, -3.0, 100, 50, 0
L -1400.54, -2252.4, -31.7, -1400.84, -2279.4, -25.8, 0, 0, 0
L -1417.04, -2209.8, -20.0, -1400.54, -2252.4, -31.7, 0, 0, 0
L -1435.64, -2187.5, -15.0, -1417.04, -2209.8, -20.0, 0, 0, 0
L -1458.04, -2159.7, -8.7, -1435.64, -2187.5, -15.0, 0, 0, 0
L -1473.44, -2146, 5.4, -1458.04, -2159.7, -8.7, 0, 0, 0
L -1497.44, -2120.8, 32.7, -1473.44, -2146, 5.4, 0, 0, 0
L -1506.34, -2099.9, 48.7, -1497.44, -2120.8, 32.7, 0, 0, 0
L -1512.74, -2077, 58.9, -1506.34, -2099.9, 48.7, 0, 0, 0
L -1547.34, -2056.6, 69.2, -1512.74, -2077, 58.9, 0, 0, 0
L -1551.54, -1863.2, 20.2, -1547.34, -2056.6, 69.2, 0, 0, 0
L -1552.34, -1813.9, 14.0, -1551.54, -1863.2, 20.2, 0, 0, 0
L -1553.24, -1757.3, 9.9, -1552.34, -1813.9, 14.0, 0, 0, 0
L -1554.14, -1705.5, 19.3, -1553.24, -1757.3, 9.9, 0, 0, 0
L -1519.34, -1670.8, 21.4, -1554.14, -1705.5, 19.3, 0, 0, 0
L -1526.14, -1636.1, 39.9, -1519.34, -1670.8, 21.4, 0, 0, 0
L -1524.04, -1595.5, 37.8, -1526.14, -1636.1, 39.9, 0, 0, 0
L -1528.84, -1572.4, 33.7, -1524.04, -1595.5, 37.8, 0, 0, 0
L -1531.44, -1543.5, 20.8, -1528.84, -1572.4, 33.7, 0, 0, 0
L -1533.04, -1523, 17.7, -1531.44, -1543.5, 20.8, 0, 0, 0
L -1533.34, -1479.6, 12.0, -1533.04, -1523, 17.7, 0, 0, 0
L -1533.24, -1443.8, 5.5, -1533.34, -1479.6, 12.0, 0, 0, 0
L -1540.24, -1407.4, 5.5, -1533.24, -1443.8, 5.5, 0, 0, 0
L -1557.34, -1392.3, 5.5, -1540.24, -1407.4, 5.5, 0, 0, 0
L -1554.84, -1292.3, 5.5, -1557.34, -1392.3, 5.5, 0, 0, 0
L -1542.84, -1264.4, 5.5, -1554.84, -1292.3, 5.5, 0, 0, 0
L -1548.14, -1255.8, 5.5, -1542.84, -1264.4, 5.5, 0, 0, 0
L -1533.44, -1224.8, 5.5, -1548.14, -1255.8, 5.5, 0, 0, 0
L -1524.54, -1170.1, 5.4, -1533.44, -1224.8, 5.5, 0, 0, 0
L -1514.54, -1124.4, 1.7, -1524.54, -1170.1, 5.4, 0, 0, 0
L -1513.74, -1087.4, 17.1, -1514.54, -1124.4, 1.7, 0, 0, 0
L -1490.64, -1085.8, 5.0, -1513.74, -1087.4, 17.1, 0, 0, 0
L -1486.84, -1066.4, 8.9, -1490.64, -1085.8, 5.0, 0, 0, 0
L -1470.34, -1033.2, -0.7, -1486.84, -1066.4, 8.9, 0, 0, 0
L -1463.74, -1012.8, -4.6, -1470.34, -1033.2, -0.7, 0, 0, 0
L -1469.94, -981.2, -0.6, -1463.74, -1012.8, -4.6, 0, 0, 0
L -1473.84, -970.6, 5.2, -1469.94, -981.2, -0.6, 0, 0, 0
L -1496.14, -929.4, 38.7, -1473.84, -970.6, 5.2, 0, 0, 0
L -1499.64, -912.6, 47.1, -1496.14, -929.4, 38.7, 0, 0, 0
L -1495.64, -869.4, 49.0, -1499.64, -912.6, 47.1, 0, 0, 0
L -1502.04, -841.7, 65.5, -1495.64, -869.4, 49.0, 0, 0, 0
L -1514.64, -827.2, 76.6, -1502.04, -841.7, 65.5, 0, 0, 0
L -1524.04, -812.2, 69.0, -1514.64, -827.2, 76.6, 0, 0, 0
L -1526.04, -730.1, 41.3, -1524.04, -812.2, 69.0, 0, 0, 0
L -1547.74, -693.6, 18.7, -1526.04, -730.1, 41.3, 0, 0, 0
L -1556.74, -669.4, 5.8, -1547.74, -693.6, 18.7, 0, 0, 0
L -1557.84, -467.1, 5.5, -1556.74, -669.4, 5.8, 0, 0, 0
L -1555.14, -412.5, 5.5, -1557.84, -467.1, 5.5, 0, 0, 0
L -1510.84, -404.5, 5.5, -1555.14, -412.5, 5.5, 0, 0, 0
L -1499.74, -372.2, 5.6, -1510.84, -404.5, 5.5, 0, 0, 0
L -1472.24, -270.8, 19.8, -1499.74, -372.2, 5.6, 0, 0, 0
L -1460.94, -239.4, 36.2, -1472.24, -270.8, 19.8, 0, 0, 0
L -1464.74, -217.2, 45.9, -1460.94, -239.4, 36.2, 0, 0, 0
L -1481.74, -169.6, 58.2, -1464.74, -217.2, 45.9, 0, 0, 0
L -1476.64, -121, 56.7, -1481.74, -169.6, 58.2, 0, 0, 0
L -1511.54, -89.2, 41.6, -1476.64, -121, 56.7, 0, 0, 0
L -1519.64, -1.2, 36.0, -1511.54, -89.2, 41.6, 0, 0, 0
L -1492.84, 27.7, 46.3, -1519.64, -1.2, 36.0, 0, 0, 0
L -1478.34, 52.1, 47.3, -1492.84, 27.7, 46.3, 0, 0, 0
L -1474.14, 105, 33.5, -1478.34, 52.1, 47.3, 0, 0, 0
L -1476.44, 118.5, 30.0, -1474.14, 105, 33.5, 0, 0, 0
L -1480.04, 130.2, 27.7, -1476.44, 118.5, 30.0, 0, 0, 0
L -1496.04, 198.5, 7.2, -1480.04, 130.2, 27.7, 0, 0, 0
L -1514.74, 241.6, 6.0, -1496.04, 198.5, 7.2, 0, 0, 0
L -1545.44, 245.2, 5.1, -1514.74, 241.6, 6.0, 0, 0, 0
L -1535.64, 294.1, 6.0, -1545.44, 245.2, 5.1, 0, 0, 0
L -1540.64, 330.9, 1.3, -1535.64, 294.1, 6.0, 0, 0, 0
L -1536.94, 353.5, -13.4, -1540.64, 330.9, 1.3, 0, 0, 0
L -1537.64, 368.2, -16.7, -1536.94, 353.5, -13.4, 0, 0, 0
L -1525.34, 428, -37.2, -1537.64, 368.2, -16.7, 0, 0, 0
L -1524.54, 441.9, -36.2, -1525.34, 428, -37.2, 0, 0, 0
L -1543.44, 473.6, -7.5, -1524.54, 441.9, -36.2, 0, 0, 0
L -1575.84, 514.9, 46.4, -1543.44, 473.6, -7.5, 0, 0, 0
L -1576.04, 529.6, 46.2, -1575.84, 514.9, 46.4, 0, 0, 0
L -1565.64, 720.8, 48.1, -1576.04, 529.6, 46.2, 0, 0, 0
L -1533.94, 732.3, 34.7, -1565.64, 720.8, 48.1, 0, 0, 0
L -1529.44, 758, 32.8, -1533.94, 732.3, 34.7, 0, 0, 0
L -1513.94, 801.1, 16.2, -1529.44, 758, 32.8, 0, 0, 0
L -1482.34, 829.4, 5.5, -1513.94, 801.1, 16.2, 0, 0, 0
L -1466.04, 849.8, 6.8, -1482.34, 829.4, 5.5, 0, 0, 0
L -1484.74, 900.9, 5.5, -1466.04, 849.8, 6.8, 0, 0, 0
L -1519.24, 931.9, 32.1, -1484.74, 900.9, 5.5, 0, 0, 0
L -1538.84, 947, 34.6, -1519.24, 931.9, 32.1, 0, 0, 0
L -1550.34, 944.9, 45.5, -1538.84, 947, 34.6, 0, 0, 0
L -1572.84, 1047, 73.3, -1550.34, 944.9, 45.5, 0, 0, 0
L -1576.04, 1091.9, 78.8, -1572.84, 1047, 73.3, 0, 0, 0
L -1559.14, 1104.7, 75.5, -1576.04, 1091.9, 78.8, 0, 0, 0
L -1525.54, 1111.8, 39.3, -1559.14, 1104.7, 75.5, 0, 0, 0
L -1517.34, 1130.7, 32.4, -1525.54, 1111.8, 39.3, 0, 0, 0
L -1504.44, 1178.6, 27.1, -1517.34, 1130.7, 32.4, 0, 0, 0
L -1512.24, 1233.7, 37.7, -1504.44, 1178.6, 27.1, 0, 0, 0
L -1558.34, 1230.5, 75.3, -1512.24, 1233.7, 37.7, 0, 0, 0
L -1576.04, 1241.4, 77.0, -1558.34, 1230.5, 75.3, 0, 0, 0
L -1576.04, 1263.3, 76.4, -1576.04, 1241.4, 77.0, 0, 0, 0
L -1549.94, 1271.4, 73.6, -1576.04, 1263.3, 76.4, 0, 0, 0
L -1536.54, 1328.9, 71.0, -1549.94, 1271.4, 73.6, 0, 0, 0
L -1529.74, 1361.9, 57.2, -1536.54, 1328.9, 71.0, 0, 0, 0
L -1517.84, 1384.3, 46.5, -1529.74, 1361.9, 57.2, 0, 0, 0
L -1490.14, 1430.9, 24.9, -1517.84, 1384.3, 46.5, 0, 0, 0
L -1510.14, 1477.7, 14.8, -1490.14, 1430.9, 24.9, 0, 0, 0
L -1515.84, 1492.2, 15.2, -1510.14, 1477.7, 14.8, 0, 0, 0
L -1511.24, 1553.8, 13.7, -1515.84, 1492.2, 15.2, 0, 0, 0
L -1530.04, 1564, 15.7, -1511.24, 1553.8, 13.7, 0, 0, 0
L -1558.84, 1583.6, 13.9, -1530.04, 1564, 15.7, 0, 0, 0
L -1573.64, 1585.9, 23.4, -1558.84, 1583.6, 13.9, 0, 0, 0
L -1576.04, 1674.9, 20.9, -1573.64, 1585.9, 23.4, 0, 0, 0
L -1560.84, 1673.5, 8.4, -1576.04, 1674.9, 20.9, 0, 0, 0
L -1556.84, 1675.3, 6.9, -1560.84, 1673.5, 8.4, 0, 0, 0
L -1533.74, 1691.2, 6.5, -1556.84, 1675.3, 6.9, 0, 0, 0
L -1525.64, 1787.5, 6.2, -1533.74, 1691.2, 6.5, 0, 0, 0
L -1540.24, 1826.5, 5.5, -1525.64, 1787.5, 6.2, 0, 0, 0
L -1547.64, 1836.6, 11.0, -1540.24, 1826.5, 5.5, 0, 0, 0
L -1556.74, 1855.9, 10.5, -1547.64, 1836.6, 11.0, 0, 0, 0
L -1548.34, 1872.8, 16.5, -1556.74, 1855.9, 10.5, 0, 0, 0
L -1502.84, 1916.2, 42.3, -1548.34, 1872.8, 16.5, 0, 0, 0
L -1485.24, 1930.5, 51.6, -1502.84, 1916.2, 42.3, 0, 0, 0
L -1461.64, 1994.7, 65.3, -1485.24, 1930.5, 51.6, 0, 0, 0
L -1457.54, 2032.7, 66.3, -1461.64, 1994.7, 65.3, 0, 0, 0
L -1442.94, 2071.9, 50.7, -1457.54, 2032.7, 66.3, 0, 0, 0
L -1402.54, 2080.2, 63.5, -1442.94, 2071.9, 50.7, 0, 0, 0
L -1330.34, 2085.1, 64.5, -1402.54, 2080.2, 63.5, 0, 0, 0
L -1284.74, 2080.5, 45.4, -1330.34, 2085.1, 64.5, 0, 0, 0
L -1237.34, 2071.9, 5.0, -1284.74, 2080.5, 45.4, 0, 0, 0
L -1186.24, 2046.2, -37.1, -1237.34, 2071.9, 5.0, 0, 0, 0
L -1157.64, 2065, -27.1, -1186.24, 2046.2, -37.1, 0, 0, 0
L -1138.54, 2082, -12.1, -1157.64, 2065, -27.1, 0, 0, 0
L -1100.34, 2083.4, -13.6, -1138.54, 2082, -12.1, 0, 0, 0
L -941.24, 2077.4, -26.7, -1100.34, 2083.4, -13.6, 0, 0, 0
L -917.84, 2066.6, -34.6, -941.24, 2077.4, -26.7, 0, 0, 0
L -856.14, 2026.9, -44.3, -917.84, 2066.6, -34.6, 0, 0, 0
L -831.74, 2024.5, -40.4, -856.14, 2026.9, -44.3, 0, 0, 0
L -788.94, 2009.4, -28.8, -831.74, 2024.5, -40.4, 0, 0, 0
L -775.94, 2009.5, -28.2, -788.94, 2009.4, -28.8, 0, 0, 0
L -753.94, 1959.9, -12.7, -775.94, 2009.5, -28.2, 0, 0, 0
L -735.14, 1950.3, -0.7, -753.94, 1959.9, -12.7, 0, 0, 0
L -722.44, 1940.2, -2.5, -735.14, 1950.3, -0.7, 0, 0, 0
L -686.24, 1927.7, -1.3, -722.44, 1940.2, -2.5, 0, 0, 0
L -659.74, 1923.7, 4.0, -686.24, 1927.7, -1.3, 0, 0, 0
L -646.64, 1927.4, 2.0, -659.74, 1923.7, 4.0, 0, 0, 0
L -607.54, 1947, 12.3, -646.64, 1927.4, 2.0, 0, 0, 0
L -598.84, 1955.4, 16.9, -607.54, 1947, 12.3, 0, 0, 0
L -522.24, 1961.9, 6.4, -598.84, 1955.4, 16.9, 0, 0, 0
L -493.84, 1958.4, 6.3, -522.24, 1961.9, 6.4, 0, 0, 0
L -439.24, 1966.7, 5.9, -493.84, 1958.4, 6.3, 0, 0, 0
L 686.36, -2380.4, -30.3, 702.96, -2287.5, -3.0, 0, 0, 255
L 702.96, -2287.5, -3.0, 712.06, -2245.7, -3.1, 0, 0, 255
L 712.06, -2245.7, -3.1, 723.66, -2173.4, -2.7, 0, 0, 255
L 723.66, -2173.4, -2.7, 738.46, -2152.2, -3.4, 0, 0, 255
L 738.46, -2152.2, -3.4, 740.76, -2062.2, -3.0, 0, 0, 255
L 740.76, -2062.2, -3.0, 704.06, -1986.1, -3.3, 0, 0, 255
L 704.06, -1986.1, -3.3, 699.16, -1956.7, -3.8, 0, 0, 255
L 699.16, -1956.7, -3.8, 735.36, -1860.6, -2.3, 0, 0, 255
L 735.36, -1860.6, -2.3, 703.86, -1803.3, -3.2, 0, 0, 255
L 703.86, -1803.3, -3.2, 707.16, -1759, -4.3, 0, 0, 255
L 707.16, -1759, -4.3, 673.66, -1739.7, -3.8, 0, 0, 255
L 673.66, -1739.7, -3.8, 654.26, -1670.1, -1.8, 0, 0, 255
L 654.26, -1670.1, -1.8, 739.36, -1604.1, -3.0, 0, 0, 255
L 739.36, -1604.1, -3.0, 766.06, -1572.8, -2.7, 0, 0, 255
L 766.06, -1572.8, -2.7, 765.06, -1542.6, -3.0, 0, 0, 255
L 765.06, -1542.6, -3.0, 746.06, -1473.8, -3.8, 0, 0, 255
L 746.06, -1473.8, -3.8, 744.76, -1358.9, -3.9, 0, 0, 255
L 744.76, -1358.9, -3.9, 712.76, -1291.1, -2.9, 0, 0, 255
L 712.76, -1291.1, -2.9, 715.26, -1272.7, -2.8, 0, 0, 255
L 715.26, -1272.7, -2.8, 708.96, -1207.3, -3.3, 0, 0, 255
L 708.96, -1207.3, -3.3, 721.96, -1171.3, -1.2, 0, 0, 255
L 721.96, -1171.3, -1.2, 722.26, -1087.5, -2.1, 0, 0, 255
L 722.26, -1087.5, -2.1, 707.66, -1072.9, -2.8, 0, 0, 255
L 707.66, -1072.9, -2.8, 705.46, -1008.2, -2.7, 0, 0, 255
L 705.46, -1008.2, -2.7, 696.76, -967.1, -3.2, 0, 0, 255
L 696.76, -967.1, -3.2, 700.86, -909.2, -3.1, 0, 0, 255
L 700.86, -909.2, -3.1, 717.36, -868.3, -2.9, 0, 0, 255
L 717.36, -868.3, -2.9, 716.06, -803.2, -3.1, 0, 0, 255
L 716.06, -803.2, -3.1, 694.36, -766.3, -3.1, 0, 0, 255
L 694.36, -766.3, -3.1, 683.16, -671.8, -3.3, 0, 0, 255
L 683.16, -671.8, -3.3, 693.96, -622.3, -3.0, 0, 0, 255
L 693.96, -622.3, -3.0, 722.96, -562.9, -3.3, 0, 0, 255
L 722.96, -562.9, -3.3, 724.06, -484.2, -2.4, 0, 0, 255
L 724.06, -484.2, -2.4, 716.86, -470.2, -3.1, 0, 0, 255
L 716.86, -470.2, -3.1, 709.26, -401.2, -3.1, 0, 0, 255
L 709.26, -401.2, -3.1, 700.06, -367.9, -3.3, 0, 0, 255
L 700.06, -367.9, -3.3, 696.86, -316.8, -3.2, 0, 0, 255
L 696.86, -316.8, -3.2, 695.16, -170.6, -3.0, 0, 0, 255
L 695.16, -170.6, -3.0, 683.16, -119.7, -2.7, 0, 0, 255
L 683.16, -119.7, -2.7, 691.26, -72.4, -3.2, 0, 0, 255
L 691.26, -72.4, -3.2, 741.66, -0.7, -2.4, 0, 0, 255
L 741.66, -0.7, -2.4, 761.36, 32.1, -3.4, 0, 0, 255
L 761.36, 32.1, -3.4, 760.96, 49.6, -3.4, 0, 0, 255
L 760.96, 49.6, -3.4, 736.26, 85.5, -2.4, 0, 0, 255
L 736.26, 85.5, -2.4, 729.76, 124.1, -6.3, 0, 0, 255
L 729.76, 124.1, -6.3, 693.26, 126.2, -1.6, 0, 0, 255
L 693.26, 126.2, -1.6, 696.96, 238.9, -3.1, 0, 0, 255
L 696.96, 238.9, -3.1, 699.96, 289.7, -3.2, 0, 0, 255
L 699.96, 289.7, -3.2, 698.76, 325.8, -3.1, 0, 0, 255
L 698.76, 325.8, -3.1, 696.66, 383.7, -3.2, 0, 0, 255
L 696.66, 383.7, -3.2, 697.56, 446.7, -2.7, 0, 0, 255
L 697.56, 446.7, -2.7, 712.96, 499.4, -3.3, 0, 0, 255
L 712.96, 499.4, -3.3, 730.56, 525.7, -2.3, 0, 0, 255
L 730.56, 525.7, -2.3, 725.66, 617.1, -2.7, 0, 0, 255
L 725.66, 617.1, -2.7, 706.96, 631.4, -2.1, 0, 0, 255
L 706.96, 631.4, -2.1, 712.26, 705.1, -3.2, 0, 0, 255
L 712.26, 705.1, -3.2, 700.76, 727.4, -3.3, 0, 0, 255
L 700.76, 727.4, -3.3, 694.56, 789.3, -2.9, 0, 0, 255
L 694.56, 789.3, -2.9, 694.26, 923.1, -2.8, 0, 0, 255
L 694.26, 923.1, -2.8, 740.16, 992.1, -3.0, 0, 0, 255
L 740.16, 992.1, -3.0, 753.16, 1028.5, -2.7, 0, 0, 255
L 753.16, 1028.5, -2.7, 751.66, 1043.6, -2.7, 0, 0, 255
L 751.66, 1043.6, -2.7, 736.46, 1075.4, -3.1, 0, 0, 255
L 736.46, 1075.4, -3.1, 706.46, 1092.4, -3.1, 0, 0, 255
L 706.46, 1092.4, -3.1, 702.16, 1136.5, -2.9, 0, 0, 255
L 702.16, 1136.5, -2.9, 697.86, 1180.1, -3.2, 0, 0, 255
L 697.86, 1180.1, -3.2, 697.46, 1230.4, -2.9, 0, 0, 255
L 697.46, 1230.4, -2.9, 741.06, 1264.6, -2.6, 0, 0, 255
L 741.06, 1264.6, -2.6, 774.06, 1324.5, -2.9, 0, 0, 255
L 774.06, 1324.5, -2.9, 775.56, 1367.1, -3.2, 0, 0, 255
L 775.56, 1367.1, -3.2, 743.16, 1436.2, -3.2, 0, 0, 255
L 743.16, 1436.2, -3.2, 726.76, 1532, -5.5, 0, 0, 255
L 726.76, 1532, -5.5, 712.66, 1528.2, -2.0, 0, 0, 255
L 712.66, 1528.2, -2.0, 711.36, 1600.2, -2.5, 0, 0, 255
L 711.36, 1600.2, -2.5, 701.36, 1638.2, -2.6, 0, 0, 255
L 701.36, 1638.2, -2.6, 715.56, 1704.9, -2.7, 0, 0, 255
L 715.56, 1704.9, -2.7, 733.96, 1734, -3.4, 0, 0, 255
L 733.96, 1734, -3.4, 730.86, 1823.8, -5.3, 0, 0, 255
L 730.86, 1823.8, -5.3, 707.86, 1842.3, -2.8, 0, 0, 255
L 707.86, 1842.3, -2.8, 708.56, 1890.1, -3.3, 0, 0, 255
L 708.56, 1890.1, -3.3, 697.26, 1927.2, -3.2, 0, 0, 255
L 697.26, 1927.2, -3.2, 697.96, 1992.4, 9.4, 0, 0, 255
L 697.96, 1992.4, 9.4, 726.36, 1998.8, 3.3, 0, 0, 255
L 726.36, 1998.8, 3.3, 785.56, 1972.9, -6.7, 0, 0, 255
L 785.56, 1972.9, -6.7, 861.96, 1976.8, -3.3, 0, 0, 255
L 861.96, 1976.8, -3.3, 943.96, 1960.6, -2.4, 0, 0, 255
L 943.96, 1960.6, -2.4, 984.16, 1978.1, -2.7, 0, 0, 255
L 984.16, 1978.1, -2.7, 1015.56, 2001.7, 5.4, 0, 0, 255
L 1015.56, 2001.7, 5.4, 1036.16, 1940.3, -8.3, 0, 0, 255
L 1036.16, 1940.3, -8.3, 1060.46, 1929.8, -30.3, 0, 0, 255
L 818.26, 1178.1, -25.8, 838.06, 1176.4, -29.7, 0, 0, 255
L 838.06, 1176.4, -29.7, 841.96, 1175.7, -29.7, 0, 0, 255
L 841.96, 1175.7, -29.7, 849.56, 1174.5, -29.4, 0, 0, 255
L 849.56, 1174.5, -29.4, 855.56, 1173.7, -29.6, 0, 0, 255
L 855.56, 1173.7, -29.6, 865.06, 1158.4, -30.2, 0, 0, 255
L 865.06, 1158.4, -30.2, 868.26, 1152.7, -29.7, 0, 0, 255
L 868.26, 1152.7, -29.7, 872.16, 1146.9, -30.1, 0, 0, 255
L 872.16, 1146.9, -30.1, 875.76, 1141.4, -30.4, 0, 0, 255
L 875.76, 1141.4, -30.4, 875.36, 1136.2, -29.7, 0, 0, 255
L 875.36, 1136.2, -29.7, 876.76, 1125.8, -30.0, 0, 0, 255
L 876.76, 1125.8, -30.0, 876.96, 1113.6, -29.4, 0, 0, 255
L 876.96, 1113.6, -29.4, 878.26, 1104.8, -30.4, 0, 0, 255
L 878.26, 1104.8, -30.4, 879.26, 1094.3, -30.4, 0, 0, 255
L 879.26, 1094.3, -30.4, 879.46, 1087.7, -30.0, 0, 0, 255
L 879.46, 1087.7, -30.0, 880.96, 1079.1, -30.4, 0, 0, 255
L 880.96, 1079.1, -30.4, 860.06, 1062, -30.2, 0, 0, 255
L 860.06, 1062, -30.2, 855.46, 1058, -30.2, 0, 0, 255
L 855.46, 1058, -30.2, 843.96, 1061.9, -30.1, 0, 0, 255
L 843.96, 1061.9, -30.1, 838.36, 1064.6, -29.1, 0, 0, 255
L 838.36, 1064.6, -29.1, 827.66, 1068.8, -26.5, 0, 0, 255
L 827.66, 1068.8, -26.5, 818.36, 1073.3, -23.9, 0, 0, 255
L 818.36, 1073.3, -23.9, 797.56, 1082.3, -17.9, 0, 0, 255
L 797.56, 1082.3, -17.9, 794.06, 1083.9, -17.1, 0, 0, 255
L 794.06, 1083.9, -17.1, 785.06, 1087.3, -15.6, 0, 0, 255
L 785.06, 1087.3, -15.6, 770.86, 1098.9, -13.8, 0, 0, 255
L 770.86, 1098.9, -13.8, 757.36, 1110.1, -10.6, 0, 0, 255
L 757.36, 1110.1, -10.6, 746.36, 1116.9, -10.5, 0, 0, 255
L 746.36, 1116.9, -10.5, 741.06, 1120.8, -9.8, 0, 0, 255
L 741.06, 1120.8, -9.8, 736.36, 1123.8, -9.7, 0, 0, 255
L 736.36, 1123.8, -9.7, 733.76, 1126.1, -9.4, 0, 0, 255
L 733.76, 1126.1, -9.4, 732.66, 1141.6, -9.4, 0, 0, 255
L 732.66, 1141.6, -9.4, 738.16, 1152.6, -10.5, 0, 0, 255
L 738.16, 1152.6, -10.5, 741.66, 1158.4, -11.2, 0, 0, 255
L 741.66, 1158.4, -11.2, 747.76, 1164.1, -12.4, 0, 0, 255
L 747.76, 1164.1, -12.4, 751.16, 1167.3, -13.0, 0, 0, 255
L 751.16, 1167.3, -13.0, 761.96, 1177, -15.1, 0, 0, 255
L 761.96, 1177, -15.1, 767.56, 1181.9, -16.2, 0, 0, 255
L 767.56, 1181.9, -16.2, 791.16, 1179.5, -20.4, 0, 0, 255
L 791.16, 1179.5, -20.4, 798.06, 1179.2, -21.7, 0, 0, 255
L 798.06, 1179.2, -21.7, 806.16, 1178.4, -23.3, 0, 0, 255
L 806.16, 1178.4, -23.3, 810.56, 1178.2, -24.2, 0, 0, 255
L 810.56, 1178.2, -24.2, 819.76, 1177.4, -26.0, 0, 0, 255
L 819.76, 1177.4, -26.0, 827.96, 1178.7, -27.7, 0, 0, 255
L 783.46, -326.6, -19.7, 787.66, -321.8, -20.4, 150, 100, 0
L 787.66, -321.8, -20.4, 789.26, -320.1, -20.7, 150, 100, 0
L 789.26, -320.1, -20.7, 797.66, -311.5, -21.9, 150, 100, 0
L 797.66, -311.5, -21.9, 802.86, -308.8, -23.2, 150, 100, 0
L 802.86, -308.8, -23.2, 822.16, -304.7, -26.7, 150, 100, 0
L 822.16, -304.7, -26.7, 833.66, -302.3, -28.6, 150, 100, 0
L 833.66, -302.3, -28.6, 841.56, -300.5, -30.1, 150, 100, 0
L 841.56, -300.5, -30.1, 843.76, -300.1, -30.1, 150, 100, 0
L 843.76, -300.1, -30.1, 846.86, -300.6, -30.2, 150, 100, 0
L 846.86, -300.6, -30.2, 848.56, -301, -30.2, 150, 100, 0
L 848.56, -301, -30.2, 869.76, -310.9, -30.2, 150, 100, 0
L 869.76, -310.9, -30.2, 899.66, -324.1, -30.4, 150, 100, 0
L 899.66, -324.1, -30.4, 905.56, -326.8, -30.4, 150, 100, 0
L 905.56, -326.8, -30.4, 901.36, -356.2, -30.5, 150, 100, 0
L 901.36, -356.2, -30.5, 902.96, -372, -30.5, 150, 100, 0
L 902.96, -372, -30.5, 901.16, -402.3, -30.5, 150, 100, 0
L 901.16, -402.3, -30.5, 896.26, -411.4, -30.5, 150, 100, 0
L 896.26, -411.4, -30.5, 880.86, -448.5, -30.4, 150, 100, 0
L 880.86, -448.5, -30.4, 872.46, -462.8, -30.3, 150, 100, 0
L 872.46, -462.8, -30.3, 841.46, -490, -30.1, 150, 100, 0
L 841.46, -490, -30.1, 810.06, -477.3, -24.1, 150, 100, 0
L 810.06, -477.3, -24.1, 789.16, -468.4, -19.8, 150, 100, 0
L 789.16, -468.4, -19.8, 776.06, -406.1, -17.6, 150, 100, 0
L 776.06, -406.1, -17.6, 773.26, -393.4, -17.4, 150, 100, 0
L 773.26, -393.4, -17.4, 770.46, -380, -17.1, 150, 100, 0
L 770.46, -380, -17.1, 771.06, -367.4, -17.3, 150, 100, 0
L 771.06, -367.4, -17.3, 772.26, -350.5, -17.6, 150, 100, 0
L 772.26, -350.5, -17.6, 773.06, -339.5, -17.7, 150, 100, 0
L 773.06, -339.5, -17.7, 784.86, -325.7, -19.7, 150, 100, 0
L 784.86, -325.7, -19.7, 791.96, -317.1, -21.2, 150, 100, 0
L 473.96, -766.9, 3.0, 510.96, -803, 3.0, 0, 0, 0
L 510.96, -803, 3.0, 499.96, -848.6, 3.0, 0, 0, 0
L 499.96, -848.6, 3.0, 486.96, -870.9, 3.0, 0, 0, 0
L 486.96, -870.9, 3.0, 468.06, -892.2, 11.1, 0, 0, 0
L 468.06, -892.2, 11.1, 426.66, -904.7, 15.9, 0, 0, 0
L 426.66, -904.7, 15.9, 404.06, -905.3, 16.1, 0, 0, 0
L 404.06, -905.3, 16.1, 368.76, -883.2, 7.6, 0, 0, 0
L 368.76, -883.2, 7.6, 363.76, -871.5, 3.0, 0, 0, 0
L 363.76, -871.5, 3.0, 355.56, -821.9, 3.0, 0, 0, 0
L 355.56, -821.9, 3.0, 399.76, -777.1, 3.0, 0, 0, 0
L 399.76, -777.1, 3.0, 469.56, -762.6, 3.0, 0, 0, 0
L 469.56, -762.6, 3.0, 484.26, -776.9, 3.0, 0, 0, 0
L 606.26, -769.6, 3.0, 639.46, -745.8, 21.8, 100, 50, 0
L 640.16, -760.3, 3.0, 632.56, -750.1, 18.1, 100, 50, 0
L 632.56, -750.1, 18.1, 625.46, -739.9, 3.0, 100, 50, 0
L 625.46, -739.9, 3.0, 603.06, -756.9, 3.0, 100, 50, 0
L 603.06, -756.9, 3.0, 604.66, -764.8, 3.0, 100, 50, 0
L 604.66, -764.8, 3.0, 607.66, -768.6, 3.9, 100, 50, 0
L 607.66, -768.6, 3.9, 610.56, -772.8, 3.0, 100, 50, 0
L 610.56, -772.8, 3.0, 616.86, -776.7, 3.1, 100, 50, 0
L 616.86, -776.7, 3.1, 639.76, -760.4, 3.0, 100, 50, 0
L 639.76, -760.4, 3.0, 640.26, -760.2, 3.0, 100, 50, 0
L 621.66, -722.4, 3.0, 621.56, -722.9, 3.0, 100, 50, 0
L 620.36, -726.4, 3.0, 619.86, -726.6, 3.0, 100, 50, 0
L 619.86, -726.6, 3.0, 582.06, -713.6, 3.0, 100, 50, 0
L 582.06, -713.6, 3.0, 581.86, -713.2, 3.0, 100, 50, 0
L 581.86, -713.2, 3.0, 588.36, -694.3, 3.0, 100, 50, 0
L 588.36, -694.3, 3.0, 588.86, -694.2, 3.0, 100, 50, 0
L 588.86, -694.2, 3.0, 626.56, -707.2, 3.0, 100, 50, 0
L 626.56, -707.2, 3.0, 626.76, -707.6, 3.0, 100, 50, 0
L 621.36, -723.5, 3.0, 620.36, -726.4, 3.0, 100, 50, 0
L 626.76, -707.6, 3.0, 621.56, -722.9, 3.0, 100, 50, 0
L 621.56, -722.9, 3.0, 621.36, -723.5, 3.0, 100, 50, 0
L 618.76, -725, 3.3, 583.96, -713, 3.3, 100, 50, 0
L 583.96, -713, 3.3, 589.86, -695.9, 3.3, 100, 50, 0
L 589.86, -695.9, 3.3, 624.66, -707.9, 3.3, 100, 50, 0
L 624.66, -707.9, 3.3, 623.66, -710.8, 3.3, 100, 50, 0
L 619.96, -721.4, 3.3, 618.76, -725, 3.3, 100, 50, 0
L 619.96, -721.4, 3.3, 620.46, -721.1, 3.5, 100, 50, 0
L 620.46, -721.1, 3.5, 621.66, -721.5, 3.5, 100, 50, 0
L 621.66, -721.5, 3.5, 621.96, -721.3, 3.0, 100, 50, 0
L 623.66, -710.8, 3.3, 619.96, -721.4, 3.3, 100, 50, 0
L 623.66, -710.8, 3.3, 623.46, -711.2, 3.3, 100, 50, 0
L 623.46, -711.2, 3.3, 623.86, -711.7, 3.5, 100, 50, 0
L 623.86, -711.7, 3.5, 624.86, -712, 3.5, 100, 50, 0
L 624.86, -712, 3.5, 625.16, -712, 3.0, 100, 50, 0
L -61.54, -156.7, -39.4, -150.24, -159.4, -41.3, 0, 0, 255
L -150.24, -159.4, -41.3, -163.74, -161.1, -40.5, 0, 0, 255
L -163.74, -161.1, -40.5, -246.94, -153.9, -39.5, 0, 0, 255
L -246.94, -153.9, -39.5, -264.34, -149.7, -38.9, 0, 0, 255
L -264.34, -149.7, -38.9, -338.94, -143.1, -40.9, 0, 0, 255
L -338.94, -143.1, -40.9, -441.14, -150.3, -41.0, 0, 0, 255
L -441.14, -150.3, -41.0, -461.14, -155.9, -41.0, 0, 0, 255
L -461.14, -155.9, -41.0, -546.44, -154.7, -39.9, 0, 0, 255
L -546.44, -154.7, -39.9, -564.14, -153.6, -40.2, 0, 0, 255
L -564.14, -153.6, -40.2, -645.84, -155.1, -40.5, 0, 0, 255
L -645.84, -155.1, -40.5, -663.94, -154.6, -41.0, 0, 0, 255
L -663.94, -154.6, -41.0, -759.54, -166.9, -41.5, 0, 0, 255
L -759.54, -166.9, -41.5, -861.84, -166.9, -40.6, 0, 0, 255
L -861.84, -166.9, -40.6, -950.34, -137.6, -39.9, 0, 0, 255
L -950.34, -137.6, -39.9, -960.64, -125, -39.7, 0, 0, 255
L -960.64, -125, -39.7, -1002.14, -114.9, -40.3, 0, 0, 255
L -1002.14, -114.9, -40.3, -1011.24, -67.7, -41.2, 0, 0, 255
L -1011.24, -67.7, -41.2, -1031.14, -41.5, -40.5, 0, 0, 255
L -1031.14, -41.5, -40.5, -1036.24, 27.4, -40.8, 0, 0, 255
L -1036.24, 27.4, -40.8, -1011.74, 77.8, -40.9, 0, 0, 255
L -1011.74, 77.8, -40.9, -1000.24, 130.8, -40.4, 0, 0, 255
L -1000.24, 130.8, -40.4, -958.74, 185.8, -40.8, 0, 0, 255
L -958.74, 185.8, -40.8, -940.24, 231.7, -40.8, 0, 0, 255
L -940.24, 231.7, -40.8, -937.44, 254.5, -40.8, 0, 0, 255
L -937.44, 254.5, -40.8, -931.84, 328.8, -40.8, 0, 0, 255
L -931.84, 328.8, -40.8, -931.54, 430.5, -40.8, 0, 0, 255
L -931.54, 430.5, -40.8, -926.44, 465, -40.2, 0, 0, 255
L -926.44, 465, -40.2, -921.54, 530.9, -40.8, 0, 0, 255
L -921.54, 530.9, -40.8, -911.34, 581.3, -40.8, 0, 0, 255
L -911.34, 581.3, -40.8, -909.94, 633.3, -42.0, 0, 0, 255
L -909.94, 633.3, -42.0, -924.84, 664.5, -40.5, 0, 0, 255
L -924.84, 664.5, -40.5, -936.64, 727.9, -40.0, 0, 0, 255
L -936.64, 727.9, -40.0, -949.04, 742.3, -41.0, 0, 0, 255
L -949.04, 742.3, -41.0, -958.54, 752, -40.5, 0, 0, 255
L -958.54, 752, -40.5, -1018.54, 770.8, -40.7, 0, 0, 255
L -1018.54, 770.8, -40.7, -1032.54, 827.4, -40.4, 0, 0, 255
L -1032.54, 827.4, -40.4, -1044.34, 844.5, -40.4, 0, 0, 255
L -1044.34, 844.5, -40.4, -1062.24, 922.5, -41.5, 0, 0, 255
L -1062.24, 922.5, -41.5, -1066.24, 923.7, -40.5, 0, 0, 255
L -1066.24, 923.7, -40.5, -1065.44, 932.8, -40.5, 0, 0, 255
L -1065.44, 932.8, -40.5, -1058.64, 963.9, -41.3, 0, 0, 255
L -1058.64, 963.9, -41.3, -1052.54, 1032.9, -37.4, 0, 0, 255
L -1052.54, 1032.9, -37.4, -960.44, 1120.8, -40.3, 0, 0, 255
L -960.44, 1120.8, -40.3, -929.64, 1129.5, -40.3, 0, 0, 255
L -929.64, 1129.5, -40.3, -859.34, 1160, -41.1, 0, 0, 255
L -859.34, 1160, -41.1, -827.44, 1158.4, -41.0, 0, 0, 255
L -827.44, 1158.4, -41.0, -756.24, 1138.7, -41.3, 0, 0, 255
L -756.24, 1138.7, -41.3, -748.74, 1138.8, -41.0, 0, 0, 255
L -748.74, 1138.8, -41.0, -740.44, 1128.4, -40.3, 0, 0, 255
L -740.44, 1128.4, -40.3, -669.44, 1112.4, -39.5, 0, 0, 255
L -669.44, 1112.4, -39.5, -660.04, 1106.8, -40.9, 0, 0, 255
L -660.04, 1106.8, -40.9, -573.94, 1098.5, -40.0, 0, 0, 255
L -573.94, 1098.5, -40.0, -556.44, 1092, -41.1, 0, 0, 255
L -556.44, 1092, -41.1, -494.14, 1091.7, -39.9, 0, 0, 255
L -494.14, 1091.7, -39.9, -450.64, 1092.9, -40.8, 0, 0, 255
L -450.64, 1092.9, -40.8, -390.74, 1094.5, -40.4, 0, 0, 255
L -390.74, 1094.5, -40.4, -350.84, 1090.7, -41.1, 0, 0, 255
L -350.84, 1090.7, -41.1, -280.54, 1106.9, -40.0, 0, 0, 255
L -280.54, 1106.9, -40.0, -257.74, 1115.7, -40.9, 0, 0, 255
L -257.74, 1115.7, -40.9, -231.64, 1129.5, -40.9, 0, 0, 255
L -231.64, 1129.5, -40.9, -156.54, 1186.2, -40.5, 0, 0, 255
L -156.54, 1186.2, -40.5, -72.44, 1214.2, -41.2, 0, 0, 255
L -72.44, 1214.2, -41.2, -57.04, 1223.4, -40.0, 0, 0, 255
L -57.04, 1223.4, -40.0, -32.14, 1229.3, -40.4, 0, 0, 255
L -32.14, 1229.3, -40.4, 45.56, 1263.8, -39.7, 0, 0, 255
L 45.56, 1263.8, -39.7, 77.06, 1262.8, -40.5, 0, 0, 255
L 77.06, 1262.8, -40.5, 141.86, 1271.6, -40.7, 0, 0, 255
L 141.86, 1271.6, -40.7, 185.56, 1269.3, -40.2, 0, 0, 255
L 185.56, 1269.3, -40.2, 239.96, 1235, -40.7, 0, 0, 255
L 239.96, 1235, -40.7, 248.46, 1232.7, -40.4, 0, 0, 255
L 248.46, 1232.7, -40.4, 249.06, 1228.1, -41.0, 0, 0, 255
L 249.06, 1228.1, -41.0, 318.56, 1206.4, -41.0, 0, 0, 255
L 318.56, 1206.4, -41.0, 341.16, 1157.3, -40.6, 0, 0, 255
L 341.16, 1157.3, -40.6, 366.96, 1148.9, -39.3, 0, 0, 255
L 366.96, 1148.9, -39.3, 369.66, 1122.1, -40.6, 0, 0, 255
L 369.66, 1122.1, -40.6, 390.36, 1079.6, -40.9, 0, 0, 255
L 390.36, 1079.6, -40.9, 392.16, 1028.3, -41.1, 0, 0, 255
L 392.16, 1028.3, -41.1, 339.06, 951.4, -40.8, 0, 0, 255
L 339.06, 951.4, -40.8, 326.46, 925.5, -38.9, 0, 0, 255
L 326.46, 925.5, -38.9, 239.16, 833.5, -40.7, 0, 0, 255
L 239.16, 833.5, -40.7, 232.96, 828.6, -41.7, 0, 0, 255
L 232.96, 828.6, -41.7, 141.16, 755.3, -41.2, 0, 0, 255
L 141.16, 755.3, -41.2, 98.06, 728.8, -41.1, 0, 0, 255
L 98.06, 728.8, -41.1, 65.46, 650.7, -41.3, 0, 0, 255
L 65.46, 650.7, -41.3, 60.56, 628.2, -40.9, 0, 0, 255
L 60.56, 628.2, -40.9, 40.36, 594.5, -41.1, 0, 0, 255
L 40.36, 594.5, -41.1, 20.46, 525.9, -40.5, 0, 0, 255
L 20.46, 525.9, -40.5, -1.04, 485.5, -40.5, 0, 0, 255
L -1.04, 485.5, -40.5, -16.84, 427.1, -41.0, 0, 0, 255
L -16.84, 427.1, -41.0, -6.34, 378.8, -40.7, 0, 0, 255
L -6.34, 378.8, -40.7, -5.64, 327.7, -40.4, 0, 0, 255
L -5.64, 327.7, -40.4, 9.36, 293.2, -40.8, 0, 0, 255
L 9.36, 293.2, -40.8, 25.76, 227.5, -40.4, 0, 0, 255
L 25.76, 227.5, -40.4, 34.06, 213.9, -40.7, 0, 0, 255
L 34.06, 213.9, -40.7, 41.86, 200.8, -40.6, 0, 0, 255
L 41.86, 200.8, -40.6, 92.86, 174.9, -39.3, 0, 0, 255
L 92.86, 174.9, -39.3, 97.26, 128.4, -41.0, 0, 0, 255
L 97.26, 128.4, -41.0, 114.76, 96.9, -39.6, 0, 0, 255
L 114.76, 96.9, -39.6, 118.76, 29.8, -40.6, 0, 0, 255
L 118.76, 29.8, -40.6, 78.16, -35, -41.3, 0, 0, 255
L 78.16, -35, -41.3, 70.26, -71, -40.7, 0, 0, 255
L 70.26, -71, -40.7, 39.16, -102.6, -41.0, 0, 0, 255
L 39.16, -102.6, -41.0, -6.74, -117.6, -41.5, 0, 0, 255
L -6.74, -117.6, -41.5, -62.04, -156.8, -39.3, 0, 0, 255
L -268.74, 718.3, -41.0, -359.24, 718.7, -40.8, 0, 0, 255
L -359.24, 718.7, -40.8, -365.84, 722.2, -40.7, 0, 0, 255
L -365.84, 722.2, -40.7, -460.94, 661.6, -40.4, 0, 0, 255
L -460.94, 661.6, -40.4, -626.34, 662.4, -39.9, 0, 0, 255
L -626.34, 662.4, -39.9, -658.84, 697.2, -40.3, 0, 0, 255
L -658.84, 697.2, -40.3, -738.24, 628.8, -40.5, 0, 0, 255
L -738.24, 628.8, -40.5, -705.54, 581.8, -40.5, 0, 0, 255
L -705.54, 581.8, -40.5, -704.54, 529.3, -38.6, 0, 0, 255
L -704.54, 529.3, -38.6, -692.84, 494.2, -39.5, 0, 0, 255
L -692.84, 494.2, -39.5, -693.54, 393.3, -41.1, 0, 0, 255
L -693.54, 393.3, -41.1, -592.54, 394.9, -40.7, 0, 0, 255
L -592.54, 394.9, -40.7, -558.24, 363.1, -39.9, 0, 0, 255
L -558.24, 363.1, -39.9, -524.94, 363.2, -40.7, 0, 0, 255
L -524.94, 363.2, -40.7, -459.34, 378.7, -40.6, 0, 0, 255
L -459.34, 378.7, -40.6, -409.74, 428.2, -40.5, 0, 0, 255
L -409.74, 428.2, -40.5, -359.24, 517, -41.2, 0, 0, 255
L -359.24, 517, -41.2, -346.74, 528.7, -40.9, 0, 0, 255
L -346.74, 528.7, -40.9, -290.94, 597.3, -41.0, 0, 0, 255
L -290.94, 597.3, -41.0, -267.94, 629.8, -41.0, 0, 0, 255
L -267.94, 629.8, -41.0, -268.64, 718.4, -41.1, 0, 0, 255
L -510.34, 559.5, 46.5, -494.74, 559.5, 46.5, 0, 0, 0
L -494.74, 559.5, 46.5, -494.44, 559.3, 46.5, 0, 0, 0
L -494.44, 559.3, 46.5, -494.44, 507.4, 48.6, 0, 0, 0
L -494.44, 507.4, 48.6, -494.84, 507.2, 46.5, 0, 0, 0
L -494.84, 507.2, 46.5, -546.34, 507.2, 46.5, 0, 0, 0
L -546.34, 507.2, 46.5, -546.94, 507.9, 46.5, 0, 0, 0
L -546.94, 507.9, 46.5, -546.94, 508.9, 46.5, 0, 0, 0
L -546.94, 508.9, 46.5, -547.34, 558.7, 65.9, 0, 0, 0
L -547.34, 558.7, 65.9, -546.14, 559.5, 65.9, 0, 0, 0
L -546.14, 559.5, 65.9, -526.04, 559.5, 75.3, 0, 0, 0
L -526.04, 559.5, 75.3, -525.74, 559, 75.4, 0, 0, 0
L -525.74, 559, 75.4, -525.74, 555.2, 75.4, 0, 0, 0
L -525.74, 555.2, 75.4, -526.04, 554.8, 75.1, 0, 0, 0
L -526.04, 554.8, 75.1, -541.84, 554.6, 75.1, 0, 0, 0
L -541.84, 554.6, 75.1, -542.04, 511.9, 75.1, 0, 0, 0
L -542.04, 511.9, 75.1, -499.14, 511.9, 75.1, 0, 0, 0
L -499.14, 511.9, 75.1, -499.14, 554.5, 75.1, 0, 0, 0
L -499.14, 554.5, 75.1, -511.94, 554.5, 75.1, 0, 0, 0
L -511.94, 554.5, 75.1, -514.04, 555.3, 75.4, 0, 0, 0
L -514.04, 555.3, 75.4, -514.04, 559.1, 75.4, 0, 0, 0
L -514.04, 559.1, 75.4, -513.84, 559.5, 75.3, 0, 0, 0
L -513.84, 559.5, 75.3, -510.84, 559.5, 75.3, 0, 0, 0
L -510.84, 559.5, 75.3, -511.04, 567.9, 75.3, 0, 0, 0
L -511.04, 567.9, 75.3, -530.34, 567.6, 75.3, 0, 0, 0
L -530.34, 567.6, 75.3, -547.64, 567.7, 65.9, 0, 0, 0
L -547.64, 567.7, 65.9, -556.34, 567.8, 65.9, 0, 0, 0
L -556.34, 567.8, 65.9, -556.34, 559.4, 65.7, 0, 0, 0
L -556.34, 559.4, 65.7, -555.94, 509.8, 46.9, 0, 0, 0
L -555.94, 509.8, 46.9, -546.74, 509.6, 46.8, 0, 0, 0
L -557.04, 512.7, 46.5, -557.04, 568, 46.5, 0, 0, 0
L -557.04, 568, 46.5, -557.04, 568.1, 46.5, 0, 0, 0
L -557.04, 568.1, 46.5, -556.64, 568.4, 46.5, 0, 0, 0
L -556.64, 568.4, 46.5, -510.84, 568.4, 46.5, 0, 0, 0
L -510.84, 568.4, 46.5, -510.34, 568, 46.5, 0, 0, 0
L -510.34, 568, 46.5, -510.34, 559.5, 46.5, 0, 0, 0
L -542.04, 554.7, 132.1, -542.14, 511.9, 132.1, 0, 204, 0
L -542.14, 511.9, 132.1, -499.14, 512, 132.1, 0, 204, 0
L -499.14, 512, 132.1, -499.14, 554.4, 132.1, 0, 204, 0
L -499.14, 554.4, 132.1, -542.04, 554.7, 132.1, 0, 204, 0
L -513.94, 515.9, 132.1, -503.74, 515.7, 132.1, 0, 204, 0
L -503.74, 515.7, 132.1, -503.74, 530.4, 132.1, 0, 204, 0
L -503.74, 530.4, 132.1, -514.74, 530.3, 132.1, 0, 204, 0
L -514.74, 530.3, 132.1, -514.74, 516.1, 132.1, 0, 204, 0
L -551.84, 628.1, 46.5, -659.04, 628.1, 46.5, 150, 150, 150
L -659.04, 628.1, 46.5, -659.04, 428.7, 46.5, 150, 150, 150
L -659.04, 428.7, 46.5, -459.84, 428.8, 46.5, 150, 150, 150
L -459.84, 428.8, 46.5, -459.74, 627.6, 46.5, 150, 150, 150
L -459.74, 627.6, 46.5, -557.54, 627.9, 46.5, 150, 150, 150
L -53.34, 906.2, -214.6, -81.54, 950, -216.3, 0, 0, 0
L -81.54, 950, -216.3, -81.34, 950.4, -216.3, 0, 0, 0
L -81.34, 950.4, -216.3, -37.74, 978, -216.3, 0, 0, 0
L -37.74, 978, -216.3, -37.14, 977.6, -216.3, 0, 0, 0
L -37.14, 977.6, -216.3, -9.74, 934.2, -216.3, 0, 0, 0
L -9.74, 934.2, -216.3, -9.84, 933.7, -216.3, 0, 0, 0
L -9.84, 933.7, -216.3, -53.34, 906.2, -214.6, 0, 0, 0
L -53.34, 906.2, -214.6, -53.94, 906.5, -214.6, 0, 0, 0
L 130.06, 1449.5, 3.0, 119.26, 1438.8, 3.0, 0, 0, 0
L 119.26, 1438.8, 3.0, 102.76, 1439, 3.0, 0, 0, 0
L 102.76, 1439, 3.0, 99.26, 1442.5, 3.0, 0, 0, 0
L 99.26, 1442.5, 3.0, 95.16, 1439.1, 3.0, 0, 0, 0
L 95.16, 1439.1, 3.0, 90.96, 1443.9, 3.0, 0, 0, 0
L 90.96, 1443.9, 3.0, 94.56, 1447.3, 3.0, 0, 0, 0
L 94.56, 1447.3, 3.0, 91.36, 1450.6, 3.0, 0, 0, 0
L 91.36, 1450.6, 3.0, 91.66, 1467, 3.0, 0, 0, 0
L 91.66, 1467, 3.0, 103.26, 1478.4, 3.0, 0, 0, 0
L 103.26, 1478.4, 3.0, 119.46, 1478.3, 3.0, 0, 0, 0
L 119.46, 1478.3, 3.0, 130.16, 1467.6, 3.0, 0, 0, 0
L 130.16, 1467.6, 3.0, 132.96, 1470.5, 3.0, 0, 0, 0
L 132.96, 1470.5, 3.0, 129.56, 1474.5, 3.0, 0, 0, 0
L 129.56, 1474.5, 3.0, 133.86, 1478.7, 3.0, 0, 0, 0
L 133.86, 1478.7, 3.0, 134.46, 1478.7, 3.0, 0, 0, 0
L 134.46, 1478.7, 3.0, 137.76, 1475.3, 3.0, 0, 0, 0
L 137.76, 1475.3, 3.0, 140.96, 1478.4, 3.0, 0, 0, 0
L 140.96, 1478.4, 3.0, 157.36, 1478.2, 3.0, 0, 0, 0
L 157.36, 1478.2, 3.0, 167.76, 1467.8, 3.0, 0, 0, 0
L 167.76, 1467.8, 3.0, 178.26, 1478.3, 3.0, 0, 0, 0
L 178.26, 1478.3, 3.0, 194.56, 1478.3, 3.0, 0, 0, 0
L 194.56, 1478.3, 3.0, 198.36, 1474.6, 3.0, 0, 0, 0
L 198.36, 1474.6, 3.0, 201.76, 1477.9, 3.0, 0, 0, 0
L 201.76, 1477.9, 3.0, 202.36, 1478, 3.0, 0, 0, 0
L 202.36, 1478, 3.0, 206.56, 1473.7, 3.0, 0, 0, 0
L 206.56, 1473.7, 3.0, 206.56, 1473.2, 3.0, 0, 0, 0
L 206.56, 1473.2, 3.0, 203.16, 1469.9, 3.0, 0, 0, 0
L 203.16, 1469.9, 3.0, 206.16, 1466.9, 3.0, 0, 0, 0
L 206.16, 1466.9, 3.0, 206.26, 1450.4, 3.0, 0, 0, 0
L 206.26, 1450.4, 3.0, 194.66, 1438.8, 3.0, 0, 0, 0
L 194.66, 1438.8, 3.0, 178.26, 1438.8, 3.0, 0, 0, 0
L 178.26, 1438.8, 3.0, 167.76, 1449.3, 3.0, 0, 0, 0
L 167.76, 1449.3, 3.0, 157.06, 1438.8, 3.0, 0, 0, 0
L 157.06, 1438.8, 3.0, 154.26, 1438.8, 3.0, 0, 0, 0
L 154.26, 1438.8, 3.0, 143.56, 1438.8, 3.0, 0, 0, 0
L 143.56, 1438.8, 3.0, 140.76, 1438.9, 3.0, 0, 0, 0
L 140.76, 1438.9, 3.0, 130.06, 1449.5, 3.0, 0, 0, 0
L 143.76, 1440.7, 4.8, 141.46, 1440.7, 4.8, 0, 0, 0
L 141.46, 1440.7, 4.8, 130.96, 1451.2, 4.8, 0, 0, 0
L 130.96, 1451.2, 4.8, 130.96, 1452.9, 4.8, 0, 0, 0
L 130.96, 1452.9, 4.8, 130.96, 1453.4, 4.8, 0, 0, 0
L 130.96, 1453.4, 4.8, 130.46, 1453.7, 5.3, 0, 0, 0
L 130.46, 1453.7, 5.3, 129.66, 1453.8, 5.3, 0, 0, 0
L 129.66, 1453.8, 5.3, 129.06, 1453.4, 4.8, 0, 0, 0
L 129.06, 1453.4, 4.8, 129.06, 1451, 4.8, 0, 0, 0
L 129.06, 1451, 4.8, 118.66, 1440.6, 4.8, 0, 0, 0
L 118.66, 1440.6, 4.8, 103.86, 1440.6, 4.8, 0, 0, 0
L 103.86, 1440.6, 4.8, 93.46, 1451, 4.8, 0, 0, 0
L 93.46, 1451, 4.8, 93.46, 1465.8, 4.8, 0, 0, 0
L 93.46, 1465.8, 4.8, 103.86, 1476.2, 4.8, 0, 0, 0
L 103.86, 1476.2, 4.8, 118.66, 1476.2, 4.8, 0, 0, 0
L 118.66, 1476.2, 4.8, 129.06, 1465.8, 4.8, 0, 0, 0
L 129.06, 1465.8, 4.8, 129.06, 1463.5, 4.8, 0, 0, 0
L 129.06, 1463.5, 4.8, 129.56, 1463.1, 5.3, 0, 0, 0
L 129.56, 1463.1, 5.3, 130.46, 1463.1, 5.3, 0, 0, 0
L 130.46, 1463.1, 5.3, 130.96, 1465.8, 4.8, 0, 0, 0
L 130.96, 1465.8, 4.8, 141.46, 1476.3, 4.8, 0, 0, 0
L 141.46, 1476.3, 4.8, 156.26, 1476.3, 4.8, 0, 0, 0
L 156.26, 1476.3, 4.8, 166.66, 1465.9, 4.8, 0, 0, 0
L 166.66, 1465.9, 4.8, 166.66, 1463.8, 4.8, 0, 0, 0
L 166.66, 1463.8, 4.8, 167.26, 1463.4, 5.3, 0, 0, 0
L 167.26, 1463.4, 5.3, 167.96, 1463.4, 5.3, 0, 0, 0
L 167.96, 1463.4, 5.3, 168.56, 1463.8, 4.8, 0, 0, 0
L 168.56, 1463.8, 4.8, 168.56, 1466.1, 4.8, 0, 0, 0
L 168.56, 1466.1, 4.8, 178.96, 1476.5, 4.8, 0, 0, 0
L 178.96, 1476.5, 4.8, 193.76, 1476.6, 4.8, 0, 0, 0
L 193.76, 1476.6, 4.8, 204.26, 1466.1, 4.8, 0, 0, 0
L 204.26, 1466.1, 4.8, 204.26, 1451.4, 4.8, 0, 0, 0
L 204.26, 1451.4, 4.8, 193.76, 1440.9, 4.8, 0, 0, 0
L 193.76, 1440.9, 4.8, 179.06, 1440.9, 4.8, 0, 0, 0
L 179.06, 1440.9, 4.8, 168.56, 1451.3, 4.8, 0, 0, 0
L 168.56, 1451.3, 4.8, 168.56, 1453.6, 4.8, 0, 0, 0
L 168.56, 1453.6, 4.8, 168.16, 1454, 5.3, 0, 0, 0
L 168.16, 1454, 5.3, 167.16, 1454, 5.3, 0, 0, 0
L 167.16, 1454, 5.3, 166.76, 1453.6, 4.8, 0, 0, 0
L 166.76, 1453.6, 4.8, 166.76, 1451.2, 4.8, 0, 0, 0
L 166.76, 1451.2, 4.8, 156.26, 1440.7, 4.8, 0, 0, 0
L 156.26, 1440.7, 4.8, 153.96, 1440.7, 4.8, 0, 0, 0
L 153.96, 1440.7, 4.8, 153.56, 1440.5, 5.3, 0, 0, 0
L 153.56, 1440.5, 5.3, 144.16, 1440.5, 5.3, 0, 0, 0
L -95.94, -464.3, 8.7, -96.04, -444, 8.7, 150, 100, 0
L -96.04, -444, 8.7, -60.94, -444, 8.7, 150, 100, 0
L -60.94, -444, 8.7, -60.94, -463, 8.7, 150, 100, 0
L -60.94, -463, 8.7, -95.74, -464.8, 8.7, 150, 100, 0
L -63.64, -387.5, 9.1, -63.64, -373.6, 9.1, 150, 100, 0
L -63.64, -373.6, 9.1, -40.64, -374.8, 8.8, 150, 100, 0
L -40.64, -374.8, 8.8, -40.64, -387.8, 8.9, 150, 100, 0
L -40.64, -387.8, 8.9, -63.74, -387.1, 9.1, 150, 100, 0
L -191.74, -365.6, 9.1, -185.84, -355.1, 8.9, 150, 100, 0
L -185.84, -355.1, 8.9, -206.04, -343.3, 8.7, 150, 100, 0
L -206.04, -343.3, 8.7, -211.64, -353.5, 8.8, 150, 100, 0
L -211.64, -353.5, 8.8, -191.64, -365.5, 9.0, 150, 100, 0
L -128.34, -347.1, 9.8, -108.34, -348.7, 30.5, 150, 100, 0
L -108.34, -348.7, 30.5, -91.04, -348, 8.7, 150, 100, 0
L -91.04, -348, 8.7, -93.44, -304.9, 8.7, 150, 100, 0
L -93.44, -304.9, 8.7, -111.84, -305.3, 10.8, 150, 100, 0
L -111.84, -305.3, 10.8, -129.54, -306.4, 8.8, 150, 100, 0
L -129.54, -306.4, 8.8, -129.64, -345.5, 8.7, 150, 100, 0
L -129.64, -345.5, 8.7, -129.74, -348.2, 8.7, 150, 100, 0
L -129.74, -348.2, 8.7, -128.44, -348.2, 9.7, 150, 100, 0
L -110.84, -303.5, 4.2, -110.84, -359.4, 30.1, 150, 100, 0
L -179.84, -452.2, 3.0, -161.54, -456.1, 25.4, 150, 100, 0
L -161.54, -456.1, 25.4, -144.34, -461.2, 3.0, 150, 100, 0
L -144.34, -461.2, 3.0, -155.34, -500.9, 3.4, 150, 100, 0
L -155.34, -500.9, 3.4, -188.64, -493, 3.1, 150, 100, 0
L -188.64, -493, 3.1, -178.84, -451.8, 3.0, 150, 100, 0
L -172.24, -501, 4.0, -159.04, -446.8, 29.8, 150, 100, 0
L -1228.84, 1049, 2.8, -1212.64, 1040.4, 2.1, 0, 0, 0
L -1212.64, 1040.4, 2.1, -1204.04, 1056.8, 2.3, 0, 0, 0
L -1204.04, 1056.8, 2.3, -1220.34, 1065.3, 3.0, 0, 0, 0
L -1220.34, 1065.3, 3.0, -1223.24, 1060.1, 2.9, 0, 0, 0
L -1228.94, 1048.9, 2.8, -1227.04, 1053, 2.8, 0, 0, 0
L -1262.14, 1051.4, 2.9, -1264.84, 1054, 2.8, 0, 0, 0
L -1264.84, 1054, 2.8, -1277.84, 1040.8, 2.1, 0, 0, 0
L -1277.84, 1040.8, 2.1, -1264.64, 1027.9, 2.8, 0, 0, 0
L -1264.64, 1027.9, 2.8, -1251.74, 1041.1, 3.0, 0, 0, 0
L -1251.74, 1041.1, 3.0, -1254.54, 1044.1, 3.0, 0, 0, 0
L 599.06, 1955.5, 3.0, 611.16, 1949.1, 3.0, 0, 0, 0
L 611.16, 1949.1, 3.0, 624.66, 1953.7, 3.0, 0, 0, 0
L 624.66, 1953.7, 3.0, 630.76, 1965.1, 3.0, 0, 0, 0
L 630.76, 1965.1, 3.0, 626.76, 1978.2, 3.0, 0, 0, 0
L 626.76, 1978.2, 3.0, 615.16, 1983.7, 3.0, 0, 0, 0
L 615.16, 1983.7, 3.0, 602.06, 1980.6, 3.0, 0, 0, 0
L 602.06, 1980.6, 3.0, 595.76, 1968.9, 3.0, 0, 0, 0
L 571.36, 1992.3, 3.0, 578.76, 2003.9, 3.0, 0, 0, 0
L 578.76, 2003.9, 3.0, 575.76, 2016.8, 3.0, 0, 0, 0
L 575.76, 2016.8, 3.0, 564.66, 2024.1, 3.0, 0, 0, 0
L 564.66, 2024.1, 3.0, 551.46, 2021, 3.0, 0, 0, 0
L 551.46, 2021, 3.0, 544.06, 2010.5, 3.0, 0, 0, 0
L 544.06, 2010.5, 3.0, 547.26, 1996.3, 3.0, 0, 0, 0
L 547.26, 1996.3, 3.0, 558.96, 1989.4, 3.0, 0, 0, 0
L 558.96, 1989.4, 3.0, 558.76, 1989.5, 3.0, 0, 0, 0
L 697.96, 1992.4, 9.4, 672.16, 1976.5, -1.6, 0, 0, 0
L 672.16, 1976.5, -1.6, 637.96, 1975.5, 3.0, 0, 0, 0
L 637.96, 1975.5, 3.0, 591.66, 2009.9, 3.0, 0, 0, 0
L 591.66, 2009.9, 3.0, 579.06, 2063.6, 3.0, 0, 0, 0
L 579.06, 2063.6, 3.0, 576.76, 2083.8, 6.5, 0, 0, 0
L 576.76, 2083.8, 6.5, 550.16, 2086.4, 11.8, 0, 0, 0
L 550.16, 2086.4, 11.8, 532.86, 2086.4, 11.1, 0, 0, 0
L 532.86, 2086.4, 11.1, 518.16, 2086.4, 6.3, 0, 0, 0
L 518.16, 2086.4, 6.3, 501.46, 2086.4, 0.6, 0, 0, 0
L 501.46, 2086.4, 0.6, 477.56, 2086.4, 4.5, 0, 0, 0
L 477.56, 2086.4, 4.5, 437.66, 2086.4, 13.2, 0, 0, 0
L 437.66, 2086.4, 13.2, 419.46, 2086.4, 12.0, 0, 0, 0
L 419.46, 2086.4, 12.0, 395.06, 2086.4, 8.0, 0, 0, 0
L 395.06, 2086.4, 8.0, 365.36, 2086.4, -17.9, 0, 0, 0
L 365.36, 2086.4, -17.9, 354.46, 2086.4, -27.3, 0, 0, 0
L 354.46, 2086.4, -27.3, 337.86, 2078, -39.6, 0, 0, 0
L 337.86, 2078, -39.6, 329.66, 2083, -37.0, 0, 0, 0
L 329.66, 2083, -37.0, -6.54, 2085.3, -35.7, 0, 0, 0
L -6.54, 2085.3, -35.7, -32.94, 2050.1, -11.9, 0, 0, 0
L -32.94, 2050.1, -11.9, -56.24, 2046.9, -7.3, 0, 0, 0
L -56.24, 2046.9, -7.3, -102.54, 2034.2, -0.1, 0, 0, 0
L -102.54, 2034.2, -0.1, -131.54, 2054.6, -11.0, 0, 0, 0
L -131.54, 2054.6, -11.0, -170.44, 2086.3, 2.9, 0, 0, 0
L -170.44, 2086.3, 2.9, -380.24, 2086.3, 3.5, 199, 21, 133
L -380.24, 2086.3, 3.5, -366.74, 2062.5, 3.2, 0, 0, 0
L -366.74, 2062.5, 3.2, -393.54, 2010.7, 3.5, 0, 0, 0
L -393.54, 2010.7, 3.5, -439.24, 1966.7, 3.5, 0, 0, 0
L -380.24, 2086.3, 3.5, -380.24, 2153.7, 3.5, 0, 0, 0
L -170.44, 2086.3, 2.9, -170.44, 2153.7, 2.9, 0, 0, 0
L 1223.56, 1874.9, -30.3, 1223.56, -2380.4, -30.3, 0, 0, 255
L -1448.64, -2380.4, -30.3, -1448.64, -2565.7, -30.3, 0, 0, 0
L -1400.84, -2279.4, -30.3, -1416.34, -2298.5, -30.3, 0, 0, 0
L -1416.34, -2298.5, -30.3, -1455.44, -2351.5, -30.3, 0, 0, 0
L -1455.44, -2351.5, -30.3, -1448.64, -2380.4, -30.3, 0, 0, 0
L 1136.46, 1919.9, -30.3, 1223.56, 1874.9, -30.3, 0, 0, 255
L 1060.46, 1929.8, -30.3, 1136.46, 1919.9, -30.3, 0, 0, 255
L 1223.56, -2380.4, -30.3, 1223.56, -2565.7, -30.3, 0, 0, 255
L -1448.64, -2380.4, -30.3, 686.36, -2380.4, -30.3, 199, 21, 133
L 686.36, -2380.4, -30.3, 1223.56, -2380.4, -30.3, 199, 21, 133
