P -1435.655, 8119.734, 364.4331, 255, 0, 0, 3, to_Frontier_Mountains
P -1558.488, 1982.876, -703.0905, 255, 0, 0, 3, to_The_Howling_Stones
P -1952.158, -1064.718, -44.9310, 255, 0, 0, 3, to_The_Plane_of_Knowledge_(Click_Book)
P -4202.249, 3115.957, 95.6259, 255, 0, 0, 3, to_The_Skyfire_Mountains
P 4186.334, 2219.734, 0.0000, 255, 0, 0, 3, to_The_Warsliks_Woods
P -2745.365, -1379.292, -161.7176, 255, 0, 0, 3, to_Timorous_Deep_(Translocator_Breya)
P 4249.334, 2310.734, 0.0000, 255, 0, 0, 2, Succor
P -3264.458, -433.143, -139.3259, 128, 0, 128, 2, Forge
P -2370.834, -623.019, -53.0926, 128, 0, 128, 2, Oven
P -2385.213, -777.792, -53.0926, 128, 0, 128, 2, Sewing_Kit
P -2396.709, -611.126, -53.0926, 128, 0, 128, 2, Brew_Barrel
P -2398.226, -797.206, -53.0926, 128, 0, 128, 2, Kiln
P -2409.82, -791.514, -53.0926, 128, 0, 128, 2, Pottery_Wheel
P -2159.705, -605.443, -53.0926, 255, 210, 0, 2, Bank
P -2789.522, -999.168, -156.5937, 0, 0, 0, 2, Soulbinder
P -2206.113, -948.536, -53.0463, 0, 128, 0, 2, Dom_(Merchant)
P -2421.758, -681.891, -53.0926, 0, 128, 0, 2, Merchants_(Spells)
P -2741.149, -444.192, -53.0926, 128, 128, 128, 2, Uggrig_(GM_Beastlord)
P -2264.814, -1069.363, -53.0926, 128, 128, 128, 2, Dyth_(GM_Wizard)
P -3407.666, -605.266, -134.3239, 255, 0, 0, 3, from_Overthere_Hammer
P 914.261, -1666.795, -172.5607, 240, 240, 240, 2, Wreck_of_the_Greysong
P -3779.639, 2737.794, 83.2157, 0, 0, 0, 2, Ratrana_Zill
P -2725.871, -422.277, -53.0916, 0, 0, 0, 2, General_V`Deers
P -2158.619, -404.032, -53.0916, 0, 0, 0, 2, Captain_Rottgrime
P -2590.362, -576.942, -53.0916, 0, 127, 0, 2, Tin_Merchants
P -2061.588, -1070.966, -53.0916, 0, 0, 0, 2, Galdon_Vok_Nir
P -2207.951, -1178.237, -61.1384, 0, 0, 0, 2, Kurron_Ni
P -2219.737, -835.863, -53.0916, 0, 0, 0, 2, Admiral_Tylix
P -2138.504, -836.793, -53.0916, 0, 0, 0, 2, Kuughrak_Bonecrush
P -2169.885, -780.99, -53.0916, 0, 0, 0, 2, Inem_R`ker
P -2435.839, -295.947, -42.5604, 0, 0, 0, 2, Tektite
P -2415.793, -290.203, -42.5604, 0, 0, 0, 2, Stishovite
P -2414.208, -36.647, -42.5604, 0, 0, 0, 2, Tourmaline
P -2444.523, -38.084, -42.5604, 0, 0, 0, 2, Corundium
P -1527.061, 5610.525, 313.7270, 0, 0, 0, 2, Historian_Azern
P -2344.338, -732.49, -51.5303, 0, 0, 0, 2, Nureya
P -2297.97, -1045.839, -53.0906, 0, 0, 0, 2, Shandral
P -2370.938, -613.224, -51.5349, 0, 0, 0, 2, Vitratul_K`Reil
P -680.79, 2124.545, -543.0343, 240, 240, 240, 2, Canyon_of_Misery
