L 29.1806, -31.1864, 3.7331, 29.6095, -28.6667, 11.5327, 0, 0, 0
L 6.8457, 7.3255, 15.3177, 9.5916, 7.0374, 3.7656, 0, 0, 0
L -11.2279, -73.3736, 10.8363, -1.4487, -72.4539, 6.4446, 0, 0, 0
L 35.3925, -39.9947, -0.3537, 38.3177, -38.8757, -0.4694, 0, 0, 0
L 7.6188, 6.9847, 15.1695, 10.5780, 6.5582, 3.6360, 0, 0, 0
L -7.6653, 6.1103, -3.5354, -3.7926, 6.0549, -3.5154, 0, 0, 0
L 4.1469, 5.9413, -3.4669, 9.5197, 5.8644, 3.7656, 0, 0, 0
L -30.9485, -28.3557, 11.6809, -30.3883, -22.7054, 8.1887, 0, 0, 0
L -29.8651, -17.4275, 4.7568, -27.7672, 3.7332, 11.9071, 0, 0, 0
L 0.2691, 8.0337, 4.4537, 3.2848, 8.2271, 7.3259, 0, 0, 0
L -28.8567, 4.0662, 3.9605, -26.7429, 3.4637, 10.8257, 0, 0, 0
L -27.6325, 3.6842, 11.9071, 10.2154, 6.8855, 3.6055, 0, 0, 0
L 9.4177, -47.1708, 4.9315, 21.1773, -44.0158, -3.8874, 0, 0, 0
L -26.9116, -39.2402, 10.2722, -22.8163, -39.3583, 13.4351, 0, 0, 0
L -7.0180, 5.6463, 16.3254, 0.5382, 6.0357, 15.4937, 0, 0, 0
L 6.7923, 6.3580, 15.3177, 10.1837, 6.5328, 3.6055, 0, 0, 0
L 33.3961, -3.0422, 7.8512, 37.7795, -4.2589, -0.6415, 0, 0, 0
L 13.6983, -73.2211, -3.5249, 23.8014, -53.8453, -4.5280, 0, 0, 0
L 22.9474, 1.3387, 8.9910, 25.9106, 1.2532, 9.4426, 0, 0, 0
L 7.9671, 6.8844, 14.9780, 25.9074, 4.1669, 3.7872, 0, 0, 0
L 36.9651, -42.9019, -3.8879, 53.8370, -32.2802, 3.8820, 0, 0, 0
L 18.0000, -44.7563, -5.4196, 18.0000, -40.6927, -5.4196, 0, 0, 0
L -56.1860, -6.7414, -3.5249, -36.8102, 3.3617, -4.5280, 0, 0, 0
L -22.4028, -44.9831, 10.0731, -22.3644, -40.6840, 13.3779, 0, 0, 0
L -22.0044, -0.3918, -0.6401, -21.9671, 3.7776, -1.0275, 0, 0, 0
L -27.2457, -39.7730, -5.3092, -23.1823, -39.8070, -5.3092, 0, 0, 0
L 18.5952, -40.1573, -5.4196, 23.3159, -40.1969, -5.4196, 0, 0, 0
L -10.1757, -49.6085, 3.7656, -7.8272, -49.3204, 11.6809, 0, 0, 0
L 28.7602, -14.0295, 12.6886, 29.1496, -21.5858, 11.8569, 0, 0, 0
L 29.4810, -28.0171, 11.6809, 29.6350, -31.0046, 3.6613, 0, 0, 0
L -7.7718, -49.4700, 11.6809, -2.2887, -50.0226, 8.1887, 0, 0, 0
L 3.4371, -50.5996, 4.7568, 23.0453, -52.5756, -3.8874, 0, 0, 0
L 39.6605, -38.9025, 6.8339, 41.3312, -41.6878, -0.4529, 0, 0, 0
L 3.6286, 8.4491, 7.3259, 4.9119, 6.7596, 3.7566, 0, 0, 0
L -31.7391, -18.1117, -3.5154, -29.6621, -17.7253, 4.7568, 0, 0, 0
L -10.3753, -49.5317, 3.6613, -7.3878, -49.6856, 11.6809, 0, 0, 0
L -1.4336, -49.9925, 11.8569, 6.1226, -50.3819, 12.6886, 0, 0, 0
L 8.5123, -50.5050, 12.3725, 23.2031, -51.2621, 10.8257, 0, 0, 0
L 10.5405, 6.3340, 3.6360, 25.3492, 3.8345, 10.8769, 0, 0, 0
L -10.2448, -50.9389, -3.4431, -5.5171, -50.5742, 3.7566, 0, 0, 0
L -39.7390, -36.8074, 11.1560, -36.0379, -39.0255, 7.8512, 0, 0, 0
L 0.2675, 8.0464, 4.4537, 4.5665, 8.3878, 3.7566, 0, 0, 0
L 32.5142, -31.3214, 3.7331, 37.1886, -42.5657, 10.8769, 0, 0, 0
L -57.5920, -31.6287, 10.8363, -56.6337, -22.4410, 5.8329, 0, 0, 0
L -4.2312, 7.7862, 4.7568, 0.2699, 8.0257, 4.4537, 0, 0, 0
L 8.0017, -52.4572, 11.3517, 23.0081, -53.1963, 4.2023, 0, 0, 0
L -28.8826, 3.9808, 3.9605, -26.3059, 3.4434, -3.8874, 0, 0, 0
L 39.2471, -37.9169, 11.1560, 41.0627, -41.9030, -1.5295, 0, 0, 0
L 54.4964, -22.4270, 3.4112, 54.9599, -20.2783, -3.4892, 0, 0, 0
L 35.3141, -39.9134, 7.3310, 38.1764, -38.3363, -0.0441, 0, 0, 0
L -27.4310, 2.9211, 4.2023, -4.2352, 5.5573, 4.7568, 0, 0, 0
L 1.2064, 6.1757, 8.1887, 6.7182, 6.8022, 15.3177, 0, 0, 0
L -0.7334, -74.0018, -3.4892, 12.3663, -74.2900, 4.0986, 0, 0, 0
L 21.9871, -42.3952, 3.2258, 28.4335, -30.9880, 3.7331, 0, 0, 0
L 3.0981, -50.0578, 4.7568, 6.5843, -49.5662, -3.5354, 0, 0, 0
L -40.3674, 0.4689, 7.8512, -38.9580, -3.6093, 11.1560, 0, 0, 0
L -29.9731, -29.6073, 11.3412, -24.9796, -44.0562, 3.2258, 0, 0, 0
L -55.2329, -7.9629, 3.7110, -35.5083, 2.0966, 3.3980, 0, 0, 0
L 12.9500, -73.1268, -3.5249, 22.7386, -53.3128, -4.5280, 0, 0, 0
L -56.2836, -32.3127, 4.2098, -56.2018, -22.9274, 3.4112, 0, 0, 0
L 6.2756, -46.9197, 11.6703, 8.2525, -47.6335, 4.8682, 0, 0, 0
L 25.9248, 3.0953, -3.8874, 28.8608, -10.6653, 4.9315, 0, 0, 0
L 35.7637, -43.0180, -4.5280, 36.1882, -45.0078, -4.5280, 0, 0, 0
L -26.7038, 2.6654, 10.8257, -9.2393, 4.8776, 16.0094, 0, 0, 0
L 0.5387, 6.1162, 15.4937, 6.4721, 6.8678, 16.3385, 0, 0, 0
L -10.1714, -50.1650, -3.4431, -5.0000, -50.0842, -3.4669, 0, 0, 0
L 2.8413, -49.9617, -3.5154, 6.7139, -49.9012, -3.5354, 0, 0, 0
L -24.1127, 3.6129, 9.8305, -24.0328, 0.8094, 8.9910, 0, 0, 0
L -22.8533, -40.5793, 13.8186, -22.7382, -44.6171, 9.3949, 0, 0, 0
L -7.5485, 7.1453, -3.5354, -4.1242, 6.6537, 4.7568, 0, 0, 0
L -8.5537, 5.6964, 5.0738, -4.2272, 5.8519, 4.7568, 0, 0, 0
L -7.3715, 6.0000, 15.3071, -2.5288, 6.0000, 7.5605, 0, 0, 0
L -2.5355, 5.6205, 7.5605, 0.5241, 6.2129, 15.4937, 0, 0, 0
L -7.3625, 5.4649, 15.3071, 0.5399, 6.0573, 15.4937, 0, 0, 0
L -32.4822, -30.6121, 3.7656, -32.4113, -26.0725, 3.7566, 0, 0, 0
L 4.5068, 5.6715, 3.7566, 9.2549, 5.3068, -3.4431, 0, 0, 0
L 22.2672, -0.3261, 9.5931, 25.6278, -0.6788, 13.8935, 0, 0, 0
L 28.5411, -30.1451, 3.7656, 28.8293, -27.7965, 11.6809, 0, 0, 0
L -56.8883, -20.8235, -3.4892, -56.4249, -22.9722, 3.4112, 0, 0, 0
L -36.9307, -43.9575, -3.5998, -31.5427, -32.8718, -4.5280, 0, 0, 0
L 1.5886, -46.0000, 7.5605, 6.4314, -46.0000, 11.6703, 0, 0, 0
L 33.7612, -2.9055, -0.8438, 36.9079, -3.9629, -0.0452, 0, 0, 0
L -4.9195, 6.0557, 4.7568, -4.4711, 8.3250, -3.5154, 0, 0, 0
L -2.5730, 7.6391, 7.5605, 0.2272, 8.2125, 4.4537, 0, 0, 0
L -11.7963, -74.1026, 4.2098, 0.6164, -73.9974, 4.4757, 0, 0, 0
L 22.0061, 0.1253, 13.4396, 22.0859, 4.4238, 9.9627, 0, 0, 0
L -26.5416, -39.4450, 14.0038, -23.1810, -39.7977, 9.7035, 0, 0, 0
L -27.8937, -1.4825, 9.9627, -23.4195, -1.5656, -0.6415, 0, 0, 0
L -20.5446, -60.0019, 7.8512, -16.4664, -58.5925, 11.1560, 0, 0, 0
L -37.9859, -3.8240, -0.4694, -35.0607, -2.7051, -0.3537, 0, 0, 0
L -36.9985, -43.7759, 3.2258, -32.3976, -32.3313, 3.7331, 0, 0, 0
L -21.7984, -57.8165, -0.4529, -18.4544, -56.3321, 6.8339, 0, 0, 0
L 55.0635, -18.9732, 2.9420, 55.6658, -7.7347, -3.5354, 0, 0, 0
L 54.4776, -22.4174, 5.8329, 55.3884, -31.6039, 10.8363, 0, 0, 0
L -57.8177, -21.1903, 4.4757, -57.8002, -23.2001, 4.5490, 0, 0, 0
L -33.5032, -21.9816, 11.8569, -32.7516, -27.9150, 12.7017, 0, 0, 0
L 3.3055, 6.3737, -3.4669, 3.7290, 8.5050, 3.7566, 0, 0, 0
L -3.7813, 8.1884, -3.5154, 0.2714, 7.9961, 4.4537, 0, 0, 0
L 0.2714, 8.0039, 4.4537, 4.1469, 8.0515, -3.4669, 0, 0, 0
L -3.7834, 8.0704, -3.5154, 4.1448, 7.9257, -3.4669, 0, 0, 0
L 34.7053, -39.2564, -1.0275, 38.6424, -37.4969, -0.6401, 0, 0, 0
L -1.5337, -46.2441, 11.8569, 6.3687, -45.6516, 11.6703, 0, 0, 0
L 28.0000, -18.5454, 7.5605, 28.0000, -13.7027, 11.6703, 0, 0, 0
L -41.6811, -0.1647, -1.5295, -39.7971, -4.3010, 11.1560, 0, 0, 0
L -17.5967, -53.0421, -1.0275, -15.8350, -56.9100, -0.6401, 0, 0, 0
L 37.3877, -42.5368, 2.7544, 53.8919, -31.9236, -3.4537, 0, 0, 0
L -26.4140, 4.1142, -3.8874, -9.0814, 6.7232, -3.5249, 0, 0, 0
L -26.1929, 2.5481, -3.8874, -9.5155, 4.7800, 4.9315, 0, 0, 0
L -27.7457, 0.4461, -0.4529, -24.2538, 0.3900, -0.0452, 0, 0, 0
L 21.8731, -0.3517, -1.1012, 25.9243, -0.4168, -1.0275, 0, 0, 0
L 17.4694, -44.3187, 13.8935, 17.8221, -40.9580, 9.5931, 0, 0, 0
L -26.9756, -44.7294, 12.2264, -25.0973, -43.8989, 10.8769, 0, 0, 0
L -55.6024, -33.5322, 3.8820, -38.7263, -44.1565, -3.8879, 0, 0, 0
L 34.9645, -39.3670, 8.0503, 38.7256, -37.7436, 11.2132, 0, 0, 0
L 16.1792, -55.8727, 11.5967, 16.7382, -52.0023, 11.5828, 0, 0, 0
L -34.1095, 2.7364, 10.8257, -33.4452, -17.2849, 4.7568, 0, 0, 0
L -36.1657, 2.4782, 4.2023, -35.4266, -12.5282, 11.3517, 0, 0, 0
L 28.9716, -13.9876, 11.6703, 29.6854, -12.0107, 4.8682, 0, 0, 0
L 15.4804, -56.3183, -0.6415, 16.3422, -51.9107, 11.5828, 0, 0, 0
L -37.8988, -43.7917, -3.5998, -32.6656, -29.9216, 11.3412, 0, 0, 0
L 18.7163, -44.7798, 10.1618, 18.8345, -40.6845, 13.3248, 0, 0, 0
L -8.4359, -19.9754, 19.7906, -2.6164, -18.8448, 21.7495, 0, 0, 0
L 53.7298, -20.5163, 10.8313, 53.8778, -9.4798, 10.8257, 0, 0, 0
L -30.7771, -31.9570, 3.7331, -26.5167, -43.3877, 10.8769, 0, 0, 0
L -34.1968, 2.4339, 10.8257, -33.3500, -12.2521, 12.3725, 0, 0, 0
L -33.2142, -14.6080, 12.6886, -32.7787, -22.1617, 11.8569, 0, 0, 0
L -32.4299, -28.2110, 11.6809, -32.2577, -31.1975, 3.6613, 0, 0, 0
L 29.1007, -13.6338, 11.6703, 29.6931, -21.5363, 11.8569, 0, 0, 0
L -27.9285, -1.1182, 9.9627, -23.6367, -1.5644, 13.2675, 0, 0, 0
L 29.2818, -13.9731, 12.6886, 30.4228, -27.4627, 12.7017, 0, 0, 0
L 34.9457, 2.8127, -3.7544, 54.7573, -6.9748, -3.5249, 0, 0, 0
L 16.0046, -56.4181, -5.4196, 16.8423, -51.8895, -5.4196, 0, 0, 0
L 28.9418, -21.5839, 11.8569, 29.6934, -27.5174, 12.7017, 0, 0, 0
L 12.5228, -72.2925, 3.7110, 22.6088, -52.5160, 3.3980, 0, 0, 0
L 25.8716, 2.6071, 4.2023, 27.1680, -12.4126, 11.3517, 0, 0, 0
L 27.9674, -21.6748, 11.8569, 28.5069, -27.9258, 11.6809, 0, 0, 0
L -8.1848, -20.8856, 19.7906, -1.7718, -19.1386, 24.0148, 0, 0, 0
L 54.1749, -9.5040, 10.8257, 54.3601, -20.0723, 6.5853, 0, 0, 0
L 54.4045, -22.6077, 3.4112, 54.5639, -31.6992, -3.4431, 0, 0, 0
L -0.8791, -18.7714, 21.7495, -0.5076, -24.9730, 19.8443, 0, 0, 0
L 55.5563, -20.7817, 4.4757, 55.8411, -7.8369, 4.0986, 0, 0, 0
L 39.3484, -38.3110, 11.5967, 41.1106, -41.8250, 7.1729, 0, 0, 0
L 32.4827, -21.6188, 11.8569, 33.0751, -18.5592, 7.5605, 0, 0, 0
L -1.4766, -18.1099, 24.0148, -0.5116, -24.9280, 19.8443, 0, 0, 0
L -34.4254, -30.7759, -3.4431, -34.3544, -25.6043, -3.4669, 0, 0, 0
L -34.2464, -17.7328, -3.5154, -34.1933, -13.8601, -3.5354, 0, 0, 0
L 22.1659, -43.0464, 10.5762, 29.5717, -31.6064, 3.7331, 0, 0, 0
L 21.6264, -42.6824, 10.5762, 29.3873, -29.1565, 11.3412, 0, 0, 0
L -20.9932, -59.6474, -1.5295, -16.7674, -57.7715, 11.1560, 0, 0, 0
L -11.1986, -73.7922, 10.8363, -0.4473, -72.5393, 10.8313, 0, 0, 0
L 21.6651, -42.4178, 10.5762, 22.9777, -44.5287, 11.9274, 0, 0, 0
L 25.8488, 2.7263, -3.8874, 26.7561, 4.5738, -4.5280, 0, 0, 0
L 37.0010, -1.9223, 6.8794, 37.8505, 0.9179, 7.3310, 0, 0, 0
L 38.9384, -39.0032, -0.0452, 40.1511, -42.0934, -0.8438, 0, 0, 0
L 37.5353, -2.6682, 7.4816, 38.7458, 0.4866, 11.7819, 0, 0, 0
L 25.8480, 2.8833, 10.8257, 27.9082, -12.1265, 11.3517, 0, 0, 0
L 19.2847, -44.6464, -0.3537, 19.3367, -41.4087, -0.0441, 0, 0, 0
L 19.9997, -0.1793, -1.1026, 20.0700, 4.1898, -1.5295, 0, 0, 0
L 29.5277, -30.4608, -3.4431, 29.6085, -25.2894, -3.4669, 0, 0, 0
L 29.7332, -17.3105, -3.5154, 29.7937, -13.4379, -3.5354, 0, 0, 0
L -34.3505, 2.6006, 4.2023, -33.1629, -11.1695, 4.9315, 0, 0, 0
L -56.4980, -6.7640, 3.8413, -54.6985, -8.3143, 10.8363, 0, 0, 0
L -34.8758, -14.5759, 12.6886, -33.6912, -28.3007, 11.6809, 0, 0, 0
L 55.8037, -22.8000, 4.5490, 55.8212, -20.7902, 4.4757, 0, 0, 0
L -27.7072, -0.7896, 9.2845, -23.7306, -0.6763, 13.7082, 0, 0, 0
L 22.9170, 0.6531, 8.9910, 25.7205, 0.7330, 9.8305, 0, 0, 0
L 25.8587, 2.9226, 10.8257, 28.1523, -11.7667, 12.3725, 0, 0, 0
L -35.0397, -14.1568, 11.6703, -34.4473, -22.0592, 11.8569, 0, 0, 0
L -35.0095, -19.0899, 7.5605, -34.4171, -22.1496, 11.8569, 0, 0, 0
L 27.9244, -16.8230, 4.7568, 28.4160, -13.3368, -3.5354, 0, 0, 0
L 28.4208, -12.2175, 5.0738, 28.5763, -16.9044, 4.7568, 0, 0, 0
L -29.7010, -11.9674, 4.8682, -28.9872, -13.9443, 11.6703, 0, 0, 0
L -1.4572, -50.6465, 11.8569, 1.6024, -51.2389, 7.5605, 0, 0, 0
L 27.5059, -13.9038, 11.6703, 27.8237, -17.1091, 4.7568, 0, 0, 0
L 28.3477, -22.3938, 8.1887, 28.9071, -28.0370, 11.6809, 0, 0, 0
L 21.8869, 4.2814, 9.2845, 22.0018, 0.2492, 13.8804, 0, 0, 0
L 28.0419, -18.5727, 7.5605, 28.6343, -21.6323, 11.8569, 0, 0, 0
L -1.4601, -47.1371, 11.8569, 1.5996, -46.5446, 7.5605, 0, 0, 0
L -25.0908, -44.7282, 3.2258, -10.6294, -46.9339, 3.7331, 0, 0, 0
L 37.3914, -42.9959, 10.8363, 54.3210, -33.0760, 3.8820, 0, 0, 0
L -27.7687, -1.7672, -5.4196, -23.3802, -1.8040, -5.4196, 0, 0, 0
L 27.7503, -30.3169, -3.4431, 28.1151, -25.5892, 3.7566, 0, 0, 0
L -38.4797, -2.9336, -0.0441, -35.6174, -1.3565, 7.3310, 0, 0, 0
L 35.6881, -40.2878, 7.7189, 38.1961, -39.0326, 6.8794, 0, 0, 0
L 36.0299, -41.0854, 7.7189, 38.5226, -40.0094, 7.3053, 0, 0, 0
L 11.9073, -72.0429, 10.8363, 13.4575, -73.8424, 3.8413, 0, 0, 0
L -43.4220, -41.0622, -5.4196, -41.7047, -37.3794, -5.4196, 0, 0, 0
L -19.6256, -54.1237, -0.7530, -18.4156, -56.8313, -0.4694, 0, 0, 0
L -34.5584, 2.6291, -3.8874, -32.7938, -12.0943, -3.5249, 0, 0, 0
L -30.8643, -28.1932, 11.6809, -30.5827, -30.5425, 3.7656, 0, 0, 0
L -38.8556, -3.7910, 11.2132, -35.4197, -2.0714, 7.7189, 0, 0, 0
L 28.5163, -16.0000, 4.7568, 32.6704, -16.0000, 4.7568, 0, 0, 0
L 33.9613, -1.3549, -0.4529, 37.1688, -1.8654, 6.8339, 0, 0, 0
L -31.5507, -29.1811, 11.5327, -31.0873, -31.9039, 3.7331, 0, 0, 0
L 28.4074, -17.4918, 4.7568, 30.4844, -17.8783, -3.5154, 0, 0, 0
L -2.3670, -73.1453, 3.4112, -0.2183, -73.6088, -3.4892, 0, 0, 0
L -43.0720, -41.2303, 8.0503, -41.2341, -37.5685, 11.2132, 0, 0, 0
L -31.2020, -32.4390, -4.5280, -26.0226, -43.5247, -3.5998, 0, 0, 0
L 18.5953, -55.1921, 6.8339, 18.7977, -51.9505, -0.4529, 0, 0, 0
L 19.2655, -44.4631, -0.3537, 19.4607, -41.3373, -0.4694, 0, 0, 0
L 22.0930, 0.8028, -0.0452, 22.3000, 4.1160, -0.8438, 0, 0, 0
L 25.9613, 3.0274, -3.8874, 29.2321, -11.6960, -3.5249, 0, 0, 0
L 3.1977, -45.9192, 4.7568, 7.8846, -45.7637, 5.0738, 0, 0, 0
L -29.6550, -12.2539, 12.3725, -27.8753, 2.7078, 10.8054, 0, 0, 0
L -23.9944, 0.5407, -0.0441, -23.9424, 3.7785, -0.3537, 0, 0, 0
L -30.3511, -28.4544, 11.6809, -29.2505, -14.6137, 12.6886, 0, 0, 0
L -29.0814, -12.4868, 11.3517, -27.8804, 2.6162, 4.3527, 0, 0, 0
L 24.8225, 3.3498, -3.5998, 27.1177, 3.8488, 3.8101, 0, 0, 0
L -23.8367, -55.9870, -3.8879, -13.2345, -72.8279, 3.8820, 0, 0, 0
L -56.6185, -31.9958, -3.4431, -56.4457, -22.9046, 3.4112, 0, 0, 0
L -56.3974, -20.3681, 6.5853, -56.1965, -9.8001, 10.8257, 0, 0, 0
L -39.9177, -36.5549, -5.4196, -35.5558, -38.5889, -5.4196, 0, 0, 0
L -29.7293, -22.0187, 11.8569, -29.1368, -14.1163, 11.6703, 0, 0, 0
L -23.1388, -54.5689, 3.2258, -11.6942, -49.9680, 3.7331, 0, 0, 0
L -10.2826, -47.3494, -3.4431, -5.5549, -47.7141, 3.7566, 0, 0, 0
L 21.2061, -42.2969, -3.5998, 27.9183, -31.1642, -3.4537, 0, 0, 0
L -24.0114, -0.0486, 13.7607, -23.8966, 3.9298, 10.1618, 0, 0, 0
L -36.7422, -43.2749, 11.8977, -32.0392, -30.1429, 11.3412, 0, 0, 0
L -33.8735, -18.0410, 4.7568, -29.7194, -18.0360, 4.7568, 0, 0, 0
L -9.5708, -18.0116, 19.8109, -2.0309, -18.0025, 24.0148, 0, 0, 0
L -30.3659, -13.8324, -3.5354, -29.8743, -17.3186, 4.7568, 0, 0, 0
L -43.1398, -40.7473, 11.7819, -41.3999, -37.8506, 7.4816, 0, 0, 0
L 19.1118, -40.1916, 13.2675, 23.4035, -40.6377, 9.9627, 0, 0, 0
L 34.3774, 2.6733, 3.3980, 54.1017, -7.3860, 3.7110, 0, 0, 0
L 19.9986, -0.2459, -5.4196, 20.0369, 4.3181, -5.4196, 0, 0, 0
L -22.0000, -44.6486, -5.3092, -22.0000, -40.2599, -5.3092, 0, 0, 0
L 3.2154, -46.9086, 4.7568, 6.7016, -47.4003, -3.5354, 0, 0, 0
L -29.7878, -13.8123, -3.5354, -29.7273, -17.6849, -3.5154, 0, 0, 0
L -29.6026, -25.6659, -3.4669, -29.5218, -30.8373, -3.4431, 0, 0, 0
L 32.4007, -30.7453, 3.6613, 32.5608, -27.7581, 11.6809, 0, 0, 0
L 32.8856, -21.6998, 11.8569, 34.2042, 2.8987, 10.8257, 0, 0, 0
L 38.2473, -3.4312, 11.2132, 39.1601, 0.3965, 7.7189, 0, 0, 0
L -10.6566, -48.6941, 3.6613, -7.6700, -48.5219, 11.6809, 0, 0, 0
L 32.2135, -13.4139, -3.5354, 32.2740, -17.2865, -3.5154, 0, 0, 0
L 32.3970, -25.1599, -3.4669, 32.4778, -30.3313, -3.4431, 0, 0, 0
L 54.1899, -8.7524, 10.8363, 55.9895, -7.2021, 3.8413, 0, 0, 0
L 31.7251, -27.8411, 11.6809, 32.9090, -14.1141, 12.6886, 0, 0, 0
L 33.1876, -10.8839, 4.9315, 34.3751, 2.8862, 4.2023, 0, 0, 0
L 20.9418, -43.7071, -3.8874, 22.7893, -44.6145, -4.5280, 0, 0, 0
L -38.4301, -4.6797, -5.4196, -34.7473, -2.9624, -5.4196, 0, 0, 0
L -11.3588, -50.6238, 3.7331, -8.5456, -50.1450, 11.5327, 0, 0, 0
L -18.5341, -53.3940, 7.3310, -16.9570, -56.2564, -0.0441, 0, 0, 0
L -40.0507, 0.6720, -0.4529, -38.3800, -2.1132, 6.8339, 0, 0, 0
L 54.1930, -22.5539, 3.4112, 54.2726, -31.9389, 4.2098, 0, 0, 0
L 54.7433, -20.5220, 10.8313, 55.9961, -31.2733, 10.8363, 0, 0, 0
L -57.8256, -8.5657, -3.5354, -57.5478, -21.1919, 4.4757, 0, 0, 0
L -22.7477, -44.7369, 10.0731, -22.3015, -40.4451, 13.3779, 0, 0, 0
L -26.8368, -41.2431, 9.5529, -23.8736, -41.3286, 9.1013, 0, 0, 0
L -58.0443, -31.5707, 10.8363, -56.7915, -20.8195, 10.8313, 0, 0, 0
L 1.0448, -74.1672, 2.9420, 12.2997, -74.7816, -3.5354, 0, 0, 0
L 37.3348, -2.1840, -0.4694, 38.3579, 0.7760, -0.3537, 0, 0, 0
L -57.2164, -31.6685, 10.8363, -56.2968, -21.8892, 6.4446, 0, 0, 0
L 32.0898, -31.5656, 3.7331, 36.6907, -43.0102, 3.2258, 0, 0, 0
L 21.9117, -1.3547, 13.4969, 25.4522, -1.2503, 14.2815, 0, 0, 0
L -27.5890, -0.2805, -0.8438, -24.2758, -0.4875, -0.0452, 0, 0, 0
L 17.0771, -56.2543, -0.6401, 21.0554, -57.0219, -1.0275, 0, 0, 0
L 30.9807, -27.2218, 12.7017, 31.6924, -21.2834, 11.8569, 0, 0, 0
L 32.8229, -11.8512, -3.5249, 34.5876, 2.8722, -3.8874, 0, 0, 0
L -42.1829, -41.7068, -1.0275, -40.4041, -37.9976, -5.4196, 0, 0, 0
L -42.2562, -0.6138, 11.5828, -40.4942, -4.1048, 11.5967, 0, 0, 0
L 2.9906, -48.8713, -3.5154, 3.3771, -50.9483, 4.7568, 0, 0, 0
L 32.0814, -31.6469, -4.5280, 37.0581, -42.5199, -4.5280, 0, 0, 0
L 31.9243, -11.8580, 4.8682, 32.6381, -13.8349, 11.6703, 0, 0, 0
L 31.2696, -28.7615, 11.5327, 31.7509, -31.5894, 3.7331, 0, 0, 0
L 31.6316, -27.8856, 11.6809, 31.9197, -30.2341, 3.7656, 0, 0, 0
L -41.8147, -0.2437, -5.4196, -39.8400, -4.4784, -0.6415, 0, 0, 0
L -17.3229, -52.7667, -5.4196, -15.6055, -56.4495, -5.4196, 0, 0, 0
L -26.6798, -39.7632, -1.4369, -22.6283, -39.7994, -1.0495, 0, 0, 0
L 18.9606, -40.1710, -0.6415, 23.8294, -40.2145, 9.9627, 0, 0, 0
L 32.4754, -21.6098, 11.8569, 33.0678, -13.7074, 11.6703, 0, 0, 0
L 36.5868, -42.5715, 11.8977, 36.8136, -44.7583, 12.0667, 0, 0, 0
L -34.7861, -13.8949, 11.6703, -34.0723, -11.9180, 4.8682, 0, 0, 0
L 31.1540, -32.0720, -4.5280, 36.5420, -43.1577, -3.5998, 0, 0, 0
L 30.4840, -16.7054, -3.5154, 32.5610, -16.3189, 4.7568, 0, 0, 0
L -55.8647, -7.9807, 4.0986, -55.6256, -21.1817, 10.8313, 0, 0, 0
L 19.7847, -41.3138, -0.0452, 23.0980, -41.5208, -0.8438, 0, 0, 0
L 9.0426, -20.4590, 20.4276, 16.9622, -20.8406, 15.4272, 0, 0, 0
L 32.3830, -29.1727, 11.3412, 37.4125, -42.5028, 10.8769, 0, 0, 0
L -40.2943, -38.1785, 11.5967, -36.5597, -40.0051, 7.8512, 0, 0, 0
L 31.7751, -29.4055, 11.3412, 36.4781, -42.5374, 11.8977, 0, 0, 0
L 31.0566, -29.7822, 12.3595, 36.3471, -43.2326, -3.5998, 0, 0, 0
L 33.4568, -16.9325, 4.7568, 34.1210, 3.0824, 10.8257, 0, 0, 0
L -9.5406, -18.6588, 19.8109, -2.5888, -18.2065, 22.5008, 0, 0, 0
L -18.4057, -53.2456, 8.0503, -16.7821, -57.0070, 11.2132, 0, 0, 0
L 36.8976, -44.8963, 12.0667, 37.5343, -42.7150, 10.8363, 0, 0, 0
L -39.8044, -36.4061, -0.6415, -35.5388, -38.4417, 11.5828, 0, 0, 0
L -29.6588, -31.4673, 3.6613, -29.5048, -28.4798, 11.6809, 0, 0, 0
L -29.1730, -22.0411, 11.8569, -28.7836, -14.4848, 12.6886, 0, 0, 0
L 31.3619, -27.8870, 11.6809, 31.9145, -22.4039, 8.1887, 0, 0, 0
L 32.4821, -16.7709, 4.7568, 34.4636, 2.8917, -3.8874, 0, 0, 0
L -57.4723, -20.8106, -3.4892, -57.1765, -32.0507, -3.4431, 0, 0, 0
L 33.6779, 4.6771, 12.0769, 33.9476, 2.6098, 11.8440, 0, 0, 0
L -41.8651, -41.5648, 7.7189, -40.3190, -37.9765, 11.2132, 0, 0, 0
L 32.1893, -13.4188, -3.5354, 32.6809, -16.9049, 4.7568, 0, 0, 0
L 34.0000, -18.5454, 7.5605, 34.0000, -13.7027, 11.6703, 0, 0, 0
L -54.6829, -9.5226, 10.8363, -35.4556, 2.0296, 3.3980, 0, 0, 0
L 17.2823, -44.7820, -1.0275, 17.3490, -40.6333, -0.6401, 0, 0, 0
L -24.7817, -55.2701, 12.0667, -22.6004, -55.9068, 10.8363, 0, 0, 0
L 17.5767, -56.0195, 7.4243, 18.3534, -52.0473, 7.8512, 0, 0, 0
L 32.0692, -25.6665, 3.7566, 32.4339, -30.3943, -3.4431, 0, 0, 0
L -22.1088, 3.3643, 14.2815, -22.0044, -0.1762, 13.3248, 0, 0, 0
L -28.7225, 4.0410, -4.5280, -27.8152, 2.1935, -3.8874, 0, 0, 0
L -34.0401, -18.0780, 4.7568, -31.9631, -18.4645, -3.5154, 0, 0, 0
L -30.0862, -26.0401, 3.7566, -29.7215, -30.7679, -3.4431, 0, 0, 0
L -41.2255, -42.0087, 7.3310, -39.8956, -39.3592, 6.8794, 0, 0, 0
L -33.8222, -31.8387, 3.7331, -33.3409, -29.0116, 11.5327, 0, 0, 0
L -30.3260, -11.2993, 4.9315, -27.9796, 2.4858, -3.8874, 0, 0, 0
L -7.6623, -49.5248, 11.6809, 6.0365, -50.7062, 12.6886, 0, 0, 0
L 9.2939, -50.9871, 4.9315, 23.0640, -52.1747, 4.2023, 0, 0, 0
L -55.1924, -8.6802, 10.8363, -36.1854, 3.2553, 11.1467, 0, 0, 0
L -36.4266, 2.4240, -3.8874, -35.0390, -11.3456, 4.9315, 0, 0, 0
L -34.7685, -14.0296, 11.6703, -34.4456, -17.2344, 4.7568, 0, 0, 0
L -33.8772, -22.8747, 8.1887, -33.3246, -28.3578, 11.6809, 0, 0, 0
L 37.3576, -42.9330, 10.8363, 55.1081, -32.3669, 10.8257, 0, 0, 0
L -1.8652, -18.0001, 22.5008, 0.3749, -11.3765, 21.4898, 0, 0, 0
L 33.3048, 4.5171, -4.5280, 34.7715, 2.8481, -3.7544, 0, 0, 0
L 35.6859, 3.9479, -4.5280, 55.0617, -6.1552, -3.5249, 0, 0, 0
L -36.8670, -45.2732, 12.0667, -36.6402, -43.0864, 11.8977, 0, 0, 0
L -24.0133, 0.6652, -0.4694, -23.7912, 3.7892, -0.3537, 0, 0, 0
L 16.7763, -58.0876, -5.4196, 20.7124, -58.8257, -1.0275, 0, 0, 0
L 34.3820, 2.6747, 3.3980, 53.6093, -8.8775, 10.8363, 0, 0, 0
L -39.8500, 1.0418, -0.4529, -38.3973, -2.2308, 6.8339, 0, 0, 0
L 35.1297, 3.9182, 11.1467, 54.1367, -8.0173, 10.8363, 0, 0, 0
L -39.8734, -37.3014, 11.5967, -36.2796, -38.8431, 11.5828, 0, 0, 0
L 16.9516, -57.0492, 11.2132, 20.4564, -57.5612, 12.1700, 0, 0, 0
L -10.0454, -47.1274, 3.7656, -7.6969, -47.4156, 11.6809, 0, 0, 0
L 11.4512, -72.0245, 10.8363, 23.3867, -53.0175, 11.1467, 0, 0, 0
L 35.3189, 4.2405, 11.1467, 54.3056, -7.3295, 11.8571, 0, 0, 0
L -55.9414, -7.2183, -3.5249, -36.0740, 2.4554, -3.7544, 0, 0, 0
L -7.7890, -46.8433, 11.6809, -1.5381, -46.3038, 11.8569, 0, 0, 0
L 55.7167, -9.7820, 10.8257, 56.5778, -7.1460, 3.8413, 0, 0, 0
L 55.6432, -20.3849, 10.8313, 57.3230, -31.5744, 11.8571, 0, 0, 0
L 3.2555, -50.1355, 4.7568, 23.1300, -50.7950, 11.8440, 0, 0, 0
L 55.1867, -31.6371, -3.4431, 55.4825, -20.3971, -3.4892, 0, 0, 0
L -8.0299, -47.0216, 11.6809, -2.2644, -46.4500, 8.1887, 0, 0, 0
L 2.9041, -45.9376, 4.7568, 6.1095, -45.6198, 11.6703, 0, 0, 0
L -22.1133, 0.0716, 9.5931, -21.7606, 3.4322, 13.8935, 0, 0, 0
L 21.9115, 0.0000, -5.4196, 25.9750, 0.0000, -5.4196, 0, 0, 0
L -33.9705, -30.5262, 3.7656, -33.6824, -28.1776, 11.6809, 0, 0, 0
L 54.2581, -21.5724, 6.4446, 55.1778, -31.3516, 10.8363, 0, 0, 0
L 8.5278, -47.2464, 12.3725, 21.2071, -44.6915, 10.8257, 0, 0, 0
L 20.2014, -41.4414, 9.3753, 23.3104, -41.3528, 9.2845, 0, 0, 0
L -34.0000, -18.9388, 7.5605, -34.0000, -14.0961, 11.6703, 0, 0, 0
L -26.5270, -40.8444, 9.9408, -22.7321, -40.7264, 13.4351, 0, 0, 0
L 19.2735, -39.4199, 13.7082, 23.1821, -39.2983, 13.6944, 0, 0, 0
L -27.6817, -0.8774, -0.4529, -24.4514, -0.5403, 8.9455, 0, 0, 0
L -55.0612, -32.6423, 3.8820, -38.1317, -42.5621, 10.8363, 0, 0, 0
L 38.6304, -3.4539, 11.2132, 39.8046, 0.4716, 8.0503, 0, 0, 0
L -11.1757, -46.7859, 3.7331, -8.4434, -47.2529, 11.5327, 0, 0, 0
L -37.5247, -42.7480, 10.8363, -36.8879, -44.9293, 12.0667, 0, 0, 0
L -11.6024, -74.5488, 11.8571, -0.4129, -72.8689, 10.8313, 0, 0, 0
L 15.2836, -55.7418, 11.1560, 16.4682, -51.5928, 7.8512, 0, 0, 0
L -17.5950, -53.3133, 11.7819, -16.4944, -56.5081, 7.4816, 0, 0, 0
L 38.2243, -2.5697, -0.0441, 38.8560, 0.6367, 7.3310, 0, 0, 0
L -11.2173, -73.5606, 10.8363, -1.9327, -72.5922, 5.8329, 0, 0, 0
L 16.8368, -57.8018, -5.4196, 20.8386, -58.5074, -5.4196, 0, 0, 0
L -24.3079, 3.7625, 9.4426, -24.0882, 0.5018, -0.0441, 0, 0, 0
L 18.1482, -55.2838, 7.2637, 18.6008, -52.2066, 7.1729, 0, 0, 0
L -22.8122, -54.4323, -4.5280, -11.9392, -49.4556, -4.5280, 0, 0, 0
L 38.4352, -3.3786, -5.4196, 39.4869, 0.5465, -5.4196, 0, 0, 0
L -8.6235, -48.3244, 12.0173, -2.3564, -48.1092, 12.8472, 0, 0, 0
L -29.7618, -28.0572, 12.7017, -29.0102, -22.1238, 11.8569, 0, 0, 0
L 39.2769, -37.9151, -0.6415, 41.1551, -42.0326, -5.4196, 0, 0, 0
L -24.8456, -43.7707, 10.8769, -9.0376, -47.1527, 11.3412, 0, 0, 0
L 33.9259, -1.8949, 7.1729, 36.9519, -2.6140, 7.2637, 0, 0, 0
L -20.3933, -59.5801, 11.5828, -16.9023, -57.8181, 11.5967, 0, 0, 0
L -19.8232, -54.2344, 7.7189, -18.5680, -56.7424, 6.8794, 0, 0, 0
L -30.7155, -21.8599, 11.8569, -30.1231, -18.8002, 7.5605, 0, 0, 0
L -20.3984, -59.5680, -0.8438, -17.3082, -58.3554, -0.0452, 0, 0, 0
L -7.3232, -48.7908, 12.7017, -2.2994, -48.3659, 12.8472, 0, 0, 0
L -0.1009, -48.1799, 12.8472, 6.1663, -47.6498, 12.6886, 0, 0, 0
L 17.0346, -56.6076, 11.2132, 21.0475, -57.4352, 8.0503, 0, 0, 0
L 3.9999, -50.9761, 4.7568, 3.9999, -48.8991, 4.7568, 0, 0, 0
L 40.5171, -37.6396, 11.1560, 41.9265, -41.7178, 7.8512, 0, 0, 0
L -57.4078, -32.1389, 11.8571, -55.7279, -20.9494, 10.8313, 0, 0, 0
L 35.9707, -40.8815, -0.7530, 38.6784, -39.6715, -0.4694, 0, 0, 0
L 21.6721, 4.2872, -0.4529, 22.0092, 1.0568, 8.9455, 0, 0, 0
L 10.7088, -72.9304, 10.8257, 13.3449, -73.7916, 3.8413, 0, 0, 0
L -31.5653, -32.5993, -4.5280, -26.7972, -43.4723, -4.5280, 0, 0, 0
L -23.6997, -54.0796, -3.5998, -10.0155, -48.8288, 12.3595, 0, 0, 0
L 7.6669, -45.3593, 11.3517, 21.2194, -42.9164, 4.2023, 0, 0, 0
L 17.9905, -56.0535, -0.4694, 21.0285, -56.8147, -0.3537, 0, 0, 0
L -7.3416, -49.4696, 12.7017, -1.4081, -50.2212, 11.8569, 0, 0, 0
L 7.9117, -51.4017, -3.5249, 22.6229, -53.2652, -3.8874, 0, 0, 0
L 38.4902, -3.5953, -5.4196, 39.6437, 0.4484, -1.0275, 0, 0, 0
L -26.5443, -45.1951, 12.2264, -25.7138, -43.3168, 10.8769, 0, 0, 0
L 19.1339, -40.6814, 13.3248, 19.2402, -44.5156, 9.8305, 0, 0, 0
L -1.9968, -17.8889, 24.0148, 7.5902, -18.9729, 19.5657, 0, 0, 0
L 33.5879, -3.0765, -5.4196, 37.8646, -4.2610, -5.4196, 0, 0, 0
L -22.4109, -54.7628, 11.8977, -9.2789, -50.0598, 11.3412, 0, 0, 0
L -30.5896, -17.2717, 4.7568, -30.4341, -12.5847, 5.0738, 0, 0, 0
L 22.7426, 0.3881, -0.4694, 25.8666, 0.1660, -0.3537, 0, 0, 0
L -30.0000, -18.9388, 7.5605, -30.0000, -14.0961, 11.6703, 0, 0, 0
L 20.1322, 0.2352, 13.4396, 20.5784, 4.5270, 9.9627, 0, 0, 0
L -22.6743, -54.9107, 10.8769, -11.4300, -50.2362, 3.7331, 0, 0, 0
L 19.9985, -40.1414, 8.9455, 23.2289, -39.8043, -0.4529, 0, 0, 0
L -38.1459, -4.6795, 7.4816, -34.9510, -3.5789, 11.7819, 0, 0, 0
L -18.1469, -53.3222, -0.3537, -17.0279, -56.2474, -0.4694, 0, 0, 0
L -30.8066, -12.0382, -3.5249, -27.9934, 2.6853, -3.8874, 0, 0, 0
L -21.2110, -40.6497, -1.0509, -21.1327, -44.6645, -1.2688, 0, 0, 0
L -23.2721, -56.2525, 2.7544, -12.6588, -72.7567, -3.4537, 0, 0, 0
L -0.3818, -72.0014, 10.8313, 10.6548, -72.1493, 10.8257, 0, 0, 0
L -41.5655, -41.8474, -0.3537, -40.0440, -39.1099, -0.4694, 0, 0, 0
L -37.4191, -43.3087, -4.5280, -32.4425, -32.4357, -4.5280, 0, 0, 0
L -38.2778, -45.2166, -4.5280, -37.8532, -43.2269, -4.5280, 0, 0, 0
L -37.5085, -43.3353, 10.8769, -32.8341, -32.0910, 3.7331, 0, 0, 0
L -38.8858, -3.7148, 11.2132, -35.1243, -2.0912, 8.0503, 0, 0, 0
L -34.4077, 2.2474, -4.5280, -32.9365, -12.1244, -3.5249, 0, 0, 0
L -34.0186, 2.0659, 11.8440, -33.7489, 4.1332, 12.0769, 0, 0, 0
L -34.7396, -17.1807, 4.7568, -34.2480, -13.6946, -3.5354, 0, 0, 0
L -34.4654, -30.7254, -3.4431, -34.1007, -25.9977, 3.7566, 0, 0, 0
L -38.6965, -4.3611, -0.6401, -34.9501, -2.6634, -1.0275, 0, 0, 0
L 9.3887, -47.1100, 4.9315, 21.6933, -44.1550, 4.2023, 0, 0, 0
L -26.7813, -40.2019, -0.2434, -23.6573, -40.4241, -0.3591, 0, 0, 0
L -55.8396, -31.9315, 10.8257, -38.0891, -42.4976, 10.8363, 0, 0, 0
L 33.5521, -3.7721, 11.5828, 37.3590, -4.6663, 11.5967, 0, 0, 0
L -35.5002, 2.0188, -3.7544, -34.0336, 3.6878, -4.5280, 0, 0, 0
L -55.3736, -7.9803, 11.8571, -36.3869, 3.5897, 11.1467, 0, 0, 0
L -56.5799, -7.1399, 3.8413, -55.7187, -9.7759, 10.8257, 0, 0, 0
L -25.1472, -44.9543, -4.5280, -11.9935, -48.5565, -4.5280, 0, 0, 0
L 9.0583, -19.9247, 20.4276, 17.9552, -19.8501, 16.0439, 0, 0, 0
L -57.6455, -8.1673, -3.5354, -57.0431, -19.4070, 2.9420, 0, 0, 0
L -55.6612, -33.1636, -3.4537, -39.1570, -43.7769, 2.7544, 0, 0, 0
L -22.8175, -44.4802, -0.7334, -22.6105, -41.1670, 0.0651, 0, 0, 0
L 12.3826, -72.5916, 10.8363, 24.0932, -53.1008, 11.1467, 0, 0, 0
L 8.0155, -52.3455, 11.3517, 23.0224, -52.9209, 10.8257, 0, 0, 0
L 17.3131, -56.9745, 7.4816, 20.5614, -57.9054, 11.7819, 0, 0, 0
L -29.0772, -21.5117, 12.3469, -18.3060, -21.6938, 15.4069, 0, 0, 0
L -1.5195, -46.1394, 11.8569, 6.0368, -45.7499, 12.6886, 0, 0, 0
L -7.4701, -47.3138, 12.7017, -1.5367, -46.5622, 11.8569, 0, 0, 0
L -25.3788, -44.5849, -3.5998, -12.0124, -48.5985, -4.5280, 0, 0, 0
L -10.3612, -47.8440, -3.4431, -5.1898, -47.9248, -3.4669, 0, 0, 0
L 2.8201, -48.0499, -3.5154, 6.6927, -48.1104, -3.5354, 0, 0, 0
L -22.4516, -55.4986, 10.8769, -9.1215, -50.4692, 11.3412, 0, 0, 0
L 35.0959, -38.6782, 11.7819, 38.2907, -37.5776, 7.4816, 0, 0, 0
L 4.0001, -46.8221, 4.7568, 4.0001, -48.8991, 4.7568, 0, 0, 0
L 3.0983, -48.9470, -3.5154, 3.4848, -46.8700, 4.7568, 0, 0, 0
L 8.4473, -47.4712, -3.5249, 21.1608, -43.9391, -3.8874, 0, 0, 0
L -25.2125, -43.8951, -3.5998, -11.5923, -46.6303, -3.4537, 0, 0, 0
L -21.4033, -57.7183, 7.1729, -18.6230, -56.3240, 7.2637, 0, 0, 0
L 17.4470, -55.5603, -0.0452, 18.2261, -52.3334, -0.8438, 0, 0, 0
L 6.2804, -50.8917, 11.6703, 8.2573, -50.1779, 4.8682, 0, 0, 0
L 34.0410, -1.4768, 7.1729, 37.3417, -2.4273, -0.4705, 0, 0, 0
L -1.4197, -50.0339, 11.8569, 6.4827, -50.6263, 11.6703, 0, 0, 0
L -22.7025, -55.5084, -3.5998, -11.6168, -50.1204, -4.5280, 0, 0, 0
L -24.8954, -54.3922, -4.5280, -22.9056, -53.9676, -4.5280, 0, 0, 0
L 17.8347, -56.2327, -0.0441, 21.0840, -56.5826, 7.3310, 0, 0, 0
L -24.6536, -54.8358, 12.0667, -22.4669, -54.6090, 11.8977, 0, 0, 0
L -3.5335, -24.9304, 19.8443, -2.5672, -18.1123, 24.0148, 0, 0, 0
L -20.7435, -60.0214, -5.4196, -16.4324, -58.0550, -0.6415, 0, 0, 0
L 22.6461, -51.5035, 11.8440, 24.7134, -51.2338, 12.0769, 0, 0, 0
L 1.5886, -52.0000, 7.5605, 6.4314, -52.0000, 11.6703, 0, 0, 0
L 21.8901, -0.6316, 13.4969, 25.9855, -0.7498, 10.1618, 0, 0, 0
L -17.8259, -53.5973, 12.1700, -16.2350, -56.7619, 11.2132, 0, 0, 0
L -22.9628, -55.7563, 10.8363, -13.0430, -72.6859, 3.8820, 0, 0, 0
L -22.7453, -55.6314, 10.8363, -12.1792, -73.3819, 10.8257, 0, 0, 0
L 23.6150, -53.7974, -3.7544, 25.2841, -52.3308, -4.5280, 0, 0, 0
L -11.4481, -74.2311, -3.4431, -2.3569, -74.0582, 3.4112, 0, 0, 0
L 0.1955, -74.0097, 6.5853, 10.7634, -73.8087, 10.8257, 0, 0, 0
L -11.5091, -73.7227, -3.4431, -0.2691, -74.0185, -3.4892, 0, 0, 0
L -1.2918, -18.1798, 21.7495, 7.5710, -20.2404, 19.8109, 0, 0, 0
L -26.6555, -41.5769, -0.6426, -23.6902, -41.6245, -0.3591, 0, 0, 0
L -39.7976, -39.1579, 6.8339, -36.7274, -40.2176, -0.4529, 0, 0, 0
L -39.4383, -37.7326, -0.0452, -36.5230, -39.3204, -0.8438, 0, 0, 0
L 22.6679, -0.4774, -0.0441, 25.9285, -0.2577, 9.4426, 0, 0, 0
L 18.0891, -19.2324, 16.0439, 27.5710, -20.8113, 12.8914, 0, 0, 0
L 16.6817, -20.0166, 15.1820, 27.2809, -22.3295, 12.8914, 0, 0, 0
L -2.1894, -18.1513, 24.0148, -0.5374, -11.0846, 21.4898, 0, 0, 0
L -29.0716, -22.8226, 12.3469, -19.2776, -22.5484, 16.0236, 0, 0, 0
L 7.2009, -21.8070, 19.8109, 16.7585, -21.5394, 15.4272, 0, 0, 0
L -1.9850, -17.9235, 24.0148, 9.1055, -19.8377, 20.4276, 0, 0, 0
L -1.6571, -18.3559, 24.0148, 0.8823, -12.6941, 20.8731, 0, 0, 0
L -3.5051, -24.9758, 19.8443, -3.1323, -18.7743, 21.7495, 0, 0, 0
L 35.0703, -38.3322, 12.1700, 38.2349, -36.7413, 11.2132, 0, 0, 0
L -2.0161, -18.1367, 24.0148, 7.4403, -20.8138, 19.8109, 0, 0, 0
L -22.0156, -0.2232, 13.3248, -21.9079, 3.5085, 13.8935, 0, 0, 0
L -23.8234, -41.4865, 9.0559, -23.4863, -44.7169, -0.3425, 0, 0, 0
L -22.0000, 3.8847, -5.4196, -22.0000, -0.1788, -5.4196, 0, 0, 0
L 33.7341, -2.1986, 7.8512, 37.7642, -3.7403, 11.1560, 0, 0, 0
L -26.8771, -39.8969, 9.5529, -23.6165, -39.6772, 0.0662, 0, 0, 0
L -26.9284, -40.2586, -1.4369, -22.8096, -39.9314, -5.3092, 0, 0, 0
L -20.7348, -59.0815, -0.4529, -17.9495, -57.4108, 6.8339, 0, 0, 0
L 18.2879, -55.2705, 6.8794, 21.0623, -55.6808, 7.7189, 0, 0, 0
L 18.8274, -41.4292, -0.0441, 19.0471, -44.6898, 9.4426, 0, 0, 0
L 34.7868, -38.9476, -5.4196, 38.4696, -37.2303, -5.4196, 0, 0, 0
L -40.8359, 0.0378, -0.8438, -39.6232, -3.0525, -0.0452, 0, 0, 0
L -40.4572, 0.3673, 7.1729, -39.0629, -2.4129, 7.2637, 0, 0, 0
L -41.8603, -41.6952, 7.3310, -40.6814, -38.6472, -0.0441, 0, 0, 0
L -39.8466, -39.4298, 7.2637, -36.9914, -40.6634, 7.1729, 0, 0, 0
