P -3334.411, -5861.15, -0.0500, 255, 0, 0, 3, to_The_Overthere_&_South_Desert_of_Ro_(Translocator_Jorbin)
P 2785.277, 3147.192, -3.1413, 240, 0, 0, 2, from_Firiona_Vie
P 836.411, 5140.215, -3.1017, 240, 0, 0, 3, to_The_Overthere
P -1720.837, 634.202, -3.1017, 240, 0, 0, 2, from_The_Overthere
P 2780.14, -676.687, 0.0000, 255, 0, 0, 3, to_Firiona_Vie
P 7581.906, -3309.492, -3.1341, 240, 0, 0, 2, from_Butcherblock_Mountains
P -4707.977, -7423.163, 6.1558, 240, 0, 0, 2, from_South_Desert_of_Ro
P -4037.973, 12310.239, -281.1490, 240, 0, 0, 3, to_Halas
P -4081.561, 12307.435, -281.1446, 240, 0, 0, 3, to_East_Freeport
P -4138.033, 12309.923, -281.1462, 240, 0, 0, 3, to_Cablis_West
P -4140.213, 12299.469, -281.1403, 240, 0, 0, 3, to_South_Kaladim
P -4144.255, 12256.914, -281.1475, 240, 0, 0, 3, to_Ak`Anon
P -4144.573, 12220.699, -281.1435, 240, 0, 0, 3, to_Rivervale
P -4129.192, 12201.319, -281.1381, 240, 0, 0, 3, to_Gukta
P -4087.195, 12201.079, -281.1336, 240, 0, 0, 3, to_Oggok
P -4042.4, 12197.468, -281.1278, 240, 0, 0, 3, to_Erudin
P -4023.278, 12202.719, -281.1468, 240, 0, 0, 3, to_Neriak_Commons
P -4023.823, 12250.473, -281.1507, 240, 0, 0, 3, to_Greater_Faydark
P -4022.686, 12296.247, -281.1450, 240, 0, 0, 3, to_North_Felwithe
P -5031.646, -7921.077, 6.1546, 240, 0, 0, 3, to_South_Ro
P 7653.308, -5114.255, 1.0008, 240, 0, 0, 3, to_Butcherblock
P 3542.05, 4543.873, 17.2295, 240, 0, 0, 3, to_Butcherblock_&_Firiona_Vie_(Translocator_Deela)
P -1907.86, 5392.313, 0.0000, 255, 0, 0, 2, Succor
P 6323.798, 8849.278, 22.6502, 0, 0, 240, 1, GS:_Crushed_Diamonds
P 3512.14, 4489.313, 0.0000, 255, 255, 255, 2, Dock
P -2496.86, 1293.313, 0.0000, 255, 255, 255, 2, Ogre_Raiders
P -3279.86, -5872.687, 0.0000, 255, 255, 255, 2, Dock
P 5652.391, 8976.005, 77.9346, 240, 240, 240, 2, Golra_Island
P 2074.693, 11604.435, 10.6336, 240, 240, 240, 2, Oasis_in_a_Deserted_Sea
P -818.142, -5843.119, 15.5774, 240, 240, 240, 2, Spiroc_Tower
P 2155.001, -5069.46, 10.3470, 240, 240, 240, 2, Undead_Iksar
P 2277.837, -5772.834, 7.9232, 240, 240, 240, 2, Bandit_Camp
P 4058.883, -6228.364, 8.0791, 240, 240, 240, 2, Gunthak_Swabby`s
P -2918.742, -7947.99, 261.8651, 240, 240, 240, 2, Fallen_Deckhands
P 471.483, -188.981, -135.5293, 240, 240, 240, 2, Wrecked_Boat
P -2487.054, 6376.841, 4.5259, 240, 240, 240, 2, Chessboard
P 6641.758, -4038.959, 15.5625, 240, 240, 0, 2, Ship_Transfer
P 2797.958, 4054.334, -3.1413, 240, 240, 0, 2, Ship_Transfer
P -3048.987, 9392.195, 14.5169, 240, 240, 240, 2, Raptors
P -1612.734, 9588.524, 15.0496, 240, 240, 240, 2, Raptors
P -1805.353, 9439.852, 274.4377, 240, 240, 240, 2, Iksar_Statue
P 6275.637, 6496.623, 19.9620, 240, 240, 240, 2, Large_Eagle_Statue
P 4041.856, -5257.315, 318.6154, 240, 240, 240, 2, Iksar_Statue
P 4623.14, 5197.313, 2.2638, 0, 128, 0, 2, Mircus_(Bar)
P 3725.14, 4868.313, 15.5946, 0, 128, 0, 2, Seloris_(Merchant)
P 2562.14, 11594.313, 71.1715, 0, 128, 0, 2, Portik_(Bar)
P -2508.86, 5064.313, 286.0129, 128, 128, 128, 2, Iksar_Master_(GM_Monk)
P -2532.973, 5926.148, 1.8619, 0, 0, 0, 2, Alrik_Farsight_(Roam)
P -2452.048, 6212.314, 1.4172, 0, 0, 0, 2, Perican_Fallhammer
P -2659.9, 5773.398, 0.4719, 0, 0, 0, 2, Xiblin_Fizzlebik
P -2698.779, 8969.449, 256.6268, 0, 0, 0, 2, Scout_Sihmoj
P -2883.301, -5440.679, 2.8686, 0, 0, 0, 2, Ogre_Wise_One
P 6197.071, 6445.707, 16.2391, 0, 0, 0, 2, Sellcondru_Dusaan
P 6215.275, 9616.319, 18.4953, 0, 0, 0, 2, Kellewin_Stillwater
P 5216.839, -5875.004, 6.1230, 0, 0, 0, 2, Salco_Dagor
P 2442.895, -5107.075, 8.0011, 0, 0, 0, 2, Silithis_Sisnta_(Roam)
P -2380.717, -7364.74, 9.0418, 0, 0, 0, 2, Farstara_Dio
P -2522.239, 8986.153, 1.0964, 0, 0, 0, 2, Ebon_Ice_Servant
P -3447.86, 11565.313, 10.0000, 240, 127, 0, 2, Faydedar_(Raid)
P 6398.235, 9638.019, 11.9288, 127, 64, 0, 2, Halara_(Hunter)
P 5587.274, 9320.88, 91.6231, 127, 64, 0, 2, Halara_(Hunter)
P 5729.405, 9189.736, 184.0985, 127, 64, 0, 2, Halara_(Hunter)
P -2411.142, -7293.489, 72.2204, 127, 64, 0, 2, Ugrak_da_Raider_(Hunter)
P -2957.729, -5534.036, -1.8837, 127, 64, 0, 2, Ugrak_da_Raider_(Hunter)
P -2885.087, -5429.313, 0.8589, 127, 64, 0, 2, Ugrak_da_Raider_(Hunter)
P -2249.107, -5264.796, 20.8517, 127, 64, 0, 2, Ugrak_da_Raider_(Hunter)
