P 3452.074, -6389, 0, 255, 255, 0, 2, Asmodin_Jru`dac
P 4244.074, -6246, 0, 255, 255, 0, 2, Atheling_Plague
P -805.926, -1215, 0, 255, 255, 0, 2, Carpenter_Grundo
P 3071.074, -3476, 0, 255, 255, 0, 2, Entalon
P 3027.074, -3476, 0, 255, 128, 0, 2, Gylton
P 2320.074, -3389, 0, 255, 128, 0, 2, Naxot_Deepwater
P 2765.074, 469, 0, 255, 128, 0, 2, Nezekezena
P 2721.074, 469, 0, 255, 128, 0, 2, Phurzikon
P -1006.926, 4, 0, 255, 255, 0, 2, Skel_Inv_Spawn
P 1326.074, 678, 0, 255, 128, 0, 2, Slixin_Klex
P -2561.926, -2958, 0, 255, 128, 0, 2, Telin_Darkforest
P 197.074, 0, 0, 255, 128, 0, 2, Trigger
