L -95.1118, 483.2060, -26.2632,  -87.4599, 481.2986, -27.4947, 160, 160, 160
L -110.4205, 481.6281, -23.3292,  -95.1118, 483.2060, -26.2632, 160, 160, 160
L -114.4296, 476.9576, -28.1200,  -110.4205, 481.6281, -23.3292, 160, 160, 160
L -118.4660, 471.6575, -16.9445,  -114.4296, 476.9576, -28.1200, 160, 160, 160
L -133.9208, 479.3849, -14.7840,  -118.4660, 471.6575, -16.9445, 160, 160, 160
L -144.3900, 473.3061, -13.3888,  -133.9208, 479.3849, -14.7840, 160, 160, 160
L -156.1443, 495.4087, -13.3147,  -144.3900, 473.3061, -13.3888, 160, 160, 160
L -172.5776, 493.1299, -13.5460,  -156.1443, 495.4087, -13.3147, 160, 160, 160
L -184.6651, 487.9495, -13.7233,  -172.5776, 493.1299, -13.5460, 160, 160, 160
L -191.4025, 479.9006, -13.4925,  -184.6651, 487.9495, -13.7233, 160, 160, 160
L -191.5623, 470.3018, -12.5100,  -191.4025, 479.9006, -13.4925, 160, 160, 160
L -181.9593, 453.3677, -9.6400,  -191.5623, 470.3018, -12.5100, 160, 160, 160
L -195.5312, 445.2067, -6.7313,  -181.9593, 453.3677, -9.6400, 160, 160, 160
L -195.5312, 434.6326, -14.3119,  -195.5312, 445.2067, -6.7313, 160, 160, 160
L -197.1057, 425.5230, -14.6249,  -195.5312, 434.6326, -14.3119, 160, 160, 160
L -205.9458, 429.3741, -14.4730,  -197.1057, 425.5230, -14.6249, 160, 160, 160
L -232.9880, 417.5088, -13.6123,  -205.9458, 429.3741, -14.4730, 160, 160, 160
L -246.3965, 421.8458, -13.3146,  -232.9880, 417.5088, -13.6123, 160, 160, 160
L -247.9024, 403.6116, -14.5180,  -264.5835, 394.9243, -14.2497, 160, 160, 160
L -211.4826, 406.2187, -14.4144,  -247.9024, 403.6116, -14.5180, 160, 160, 160
L -200.7858, 410.8231, -14.2208,  -211.4826, 406.2187, -14.4144, 160, 160, 160
L -197.5312, 379.9977, -15.5380,  -200.7858, 410.8231, -14.2208, 160, 160, 160
L -191.7049, 374.2187, -13.9204,  -197.5312, 379.9977, -15.5380, 160, 160, 160
L -172.1594, 374.3639, -12.1745,  -191.7049, 374.2187, -13.9204, 160, 160, 160
L -160.2744, 384.8770, -13.4327,  -172.1594, 374.3639, -12.1745, 160, 160, 160
L -157.6127, 374.1326, -13.3740,  -160.2744, 384.8770, -13.4327, 160, 160, 160
L -151.8130, 372.2187, -13.3740,  -157.6127, 374.1326, -13.3740, 160, 160, 160
L -148.9280, 372.2187, -13.3740,  -151.8130, 372.2187, -13.3740, 160, 160, 160
L -138.3950, 382.2191, -13.3740,  -148.9280, 372.2187, -13.3740, 160, 160, 160
L -140.4128, 392.9620, -14.1913,  -138.3950, 382.2191, -13.3740, 160, 160, 160
L -131.8521, 398.2187, -14.3740,  -140.4128, 392.9620, -14.1913, 160, 160, 160
L -125.5625, 397.2083, -14.3740,  -131.8521, 398.2187, -14.3740, 160, 160, 160
L -125.5625, 394.1200, -13.8864,  -125.5625, 397.2083, -14.3740, 160, 160, 160
L -125.5625, 386.2187, -13.3740,  -125.5625, 394.1200, -13.8864, 160, 160, 160
L -124.5186, 386.2187, -13.3740,  -125.5625, 386.2187, -13.3740, 160, 160, 160
L -124.4320, 383.4687, -13.3740,  -124.5186, 386.2187, -13.3740, 160, 160, 160
L -125.5627, 383.4687, -13.2231,  -124.4320, 383.4687, -13.3740, 160, 160, 160
L -125.3212, 349.3261, -27.1930,  -125.5627, 383.4687, -13.2231, 160, 160, 160
L -139.5626, 349.5000, -27.3739,  -125.3212, 349.3261, -27.1930, 160, 160, 160
L -139.5625, 308.2499, -27.3739,  -139.5626, 349.5000, -27.3739, 160, 160, 160
L -111.8789, 308.5536, -27.3007,  -139.5625, 308.2499, -27.3739, 160, 160, 160
L -111.6856, 279.6290, -41.3427,  -111.8789, 308.5536, -27.3007, 160, 160, 160
L -125.5626, 279.5000, -41.3427,  -111.6856, 279.6290, -41.3427, 160, 160, 160
L -125.5625, 238.2812, -41.3427,  -125.5626, 279.5000, -41.3427, 160, 160, 160
L -97.9879, 238.2906, -41.3427,  -125.5625, 238.2812, -41.3427, 160, 160, 160
L -83.9295, 224.3975, -41.3427,  -97.9879, 238.2906, -41.3427, 160, 160, 160
L -70.3285, 224.2812, -41.3427,  -83.9295, 224.3975, -41.3427, 160, 160, 160
L -56.6283, 237.7769, -41.3427,  -70.3285, 224.2812, -41.3427, 160, 160, 160
L -56.3438, 251.6690, -41.3427,  -56.6283, 237.7769, -41.3427, 160, 160, 160
L -70.3421, 265.8706, -41.3427,  -56.3438, 251.6690, -41.3427, 160, 160, 160
L -70.3242, 280.4420, -41.1154,  -70.3421, 265.8706, -41.3427, 160, 160, 160
L -42.3438, 280.2500, -41.3427,  -70.3242, 280.4420, -41.1154, 160, 160, 160
L -42.3438, 321.5000, -41.3427,  -42.3438, 280.2500, -41.3427, 160, 160, 160
L -56.4243, 321.5169, -41.1826,  -42.3438, 321.5000, -41.3427, 160, 160, 160
L -56.3438, 349.8333, -41.3427,  -56.4243, 321.5169, -41.1826, 160, 160, 160
L -27.6250, 349.5052, -42.3746,  -56.3438, 349.8333, -41.3427, 160, 160, 160
L -27.6250, 321.7481, -55.3427,  -27.6250, 349.5052, -42.3746, 160, 160, 160
L -27.6250, 308.2499, -55.3427,  -27.6250, 321.7481, -55.3427, 160, 160, 160
L 5.6250, 308.2500, -55.3427,  -27.6250, 308.2499, -55.3427, 160, 160, 160
L 5.6242, 319.4999, -55.3427,  8.3751, 319.5000, -55.3427, 160, 160, 160
L 8.3749, 321.5000, -55.3427,  8.3751, 319.5000, -55.3427, 160, 160, 160
L 5.6257, 321.5000, -55.3427,  5.6242, 319.4999, -55.3427, 160, 160, 160
L 5.6250, 308.2484, -55.3427,  5.6250, 310.2749, -55.3427, 160, 160, 160
L 8.2230, 310.1881, -55.3303,  5.6250, 310.2749, -55.3427, 160, 160, 160
L 8.3750, 308.2500, -55.3427,  8.2230, 310.1881, -55.3303, 160, 160, 160
L 13.3888, 308.5294, -55.3427,  8.3750, 308.2500, -55.3427, 160, 160, 160
L 28.2759, 294.2189, -55.3427,  13.3888, 308.5294, -55.3427, 160, 160, 160
L 28.3750, 266.2812, -55.3427,  28.2759, 294.2189, -55.3427, 160, 160, 160
L 97.5936, 266.2812, -55.3427,  28.3750, 266.2812, -55.3427, 160, 160, 160
L 98.1925, 294.2500, -55.3427,  97.5936, 266.2812, -55.3427, 160, 160, 160
L 139.5625, 294.2500, -55.3427,  98.1925, 294.2500, -55.3427, 160, 160, 160
L 139.5832, 307.9979, -55.3427,  139.5625, 294.2500, -55.3427, 160, 160, 160
L 167.5625, 308.2500, -55.3427,  139.5832, 307.9979, -55.3427, 160, 160, 160
L 167.8491, 336.2393, -55.3427,  167.5625, 308.2500, -55.3427, 160, 160, 160
L 181.5625, 336.2500, -55.3427,  167.8491, 336.2393, -55.3427, 160, 160, 160
L 181.4805, 363.8133, -55.3427,  181.5625, 336.2500, -55.3427, 160, 160, 160
L 196.2417, 378.2187, -55.3427,  181.4805, 363.8133, -55.3427, 160, 160, 160
L 209.9549, 378.2203, -55.3427,  196.2417, 378.2187, -55.3427, 160, 160, 160
L 224.2812, 363.7669, -55.3427,  209.9549, 378.2203, -55.3427, 160, 160, 160
L 224.2812, 335.4997, -55.3427,  224.2812, 363.7669, -55.3427, 160, 160, 160
L 209.5312, 335.5000, -55.3427,  224.2812, 335.4997, -55.3427, 160, 160, 160
L 209.5312, 363.4687, -55.3427,  209.5312, 335.5000, -55.3427, 160, 160, 160
L 196.2811, 363.4687, -55.3427,  209.5312, 363.4687, -55.3427, 160, 160, 160
L 196.2812, 322.2500, -55.3427,  196.2811, 363.4687, -55.3427, 160, 160, 160
L 237.5312, 322.2500, -55.3427,  196.2812, 322.2500, -55.3427, 160, 160, 160
L 237.2565, 363.2003, -55.3427,  237.5312, 322.2500, -55.3427, 160, 160, 160
L 251.4091, 377.8770, -55.3427,  237.2565, 363.2003, -55.3427, 160, 160, 160
L 251.1530, 392.6630, -55.3427,  251.4091, 377.8770, -55.3427, 160, 160, 160
L 237.5312, 406.1322, -55.3427,  251.1530, 392.6630, -55.3427, 160, 160, 160
L 237.3735, 420.6760, -55.3427,  237.5312, 406.1322, -55.3427, 160, 160, 160
L 265.5312, 420.2187, -55.3427,  237.3735, 420.6760, -55.3427, 160, 160, 160
L 265.5312, 475.4375, -55.3427,  265.5312, 420.2187, -55.3427, 160, 160, 160
L 209.5324, 475.7817, -55.3427,  265.5312, 475.4375, -55.3427, 160, 160, 160
L 209.5312, 489.4375, -55.3427,  209.5324, 475.7817, -55.3427, 160, 160, 160
L 182.3122, 489.4375, -55.3427,  209.5312, 489.4375, -55.3427, 160, 160, 160
L 182.3125, 476.1875, -55.3427,  182.3122, 489.4375, -55.3427, 160, 160, 160
L 196.2350, 475.9927, -55.3427,  182.3125, 476.1875, -55.3427, 160, 160, 160
L 196.2812, 462.1875, -55.3427,  196.2350, 475.9927, -55.3427, 160, 160, 160
L 251.9647, 462.6990, -55.3427,  196.2812, 462.1875, -55.3427, 160, 160, 160
L 252.2803, 433.5124, -55.3427,  251.9647, 462.6990, -55.3427, 160, 160, 160
L 237.6093, 433.5004, -55.3427,  252.2803, 433.5124, -55.3427, 160, 160, 160
L 237.5312, 447.4375, -55.3427,  237.6093, 433.5004, -55.3427, 160, 160, 160
L 196.2752, 447.4375, -55.3427,  237.5312, 447.4375, -55.3427, 160, 160, 160
L 196.2812, 406.2187, -55.3427,  196.2752, 447.4375, -55.3427, 160, 160, 160
L 209.5310, 406.8179, -55.3427,  196.2812, 406.2187, -55.3427, 160, 160, 160
L 209.8379, 434.1877, -55.3427,  209.5310, 406.8179, -55.3427, 160, 160, 160
L 224.6390, 434.2792, -55.3427,  209.8379, 434.1877, -55.3427, 160, 160, 160
L 224.4000, 405.4467, -55.3427,  224.6390, 434.2792, -55.3427, 160, 160, 160
L 209.7840, 391.4685, -55.3427,  224.4000, 405.4467, -55.3427, 160, 160, 160
L 195.1843, 392.3600, -55.3427,  209.7840, 391.4685, -55.3427, 160, 160, 160
L 181.9553, 405.2948, -55.3427,  195.1843, 392.3600, -55.3427, 160, 160, 160
L 181.5625, 411.4687, -55.3427,  181.9553, 405.2948, -55.3427, 160, 160, 160
L 180.9320, 411.3600, -55.3427,  181.5625, 411.4687, -55.3427, 160, 160, 160
L 180.1271, 414.2187, -55.3427,  180.9320, 411.3600, -55.3427, 160, 160, 160
L 181.5625, 414.2187, -55.3427,  180.1271, 414.2187, -55.3427, 160, 160, 160
L 181.5625, 447.4375, -55.3427,  181.5625, 414.2187, -55.3427, 160, 160, 160
L 153.6553, 447.4057, -55.3427,  181.5625, 447.4375, -55.3427, 160, 160, 160
L 153.7110, 504.1163, -83.3426,  153.6553, 447.4057, -55.3427, 160, 160, 160
L 167.5622, 518.1490, -83.3426,  153.7110, 504.1163, -83.3426, 160, 160, 160
L 167.5625, 531.6257, -83.3426,  167.5622, 518.1490, -83.3426, 160, 160, 160
L 153.3128, 545.4058, -83.3426,  167.5625, 531.6257, -83.3426, 160, 160, 160
L 139.6738, 544.9868, -83.3426,  153.3128, 545.4058, -83.3426, 160, 160, 160
L 125.7867, 531.4058, -83.3426,  139.6738, 544.9868, -83.3426, 160, 160, 160
L 112.1371, 531.2997, -83.3426,  125.7867, 531.4058, -83.3426, 160, 160, 160
L 97.9084, 545.3110, -83.3426,  112.1371, 531.2997, -83.3426, 160, 160, 160
L 84.2038, 545.4061, -83.3426,  97.9084, 545.3110, -83.3426, 160, 160, 160
L 70.3439, 531.6259, -83.3426,  84.2038, 545.4061, -83.3426, 160, 160, 160
L 70.7583, 517.5234, -83.3426,  70.3439, 531.6259, -83.3426, 160, 160, 160
L 84.3439, 503.4562, -83.3426,  70.7583, 517.5234, -83.3426, 160, 160, 160
L 84.3436, 447.6578, -83.3426,  84.3439, 503.4562, -83.3426, 160, 160, 160
L 70.3439, 433.6318, -83.3426,  84.3436, 447.6578, -83.3426, 160, 160, 160
L 70.5510, 419.7921, -83.3426,  70.3439, 433.6318, -83.3426, 160, 160, 160
L 84.5850, 406.2841, -83.3426,  70.5510, 419.7921, -83.3426, 160, 160, 160
L 84.2866, 391.6447, -83.3426,  84.5850, 406.2841, -83.3426, 160, 160, 160
L 76.3438, 391.4687, -83.3387,  84.2866, 391.6447, -83.3426, 160, 160, 160
L 76.3431, 391.4687, -83.3426,  76.3444, 389.4687, -83.3426, 160, 160, 160
L 73.5938, 389.4687, -83.3426,  76.3444, 389.4687, -83.3426, 160, 160, 160
L 76.3426, 391.4687, -83.3426,  76.3423, 391.4687, -83.3426, 160, 160, 160
L 73.5936, 391.4687, -83.3426,  73.5938, 389.4687, -83.3426, 160, 160, 160
L 55.7882, 391.4936, -83.3426,  73.5936, 391.4687, -83.3426, 160, 160, 160
L 41.4628, 405.4685, -83.3426,  55.7882, 391.4936, -83.3426, 160, 160, 160
L 28.3960, 405.3528, -83.3426,  41.4628, 405.4685, -83.3426, 160, 160, 160
L 14.2263, 391.5283, -83.3426,  28.3960, 405.3528, -83.3426, 160, 160, 160
L -0.3750, 392.1010, -84.3425,  14.2263, 391.5283, -83.3426, 160, 160, 160
L -0.3750, 433.7361, -84.3426,  -0.3750, 392.1010, -84.3425, 160, 160, 160
L -14.4289, 434.7717, -89.9196,  -27.4696, 447.8125, -84.4467, 160, 160, 160
L 13.4696, 447.8125, -87.5863,  -0.1552, 434.1875, -92.5996, 160, 160, 160
L 0.1873, 461.9460, -85.8516,  13.4696, 447.8125, -87.5863, 160, 160, 160
L -13.3810, 461.4372, -85.8516,  0.1873, 461.9460, -85.8516, 160, 160, 160
L -27.4696, 447.8125, -86.3101,  -13.3810, 461.4372, -85.8516, 160, 160, 160
L -13.6250, 380.7518, -84.3426,  -13.7205, 434.3623, -84.3606, 160, 160, 160
L -6.6067, 378.2187, -83.3426,  -13.6250, 380.7518, -84.3426, 160, 160, 160
L 13.8735, 378.3247, -83.3426,  -6.6067, 378.2187, -83.3426, 160, 160, 160
L 28.5110, 364.2189, -83.3426,  13.8735, 378.3247, -83.3426, 160, 160, 160
L 42.4330, 364.4488, -83.3426,  28.5110, 364.2189, -83.3426, 160, 160, 160
L 54.9660, 378.7990, -83.3426,  42.4330, 364.4488, -83.3426, 160, 160, 160
L 73.5936, 378.2187, -83.3426,  54.9660, 378.7990, -83.3426, 160, 160, 160
L 73.5776, 379.9005, -83.1781,  73.5936, 378.2187, -83.3426, 160, 160, 160
L 76.3438, 379.7103, -83.3426,  73.5776, 379.9005, -83.1781, 160, 160, 160
L 76.3438, 378.2187, -83.3426,  76.3438, 379.7103, -83.3426, 160, 160, 160
L 97.5936, 378.2187, -83.3426,  76.3438, 378.2187, -83.3426, 160, 160, 160
L 97.6452, 406.5070, -83.3426,  97.5936, 378.2187, -83.3426, 160, 160, 160
L 111.5936, 419.9990, -83.3426,  97.6452, 406.5070, -83.3426, 160, 160, 160
L 111.4608, 433.7898, -83.3426,  111.5936, 419.9990, -83.3426, 160, 160, 160
L 97.7072, 447.5011, -83.3426,  111.4608, 433.7898, -83.3426, 160, 160, 160
L 98.1192, 504.4927, -83.3426,  97.7072, 447.5011, -83.3426, 160, 160, 160
L 111.9552, 518.1565, -83.3426,  98.1192, 504.4927, -83.3426, 160, 160, 160
L 126.1015, 518.1476, -83.3426,  111.9552, 518.1565, -83.3426, 160, 160, 160
L 140.3127, 503.2697, -82.6650,  126.1015, 518.1476, -83.3426, 160, 160, 160
L 140.3128, 448.3032, -55.3721,  140.3127, 503.2697, -82.6650, 160, 160, 160
L 139.4966, 419.4683, -55.3427,  140.3128, 448.3032, -55.3721, 160, 160, 160
L 126.3123, 419.4687, -55.3427,  139.4966, 419.4683, -55.3427, 160, 160, 160
L 125.7069, 391.4685, -55.3427,  126.3123, 419.4687, -55.3427, 160, 160, 160
L 112.3435, 391.4687, -55.3427,  125.7069, 391.4685, -55.3427, 160, 160, 160
L 112.9548, 378.2189, -55.3427,  112.3435, 391.4687, -55.3427, 160, 160, 160
L 139.5625, 378.2187, -55.3427,  112.9548, 378.2189, -55.3427, 160, 160, 160
L 139.5354, 405.8339, -55.3427,  139.5625, 378.2187, -55.3427, 160, 160, 160
L 153.5625, 406.2187, -55.3427,  139.5354, 405.8339, -55.3427, 160, 160, 160
L 152.9455, 433.6082, -55.3427,  153.5625, 406.2187, -55.3427, 160, 160, 160
L 168.9490, 434.3256, -55.3427,  152.9455, 433.6082, -55.3427, 160, 160, 160
L 168.3125, 414.2187, -55.3427,  168.9490, 434.3256, -55.3427, 160, 160, 160
L 170.3125, 413.7065, -55.3427,  168.3125, 414.2187, -55.3427, 160, 160, 160
L 170.3126, 411.6553, -55.3427,  170.3125, 413.7065, -55.3427, 160, 160, 160
L 168.3120, 411.4687, -55.3427,  170.3126, 411.6553, -55.3427, 160, 160, 160
L 168.3470, 405.4105, -55.3427,  168.3120, 411.4687, -55.3427, 160, 160, 160
L 154.6690, 392.4460, -55.3427,  168.3470, 405.4105, -55.3427, 160, 160, 160
L 154.3126, 378.1039, -55.3427,  154.6690, 392.4460, -55.3427, 160, 160, 160
L 168.3109, 363.8777, -55.3427,  154.3126, 378.1039, -55.3427, 160, 160, 160
L 169.6700, 349.8485, -55.3427,  168.3109, 363.8777, -55.3427, 160, 160, 160
L 153.7317, 349.5138, -55.3427,  169.6700, 349.8485, -55.3427, 160, 160, 160
L 153.5625, 363.4687, -55.3427,  153.7317, 349.5138, -55.3427, 160, 160, 160
L 112.3435, 363.4687, -55.3427,  153.5625, 363.4687, -55.3427, 160, 160, 160
L 112.3438, 336.2500, -55.3427,  112.3435, 363.4687, -55.3427, 160, 160, 160
L 125.5625, 336.2500, -55.3427,  112.3438, 336.2500, -55.3427, 160, 160, 160
L -83.8552, 491.8550, -40.6679,  -87.4599, 481.2986, -41.8038, 160, 160, 160
L -66.6860, 499.8310, -38.9615,  -83.8552, 491.8550, -40.6679, 160, 160, 160
L -44.2013, 503.2939, -39.3821,  -66.6860, 499.8310, -38.9615, 160, 160, 160
L -26.2250, 515.3156, -39.9968,  -44.2013, 503.2939, -39.3821, 160, 160, 160
L -4.3750, 513.4387, -43.2563,  -26.2250, 515.3156, -39.9968, 160, 160, 160
L -4.3752, 498.9558, -41.7834,  -4.3750, 513.4387, -43.2563, 160, 160, 160
L -12.2659, 472.2239, -39.7488,  -4.3752, 498.9558, -41.7834, 160, 160, 160
L -30.3476, 469.9952, -38.1351,  -12.2659, 472.2239, -39.7488, 160, 160, 160
L -34.1426, 466.2348, -37.6448,  -30.3476, 469.9952, -38.1351, 160, 160, 160
L -41.8530, 468.2198, -36.9498,  -34.1426, 466.2348, -37.6448, 160, 160, 160
L -45.3607, 471.7316, -37.2402,  -41.8530, 468.2198, -36.9498, 160, 160, 160
L -47.2100, 479.6471, -31.4298,  -45.3607, 471.7316, -37.2402, 160, 160, 160
L -57.2918, 474.9422, -30.4445,  -47.2100, 479.6471, -31.4298, 160, 160, 160
L -75.7943, 466.3077, -23.7038,  -57.2918, 474.9422, -30.4445, 160, 160, 160
L -80.5943, 466.9635, -21.6058,  -75.7943, 466.3077, -23.7038, 160, 160, 160
L -96.4500, 456.3740, -27.8525,  -80.5943, 466.9635, -21.6058, 160, 160, 160
L -118.2703, 458.1227, -17.8229,  -96.4500, 456.3740, -27.8525, 160, 160, 160
L -120.2760, 457.6768, -17.4475,  -118.2703, 458.1227, -17.8229, 160, 160, 160
L -135.7248, 454.2438, -11.2211,  -120.2760, 457.6768, -17.4475, 160, 160, 160
L -143.4712, 461.9531, -13.3851,  -135.7248, 454.2438, -11.2211, 160, 160, 160
L -166.1741, 456.4460, -14.1836,  -143.4712, 461.9531, -13.3851, 160, 160, 160
L -156.5047, 426.3161, -13.5123,  -166.1741, 456.4460, -14.1836, 160, 160, 160
L -160.4076, 404.1098, -11.2483,  -156.5047, 426.3161, -13.5123, 160, 160, 160
L -156.3525, 399.7284, -11.5780,  -160.4076, 404.1098, -11.2483, 160, 160, 160
L -154.3446, 391.9259, -15.1213,  -156.3525, 399.7284, -11.5780, 160, 160, 160
L -154.3449, 391.9252, -14.5880,  -154.3446, 391.9259, -15.1213, 160, 160, 160
L -153.3884, 392.2063, -14.3739,  -154.3449, 391.9252, -14.5880, 160, 160, 160
L -149.5626, 401.8528, -14.3740,  -153.3884, 392.2063, -14.3739, 160, 160, 160
L -151.1337, 408.1435, -14.3740,  -149.5626, 401.8528, -14.3740, 160, 160, 160
L -151.5622, 419.3634, -14.3740,  -151.1337, 408.1435, -14.3740, 160, 160, 160
L -140.6690, 433.8580, -14.3740,  -151.5622, 419.3634, -14.3740, 160, 160, 160
L -128.5980, 437.1967, -14.3740,  -140.6690, 433.8580, -14.3740, 160, 160, 160
L -112.8796, 433.6537, -14.3740,  -128.5980, 437.1967, -14.3740, 160, 160, 160
L -104.3440, 425.4096, -14.3740,  -112.8796, 433.6537, -14.3740, 160, 160, 160
L -104.5186, 403.9001, -14.3740,  -104.3440, 425.4096, -14.3740, 160, 160, 160
L -112.1054, 399.2013, -14.3740,  -104.5186, 403.9001, -14.3740, 160, 160, 160
L -112.3438, 386.2187, -13.3740,  -112.1054, 399.2013, -14.3740, 160, 160, 160
L -114.2882, 386.1514, -13.3740,  -112.3438, 386.2187, -13.3740, 160, 160, 160
L -114.5100, 383.7314, -13.3740,  -114.2882, 386.1514, -13.3740, 160, 160, 160
L -112.3438, 383.4687, -13.3740,  -114.5100, 383.7314, -13.3740, 160, 160, 160
L -112.3438, 377.4741, -14.4054,  -112.3438, 383.4687, -13.3740, 160, 160, 160
L -112.3438, 336.2500, -27.3739,  -112.3438, 377.4741, -14.4054, 160, 160, 160
L -126.2498, 336.8240, -27.3739,  -112.3438, 336.2500, -27.3739, 160, 160, 160
L -126.1340, 321.4997, -27.3739,  -126.2498, 336.8240, -27.3739, 160, 160, 160
L -84.3435, 321.5000, -27.3739,  -126.1340, 321.4997, -27.3739, 160, 160, 160
L -84.3438, 308.2500, -27.3739,  -84.3435, 321.5000, -27.3739, 160, 160, 160
L -98.2310, 308.2373, -27.3739,  -84.3438, 308.2500, -27.3739, 160, 160, 160
L -98.3436, 266.2812, -41.3427,  -98.2310, 308.2373, -27.3739, 160, 160, 160
L -111.6658, 267.2490, -41.3427,  -98.3436, 266.2812, -41.3427, 160, 160, 160
L -112.5982, 251.8096, -41.3427,  -111.6658, 267.2490, -41.3427, 160, 160, 160
L -98.1096, 251.3990, -41.3427,  -112.5982, 251.8096, -41.3427, 160, 160, 160
L -83.7104, 265.4974, -41.3427,  -98.1096, 251.3990, -41.3427, 160, 160, 160
L -83.5936, 293.5000, -41.3427,  -83.7104, 265.4974, -41.3427, 160, 160, 160
L -56.8631, 293.4999, -41.3427,  -83.5936, 293.5000, -41.3427, 160, 160, 160
L -56.5611, 308.2502, -41.3427,  -56.8631, 293.4999, -41.3427, 160, 160, 160
L -69.5936, 308.2500, -41.3427,  -56.5611, 308.2502, -41.3427, 160, 160, 160
L -70.3778, 350.2502, -41.3427,  -69.5936, 308.2500, -41.3427, 160, 160, 160
L -97.5936, 350.2500, -41.3427,  -70.3778, 350.2502, -41.3427, 160, 160, 160
L -97.5936, 391.4687, -41.3427,  -97.5936, 350.2500, -41.3427, 160, 160, 160
L -70.3436, 391.4687, -41.3427,  -97.5936, 391.4687, -41.3427, 160, 160, 160
L -70.3438, 378.2187, -41.3427,  -70.3436, 391.4687, -41.3427, 160, 160, 160
L -84.2064, 378.1338, -41.3427,  -70.3438, 378.2187, -41.3427, 160, 160, 160
L -84.9277, 363.8002, -41.3427,  -84.2064, 378.1338, -41.3427, 160, 160, 160
L -55.8382, 363.5750, -41.3427,  -84.9277, 363.8002, -41.3427, 160, 160, 160
L -55.8511, 420.2189, -41.3427,  -55.8382, 363.5750, -41.3427, 160, 160, 160
L -84.3237, 419.9920, -41.3427,  -55.8511, 420.2189, -41.3427, 160, 160, 160
L -84.3438, 406.2187, -41.3427,  -84.3237, 419.9920, -41.3427, 160, 160, 160
L -97.5936, 406.2187, -41.3427,  -84.3438, 406.2187, -41.3427, 160, 160, 160
L -97.5936, 433.4375, -41.3427,  -97.5936, 406.2187, -41.3427, 160, 160, 160
L -42.3436, 433.4375, -41.3427,  -97.5936, 433.4375, -41.3427, 160, 160, 160
L -42.3440, 363.4683, -41.3427,  -42.3436, 433.4375, -41.3427, 160, 160, 160
L -14.3747, 363.4687, -41.3427,  -42.3440, 363.4683, -41.3427, 160, 160, 160
L -14.2844, 321.6306, -55.3427,  -14.3747, 363.4687, -41.3427, 160, 160, 160
L 5.6253, 321.5000, -55.3427,  -14.2844, 321.6306, -55.3427, 160, 160, 160
L 12.6607, 321.1399, -55.3427,  8.3749, 321.5000, -55.3427, 160, 160, 160
L 27.7576, 335.1021, -55.3427,  12.6607, 321.1399, -55.3427, 160, 160, 160
L 41.1929, 335.4997, -55.3427,  27.7576, 335.1021, -55.3427, 160, 160, 160
L 55.1831, 322.1299, -55.3427,  41.1929, 335.4997, -55.3427, 160, 160, 160
L 55.5936, 308.3050, -55.3427,  55.1831, 322.1299, -55.3427, 160, 160, 160
L 42.4575, 295.5298, -55.3427,  55.5936, 308.3050, -55.3427, 160, 160, 160
L 41.7456, 279.4997, -55.3427,  42.4575, 295.5298, -55.3427, 160, 160, 160
L 83.9917, 279.4991, -55.3427,  41.7456, 279.4997, -55.3427, 160, 160, 160
L 83.8840, 294.2502, -55.3427,  83.9917, 279.4991, -55.3427, 160, 160, 160
L 70.3438, 294.2500, -55.3427,  83.8840, 294.2502, -55.3427, 160, 160, 160
L 70.3431, 307.5000, -55.3427,  70.3438, 294.2500, -55.3427, 160, 160, 160
L 83.3459, 306.2251, -55.3427,  70.3431, 307.5000, -55.3427, 160, 160, 160
L 83.6520, 322.2502, -55.3427,  83.3459, 306.2251, -55.3427, 160, 160, 160
L 70.3438, 322.2500, -55.3427,  83.6520, 322.2502, -55.3427, 160, 160, 160
L 70.3438, 363.4687, -55.3427,  70.3438, 322.2500, -55.3427, 160, 160, 160
L 97.5938, 363.4687, -55.3427,  70.3438, 363.4687, -55.3427, 160, 160, 160
L 97.5936, 350.2497, -55.3427,  97.5938, 363.4687, -55.3427, 160, 160, 160
L 83.7279, 350.3937, -55.3427,  97.5936, 350.2497, -55.3427, 160, 160, 160
L 83.3988, 335.6249, -55.3427,  83.7279, 350.3937, -55.3427, 160, 160, 160
L 97.5938, 335.5000, -55.3427,  83.3988, 335.6249, -55.3427, 160, 160, 160
L 97.5978, 307.8195, -55.3427,  97.5938, 335.5000, -55.3427, 160, 160, 160
L 126.3127, 308.1138, -55.3427,  97.5978, 307.8195, -55.3427, 160, 160, 160
L 126.3125, 321.5000, -55.3427,  126.3127, 308.1138, -55.3427, 160, 160, 160
L 154.3067, 321.5994, -55.3427,  126.3125, 321.5000, -55.3427, 160, 160, 160
L 154.1477, 336.2232, -55.3427,  154.3067, 321.5994, -55.3427, 160, 160, 160
L 140.3125, 336.2500, -55.3427,  154.1477, 336.2232, -55.3427, 160, 160, 160
L 139.9377, 350.3394, -55.3427,  140.3125, 336.2500, -55.3427, 160, 160, 160
L 125.1940, 350.3224, -55.3427,  139.9377, 350.3394, -55.3427, 160, 160, 160
L 125.5625, 336.2500, -55.3427,  125.1940, 350.3224, -55.3427, 160, 160, 160
L -347.4674, 441.9601, 0.9347,  -405.6603, 441.1960, 0.6260, 160, 160, 160
L -327.6313, 453.6528, 1.7660,  -347.4674, 441.9601, 0.9347, 160, 160, 160
L -311.3544, 480.5414, 0.6260,  -327.6313, 453.6528, 1.7660, 160, 160, 160
L -316.4832, 509.3244, 1.1419,  -311.3544, 480.5414, 0.6260, 160, 160, 160
L -308.3539, 517.2947, 0.7368,  -316.4832, 509.3244, 1.1419, 160, 160, 160
L -313.4818, 527.9117, 0.7037,  -308.3539, 517.2947, 0.7368, 160, 160, 160
L -305.1990, 539.8699, 1.3768,  -313.4818, 527.9117, 0.7037, 160, 160, 160
L -299.2671, 558.3708, 0.6260,  -305.1990, 539.8699, 1.3768, 160, 160, 160
L -307.5679, 585.4109, 1.1808,  -299.2671, 558.3708, 0.6260, 160, 160, 160
L -299.9968, 595.7558, 0.7680,  -307.5679, 585.4109, 1.1808, 160, 160, 160
L -298.4995, 611.3333, 1.1044,  -299.9968, 595.7558, 0.7680, 160, 160, 160
L -303.1868, 630.3660, 0.6260,  -298.4995, 611.3333, 1.1044, 160, 160, 160
L -331.7332, 664.3578, 0.6260,  -303.1868, 630.3660, 0.6260, 160, 160, 160
L -407.3860, 661.7372, 0.7861,  -331.7332, 664.3578, 0.6260, 160, 160, 160
L -429.6240, 652.4310, 0.6260,  -407.3860, 661.7372, 0.7861, 160, 160, 160
L -438.8935, 608.6002, 0.6260,  -429.6240, 652.4310, 0.6260, 160, 160, 160
L -426.2914, 591.9470, 0.6260,  -438.8935, 608.6002, 0.6260, 160, 160, 160
L -435.6732, 585.3649, 0.6260,  -426.2914, 591.9470, 0.6260, 160, 160, 160
L -440.9266, 565.6790, 0.6260,  -435.6732, 585.3649, 0.6260, 160, 160, 160
L -428.2490, 541.2898, 0.8626,  -440.9266, 565.6790, 0.6260, 160, 160, 160
L -420.1915, 532.9406, 0.6260,  -428.2490, 541.2898, 0.8626, 160, 160, 160
L -408.8122, 525.6453, 0.6260,  -420.1915, 532.9406, 0.6260, 160, 160, 160
L -412.2017, 522.1334, 1.1775,  -408.8122, 525.6453, 0.6260, 160, 160, 160
L -416.3525, 516.4225, 0.6260,  -412.2017, 522.1334, 1.1775, 160, 160, 160
L -437.1909, 509.6990, 0.6260,  -416.3525, 516.4225, 0.6260, 160, 160, 160
L -446.4082, 492.1541, 0.6260,  -437.1909, 509.6990, 0.6260, 160, 160, 160
L -448.7950, 467.3618, 0.6260,  -446.4082, 492.1541, 0.6260, 160, 160, 160
L -437.9210, 450.3346, 1.5730,  -448.7950, 467.3618, 0.6260, 160, 160, 160
L -405.6603, 441.1960, 0.6869,  -437.9210, 450.3346, 1.5730, 160, 160, 160
L -392.2191, 504.1874, 4.6260,  -377.4687, 504.1879, 4.6260, 160, 160, 160
L -392.2187, 489.4370, 4.6260,  -392.2191, 504.1874, 4.6260, 160, 160, 160
L -377.4682, 489.4375, 4.6260,  -392.2187, 489.4370, 4.6260, 160, 160, 160
L -377.4687, 504.1879, 4.6260,  -377.4682, 489.4375, 4.6260, 160, 160, 160
L -392.2191, 532.1562, 4.6260,  -377.4687, 532.1566, 4.6260, 160, 160, 160
L -392.2187, 517.4056, 4.6260,  -392.2191, 532.1562, 4.6260, 160, 160, 160
L -377.4682, 517.4062, 4.6260,  -392.2187, 517.4056, 4.6260, 160, 160, 160
L -377.4687, 532.1566, 4.6260,  -377.4682, 517.4062, 4.6260, 160, 160, 160
L -392.2191, 560.1562, 4.6260,  -377.4687, 560.1565, 4.6260, 160, 160, 160
L -392.2187, 545.4056, 4.6260,  -392.2191, 560.1562, 4.6260, 160, 160, 160
L -377.4682, 545.4062, 4.6260,  -392.2187, 545.4056, 4.6260, 160, 160, 160
L -377.4687, 560.1565, 4.6260,  -377.4682, 545.4062, 4.6260, 160, 160, 160
L -392.3480, 588.1249, 4.6260,  -377.4585, 588.1254, 4.6260, 160, 160, 160
L -392.2330, 573.4061, 4.6260,  -392.3480, 588.1249, 4.6260, 160, 160, 160
L -377.6231, 573.4062, 4.6260,  -392.2330, 573.4061, 4.6260, 160, 160, 160
L -377.4585, 588.1254, 4.6260,  -377.6231, 573.4062, 4.6260, 160, 160, 160
L -377.4687, 601.3745, 4.6260,  -377.4682, 616.1249, 4.6260, 160, 160, 160
L -392.2191, 601.3749, 4.6260,  -377.4687, 601.3745, 4.6260, 160, 160, 160
L -392.2187, 616.1252, 4.6260,  -392.2191, 601.3749, 4.6260, 160, 160, 160
L -377.4682, 616.1249, 4.6260,  -392.2187, 616.1252, 4.6260, 160, 160, 160
L -363.5242, 627.3749, 5.6516,  -373.5145, 627.3746, 5.6515, 160, 160, 160
L -361.4687, 646.1266, 5.6516,  -361.4682, 627.3749, 5.6515, 160, 160, 160
L -380.2191, 646.1248, 5.6516,  -361.4687, 646.1266, 5.6515, 160, 160, 160
L -380.2187, 627.3745, 5.6516,  -380.2191, 646.1248, 5.6515, 160, 160, 160
L -361.4682, 627.3749, 5.6516,  -380.2187, 627.3745, 5.6515, 160, 160, 160
L -349.5776, 601.3749, 4.6260,  -364.2187, 601.3745, 4.6260, 160, 160, 160
L -349.4905, 616.1252, 4.6260,  -349.5776, 601.3749, 4.6260, 160, 160, 160
L -364.2189, 616.1249, 4.6260,  -349.4905, 616.1252, 4.6260, 160, 160, 160
L -364.2187, 601.3745, 4.6260,  -364.2189, 616.1249, 4.6260, 160, 160, 160
L -349.4995, 573.4062, 4.6260,  -364.2187, 573.4056, 4.6260, 160, 160, 160
L -349.5000, 588.1251, 4.6260,  -349.4995, 573.4062, 4.6260, 160, 160, 160
L -364.2191, 588.1249, 4.6260,  -349.5000, 588.1251, 4.6260, 160, 160, 160
L -364.2187, 573.4056, 4.6260,  -364.2191, 588.1249, 4.6260, 160, 160, 160
L -349.4997, 545.4061, 4.6260,  -364.2187, 545.4056, 4.6260, 160, 160, 160
L -349.5000, 560.1565, 4.6260,  -349.4997, 545.4061, 4.6260, 160, 160, 160
L -364.2189, 560.1562, 4.6260,  -349.5000, 560.1565, 4.6260, 160, 160, 160
L -364.2187, 545.4056, 4.6260,  -364.2189, 560.1562, 4.6260, 160, 160, 160
L -349.4995, 517.4062, 4.6260,  -364.2187, 517.4056, 4.6260, 160, 160, 160
L -349.5000, 532.1565, 4.6260,  -349.4995, 517.4062, 4.6260, 160, 160, 160
L -364.2189, 532.1562, 4.6260,  -349.5000, 532.1565, 4.6260, 160, 160, 160
L -364.2187, 517.4056, 4.6260,  -364.2189, 532.1562, 4.6260, 160, 160, 160
L -349.4995, 489.4375, 4.6260,  -364.2187, 489.4370, 4.6260, 160, 160, 160
L -349.5000, 504.1877, 4.6260,  -349.4995, 489.4375, 4.6260, 160, 160, 160
L -364.2191, 504.1874, 4.6260,  -349.5000, 504.1877, 4.6260, 160, 160, 160
L -364.2187, 489.4370, 4.6260,  -364.2191, 504.1874, 4.6260, 160, 160, 160
L -349.4995, 476.1874, 4.6260,  -364.2187, 476.1877, 4.6260, 160, 160, 160
L -349.5000, 461.4370, 4.6260,  -349.4995, 476.1874, 4.6260, 160, 160, 160
L -364.2191, 461.4375, 4.6260,  -349.5000, 461.4370, 4.6260, 160, 160, 160
L -364.2187, 476.1877, 4.6260,  -364.2191, 461.4375, 4.6260, 160, 160, 160
L -377.4687, 476.1879, 4.6260,  -377.4685, 461.4375, 4.6260, 160, 160, 160
L -392.2191, 476.1874, 4.6260,  -377.4687, 476.1879, 4.6260, 160, 160, 160
L -392.2187, 461.4370, 4.6260,  -392.2191, 476.1874, 4.6260, 160, 160, 160
L -377.4685, 461.4375, 4.6260,  -392.2187, 461.4370, 4.6260, 160, 160, 160
L -382.2058, 419.4687, -12.3737,  -369.5380, 419.6395, 0.6260, 160, 160, 160
L -362.1639, 414.3405, 0.6260,  -362.2312, 419.1562, 0.6260, 160, 160, 160
L -382.2056, 414.2266, -12.3709,  -362.1639, 414.3405, 0.6260, 160, 160, 160
L -378.2187, 419.4687, -9.3740,  -378.7580, 414.5220, -9.3740, 160, 160, 160
L -376.2176, 419.4687, -7.3719,  -376.2189, 414.2606, -7.3681, 160, 160, 160
L -374.2187, 419.4687, -5.3700,  -374.2187, 414.2719, -5.3621, 160, 160, 160
L -372.2176, 419.4687, -3.3719,  -372.2189, 414.2833, -3.3681, 160, 160, 160
L -370.2180, 419.4687, -1.3740,  -370.2187, 414.2948, -1.3740, 160, 160, 160
L -380.2187, 419.4687, -11.3740,  -380.2187, 414.2187, -11.3740, 160, 160, 160
L -382.1949, 419.4687, -12.3388,  -382.2101, 413.9239, -12.3740, 160, 160, 160
L -406.6560, 405.7164, -10.3396,  -406.2105, 420.7302, -11.6813, 160, 160, 160
L -350.2124, 404.9282, -12.3740,  -406.6560, 405.7164, -10.3396, 160, 160, 160
L -350.2531, 420.7302, -12.3740,  -350.2124, 404.9282, -12.3740, 160, 160, 160
L -244.9824, 420.5778, 0.6260,  -244.6646, 404.5844, 0.6260, 160, 160, 160
L -265.7611, 446.8066, 0.6260,  -244.9824, 420.5778, 0.6260, 160, 160, 160
L -588.3483, -376.8197, 0.6260,  -574.2269, -363.5018, 0.6260, 160, 160, 160
L -573.2095, -406.7468, 1.6940,  -588.3483, -376.8197, 0.6260, 160, 160, 160
L -558.4139, -405.5298, 0.6260,  -573.2095, -406.7468, 1.6940, 160, 160, 160
L -544.2782, -378.2724, 0.6260,  -558.4139, -405.5298, 0.6260, 160, 160, 160
L -574.2269, -363.5018, 0.6260,  -544.2782, -378.2724, 0.6260, 160, 160, 160
L -616.3961, -364.5317, 0.6260,  -639.4153, -364.6107, 0.6260, 160, 160, 160
L -587.8198, -336.2092, 0.6260,  -616.3961, -364.5317, 0.6260, 160, 160, 160
L -559.5475, -335.5749, 0.6188,  -587.8198, -336.2092, 0.6260, 160, 160, 160
L -546.2530, -322.9879, 0.6260,  -559.5475, -335.5749, 0.6188, 160, 160, 160
L -490.5828, -335.6349, 0.6260,  -504.3421, -321.8756, 0.6260, 160, 160, 160
L -476.5065, -363.2950, 0.6260,  -490.5828, -335.6349, 0.6260, 160, 160, 160
L -490.1344, -433.5101, 0.6260,  -476.5065, -363.2950, 0.6260, 160, 160, 160
L -503.9055, -447.3752, 0.6260,  -490.1344, -433.5101, 0.6260, 160, 160, 160
L -519.7797, -447.4375, 0.6260,  -503.9055, -447.3752, 0.6260, 160, 160, 160
L -522.8455, -444.4943, 0.6260,  -519.7797, -447.4375, 0.6260, 160, 160, 160
L -531.5806, -440.5136, 0.6260,  -522.8455, -444.4943, 0.6260, 160, 160, 160
L -538.2549, -446.4936, 0.6260,  -531.5806, -440.5136, 0.6260, 160, 160, 160
L -539.6462, -449.6544, 0.6260,  -538.2549, -446.4936, 0.6260, 160, 160, 160
L -538.4396, -459.9585, 0.6260,  -539.6462, -449.6544, 0.6260, 160, 160, 160
L -540.1080, -463.4331, 0.6260,  -538.4396, -459.9585, 0.6260, 160, 160, 160
L -545.5730, -464.7341, 0.6260,  -540.1080, -463.4331, 0.6260, 160, 160, 160
L -544.3397, -470.6435, 0.6260,  -545.5730, -464.7341, 0.6260, 160, 160, 160
L -547.3431, -470.8369, 0.6260,  -544.3397, -470.6435, 0.6260, 160, 160, 160
L -548.5860, -476.7400, 0.6260,  -547.3431, -470.8369, 0.6260, 160, 160, 160
L -585.7649, -488.7549, 0.6260,  -548.5860, -476.7400, 0.6260, 160, 160, 160
L -615.5489, -489.4375, 0.6260,  -585.7649, -488.7549, 0.6260, 160, 160, 160
L -630.5669, -466.9005, 0.6260,  -615.5489, -489.4375, 0.6260, 160, 160, 160
L -627.7183, -463.9757, 0.6260,  -630.5669, -466.9005, 0.6260, 160, 160, 160
L -620.2925, -457.1496, 0.6260,  -627.7183, -463.9757, 0.6260, 160, 160, 160
L -626.7047, -446.9116, 0.6260,  -620.2925, -457.1496, 0.6260, 160, 160, 160
L -639.3749, -448.4000, 0.6260,  -626.7047, -446.9116, 0.6260, 160, 160, 160
L -639.4153, -364.6107, 0.6260,  -639.3749, -448.4000, 0.6260, 160, 160, 160
L -1077.6709, -699.3541, 0.6260,  -1103.9375, -705.9824, -1.3740, 160, 160, 160
L -1064.5719, -699.3437, 0.6260,  -1077.6709, -699.3541, 0.6260, 160, 160, 160
L -1049.9905, -671.6750, 0.6260,  -1064.5719, -699.3437, 0.6260, 160, 160, 160
L -1064.2699, -601.5217, 0.6260,  -1049.9905, -671.6750, 0.6260, 160, 160, 160
L -1049.8683, -600.8777, 0.6260,  -1064.2699, -601.5217, 0.6260, 160, 160, 160
L -1036.4501, -627.1982, 0.6260,  -1049.8683, -600.8777, 0.6260, 160, 160, 160
L -1021.3234, -671.3437, 0.6260,  -1036.4501, -627.1982, 0.6260, 160, 160, 160
L -1007.4415, -671.2291, 0.6260,  -1021.3234, -671.3437, 0.6260, 160, 160, 160
L -993.3232, -713.3437, 0.6260,  -1007.4415, -671.2291, 0.6260, 160, 160, 160
L -952.6617, -713.3436, 0.6260,  -993.3232, -713.3437, 0.6260, 160, 160, 160
L -910.1733, -727.1404, 0.6260,  -952.6617, -713.3436, 0.6260, 160, 160, 160
L -882.5420, -727.3437, 0.6260,  -910.1733, -727.1404, 0.6260, 160, 160, 160
L -854.1548, -699.5596, 0.6260,  -882.5420, -727.3437, 0.6260, 160, 160, 160
L -867.8477, -672.1743, 0.6260,  -854.1548, -699.5596, 0.6260, 160, 160, 160
L -895.5818, -658.2060, 0.6260,  -867.8477, -672.1743, 0.6260, 160, 160, 160
L -908.9446, -671.5688, 0.6260,  -895.5818, -658.2060, 0.6260, 160, 160, 160
L -937.7975, -686.5160, 0.6260,  -908.9446, -671.5688, 0.6260, 160, 160, 160
L -979.7059, -630.2252, 0.6260,  -937.7975, -686.5160, 0.6260, 160, 160, 160
L -1007.1050, -644.3055, 0.6260,  -979.7059, -630.2252, 0.6260, 160, 160, 160
L -1021.9379, -629.9021, 0.6260,  -1007.1050, -644.3055, 0.6260, 160, 160, 160
L -1021.9726, -615.7892, 0.6260,  -1021.9379, -629.9021, 0.6260, 160, 160, 160
L -1008.3437, -615.3749, 0.6260,  -1021.9726, -615.7892, 0.6260, 160, 160, 160
L -979.9686, -601.5181, 0.6260,  -1008.3437, -615.3749, 0.6260, 160, 160, 160
L -978.4982, -573.2040, -1.3740,  -979.9686, -601.5181, 0.6260, 160, 160, 160
L -1166.5276, -648.1250, 0.6260,  -1343.9351, -648.1250, 0.6260, 160, 160, 160
L -1158.2754, -642.4020, -1.3740,  -1166.5276, -648.1250, 0.6260, 160, 160, 160
L -1147.4712, -630.2473, -1.3740,  -1158.2754, -642.4020, -1.3740, 160, 160, 160
L -1118.7179, -629.6377, 0.6260,  -1147.4712, -630.2473, -1.3740, 160, 160, 160
L -1077.5099, -602.2386, 0.6260,  -1118.7179, -629.6377, 0.6260, 160, 160, 160
L -1090.8899, -574.2863, 0.6260,  -1077.5099, -602.2386, 0.6260, 160, 160, 160
L -1077.3948, -546.2842, 0.6260,  -1090.8899, -574.2863, 0.6260, 160, 160, 160
L -1050.7310, -560.3003, 0.6260,  -1077.3948, -546.2842, 0.6260, 160, 160, 160
L -1035.7548, -546.4727, 0.6260,  -1050.7310, -560.3003, 0.6260, 160, 160, 160
L -1022.2880, -586.8519, 0.6260,  -1035.7548, -546.4727, 0.6260, 160, 160, 160
L -993.3618, -573.4062, -1.3740,  -1022.2880, -586.8519, 0.6260, 160, 160, 160
L -583.4062, 969.5490, 0.6260,  -544.1562, 1001.1949, 0.6260, 160, 160, 160
L -609.9557, 762.6250, 0.6260,  -783.3124, 762.6169, 0.6260, 160, 160, 160
L -609.5250, 765.5800, 0.6260,  -609.9557, 762.6250, 0.6260, 160, 160, 160
L -603.3749, 765.2143, -1.3740,  -609.5250, 765.5800, 0.6260, 160, 160, 160
L -601.1158, 763.8514, -1.3740,  -603.3749, 765.2143, -1.3740, 160, 160, 160
L -598.5220, 762.6250, -1.3740,  -601.1158, 763.8514, -1.3740, 160, 160, 160
L -584.5601, 762.6250, -1.3740,  -598.5220, 762.6250, -1.3740, 160, 160, 160
L -558.8979, 769.3346, -1.3740,  -584.5601, 762.6250, -1.3740, 160, 160, 160
L -545.4061, 755.8425, -1.3740,  -558.8979, 769.3346, -1.3740, 160, 160, 160
L -503.8122, 755.1575, 0.6260,  -517.5266, 741.4429, 0.6260, 160, 160, 160
L -490.1875, 741.5632, 0.6260,  -503.8122, 755.1575, 0.6260, 160, 160, 160
L -490.1875, 727.8740, 0.6260,  -490.1875, 741.5632, 0.6260, 160, 160, 160
L -503.9678, 714.9370, 0.6260,  -490.1875, 727.8740, 0.6260, 160, 160, 160
L -517.4061, 714.4222, 0.6260,  -503.9678, 714.9370, 0.6260, 160, 160, 160
L -517.4062, 728.4390, 0.6260,  -517.4061, 714.4222, 0.6260, 160, 160, 160
L -545.4062, 728.9189, 0.6260,  -545.4061, 755.8425, 0.6260, 160, 160, 160
L -517.4062, 728.4390, 0.6260,  -545.4062, 728.9189, 0.6260, 160, 160, 160
L -532.1354, 741.5929, 0.6260,  -517.5266, 741.4429, 0.6260, 160, 160, 160
L -532.1562, 756.6250, -1.3740,  -532.1354, 741.5929, 0.6260, 160, 160, 160
L -531.5445, 770.6250, 0.6260,  -532.1562, 756.6250, -1.3740, 160, 160, 160
L -475.8396, 770.2563, 0.6260,  -531.5445, 770.6250, 0.6260, 160, 160, 160
L -475.4375, 742.9220, 0.6260,  -475.8396, 770.2563, 0.6260, 160, 160, 160
L -461.5246, 741.9590, 0.6260,  -475.4375, 742.9220, 0.6260, 160, 160, 160
L -461.4375, 714.9230, 0.6260,  -461.5246, 741.9590, 0.6260, 160, 160, 160
L -447.4483, 713.8369, 0.6260,  -461.4375, 714.9230, 0.6260, 160, 160, 160
L -447.7024, 685.2983, 0.6260,  -447.4483, 713.8369, 0.6260, 160, 160, 160
L -461.4374, 671.3437, 0.6260,  -447.7024, 685.2983, 0.6260, 160, 160, 160
L -910.0000, -279.5000, -12.3740,  -909.7842, -335.5362, 0.5556, 160, 160, 160
L -898.3120, -279.5000, -12.3740,  -910.0000, -279.5000, -12.3740, 160, 160, 160
L -898.3120, -252.2812, -12.3740,  -898.3120, -279.5000, -12.3740, 160, 160, 160
L -923.2499, -252.2812, -12.3740,  -898.3120, -252.2812, -12.3740, 160, 160, 160
L -898.5909, -251.1077, 0.6260,  -907.1952, -250.9765, 0.6260, 160, 160, 160
L -898.4824, -261.9850, 2.6259,  -898.5909, -251.1077, 0.6260, 160, 160, 160
L -898.4088, -269.5950, 2.6259,  -898.4824, -261.9850, 2.6259, 160, 160, 160
L -898.3024, -280.2371, 0.6260,  -898.4088, -269.5950, 2.6259, 160, 160, 160
L -907.1875, -280.3403, 0.6260,  -898.3024, -280.2371, 0.6260, 160, 160, 160
L -907.2885, -270.7162, 2.4276,  -907.1875, -280.3403, 0.6260, 160, 160, 160
L -907.3748, -262.3258, 2.6259,  -907.2885, -270.7162, 2.4276, 160, 160, 160
L -907.1952, -250.9765, 0.6260,  -907.3748, -262.3258, 2.6259, 160, 160, 160
L -867.4246, -14.3750, 0.5993,  -881.2335, -41.9620, 0.6260, 160, 160, 160
L -839.8736, -14.4033, 0.6260,  -867.4246, -14.3750, 0.5993, 160, 160, 160
L -826.3120, -42.5720, 0.6260,  -839.8736, -14.4033, 0.6260, 160, 160, 160
L -755.6934, -242.9095, 10.7121,  -755.7897, -251.5319, 13.2700, 160, 160, 160
L -760.2214, -243.1067, 10.4497,  -755.6934, -242.9095, 10.7121, 160, 160, 160
L -760.6639, -195.1932, 0.6260,  -760.2214, -243.1067, 10.3381, 160, 160, 160
L -811.7253, -242.3390, 9.7202,  -811.8429, -251.5312, 14.9261, 160, 160, 160
L -807.4265, -242.4088, 9.8968,  -811.7253, -242.3390, 9.7202, 160, 160, 160
L -807.3124, -229.3906, 3.3866,  -807.4265, -242.4088, 9.8968, 160, 160, 160
L -807.3124, -196.6730, 0.6260,  -807.3124, -229.3906, 3.3866, 160, 160, 160
L -504.8204, -166.1011, -12.9210,  -517.5873, -140.6627, -7.6839, 160, 160, 160
L -943.8550, -527.4769, -1.3740,  -923.9247, -517.5117, -1.3740, 160, 160, 160
L -945.1262, -525.8406, -1.3740,  -943.8550, -527.4769, -1.3740, 160, 160, 160
L -953.9113, -529.3505, -1.3740,  -945.1262, -525.8406, -1.3740, 160, 160, 160
L -947.4224, -541.3196, 0.5424,  -953.9113, -529.3505, -1.3740, 160, 160, 160
L -938.1534, -559.5623, -1.3740,  -947.4224, -541.3196, 0.5424, 160, 160, 160
L -976.3129, -572.2914, 0.3191,  -938.1534, -559.5623, -1.3740, 160, 160, 160
L -999.7161, -560.6974, -1.3740,  -993.3618, -573.4062, -1.3740, 160, 160, 160
L -995.7054, -559.7169, -1.3740,  -999.7161, -560.6974, -1.3740, 160, 160, 160
L -990.8785, -552.3911, -1.3740,  -995.7054, -559.7169, -1.3740, 160, 160, 160
L -995.2260, -543.8853, -1.3740,  -990.8785, -552.3911, -1.3740, 160, 160, 160
L -997.6391, -541.2231, -1.3740,  -995.2260, -543.8853, -1.3740, 160, 160, 160
L -988.7762, -536.7917, -1.3740,  -997.6391, -541.2231, -1.3740, 160, 160, 160
L -985.6852, -538.1185, -0.6740,  -988.7762, -536.7917, -1.3740, 160, 160, 160
L -981.1523, -536.7214, 0.6250,  -985.6852, -538.1185, -0.6740, 160, 160, 160
L -977.8500, -531.9106, -1.3740,  -981.1523, -536.7214, 0.6250, 160, 160, 160
L -980.2322, -525.2750, -1.2380,  -977.8500, -531.9106, -1.3740, 160, 160, 160
L -983.9094, -522.3134, -0.9679,  -980.2322, -525.2750, -1.2380, 160, 160, 160
L -992.6733, -504.8127, -1.3740,  -983.9094, -522.3134, -0.9679, 160, 160, 160
L -993.2186, -462.3672, -1.3740,  -992.6733, -504.8127, -1.3740, 160, 160, 160
L -965.6875, -448.3059, -1.3740,  -993.2186, -462.3672, -1.3740, 160, 160, 160
L -965.2495, -408.4943, -1.3740,  -965.6875, -448.3059, -1.3740, 160, 160, 160
L -951.7523, -378.9377, -1.3740,  -965.2495, -408.4943, -1.3740, 160, 160, 160
L -923.3176, -364.5860, 0.6260,  -951.7523, -378.9377, -1.3740, 160, 160, 160
L -923.2499, -338.3555, 0.6260,  -923.3176, -364.5860, 0.6260, 160, 160, 160
L -923.2499, -279.7323, -11.7164,  -923.2499, -338.3555, 0.6260, 160, 160, 160
L -923.2499, -252.2812, -12.3740,  -923.2499, -279.7323, -11.7164, 160, 160, 160
L -923.2499, -252.3181, 0.6260,  -923.2499, -252.2812, -12.3740, 160, 160, 160
L -923.2499, -226.6792, 0.6260,  -923.2499, -252.3181, 0.6260, 160, 160, 160
L -923.9683, -223.3240, -0.3195,  -923.2499, -226.6792, 0.6260, 160, 160, 160
L -935.9800, -211.2080, 0.4605,  -923.9683, -223.3240, -0.3195, 160, 160, 160
L -949.8216, -184.7022, 2.2263,  -935.9800, -211.2080, 0.4605, 160, 160, 160
L -951.2499, -164.7331, 1.3529,  -949.8216, -184.7022, 2.2263, 160, 160, 160
L -948.5696, -161.4878, 1.1853,  -951.2499, -164.7331, 1.3529, 160, 160, 160
L -937.2468, -152.2253, 0.4796,  -948.5696, -161.4878, 1.1853, 160, 160, 160
L -937.4089, -147.2487, 0.4878,  -937.2468, -152.2253, 0.4796, 160, 160, 160
L -927.9990, -142.5438, -0.1002,  -937.4089, -147.2487, 0.4878, 160, 160, 160
L -927.7949, -180.3115, -0.1131,  -927.9990, -142.5438, -0.1002, 160, 160, 160
L -923.9719, -178.5302, -0.3277,  -927.7949, -180.3115, -0.1131, 160, 160, 160
L -616.1250, 14.3750, 0.6260,  -600.8445, 14.3750, 0.6260, 160, 160, 160
L -616.1249, -0.9054, 0.6260,  -616.1250, 14.3750, 0.8078, 160, 160, 160
L -600.8445, 14.3750, 0.6260,  -616.1249, -0.9054, 0.6260, 160, 160, 160
L -560.3841, 83.7209, -12.3740,  -559.6450, 0.1579, 0.6260, 160, 160, 160
L -560.2209, 111.7493, -12.3740,  -560.3841, 83.7209, -12.3740, 160, 160, 160
L -475.7703, 111.2082, -12.3740,  -560.2209, 111.7493, -12.3740, 160, 160, 160
L -475.9741, 70.6325, 0.6260,  -475.7703, 111.2082, -12.3740, 160, 160, 160
L -475.5163, 0.3254, 0.6260,  -475.9741, 70.6325, 0.6260, 160, 160, 160
L -559.6450, 0.1579, 0.6260,  -475.5163, 0.3254, 0.6260, 160, 160, 160
L -587.9221, -167.6954, 0.6260,  -615.3759, -167.9945, 0.6258, 160, 160, 160
L -560.2432, -140.5600, 0.6260,  -587.9221, -167.6954, 0.6260, 160, 160, 160
L -560.4545, -267.8444, -13.6402,  -545.3624, -321.4999, -12.3740, 160, 160, 160
L -544.5237, -239.2742, -12.3740,  -560.4545, -267.8444, -13.6402, 160, 160, 160
L -558.6377, -223.8300, -12.3740,  -544.5237, -239.2742, -12.3740, 160, 160, 160
L -588.1070, -237.5622, -12.3740,  -558.6377, -223.8300, -12.3740, 160, 160, 160
L -588.4524, -264.8557, -12.3740,  -588.1070, -237.5622, -12.3740, 160, 160, 160
L -615.5869, -238.4700, -12.3740,  -588.4524, -264.8557, -12.3740, 160, 160, 160
L -641.4000, -224.2812, -12.3740,  -615.5869, -238.4700, -12.3740, 160, 160, 160
L -619.8870, -221.5860, 0.6039,  -615.2322, -213.5681, 0.6260, 160, 160, 160
L -624.1089, -223.4361, 0.6260,  -619.8870, -221.5860, 0.6039, 160, 160, 160
L -643.8768, -223.9376, 0.6260,  -624.1089, -223.4361, 0.6260, 160, 160, 160
L -644.1250, -365.3034, 0.6260,  -643.8768, -223.9376, 0.6260, 160, 160, 160
L -644.1250, -447.4375, 0.6260,  -643.8871, -364.7470, 0.7380, 160, 160, 160
L -751.7979, -447.4374, 0.6260,  -644.1250, -447.4375, 0.6260, 160, 160, 160
L -767.4641, -434.9854, 0.6260,  -751.7979, -447.4374, 0.6260, 160, 160, 160
L -771.9892, -441.9986, 0.6260,  -767.4641, -434.9854, 0.6260, 160, 160, 160
L -778.7708, -444.3575, 0.6260,  -771.9892, -441.9986, 0.6260, 160, 160, 160
L -777.5366, -448.6601, -0.3740,  -778.7708, -444.3575, 0.6260, 160, 160, 160
L -773.1780, -454.3068, -0.3740,  -777.5366, -448.6601, -0.3740, 160, 160, 160
L -768.2881, -451.4495, -0.3740,  -773.1780, -454.3068, -0.3740, 160, 160, 160
L -765.5403, -453.1048, -0.3740,  -768.2881, -451.4495, -0.3740, 160, 160, 160
L -765.5049, -463.1100, -0.3740,  -765.5403, -453.1048, -0.3740, 160, 160, 160
L -761.3641, -466.3421, -0.3740,  -765.5049, -463.1100, -0.3740, 160, 160, 160
L -796.9067, -475.2307, -0.3740,  -761.3641, -466.3421, -0.3740, 160, 160, 160
L -840.1890, -475.6798, -1.3736,  -796.9067, -475.2307, -0.3740, 160, 160, 160
L -860.1108, -505.8267, -1.3724,  -840.1890, -475.6798, -1.3736, 160, 160, 160
L -868.9004, -500.6945, -1.3731,  -860.1108, -505.8267, -1.3724, 160, 160, 160
L -871.6522, -504.8990, -1.3740,  -868.9004, -500.6945, -1.3731, 160, 160, 160
L -877.3678, -512.1058, 0.8858,  -871.6522, -504.8990, -1.3740, 160, 160, 160
L -875.2595, -517.4062, -1.3733,  -877.3678, -512.1058, 0.8858, 160, 160, 160
L -923.9247, -517.5117, -1.3740,  -875.2595, -517.4062, -1.3733, 160, 160, 160
L -923.2499, -140.3122, 0.6260,  -923.2499, -177.4216, 0.6260, 160, 160, 160
L -895.5873, -140.3376, 0.6260,  -923.2499, -140.3122, 0.6260, 160, 160, 160
L -881.5562, -126.3679, 0.6260,  -895.5873, -140.3376, 0.6260, 160, 160, 160
L -881.2335, -41.9620, 0.6260,  -881.5562, -126.3679, 0.6260, 160, 160, 160
L -826.3120, -124.9086, 0.6260,  -826.3120, -42.5720, 0.6260, 160, 160, 160
L -812.3911, -139.7632, 0.6260,  -826.3120, -124.9086, 0.6260, 160, 160, 160
L -756.1345, -140.3125, 0.6260,  -812.3911, -139.7632, 0.6260, 160, 160, 160
L -741.3436, -125.2586, 0.6260,  -756.1345, -140.3125, 0.6260, 160, 160, 160
L -741.3437, -108.4799, 0.6260,  -741.3436, -125.2586, 0.6260, 160, 160, 160
L -686.9370, 14.3756, 0.6260,  -686.9370, -0.3750, 0.6260, 160, 160, 160
L -629.3748, 14.3750, 0.6260,  -686.9370, 14.3756, 0.6260, 160, 160, 160
L -629.3749, -0.3750, 0.6260,  -629.3748, 14.3750, 0.6260, 160, 160, 160
L -686.9370, -0.3750, 0.6260,  -629.3749, -0.3750, 0.6260, 160, 160, 160
L -461.4375, 350.2491, 0.6260,  -461.4375, 671.3437, 0.6260, 160, 160, 160
L -419.8734, 350.2500, 0.6260,  -461.4375, 350.2491, 0.6260, 160, 160, 160
L -405.4979, 336.2490, 0.6260,  -419.8734, 350.2500, 0.6260, 160, 160, 160
L -405.4687, 167.9950, 0.6260,  -405.4979, 336.2490, 0.6260, 160, 160, 160
L -419.8482, 153.5625, 0.6260,  -405.4687, 167.9950, 0.6260, 160, 160, 160
L -586.4849, 153.5625, 0.6260,  -419.8482, 153.5625, 0.6260, 160, 160, 160
L -601.3750, 139.7821, 0.6260,  -586.4849, 153.5625, 0.6260, 160, 160, 160
L -601.3749, 27.6250, 0.6260,  -601.3750, 139.7821, 0.6260, 160, 160, 160
L -601.3749, 27.6250, 0.6260,  -630.1250, 27.6250, 0.6260, 160, 160, 160
L -630.1238, 75.5936, 0.6260,  -630.1250, 27.6250, 0.6260, 160, 160, 160
L -632.1250, 78.3436, 0.6260,  -632.1250, 75.5936, 0.6260, 160, 160, 160
L -630.1250, 75.5936, 0.6260,  -632.1250, 75.5936, 0.6260, 160, 160, 160
L -630.1250, 78.3438, 0.6260,  -632.1250, 78.3436, 0.6260, 160, 160, 160
L -630.1250, 78.3438, 0.6260,  -630.1249, 84.3380, 0.6260, 160, 160, 160
L -616.1250, 84.3438, 0.6260,  -630.1249, 84.3380, 0.6260, 160, 160, 160
L -616.1250, 125.5625, 0.6260,  -616.1250, 84.3438, 0.6260, 160, 160, 160
L -616.1250, 125.5625, 0.6260,  -630.1249, 125.5625, 0.6260, 160, 160, 160
L -630.1250, 139.5625, 0.6260,  -630.1249, 125.5625, 0.6260, 160, 160, 160
L -643.3749, 139.5625, 0.6260,  -630.1250, 139.5625, 0.6260, 160, 160, 160
L -643.3749, 139.5625, 0.6260,  -643.3749, 125.6175, 0.6260, 160, 160, 160
L -657.3749, 125.5625, 0.6260,  -643.3749, 125.6175, 0.6260, 160, 160, 160
L -657.3749, 84.3426, 0.6260,  -657.3749, 125.5625, 0.6260, 160, 160, 160
L -657.3749, 84.3430, 0.6260,  -643.3748, 84.3440, 0.6260, 160, 160, 160
L -641.3749, 75.5936, 0.6260,  -641.3749, 78.3438, 0.6260, 160, 160, 160
L -643.3749, 78.3438, 0.6260,  -641.3749, 78.3438, 0.6260, 160, 160, 160
L -643.3749, 78.3429, 0.6260,  -643.3748, 84.3440, 0.6260, 160, 160, 160
L -643.3749, 75.5938, 0.6260,  -641.3749, 75.5936, 0.6260, 160, 160, 160
L -643.3749, 27.6250, 0.6260,  -643.3749, 75.5936, 0.6260, 160, 160, 160
L -658.1249, 27.6250, 0.6260,  -643.3749, 27.6250, 0.6260, 160, 160, 160
L -658.1250, 55.5936, 0.6260,  -658.1249, 27.6250, 0.6260, 160, 160, 160
L -686.9370, 55.5936, 0.6260,  -658.1250, 55.5936, 0.6260, 160, 160, 160
L -686.9370, 61.5938, 0.6260,  -686.9370, 55.5936, 0.6260, 160, 160, 160
L -688.9370, 64.3438, 0.6260,  -688.9370, 61.5936, 0.6260, 160, 160, 160
L -686.9250, 61.5936, 0.6260,  -688.9370, 61.5936, 0.6260, 160, 160, 160
L -686.9370, 64.3438, 0.6260,  -688.9370, 64.3438, 0.6260, 160, 160, 160
L -686.9370, 70.3438, 0.6260,  -686.9370, 64.3438, 0.6260, 160, 160, 160
L -672.9370, 70.3438, 0.6260,  -686.9370, 70.3438, 0.6260, 160, 160, 160
L -672.9370, 111.5936, 0.6260,  -672.9370, 70.3438, 0.6260, 160, 160, 160
L -713.3437, 111.5936, 0.6260,  -672.9370, 111.5936, 0.6260, 160, 160, 160
L -713.5837, 97.6187, 0.6260,  -713.3437, 111.5936, 0.6260, 160, 160, 160
L -727.3437, 97.5936, 0.6260,  -713.5837, 97.6187, 0.6260, 160, 160, 160
L -727.3437, 84.3408, 0.6260,  -727.3437, 97.5936, 0.6260, 160, 160, 160
L -713.3570, 84.6790, 0.6260,  -727.3437, 84.3408, 0.6260, 160, 160, 160
L -713.3437, 70.3438, 0.6260,  -713.3570, 84.6790, 0.6260, 160, 160, 160
L -699.3441, 70.3438, 0.6260,  -713.3437, 70.3438, 0.6260, 160, 160, 160
L -699.3437, 64.3427, 0.6260,  -699.3441, 70.3438, 0.6260, 160, 160, 160
L -697.3437, 61.5940, 0.6260,  -697.3437, 64.3443, 0.6260, 160, 160, 160
L -699.3437, 64.3431, 0.6260,  -697.3437, 64.3443, 0.6260, 160, 160, 160
L -699.3437, 61.5953, 0.6260,  -697.3437, 61.5940, 0.6260, 160, 160, 160
L -699.3437, 42.3434, 0.6260,  -699.3437, 61.5936, 0.6260, 160, 160, 160
L -671.5779, 42.3164, 0.6260,  -699.3437, 42.3434, 0.6260, 160, 160, 160
L -671.4573, 27.7311, 0.6260,  -671.5779, 42.3164, 0.6260, 160, 160, 160
L -699.3437, 27.6250, 0.6260,  -671.4573, 27.7311, 0.6260, 160, 160, 160
L -699.4406, -0.2516, 0.6260,  -699.3437, 27.6250, 0.6260, 160, 160, 160
L -727.4460, -0.3750, 0.6260,  -699.4406, -0.2516, 0.6260, 160, 160, 160
L -741.3437, -14.1554, 0.6260,  -727.4460, -0.3750, 0.6260, 160, 160, 160
L -741.3436, -108.5187, 0.6260,  -741.3437, -14.1554, 0.6260, 160, 160, 160
L -313.1435, 84.8076, 0.6260,  -334.8636, 84.7617, 0.6260, 160, 160, 160
L -349.7047, 70.8423, 0.6260,  -334.8636, 84.7617, 0.6260, 160, 160, 160
L -350.2244, 14.2403, 0.6260,  -349.7047, 70.8423, 0.6260, 160, 160, 160
L -364.3390, 0.4951, 0.6260,  -350.2244, 14.2403, 0.6260, 160, 160, 160
L -433.4565, 0.2798, 0.6260,  -364.3390, 0.4951, 0.6260, 160, 160, 160
L -447.2887, 13.3092, 0.6260,  -433.4565, 0.2798, 0.6260, 160, 160, 160
L -448.1954, 97.8474, 0.1275,  -447.2887, 13.3092, 0.6260, 160, 160, 160
L -435.3512, 111.3380, 0.6260,  -448.1954, 97.8474, 0.1275, 160, 160, 160
L -379.9669, 111.3438, 0.6260,  -435.3512, 111.3380, 0.6260, 160, 160, 160
L -365.2210, 126.1286, 0.6260,  -379.9669, 111.3438, 0.6260, 160, 160, 160
L -363.9060, 349.6451, 0.6260,  -365.2210, 126.1286, 0.6260, 160, 160, 160
L -351.3174, 363.6587, 0.6260,  -363.9060, 349.6451, 0.6260, 160, 160, 160
L -336.4615, 363.2466, 0.6260,  -351.3174, 363.6587, 0.6260, 160, 160, 160
L -322.6121, 376.7280, 0.6260,  -336.4615, 363.2466, 0.6260, 160, 160, 160
L -322.4010, 386.8670, 0.6260,  -322.6121, 376.7280, 0.6260, 160, 160, 160
L -313.3584, 391.6471, 0.6260,  -322.4010, 386.8670, 0.6260, 160, 160, 160
L -304.6386, 392.3005, 1.6259,  -313.3584, 391.6471, 0.6260, 160, 160, 160
L -294.7678, 395.1539, 1.6259,  -304.6386, 392.3005, 1.6259, 160, 160, 160
L -282.9988, 391.2594, -0.3740,  -294.7678, 395.1539, 1.6259, 160, 160, 160
L -269.5323, 391.5892, -0.3740,  -282.9988, 391.2594, -0.3740, 160, 160, 160
L -244.6646, 404.5844, 0.6237,  -269.5323, 391.5892, -0.3740, 160, 160, 160
L -288.4938, 432.5253, -0.3740,  -264.4580, 447.2522, 0.6260, 160, 160, 160
L -288.6478, 423.1682, -0.3740,  -288.4938, 432.5253, -0.3740, 160, 160, 160
L -292.2260, 420.6245, -0.3740,  -288.6478, 423.1682, -0.3740, 160, 160, 160
L -305.4787, 413.8125, 0.6260,  -292.2260, 420.6245, -0.3740, 160, 160, 160
L -315.8333, 414.4680, 0.6260,  -305.4787, 413.8125, 0.6260, 160, 160, 160
L -322.1720, 414.5670, 0.6260,  -315.8333, 414.4680, 0.6260, 160, 160, 160
L -321.9694, 419.6326, 0.6260,  -322.1720, 414.5670, 0.6260, 160, 160, 160
L -336.2830, 434.6770, 0.6260,  -321.9694, 419.6326, 0.6260, 160, 160, 160
L -349.5201, 434.2287, 1.9734,  -336.2830, 434.6770, 0.6260, 160, 160, 160
L -349.8920, 420.7302, 0.6260,  -349.5201, 434.2287, 1.9734, 160, 160, 160
L -406.2105, 420.7302, 0.6260,  -349.8920, 420.7302, 0.6260, 160, 160, 160
L -405.3543, 433.8428, 0.6260,  -405.3312, 420.7302, 0.6260, 160, 160, 160
L -419.3319, 434.4336, 0.6260,  -405.3543, 433.8428, 0.6260, 160, 160, 160
L -433.6299, 419.9977, 0.6260,  -419.3319, 434.4336, 0.6260, 160, 160, 160
L -434.1168, 378.1620, 0.6260,  -433.6299, 419.9977, 0.6260, 160, 160, 160
L -420.3707, 363.8555, 0.6260,  -434.1168, 378.1620, 0.6260, 160, 160, 160
L -405.1884, 364.3043, 0.6260,  -420.3707, 363.8555, 0.6260, 160, 160, 160
L -392.2574, 349.1360, 0.6260,  -405.1884, 364.3043, 0.6260, 160, 160, 160
L -391.5350, 154.8387, 0.6260,  -392.2574, 349.1360, 0.6260, 160, 160, 160
L -405.2250, 140.2178, 0.6260,  -391.5350, 154.8387, 0.6260, 160, 160, 160
L -573.1467, 140.2600, 0.6260,  -405.2250, 140.2178, 0.6260, 160, 160, 160
L -587.2427, 126.8661, 0.6260,  -573.1467, 140.2600, 0.6260, 160, 160, 160
L -587.5272, 0.5562, 0.6260,  -587.2427, 126.8661, 0.6260, 160, 160, 160
L -601.2277, -13.5103, 0.6260,  -587.5272, 0.5562, 0.6260, 160, 160, 160
L -713.4092, -13.5043, 0.6260,  -601.2277, -13.5103, 0.6260, 160, 160, 160
L -727.9897, -26.6128, 0.6260,  -713.4092, -13.5043, 0.6260, 160, 160, 160
L -728.1870, -195.8240, 1.3110,  -727.9897, -26.6128, 0.6260, 160, 160, 160
L -760.6639, -195.1932, 0.6260,  -728.1870, -195.8240, 1.3110, 160, 160, 160
L -838.8052, -196.2239, 0.6260,  -807.3124, -196.6730, 0.6260, 160, 160, 160
L -839.3887, -16.3233, 0.6260,  -838.8052, -196.2239, 0.6260, 160, 160, 160
L -867.9551, -223.2026, 0.6260,  -867.3614, -14.3750, 0.5762, 160, 160, 160
L -896.1899, -223.7708, 0.6260,  -867.9551, -223.2026, 0.6260, 160, 160, 160
L -895.9279, -392.7294, 1.6316,  -896.1899, -223.7708, 0.6260, 160, 160, 160
L -868.1213, -393.1281, 0.6260,  -895.9279, -392.7294, 1.6316, 160, 160, 160
L -868.3011, -420.4220, 0.6260,  -868.1213, -393.1281, 0.6260, 160, 160, 160
L -699.6118, -419.7060, 0.6260,  -868.3011, -420.4220, 0.6260, 160, 160, 160
L -699.1501, -392.1429, 0.6260,  -699.6118, -419.7060, 0.6260, 160, 160, 160
L -671.9361, -391.8068, 0.6260,  -699.1501, -392.1429, 0.6260, 160, 160, 160
L -671.7784, -224.4522, 0.7110,  -671.9361, -391.8068, 0.6260, 160, 160, 160
L -698.8642, -224.5423, 0.6260,  -671.7784, -224.4522, 0.7110, 160, 160, 160
L -699.5955, -56.7835, 0.6260,  -698.8642, -224.5423, 0.6260, 160, 160, 160
L -686.7809, -43.3327, 0.6260,  -699.5955, -56.7835, 0.6260, 160, 160, 160
L -573.8575, -41.7841, -0.1424,  -686.7809, -43.3327, 0.6260, 160, 160, 160
L -558.6263, -28.6536, 0.6260,  -573.8575, -41.7841, -0.1424, 160, 160, 160
L -336.2400, -28.8390, 0.6260,  -558.6263, -28.6536, 0.6260, 160, 160, 160
L -321.9087, -14.6142, 0.6260,  -336.2400, -28.8390, 0.6260, 160, 160, 160
L -321.7470, 41.4588, 0.6260,  -321.9087, -14.6142, 0.6260, 160, 160, 160
L -307.4071, 55.7103, 0.6260,  -321.7470, 41.4588, 0.6260, 160, 160, 160
L -301.9408, 55.8858, 0.6260,  -307.4071, 55.7103, 0.6260, 160, 160, 160
L -764.9678, -347.1250, 15.2736,  -764.9380, -326.1847, 15.2509, 160, 160, 160
L -766.9767, -326.6250, 17.3020,  -766.9677, -347.4999, 17.2738, 160, 160, 160
L -768.9615, -347.4999, 19.2529,  -768.9778, -326.6250, 19.3049, 160, 160, 160
L -770.9701, -326.6250, 21.2811,  -770.9717, -347.4999, 21.2866, 160, 160, 160
L -772.9615, -347.1252, 23.2510,  -772.9701, -326.6250, 23.2811, 160, 160, 160
L -794.4116, -347.1250, 23.2589,  -794.4089, -326.6250, 23.2676, 160, 160, 160
L -796.4133, -326.6250, 21.2511,  -796.3682, -347.1250, 21.3750, 160, 160, 160
L -798.4090, -347.1250, 19.2613,  -798.4053, -326.6250, 19.2799, 160, 160, 160
L -800.4000, -347.1250, 17.2908,  -800.4056, -326.6250, 17.2786, 160, 160, 160
L -802.4070, -347.1250, 15.2675,  -802.4134, -326.6340, 15.2509, 160, 160, 160
L -795.3083, -265.5312, 14.6259,  -795.3220, -268.2812, 14.6259, 160, 160, 160
L -772.6250, -268.2814, 14.6259,  -772.6250, -265.5312, 14.6259, 160, 160, 160
L -744.6250, -296.2500, 14.6259,  -744.6150, -347.5000, 14.6259, 160, 160, 160
L -744.6250, -296.2500, 14.6259,  -746.6250, -296.2500, 14.6259, 160, 160, 160
L -746.6240, -293.5000, 14.6259,  -746.6250, -296.2500, 14.6259, 160, 160, 160
L -744.6060, -293.5000, 14.6259,  -746.6240, -293.5000, 14.6259, 160, 160, 160
L -744.6250, -268.2812, 14.6259,  -744.6060, -293.5000, 14.6259, 160, 160, 160
L -823.2812, -293.5008, 14.6259,  -821.2812, -293.4995, 14.6259, 160, 160, 160
L -821.2812, -296.1331, 14.6259,  -821.2812, -293.4995, 14.6259, 160, 160, 160
L -823.2812, -296.2500, 14.6259,  -821.2812, -296.1331, 14.6259, 160, 160, 160
L -764.9380, -326.1847, 14.6259,  -802.6250, -326.1576, 14.6259, 160, 160, 160
L -765.3125, -296.2500, 14.6259,  -765.3123, -326.1843, 14.6259, 160, 160, 160
L -755.3126, -296.2500, 14.6259,  -765.3125, -296.2500, 14.6259, 160, 160, 160
L -755.3123, -293.4999, 14.6259,  -755.3126, -296.2500, 14.6259, 160, 160, 160
L -755.3123, -293.4999, 14.6259,  -768.6250, -293.5000, 14.6259, 160, 160, 160
L -768.6250, -323.5000, 14.6259,  -768.6250, -293.5000, 14.6259, 160, 160, 160
L -799.3124, -323.4999, 14.6259,  -768.6250, -323.5000, 14.6259, 160, 160, 160
L -802.6250, -296.2500, 14.6259,  -802.6250, -326.1576, 14.6259, 160, 160, 160
L -802.6250, -296.2500, 14.6259,  -812.6250, -296.2500, 14.6259, 160, 160, 160
L -812.6250, -293.5000, 14.6259,  -812.6250, -296.2500, 14.6259, 160, 160, 160
L -799.3123, -293.5000, 14.6259,  -812.6250, -293.5000, 14.6259, 160, 160, 160
L -799.3124, -323.5011, 14.6259,  -799.3123, -293.5000, 14.6259, 160, 160, 160
L -797.6393, -293.4565, 14.6259,  -769.4393, -293.3799, 14.6259, 160, 160, 160
L -797.7318, -322.1707, 14.6259,  -797.6393, -293.4565, 14.6259, 160, 160, 160
L -769.4261, -322.2635, 14.6259,  -797.7318, -322.1707, 14.6259, 160, 160, 160
L -769.4393, -293.3799, 14.6259,  -769.4261, -322.2635, 14.6259, 160, 160, 160
L -744.6250, -268.2812, 14.6259,  -772.6250, -268.2814, 14.6259, 160, 160, 160
L -764.9681, -347.4999, 14.6259,  -744.6250, -347.5000, 14.6259, 160, 160, 160
L -765.3124, -347.4999, 14.6259,  -773.9968, -347.5000, 22.6260, 160, 160, 160
L -773.9968, -347.5000, 24.6260,  -774.8660, -350.2500, 24.6260, 160, 160, 160
L -741.3436, -350.2500, 32.3641,  -774.8660, -350.2500, 25.1399, 160, 160, 160
L -741.3437, -322.2495, 41.8840,  -741.3436, -350.2500, 33.3997, 160, 160, 160
L -744.6250, -321.5000, 42.5947,  -742.6110, -321.5000, 42.5947, 160, 160, 160
L -744.6250, -347.5000, 42.5947,  -744.6250, -321.5000, 42.5947, 160, 160, 160
L -799.3124, -347.4999, 42.5947,  -744.6250, -347.5000, 42.5947, 160, 160, 160
L -799.3124, -278.2477, 42.5947,  -799.3124, -347.4999, 42.5947, 160, 160, 160
L -770.4390, -336.2500, 72.5947,  -800.6590, -336.2500, 64.5947, 160, 160, 160
L -770.3470, -347.5000, 72.6360,  -770.4570, -333.9717, 72.6162, 160, 160, 160
L -772.3940, -347.5000, 71.6265,  -772.4690, -336.2500, 71.6068, 160, 160, 160
L -774.4880, -347.5000, 70.5947,  -774.5030, -336.2500, 70.5948, 160, 160, 160
L -776.4880, -347.5000, 69.5947,  -776.4990, -336.2500, 69.5962, 160, 160, 160
L -778.4890, -347.5000, 68.5961,  -778.5020, -336.2500, 68.5961, 160, 160, 160
L -780.4449, -347.5000, 67.6093,  -780.5030, -336.2500, 67.5965, 160, 160, 160
L -782.4969, -347.5000, 66.5947,  -782.5030, -336.2500, 66.5957, 160, 160, 160
L -784.4839, -347.5000, 65.5947,  -784.4969, -336.2500, 65.5979, 160, 160, 160
L -786.4189, -347.5000, 64.6225,  -786.5430, -336.2500, 64.5968, 160, 160, 160
L -788.6250, -347.5000, 63.5947,  -788.6250, -336.2500, 63.5947, 160, 160, 160
L -800.6590, -336.2500, 63.5947,  -800.3061, -277.5788, 63.5947, 160, 160, 160
L -744.6250, -268.2812, 42.5947,  -759.3250, -268.2810, 42.5957, 160, 160, 160
L -744.6240, -308.2509, 42.5947,  -744.6250, -268.2812, 42.5947, 160, 160, 160
L -730.1131, -308.2157, 42.5947,  -744.6240, -308.2509, 42.5947, 160, 160, 160
L -730.9370, -322.2500, 41.8840,  -730.1131, -308.2157, 42.5947, 160, 160, 160
L -729.7278, -349.2995, 32.8275,  -730.9370, -322.2500, 41.8840, 160, 160, 160
L -741.5692, -361.4687, 32.6259,  -729.7278, -349.2995, 32.8275, 160, 160, 160
L -793.3754, -361.6330, 24.6260,  -741.5692, -361.4687, 32.6259, 160, 160, 160
L -793.3124, -347.5000, 24.6260,  -793.3754, -361.6330, 24.6260, 160, 160, 160
L -802.6250, -347.5000, 14.6259,  -793.3124, -347.5000, 22.6260, 160, 160, 160
L -823.2812, -347.4999, 14.6259,  -802.6250, -347.5000, 14.6259, 160, 160, 160
L -823.2812, -296.2484, 14.6259,  -823.2812, -347.4999, 14.6259, 160, 160, 160
L -823.2812, -268.2805, 14.6259,  -823.2812, -293.5000, 14.6259, 160, 160, 160
L -795.3220, -268.2812, 14.6259,  -823.2812, -268.2805, 14.6259, 160, 160, 160
L -826.3160, -265.5312, 14.6259,  -795.3083, -265.5312, 14.6259, 160, 160, 160
L -826.3120, -350.2502, 14.6259,  -826.3160, -265.5312, 14.6259, 160, 160, 160
L -741.3431, -350.2500, 14.6259,  -826.3120, -350.2502, 14.6259, 160, 160, 160
L -741.3437, -265.5312, 14.6259,  -741.3431, -350.2500, 14.6259, 160, 160, 160
L -772.6250, -265.5312, 14.6259,  -741.3437, -265.5312, 14.6259, 160, 160, 160
L -811.8429, -251.5312, 0.6260,  -840.3130, -251.5312, 0.6260, 160, 160, 160
L -840.2970, -279.5000, 0.6260,  -840.3130, -251.5312, 0.6260, 160, 160, 160
L -840.3120, -364.2187, 0.6260,  -840.3120, -336.2500, 0.6260, 160, 160, 160
L -812.6250, -364.2187, 0.6260,  -840.3120, -364.2187, 0.6260, 160, 160, 160
L -727.3436, -364.2187, 0.6260,  -755.3124, -364.2182, 0.6260, 160, 160, 160
L -727.3437, -336.2500, 0.6260,  -727.3436, -364.2187, 0.6260, 160, 160, 160
L -755.7897, -251.5319, 0.6260,  -727.3437, -251.5311, 0.6260, 160, 160, 160
L -727.3437, -279.4999, 0.6260,  -727.3437, -251.5311, 0.6260, 160, 160, 160
L -674.1609, -179.5597, 0.6260,  -683.3437, -179.6757, 0.7988, 160, 160, 160
L -673.3437, -193.5635, 0.6260,  -673.3568, -179.5747, 0.6260, 160, 160, 160
L -671.3437, -195.5312, 0.6260,  -671.3437, -193.5623, 0.6260, 160, 160, 160
L -673.3437, -193.5625, 0.6260,  -671.3437, -193.5623, 0.6260, 160, 160, 160
L -672.2126, -196.2812, 10.6259,  -646.1250, -196.2538, 12.6721, 160, 160, 160
L -683.3437, -181.5869, 1.6635,  -674.2390, -181.5735, 1.6259, 160, 160, 160
L -683.3437, -183.5954, 2.6842,  -674.3170, -183.5738, 2.6259, 160, 160, 160
L -683.3437, -185.5811, 3.6484,  -674.3970, -185.5738, 3.6259, 160, 160, 160
L -683.3437, -187.5754, 4.6260,  -674.4750, -187.5746, 4.6260, 160, 160, 160
L -683.3437, -189.5894, 5.6700,  -674.5530, -189.5721, 5.6260, 160, 160, 160
L -683.3437, -191.5757, 6.6260,  -674.6320, -191.5745, 6.6260, 160, 160, 160
L -683.3437, -193.5949, 7.6832,  -674.7110, -193.5739, 7.6260, 160, 160, 160
L -674.9370, -195.5441, 8.6259,  -683.3437, -195.5569, 8.6669, 160, 160, 160
L -674.7320, -207.5312, 9.6477,  -674.8100, -196.3130, 9.6278, 160, 160, 160
L -670.8180, -196.2812, 11.6259,  -674.8190, -196.3468, 9.6262, 160, 160, 160
L -674.8190, -196.3468, 9.6281,  -674.1609, -179.5597, 1.6259, 160, 160, 160
L -672.8040, -207.5312, 10.6262,  -672.8000, -196.2812, 10.6318, 160, 160, 160
L -670.7090, -207.5312, 11.6582,  -670.8180, -196.2812, 11.6260, 160, 160, 160
L -671.3559, -156.3125, 13.6259,  -671.3436, -195.5235, 13.6259, 160, 160, 160
L -646.1250, -156.3125, 13.6259,  -671.3559, -156.3125, 13.6259, 160, 160, 160
L -646.1250, -196.2690, 12.6260,  -646.1250, -156.3125, 13.6259, 160, 160, 160
L -646.1250, -207.5312, 12.6259,  -646.1250, -196.2690, 12.6260, 160, 160, 160
L -674.7800, -207.5312, 9.6267,  -646.1250, -207.5312, 12.6259, 160, 160, 160
L -683.3437, -207.5312, 9.6259,  -674.7800, -207.5312, 9.6267, 160, 160, 160
L -683.3437, -207.5312, 9.6259,  -683.3437, -179.5749, 0.6260, 160, 160, 160
L -683.3437, -166.5737, 0.6260,  -683.3436, -179.5747, 0.6260, 160, 160, 160
L -686.9370, -153.5625, 0.6260,  -686.9370, -156.3125, 0.6260, 160, 160, 160
L -646.1250, -156.3125, 0.6260,  -686.9370, -156.3125, 0.6260, 160, 160, 160
L -646.1250, -195.5312, 0.6260,  -646.1250, -156.3125, 0.6260, 160, 160, 160
L -671.3437, -195.5312, 0.6260,  -646.1250, -195.5312, 0.6260, 160, 160, 160
L -686.9370, -210.2815, 0.6260,  -686.9410, -166.3234, 0.6260, 160, 160, 160
L -643.3745, -210.2812, 0.6260,  -686.9370, -210.2815, 0.6260, 160, 160, 160
L -643.3749, -153.5620, 0.6260,  -643.3745, -210.2812, 0.6260, 160, 160, 160
L -686.9370, -153.5625, 0.6260,  -643.3749, -153.5620, 0.6260, 160, 160, 160
L -615.2277, -214.9936, -12.3740,  -615.3759, -167.9945, -2.6198, 160, 160, 160
L -618.9962, -221.6461, -12.3740,  -615.2277, -214.9936, -12.3740, 160, 160, 160
L -623.4904, -224.2016, -12.3740,  -618.9962, -221.6461, -12.3740, 160, 160, 160
L -643.5510, -224.2812, -12.3759,  -623.4904, -224.2016, -12.3740, 160, 160, 160
L -503.9664, -321.5000, -12.3740,  -545.3624, -321.4999, -12.3740, 160, 160, 160
L -490.2278, -307.7599, -12.3740,  -504.3421, -321.8756, -12.3740, 160, 160, 160
L -502.8405, -251.5312, -2.1943,  -490.2278, -307.7599, -12.3740, 160, 160, 160
L -490.1866, -251.5312, 1.5245,  -502.8405, -251.5312, -2.1943, 160, 160, 160
L -490.1875, -233.5740, -12.9460,  -490.1866, -251.5312, 1.5245, 160, 160, 160
L -490.1875, -209.9671, -12.3740,  -490.1875, -233.5740, -12.9460, 160, 160, 160
L -504.8204, -166.1011, -12.3740,  -490.1875, -209.9671, -12.3740, 160, 160, 160
L -552.1785, -140.3125, -12.3740,  -518.1562, -140.3125, -12.3740, 160, 160, 160
L -560.6847, -139.5625, -1.1258,  -552.1785, -140.3125, -12.3740, 160, 160, 160
L -574.1541, -126.3126, 8.5280,  -560.6847, -139.5625, -1.1258, 160, 160, 160
L -600.7758, -126.3125, 6.7412,  -574.1541, -126.3126, 8.5280, 160, 160, 160
L -615.3184, -140.3630, 0.6260,  -600.7758, -126.3125, 6.7412, 160, 160, 160
L -615.3749, -149.6726, 0.6260,  -615.3184, -140.3630, 0.6260, 160, 160, 160
L -615.8846, -150.2874, 0.6260,  -615.3749, -149.6726, 0.6260, 160, 160, 160
L -620.1250, -145.4858, 0.6260,  -615.8846, -150.2874, 0.6260, 160, 160, 160
L -620.1250, -140.3125, 0.6260,  -620.1250, -145.4858, 0.6260, 160, 160, 160
L -671.9742, -140.2118, 0.6260,  -620.1250, -140.3125, 0.6260, 160, 160, 160
L -686.9370, -125.3810, 0.6260,  -671.9742, -140.2118, 0.6260, 160, 160, 160
L -685.9885, -69.7082, 0.6260,  -686.9370, -125.3810, 0.6260, 160, 160, 160
L -672.9370, -69.5938, 0.6260,  -685.9885, -69.7082, 0.6260, 160, 160, 160
L -671.9855, -55.7051, 0.6260,  -672.9370, -69.5938, 0.6260, 160, 160, 160
L -559.9337, -55.5936, 0.6260,  -671.9855, -55.7051, 0.6260, 160, 160, 160
L -545.7179, -41.5936, 0.6260,  -559.9337, -55.5936, 0.6260, 160, 160, 160
L -322.2870, -41.5936, 0.6260,  -545.7179, -41.5936, 0.6260, 160, 160, 160
L -308.2500, -27.8444, 0.6260,  -322.2870, -41.5936, 0.6260, 160, 160, 160
L -308.3100, 28.4018, 0.6260,  -308.2500, -27.8444, 0.6260, 160, 160, 160
L -301.8761, 34.5152, 0.6260,  -308.3100, 28.4018, 0.6260, 160, 160, 160
L -312.2427, 97.5936, 0.6260,  -349.7194, 97.5936, 0.6260, 160, 160, 160
L -312.6515, 97.5936, 0.6260,  -312.8063, 84.5442, 0.6260, 160, 160, 160
L -753.3608, 801.3124, 0.6260,  -783.3124, 800.9731, 0.6260, 160, 160, 160
L -753.3949, 801.3124, 0.6260,  -609.9433, 801.3105, 0.6260, 160, 160, 160
L -609.9433, 801.3105, 0.6260,  -609.7836, 799.9470, 0.6260, 160, 160, 160
L -609.7836, 799.9470, 0.6260,  -601.5049, 798.2604, -1.3740, 160, 160, 160
L -601.5049, 798.2604, -1.3740,  -595.7567, 800.9398, -1.3740, 160, 160, 160
L -595.7567, 800.9398, -1.3740,  -595.9877, 808.9193, -1.3740, 160, 160, 160
L -595.9877, 808.9193, -1.3740,  -585.3694, 819.3777, -1.3740, 160, 160, 160
L -585.3694, 819.3777, -1.3740,  -578.4084, 821.2812, -1.3740, 160, 160, 160
L -578.4084, 821.2812, -1.3740,  -583.4061, 828.5878, 0.6260, 160, 160, 160
L -583.4061, 828.5878, 0.6260,  -583.4061, 970.5330, 0.6260, 160, 160, 160
L -544.1562, 1001.2187, 0.6260,  -544.1562, 830.6517, 0.6261, 160, 160, 160
L -544.1562, 830.6517, 0.6261,  -548.2253, 829.6833, 0.6260, 160, 160, 160
L -548.2253, 829.6833, 0.6260,  -552.4171, 825.1951, 0.6260, 160, 160, 160
L -552.4171, 825.1951, 0.6260,  -549.6833, 817.8241, -1.3740, 160, 160, 160
L -549.6833, 817.8241, -1.3740,  -544.8017, 815.9452, -1.3740, 160, 160, 160
L -544.8017, 815.9452, -1.3740,  -544.1735, 801.5516, -1.3740, 160, 160, 160
L -544.1735, 801.5516, -1.3740,  -546.1299, 783.9438, -1.3740, 160, 160, 160
L -546.1299, 783.9438, -1.3740,  -532.1562, 783.3124, -1.3740, 160, 160, 160
L -532.1562, 783.3124, -1.3740,  -517.5294, 797.3124, 0.6260, 160, 160, 160
L -517.5294, 797.3124, 0.6260,  -504.2600, 797.3124, 0.6260, 160, 160, 160
L -504.2600, 797.3124, 0.6260,  -489.2178, 783.3124, 0.6260, 160, 160, 160
L -489.2178, 783.3124, 0.6260,  -462.1875, 783.3124, 0.6260, 160, 160, 160
L -462.1875, 783.3124, 0.6260,  -462.1875, 769.7358, 0.6260, 160, 160, 160
L -462.1875, 769.7358, 0.6260,  -447.6652, 769.9800, 0.6260, 160, 160, 160
L -447.6652, 769.9800, 0.6260,  -434.7200, 755.2374, 0.6260, 160, 160, 160
L -434.7200, 755.2374, 0.6260,  -420.3593, 727.7328, 0.6260, 160, 160, 160
L -420.3593, 727.7328, 0.6260,  -433.9791, 714.8250, 0.6260, 160, 160, 160
L -433.9791, 714.8250, 0.6260,  -434.1875, 686.3890, 0.6260, 160, 160, 160
L -434.1875, 686.3890, 0.6260,  -422.2187, 673.5634, 0.6260, 160, 160, 160
L -422.2187, 673.5634, 0.6260,  -422.2180, 671.3437, 0.6260, 160, 160, 160
L -422.2180, 671.3437, 0.6260,  -294.2500, 671.3437, 0.6260, 160, 160, 160
L -294.2500, 671.3437, 0.6260,  -294.2389, 438.7200, 0.6260, 160, 160, 160
L -294.2389, 438.7200, 0.6260,  -290.9148, 441.1100, -0.3740, 160, 160, 160
L -290.9148, 441.1100, -0.3740,  -291.5000, 461.9980, -0.3740, 160, 160, 160
L -291.5000, 461.9980, -0.3740,  -266.2688, 457.4857, -0.3735, 160, 160, 160
L -266.2688, 457.4857, -0.3735,  -241.8666, 459.2425, 0.6260, 160, 160, 160
L -241.8666, 459.2425, 0.6260,  -226.2245, 443.1705, 0.6260, 160, 160, 160
L -226.2245, 443.1705, 0.6260,  -224.3404, 420.7327, 0.6260, 160, 160, 160
L -224.3404, 420.7327, 0.6260,  -225.8147, 393.6483, 0.6260, 160, 160, 160
L -225.8147, 393.6483, 0.6260,  -228.4300, 391.8800, 0.6260, 160, 160, 160
L -228.4300, 391.8800, 0.6260,  -231.6300, 384.2187, 3.2250, 160, 160, 160
L -231.6300, 384.2187, 3.2250,  -233.4730, 384.5720, -0.3740, 160, 160, 160
L -233.4730, 384.5720, -0.3740,  -249.4122, 374.2187, -0.3740, 160, 160, 160
L -249.4122, 374.2187, -0.3740,  -262.1182, 374.2764, -0.3740, 160, 160, 160
L -262.1182, 374.2764, -0.3740,  -281.5523, 378.2366, -0.3740, 160, 160, 160
L -281.5523, 378.2366, -0.3740,  -291.5000, 378.2180, 1.6259, 160, 160, 160
L -291.5000, 378.2180, 1.6259,  -291.7255, 392.1877, 1.6259, 160, 160, 160
L -291.7255, 392.1877, 1.6259,  -294.2223, 389.9850, 1.6259, 160, 160, 160
L -294.2223, 389.9850, 1.6259,  -294.2500, 350.2500, 0.6260, 160, 160, 160
L -294.2500, 350.2500, 0.6260,  -335.8573, 350.2500, 0.6260, 160, 160, 160
L -335.8573, 350.2500, 0.6260,  -350.9400, 336.2708, 0.6260, 160, 160, 160
L -350.9400, 336.2708, 0.6260,  -350.2500, 112.1238, 0.6260, 160, 160, 160
L -350.2500, 112.1238, 0.6260,  -363.9991, 98.3438, 0.6260, 160, 160, 160
L -363.9991, 98.3438, 0.6260,  -419.6813, 98.3438, 0.6260, 160, 160, 160
L -419.6813, 98.3438, 0.6260,  -434.1793, 84.4650, 0.6260, 160, 160, 160
L -434.1793, 84.4650, 0.6260,  -434.1875, 27.9982, 0.6260, 160, 160, 160
L -434.1875, 27.9982, 0.6260,  -420.9710, 13.7236, 0.6260, 160, 160, 160
L -420.9710, 13.7236, 0.6260,  -377.8756, 13.6250, 0.6260, 160, 160, 160
L -377.8756, 13.6250, 0.6260,  -363.5350, 27.7871, 0.6260, 160, 160, 160
L -363.5350, 27.7871, 0.6260,  -363.4687, 83.8136, 0.6260, 160, 160, 160
L -363.4687, 83.8136, 0.6260,  -349.7192, 97.5936, 0.6260, 160, 160, 160
L -301.8761, 34.5152, 2.5009,  -301.9408, 55.8858, 3.5009, 160, 160, 160
L -759.3250, -268.2805, 42.5960,  -823.2812, -268.2796, 63.5947, 160, 160, 160
L -823.2812, -268.2796, 63.5947,  -823.2812, -347.4999, 63.5947, 160, 160, 160
L -823.2812, -347.4999, 63.5947,  -788.4980, -347.5000, 63.5953, 160, 160, 160
L -788.4980, -347.5000, 63.5953,  -760.6250, -347.5000, 73.5947, 160, 160, 160
L -760.6250, -347.5000, 73.5947,  -760.1420, -295.6555, 73.5947, 160, 160, 160
L -760.1420, -295.6555, 73.5947,  -797.3124, -295.7568, 73.5947, 160, 160, 160
L -797.3124, -295.7568, 73.5947,  -797.3123, -333.9567, 73.5947, 160, 160, 160
L -797.3123, -333.9567, 73.5947,  -770.4570, -333.9717, 73.5947, 160, 160, 160
L -759.3232, -268.2812, 42.5947,  -759.3124, -277.4291, 42.5947, 160, 160, 160
L -761.3419, -268.2812, 43.6456,  -761.3246, -276.4080, 43.5947, 160, 160, 160
L -763.3246, -268.2812, 44.5947,  -763.3246, -276.4744, 44.5947, 160, 160, 160
L -765.3246, -268.2812, 45.5947,  -765.3246, -276.4796, 45.5947, 160, 160, 160
L -767.3246, -268.2812, 46.5947,  -767.3246, -276.2608, 46.5947, 160, 160, 160
L -769.3428, -268.2812, 47.6477,  -769.3223, -277.4877, 47.5947, 160, 160, 160
L -771.3250, -268.2808, 48.5957,  -771.3246, -277.4936, 48.5947, 160, 160, 160
L -773.3246, -268.2807, 49.5947,  -773.3246, -277.4995, 49.5947, 160, 160, 160
L -775.3359, -268.2812, 50.6304,  -775.3229, -277.5054, 50.5947, 160, 160, 160
L -777.3246, -268.2812, 51.5947,  -777.3246, -277.5113, 51.5947, 160, 160, 160
L -779.3246, -268.2812, 52.5947,  -779.3246, -277.5172, 52.5947, 160, 160, 160
L -781.3246, -268.2807, 53.5947,  -781.3246, -277.5230, 53.5947, 160, 160, 160
L -783.3535, -268.2812, 54.6704,  -783.3224, -277.5289, 54.5947, 160, 160, 160
L -785.3251, -268.2807, 55.5966,  -785.3246, -277.5348, 55.5947, 160, 160, 160
L -787.3250, -268.2807, 56.5960,  -787.3246, -277.5382, 56.5947, 160, 160, 160
L -789.3246, -268.2812, 57.5947,  -789.3246, -277.5466, 57.5947, 160, 160, 160
L -791.3246, -268.2812, 58.5953,  -791.3246, -277.5525, 58.5947, 160, 160, 160
L -793.3250, -268.2810, 59.5957,  -793.3246, -277.5582, 59.5947, 160, 160, 160
L -795.3246, -268.2805, 60.5947,  -795.3246, -277.5642, 60.5947, 160, 160, 160
L -797.3248, -268.2805, 61.5955,  -797.3246, -277.5701, 61.5947, 160, 160, 160
L -799.3497, -268.2812, 62.6629,  -799.3224, -277.5760, 62.5947, 160, 160, 160
L -769.3223, -277.4877, 42.5947,  -800.3061, -277.5788, 62.5947, 160, 160, 160
L -783.3124, 762.6010, 0.6260,  -783.3124, 800.8549, 0.6260, 160, 160, 160
L -1312.7616, -687.3437, 0.6260,  -1342.1648, -648.1250, 0.6260, 160, 160, 160
L -1312.7520, -687.3437, 0.6260,  -1169.6150, -687.3437, 0.6260, 160, 160, 160
L -1169.6150, -687.3437, 0.6260,  -1165.9845, -680.6301, 0.6260, 160, 160, 160
L -1165.9845, -680.6301, 0.6260,  -1160.3772, -681.6710, -1.3740, 160, 160, 160
L -1160.3772, -681.6710, -1.3740,  -1155.4832, -688.6031, -1.3740, 160, 160, 160
L -1155.4832, -688.6031, -1.3740,  -1157.7156, -693.3600, -1.3740, 160, 160, 160
L -1157.7156, -693.3600, -1.3740,  -1148.5446, -701.6450, -1.3740, 160, 160, 160
L -1148.5446, -701.6450, -1.3740,  -1144.3866, -700.1576, -1.3740, 160, 160, 160
L -1144.3866, -700.1576, -1.3740,  -1141.2638, -704.4247, -1.3740, 160, 160, 160
L -1141.2638, -704.4247, -1.3740,  -1140.7378, -707.3437, -1.3740, 160, 160, 160
L -1140.7378, -707.3437, -1.3740,  -1143.1554, -712.6559, 0.6260, 160, 160, 160
L -1143.1554, -712.6559, 0.6260,  -1143.1989, -856.8101, 0.6260, 160, 160, 160
L -1143.1989, -856.8101, 2.5009,  -1103.9375, -869.8250, 2.5009, 160, 160, 160
L -1103.9375, -869.8250, 0.6260,  -1103.9375, -705.9824, 0.6260, 160, 160, 160
P -321.9537, 74.9331, 8.3036, 204, 0, 204, 3, to_East_Cabilis
P -1310.7460, -667.2621, 0.1000, 204, 0, 204, 3, to_Warslik's_Woods
P -1128.4561, -855.1475, 0.1000, 204, 0, 204, 3, to_Warslik's_Woods
P -767.0000, 783.0000, 0.1000, 204, 0, 204, 3, to_Lake_of_ill_Omen
P -559.5634, 974.3663, 0.1000, 204, 0, 204, 3, to_Lake_of_ill_Omen
P -570, 793, 0, 255, 255, 0, 2, Crusader_Axmo
P -833, -61, 0, 255, 255, 0, 2, Crusader_Ezrogz
P -878, -93, 0, 255, 255, 0, 2, Crusader_Mocdi
P -808, -465, 0, 255, 255, 0, 2, Exterminator_Jaliss
P -470, 104, 0, 255, 255, 0, 2, Gondola
P -778, -317, 0, 255, 255, 0, 2, Harbinger_Glosk
P -790, -325, 0, 255, 255, 0, 2, Izarod_Fristan
P 118, 343, 0, 255, 255, 0, 2, Marthor
P -762.5, -290.0, 0, 255, 255, 0, 2, Master_Kyvix
P -806.5, -290.0, 0, 255, 255, 0, 2, Master_Rixiz
P -812, -342, 0, 255, 255, 0, 2, Master_Xydoz
P -800, -263, 0, 255, 255, 0, 2, Nihilist_Yeegarn
P -768, -263, 0, 255, 255, 0, 2, Nihilist_Zeegarn
P -536, 88, 0, 255, 255, 0, 2, Sartar_the_Unrivaled
P -345, 344, 0, 255, 255, 0, 2, Trooper_Dagnav
P -1170, -653, 0, 255, 255, 0, 2, Trooper_Eglo
P -885, -138, 0, 255, 255, 0, 2, Trooper_Egrephit
P -681, -134, 0, 255, 255, 0, 2, Trooper_Gegren
P -614, 766, 0, 255, 255, 0, 2, Trooper_Gryfkyz
P -750, -137, 0, 255, 255, 0, 2, Trooper_Hylpik
P -458, 668, 0, 255, 255, 0, 2, Trooper_Moggoz
P -590, 810, 0, 255, 255, 0, 2, Trooper_Ogmire
P -1148, -691, 0, 255, 255, 0, 2, Trooper_Ozlot
P -973, -528, 0, 255, 255, 0, 2, Trooper_Ryzee
P -419, 668, 0, 255, 255, 0, 2, Trooper_Shyzin
P -956, -525, 0, 255, 255, 0, 2, Trooper_Tygar
P -550, 836, 0, 255, 255, 0, 2, Trooper_Xaxxot
P -408, 348, 0, 255, 255, 0, 2, Trooper_Yegmesh
P -511, -283, 0, 255, 255, 0, 2, Yzilimn_Pxikn
P -539, 1061, 0, 0, 200, 255, 1, Spiken's_Maps_-_github.com/spik3n/EQL_Map_pack
