P -388, -309, 0, 255, 128, 0, 2, Dismay
P -233.0, -300.0, 0, 255, 255, 0, 2, DlgEight
P -233.6, -295.1, 0, 255, 255, 0, 2, DlgEighteen
P -235.2, -290.5, 0, 255, 255, 0, 2, DlgEleven
P -237.8, -286.3, 0, 255, 255, 0, 2, DlgFifteen
P -241.3, -282.8, 0, 255, 255, 0, 2, DlgFive
P -245.5, -280.2, 0, 255, 255, 0, 2, DlgFour
P -250.1, -278.6, 0, 255, 255, 0, 2, DlgFourteen
P -255.0, -278.0, 0, 255, 255, 0, 2, DlgNine
P -259.9, -278.6, 0, 255, 255, 0, 2, DlgNineteen
P -264.5, -280.2, 0, 255, 255, 0, 2, DlgOne
P -268.7, -282.8, 0, 255, 255, 0, 2, DlgSeven
P -272.2, -286.3, 0, 255, 255, 0, 2, DlgSeventeen
P -274.8, -290.5, 0, 255, 255, 0, 2, DlgSix
P -276.4, -295.1, 0, 255, 255, 0, 2, DlgSixteen
P -277.0, -300.0, 0, 255, 255, 0, 2, DlgTen
P -276.4, -304.9, 0, 255, 255, 0, 2, DlgThirteen
P -274.8, -309.5, 0, 255, 255, 0, 2, DlgThree
P -272.2, -313.7, 0, 255, 255, 0, 2, DlgTwelve
P -268.7, -317.2, 0, 255, 255, 0, 2, DlgTwo
P -264.5, -319.8, 0, 255, 255, 0, 2, DlgZero
P -259.9, -321.4, 0, 255, 255, 0, 2, EarTahiaOne
P -255.0, -322.0, 0, 255, 255, 0, 2, EarTahiaThree
P -250.1, -321.4, 0, 255, 255, 0, 2, EarTahiaTwo
P -352, -681, 0, 255, 255, 0, 2, Frightchaser
P 469, -254, 0, 255, 255, 0, 2, Gimlik_Cogboggle
P -245.5, -319.8, 0, 255, 255, 0, 2, InterpreterOne
P -241.3, -317.2, 0, 255, 255, 0, 2, InterpreterRare
P -237.8, -313.7, 0, 255, 255, 0, 2, InterpreterThree
P -235.2, -309.5, 0, 255, 255, 0, 2, InterpreterTwo
P -233.6, -304.9, 0, 255, 255, 0, 2, InterpreterZero
P 468, -277, 0, 255, 255, 0, 2, Mazeman
P -105, -461, 0, 255, 255, 0, 2, Radiant
P -590, -1060, 0, 255, 255, 0, 2, RaidStopper
P 454, -1160, 0, 255, 255, 0, 2, Terrorclaw
P 205, -434, 0, 255, 255, 0, 2, Toxiferious
P -272, -429, 0, 255, 255, 0, 2, trap_def
P -340, -818, 0, 255, 255, 0, 2, trap_disc
P -271, -664, 0, 255, 255, 0, 2, trap_pros
P -67, -302, 0, 255, 255, 0, 2, trap_war
P 370, -241, 0, 255, 255, 0, 2, Dreadfang
P 362, -870, 0, 255, 255, 0, 2, Ikpug_Giblod
P 60, -948, 0, 255, 255, 0, 2, Soul_Siphon
