P -1308.778, -450.809, -51.3051, 0, 0, 0, 3, Slea_(Druid_Spells)
P -516.778, 211.397, -48.7257, 0, 0, 0, 3, Ruby_(Merchant)
P -376.778, 149.031, -48.2261, 0, 0, 0, 3, Rooster_(Merchant)
P -390.778, 103.356, -48.2261, 0, 0, 0, 3, Seke_(Bar)
P -392.778, 195.425, -48.2261, 0, 0, 0, 3, Sorsha_(Armor)
P -458.778, 278.326, -48.24, 0, 0, 0, 3, Parus_(Weapons)
P -191.778, 701.051, -50.7257, 0, 0, 0, 3, Noresa_(Jewelry)
P -2333.778, -405.809, -47.9742, 0, 0, 0, 3, Maula_(Merchant)
P -2751.778, 463.001, -48.2257, 0, 0, 0, 3, Ranon_(Armor)
P -2500.778, 514.921, -49.54, 0, 0, 0, 3, Opal_(Weapons)
P -2638.778, 383.871, -51.3804, 0, 0, 0, 3, Olissa_(Merchant)
P -2590.778, 399.481, -51.3804, 0, 0, 0, 3, Peron_(Armor)
P -2687.778, 400.641, -51.3804, 0, 0, 0, 3, Redthorn_(Bar)
P -2551.778, 461.191, 0, 255, 255, 0, 2, Bealya_Tanilsuia
P -2208.778, -43.809, 0, 255, 255, 0, 2, Brizzenoth_Scyth
P -1332.778, -391.809, 0, 255, 255, 0, 2, Ceel_Moonwhisper
P -1376.778, -391.809, 0, 255, 255, 0, 2, Cei_Sunjumper
P -3140.778, -1068.809, 0, 255, 128, 0, 2, Jahsohn_Aksot
P -186.778, 161.191, 0, 255, 255, 0, 2, Kizdean_Gix
P -2371.778, -352.809, 0, 255, 255, 0, 2, Modren_Fishcatcher
P -2678.778, 304.691, 0, 255, 255, 0, 2, Mojax_Hikspin
P 1577.222, 1032.191, 0, 255, 255, 0, 2, Nightfall_Giant
P -398.278, 169.191, 0, 255, 255, 0, 2, Ranvigoz_Tonsmith
P -2320.778, 50.191, 0, 255, 0, 0, 2, Sasha_the_Seer
P -1308.778, -378.809, 0, 255, 255, 0, 2, Shadow_Treebright
P -1352.778, -378.809, 0, 255, 255, 0, 2, Sil_Silverstar
P -2830.778, -268.809, 0, 255, 255, 0, 2, Simon_Aldicott
P -2722.778, 304.691, 0, 255, 255, 0, 2, Skipynn_Stoneheart
P -442.278, 169.191, 0, 255, 255, 0, 2, Timtok_Tonsmith
P 1417.222, -214.809, 0, 255, 128, 0, 2, Trigger
P -3295.778, -186.809, 0, 255, 255, 0, 2, Wallin_Slyfoot
P -2347.778, -1105.809, 0, 255, 255, 0, 2, orc_apprentice
P -2375.778, -1024.809, 0, 255, 255, 0, 2, orc_legionnaire
P -2391.778, -1105.809, 0, 255, 255, 0, 2, orc_oracle
P -2347.778, -1043.809, 0, 255, 255, 0, 2, orc_weaponsmith
P -2613.778, 399.191, 0, 255, 255, 0, 2, spider

P 1679.494, 23.727, -74.3072, 150, 0, 200, 3, to_East_Commonlands
