L -3559.024, -733.045, -54.4341, -3558.99, -733.045, -54.4365, 160, 160, 160
L -3566.101, -734.344, -54.4305, -3556.678, -732.671, -54.4341, 160, 160, 160
L -3565.962, -743.552, -54.4365, -3566.101, -734.344, -54.4305, 160, 160, 160
L -3555.67, -743.635, -54.4365, -3565.962, -743.552, -54.4365, 160, 160, 160
L -3556.678, -732.671, -54.4365, -3555.67, -743.635, -54.4365, 160, 160, 160
L -3802.059, 1100.977, -6.811, -3875.406, 1173.847, 123.318, 160, 160, 160
L -3802.409, 1077.175, -5.598, -3802.059, 1100.977, -6.811, 160, 160, 160
L -3747.013, 1056.367, -32.9161, -3802.409, 1077.175, -5.598, 160, 160, 160
L -3686.213, 1010.186, -37.4305, -3747.013, 1056.367, -32.9161, 160, 160, 160
L -3594.276, 923.858, -48.7524, -3686.213, 1010.186, -37.4305, 160, 160, 160
L -3542.302, 858.041, -49.7049, -3594.276, 923.858, -48.7524, 160, 160, 160
L -3464.445, 804.567, -51.3115, -3542.302, 858.041, -49.7049, 160, 160, 160
L -3430.136, 793.007, -51.3115, -3464.445, 804.567, -51.3115, 160, 160, 160
L -3359.466, 790.996, -45.3566, -3430.136, 793.007, -51.3115, 160, 160, 160
L -3334.43, 779.909, -35.5645, -3359.466, 790.996, -45.3566, 160, 160, 160
L -3303.968, 791.501, -36.768, -3334.43, 779.909, -35.5645, 160, 160, 160
L -3270.904, 800.119, -39.6747, -3303.968, 791.501, -36.768, 160, 160, 160
L -3240.482, 781.673, -45.9613, -3270.904, 800.119, -39.6747, 160, 160, 160
L -3180.146, 786.392, -50.388, -3240.482, 781.673, -45.9613, 160, 160, 160
L -3149.156, 787.309, -50.7374, -3180.146, 786.392, -50.388, 160, 160, 160
L -3110.778, 778.376, -47.9358, -3149.156, 787.309, -50.7374, 160, 160, 160
L -3067.242, 786.799, -39.6732, -3110.778, 778.376, -47.9358, 160, 160, 160
L -3043.63, 797.999, -35.9609, -3067.242, 786.799, -39.6732, 160, 160, 160
L -2996.148, 774.013, -33.5022, -3043.63, 797.999, -35.9609, 160, 160, 160
L -2923.916, 741.857, -31.4347, -2996.148, 774.013, -33.5022, 160, 160, 160
L -2885.218, 715.693, -40.255, -2923.916, 741.857, -31.4347, 160, 160, 160
L -2865.193, 680.883, -47.69, -2885.218, 715.693, -40.255, 160, 160, 160
L -2834.008, 659.809, -49.2276, -2865.193, 680.883, -47.69, 160, 160, 160
L -2806.014, 673.602, -49.737, -2834.008, 659.809, -49.2276, 160, 160, 160
L -2796.394, 691.733, -48.9072, -2806.014, 673.602, -49.737, 160, 160, 160
L -2726.708, 745.299, -51.148, -2796.394, 691.733, -48.9072, 160, 160, 160
L -2700.138, 798.386, -51.3115, -2726.708, 745.299, -51.148, 160, 160, 160
L -2678.968, 810.787, -51.3115, -2700.138, 798.386, -51.3115, 160, 160, 160
L -2668.417, 859.294, -49.8761, -2678.968, 810.787, -51.3115, 160, 160, 160
L -2649.743, 889.901, -47.6732, -2668.417, 859.294, -49.8761, 160, 160, 160
L -2632.882, 928.588, -44.8541, -2649.743, 889.901, -47.6732, 160, 160, 160
L -2584.327, 888.46, -50.7759, -2632.882, 928.588, -44.8541, 160, 160, 160
L -2539.957, 895.823, -51.3115, -2584.327, 888.46, -50.7759, 160, 160, 160
L -2528.166, 935.15, -51.3115, -2539.957, 895.823, -51.3115, 160, 160, 160
L -2488.662, 871.648, -37.382, -2528.166, 935.15, -51.3115, 160, 160, 160
L -2464.515, 795.095, -33.1353, -2488.662, 871.648, -37.382, 160, 160, 160
L -2458.163, 766.52, -42.591, -2464.515, 795.095, -33.1353, 160, 160, 160
L -2425.221, 748.392, -48.5409, -2458.163, 766.52, -42.591, 160, 160, 160
L -2323.461, 784.335, -36.2197, -2425.221, 748.392, -48.5409, 160, 160, 160
L -2233.938, 744.138, -51.3115, -2323.461, 784.335, -36.2197, 160, 160, 160
L -2216.039, 730.189, -51.3115, -2233.938, 744.138, -51.3115, 160, 160, 160
L -2171.541, 706.367, -51.3115, -2216.039, 730.189, -51.3115, 160, 160, 160
L -2142.058, 683.673, -51.3115, -2171.541, 706.367, -51.3115, 160, 160, 160
L -2109.593, 684.424, -51.3115, -2142.058, 683.673, -51.3115, 160, 160, 160
L -2062.412, 687.364, -51.3115, -2109.593, 684.424, -51.3115, 160, 160, 160
L -2043.1, 696.466, -51.3115, -2062.412, 687.364, -51.3115, 160, 160, 160
L -1982.636, 680.508, -51.3115, -2043.1, 696.466, -51.3115, 160, 160, 160
L -1958.953, 687.415, -51.3115, -1982.636, 680.508, -51.3115, 160, 160, 160
L -1911.298, 677.658, -51.3115, -1958.953, 687.415, -51.3115, 160, 160, 160
L -1875.759, 685.739, -51.3115, -1911.298, 677.658, -51.3115, 160, 160, 160
L -1857.655, 683.811, -51.3115, -1875.759, 685.739, -51.3115, 160, 160, 160
L -1827.71, 689.966, -51.3115, -1857.655, 683.811, -51.3115, 160, 160, 160
L -1785.449, 676.085, -51.3115, -1827.71, 689.966, -51.3115, 160, 160, 160
L -1745.053, 687.924, -51.3115, -1785.449, 676.085, -51.3115, 160, 160, 160
L -1715.647, 694.649, -51.3115, -1745.053, 687.924, -51.3115, 160, 160, 160
L -1681.765, 685.388, -51.3115, -1715.647, 694.649, -51.3115, 160, 160, 160
L -1644.752, 681.963, -51.3115, -1681.765, 685.388, -51.3115, 160, 160, 160
L -1620.088, 683.969, -51.3115, -1644.752, 681.963, -51.3115, 160, 160, 160
L -1595.511, 679.851, -51.3115, -1620.088, 683.969, -51.3115, 160, 160, 160
L -1571.647, 687.379, -51.3115, -1595.511, 679.851, -51.3115, 160, 160, 160
L -1524.149, 677.004, -51.3115, -1571.647, 687.379, -51.3115, 160, 160, 160
L -1488.474, 686.007, -51.3115, -1524.149, 677.004, -51.3115, 160, 160, 160
L -1397.043, 694.485, -51.3115, -1488.474, 686.007, -51.3115, 160, 160, 160
L -1380.066, 701.462, -51.3115, -1397.043, 694.485, -51.3115, 160, 160, 160
L -1351.402, 703.82, -51.3115, -1380.066, 701.462, -51.3115, 160, 160, 160
L -1340.957, 729.615, -51.3115, -1351.402, 703.82, -51.3115, 160, 160, 160
L -1295.353, 762.916, -51.3115, -1340.957, 729.615, -51.3115, 160, 160, 160
L -1279.987, 780.842, -51.3115, -1295.353, 762.916, -51.3115, 160, 160, 160
L -1248.726, 785.874, -51.3115, -1279.987, 780.842, -51.3115, 160, 160, 160
L -1244.391, 760.308, -51.3115, -1248.726, 785.874, -51.3115, 160, 160, 160
L -1222.487, 737.054, -51.3115, -1244.391, 760.308, -51.3115, 160, 160, 160
L -1191.607, 719.08, -51.3115, -1222.487, 737.054, -51.3115, 160, 160, 160
L -1170.427, 710.811, -51.3115, -1191.607, 719.08, -51.3115, 160, 160, 160
L -1164.439, 692.102, -51.3115, -1170.427, 710.811, -51.3115, 160, 160, 160
L -1145.516, 676.355, -51.3115, -1164.439, 692.102, -51.3115, 160, 160, 160
L -1111.388, 680.972, -51.3115, -1145.516, 676.355, -51.3115, 160, 160, 160
L -1094.173, 687.963, -51.3115, -1111.388, 680.972, -51.3115, 160, 160, 160
L -1081.979, 697.018, -51.3115, -1094.173, 687.963, -51.3115, 160, 160, 160
L -1068.156, 697.032, -51.3115, -1081.979, 697.018, -51.3115, 160, 160, 160
L -1054.91, 686.675, -51.3115, -1068.156, 697.032, -51.3115, 160, 160, 160
L -1018.219, 677.645, -51.3115, -1054.91, 686.675, -51.3115, 160, 160, 160
L -964.422, 688.087, -51.3115, -1018.219, 677.645, -51.3115, 160, 160, 160
L -931.184, 678.407, -51.3115, -964.422, 688.087, -51.3115, 160, 160, 160
L -890.462, 682.7, -51.3115, -931.184, 678.407, -51.3115, 160, 160, 160
L -853.329, 701.529, -51.3115, -890.462, 682.7, -51.3115, 160, 160, 160
L -803.548, 677.407, -51.3115, -853.329, 701.529, -51.3115, 160, 160, 160
L -743.997, 696.616, -51.3115, -803.548, 677.407, -51.3115, 160, 160, 160
L -725.46, 689.869, -51.3115, -743.997, 696.616, -51.3115, 160, 160, 160
L -687.567, 693.378, -51.3115, -725.46, 689.869, -51.3115, 160, 160, 160
L -650.673, 708.63, -51.3115, -687.567, 693.378, -51.3115, 160, 160, 160
L -588.178, 774.481, -50.4996, -650.673, 708.63, -51.3115, 160, 160, 160
L -545.617, 781.471, -50.3423, -588.178, 774.481, -50.4996, 160, 160, 160
L -540.682, 753.343, -51.45, -545.617, 781.471, -50.3423, 160, 160, 160
L -525.377, 747.964, -51.1272, -540.682, 753.343, -51.45, 160, 160, 160
L -478.454, 797.675, -51.604, -525.377, 747.964, -51.1272, 160, 160, 160
L -458.471, 807.418, -51.3029, -478.454, 797.675, -51.604, 160, 160, 160
L -421.525, 844.671, -50.9352, -458.471, 807.418, -51.3029, 160, 160, 160
L -391.124, 869.61, -48.5403, -421.525, 844.671, -50.9352, 160, 160, 160
L -359.572, 885.516, -47.972, -391.124, 869.61, -48.5403, 160, 160, 160
L -339.455, 877.149, -47.8543, -359.572, 885.516, -47.972, 160, 160, 160
L -333.397, 848.653, -50.5257, -339.455, 877.149, -47.8543, 160, 160, 160
L -320.115, 827.014, -51.3115, -333.397, 848.653, -50.5257, 160, 160, 160
L -294.411, 780.805, -51.3115, -320.115, 827.014, -51.3115, 160, 160, 160
L -264.375, 805.152, -51.3115, -294.411, 780.805, -51.3115, 160, 160, 160
L -239.635, 798.364, -51.3115, -264.375, 805.152, -51.3115, 160, 160, 160
L -234.88, 833.832, -51.3115, -239.635, 798.364, -51.3115, 160, 160, 160
L -193.749, 861.319, -51.696, -234.88, 833.832, -51.3115, 160, 160, 160
L -155.182, 872.682, -50.9729, -193.749, 861.319, -51.696, 160, 160, 160
L -113.91, 873.828, -51.1272, -155.182, 872.682, -50.9729, 160, 160, 160
L -90.189, 883.163, -51.3156, -113.91, 873.828, -51.1272, 160, 160, 160
L -63.103, 890.801, -51.4322, -90.189, 883.163, -51.3156, 160, 160, 160
L -30.636, 886.622, -51.4626, -63.103, 890.801, -51.4322, 160, 160, 160
L 5.607, 884.64, -51.4677, -30.636, 886.622, -51.4626, 160, 160, 160
L 20.972, 892.004, -51.4677, 5.607, 884.64, -51.4677, 160, 160, 160
L 106.459, 891.329, -51.4677, 20.972, 892.004, -51.4677, 160, 160, 160
L 126.758, 896.482, -51.4677, 106.459, 891.329, -51.4677, 160, 160, 160
L 155.014, 883.394, -51.4677, 126.758, 896.482, -51.4677, 160, 160, 160
L 219.151, 891.809, -51.4677, 155.014, 883.394, -51.4677, 160, 160, 160
L 240.155, 898.135, -51.4677, 219.151, 891.809, -51.4677, 160, 160, 160
L 279.924, 883.911, -51.4677, 240.155, 898.135, -51.4677, 160, 160, 160
L 302.148, 878.671, -51.4677, 279.924, 883.911, -51.4677, 160, 160, 160
L 324.73, 886.64, -51.4677, 302.148, 878.671, -51.4677, 160, 160, 160
L 361.554, 891.572, -51.4677, 324.73, 886.64, -51.4677, 160, 160, 160
L 421.807, 870.578, -35.8136, 361.554, 891.572, -51.4677, 160, 160, 160
L 459.186, 850.155, -30.9825, 421.807, 870.578, -35.8136, 160, 160, 160
L 537.758, 800.872, -27.6911, 459.186, 850.155, -30.9825, 160, 160, 160
L 553.723, 771.029, -39.3626, 537.758, 800.872, -27.6911, 160, 160, 160
L 579.505, 751.701, -47.6997, 553.723, 771.029, -39.3626, 160, 160, 160
L 598.566, 767.686, -44.6617, 579.505, 751.701, -47.6997, 160, 160, 160
L 613.871, 770.381, -44.6974, 598.566, 767.686, -44.6617, 160, 160, 160
L 623.508, 782.982, -41.9048, 613.871, 770.381, -44.6974, 160, 160, 160
L 654.971, 782.632, -42.157, 623.508, 782.982, -41.9048, 160, 160, 160
L 656.111, 756.291, -47.8765, 654.971, 782.632, -42.157, 160, 160, 160
L 674.852, 747.31, -49.8158, 656.111, 756.291, -47.8765, 160, 160, 160
L 708.922, 790.963, -47.685, 674.852, 747.31, -49.8158, 160, 160, 160
L 720.998, 807.433, -46.7556, 708.922, 790.963, -47.685, 160, 160, 160
L 744.629, 811.666, -51.208, 720.998, 807.433, -46.7556, 160, 160, 160
L 756.1, 831.604, -49.1852, 744.629, 811.666, -51.208, 160, 160, 160
L 771.434, 839.458, -50.8481, 756.1, 831.604, -49.1852, 160, 160, 160
L 817.329, 880.537, -51.4677, 771.434, 839.458, -50.8481, 160, 160, 160
L 856, 883.612, -51.4677, 817.329, 880.537, -51.4677, 160, 160, 160
L 860.538, 852.437, -51.4677, 856, 883.612, -51.4677, 160, 160, 160
L 915.748, 816.364, -46.5724, 860.538, 852.437, -51.4677, 160, 160, 160
L 929.19, 799.094, -45.7637, 915.748, 816.364, -46.5724, 160, 160, 160
L 941.82, 797.129, -46.2539, 929.19, 799.094, -45.7637, 160, 160, 160
L 951.699, 770.344, -55.8164, 941.82, 797.129, -46.2539, 160, 160, 160
L 991.504, 699.41, -70.171, 951.699, 770.344, -55.8164, 160, 160, 160
L 1006.047, 685.979, -70.4702, 991.504, 699.41, -70.171, 160, 160, 160
L 1028.988, 689.803, -68.3271, 1006.047, 685.979, -70.4702, 160, 160, 160
L 1062.212, 703.761, -64.2126, 1028.988, 689.803, -68.3271, 160, 160, 160
L 1088.515, 708.075, -61.5003, 1062.212, 703.761, -64.2126, 160, 160, 160
L 1108.835, 698.303, -60.3252, 1088.515, 708.075, -61.5003, 160, 160, 160
L 1143.092, 700.461, -56.4716, 1108.835, 698.303, -60.3252, 160, 160, 160
L 1161.878, 699.677, -53.499, 1143.092, 700.461, -56.4716, 160, 160, 160
L 1187.885, 729.093, -51.4677, 1161.878, 699.677, -53.499, 160, 160, 160
L 1204.882, 720.371, -51.4677, 1187.885, 729.093, -51.4677, 160, 160, 160
L 1226.955, 715.753, -51.4677, 1204.882, 720.371, -51.4677, 160, 160, 160
L 1233.441, 695.539, -51.4677, 1226.955, 715.753, -51.4677, 160, 160, 160
L 1252.632, 679.177, -51.4677, 1233.441, 695.539, -51.4677, 160, 160, 160
L 1271.195, 685.658, -51.4677, 1252.632, 679.177, -51.4677, 160, 160, 160
L 1299.475, 670.75, -41.5133, 1271.195, 685.658, -51.4677, 160, 160, 160
L 1321.626, 673.041, -35.4883, 1299.475, 670.75, -41.5133, 160, 160, 160
L 1330.892, 653.338, -36.8352, 1321.626, 673.041, -35.4883, 160, 160, 160
L 1364.682, 645.965, -30.4604, 1330.892, 653.338, -36.8352, 160, 160, 160
L 1417.457, 613.901, -27.8603, 1364.682, 645.965, -30.4604, 160, 160, 160
L 1429.92, 596.443, -29.6964, 1417.457, 613.901, -27.8603, 160, 160, 160
L 1444.727, 585.626, -33.6445, 1429.92, 596.443, -29.6964, 160, 160, 160
L 1460.461, 564.187, -42.319, 1444.727, 585.626, -33.6445, 160, 160, 160
L 1476.212, 533.992, -51.637, 1460.461, 564.187, -42.319, 160, 160, 160
L 1486.599, 507.097, -52.9517, 1476.212, 533.992, -51.637, 160, 160, 160
L 1493.025, 501.606, -53.7652, 1486.599, 507.097, -52.9517, 160, 160, 160
L 1509.663, 478.41, -55.8714, 1493.025, 501.606, -53.7652, 160, 160, 160
L 1527.933, 504.836, -58.1841, 1509.663, 478.41, -55.8714, 160, 160, 160
L 1529.202, 508.327, -61.4761, 1527.933, 504.836, -58.1841, 160, 160, 160
L 1539.211, 498.366, -63.3445, 1529.202, 508.327, -61.4761, 160, 160, 160
L 1551.38, 504.896, -65.4268, 1539.211, 498.366, -63.3445, 160, 160, 160
L 1558.081, 491.142, -68.2434, 1551.38, 504.896, -65.4268, 160, 160, 160
L 1556.685, 507.468, -63.2134, 1558.081, 491.142, -68.2434, 160, 160, 160
L -472.588, 1153.66, -41.6552, -514.59, 1153.66, -41.6552, 160, 160, 160
L -472.483, 1126.181, -41.6242, -472.588, 1153.66, -41.6552, 160, 160, 160
L -463.437, 1042.476, -40.6948, -472.483, 1126.181, -41.6242, 160, 160, 160
L 1662.798, -1201.805, 85.8024, 1522.404, 1175.5, 3.9584, 160, 160, 160
L 1522.404, 1175.5, 86.9179, 933.812, 1175.57, 66.4731, 160, 160, 160
L 1662.798, -1201.805, 68.8409, 1304.719, -1201.995, 70.9386, 160, 160, 160
L 1304.719, -1201.995, 70.9386, 1254.214, -1202.023, 84.2505, 160, 160, 160
L 1277.424, -1202.011, 80.4959, 1135.379, -1202.099, 113.8748, 160, 160, 160
L 1135.379, -1202.099, 113.8748, 1035.536, -1202.163, 112.678, 160, 160, 160
L 1035.536, -1202.163, 112.678, 720.791, -1202.34, 83.2895, 160, 160, 160
L 720.791, -1202.34, 83.2895, 671.407, -1202.366, 104.1602, 160, 160, 160
L 671.407, -1202.366, 104.1602, 530.444, -1202.44, 98.7133, 160, 160, 160
L 530.444, -1202.44, 98.7133, -944.081, -1203.168, 25.3967, 160, 160, 160
L -944.081, -1203.168, 25.3967, -1637.352, -1203.571, 89.8841, 160, 160, 160
L -1637.352, -1203.571, 89.8841, -2054.642, -1203.803, 135.2737, 160, 160, 160
L -2054.642, -1203.803, 135.2737, -2441.627, -1204.032, 42.6094, 160, 160, 160
L -2441.627, -1204.032, 42.6094, -2636.109, -1204.136, 124.6024, 160, 160, 160
L -2636.109, -1204.136, 124.6024, -2902.086, -1204.285, 76.1286, 160, 160, 160
L -2902.086, -1204.285, 76.1286, -3247.928, -1204.495, 76.5469, 160, 160, 160
L -3247.928, -1204.495, 76.5469, -3487.496, -1204.63, 53.898, 160, 160, 160
L -3487.496, -1204.63, 53.898, -3865.396, -1205.116, 10.27, 160, 160, 160
L -3865.396, -1205.116, 10.27, -3959.37, -1109.605, 29.259, 160, 160, 160
L -3959.37, -1109.605, 29.259, -3967.323, -1058.673, -48.3577, 160, 160, 160
L -3967.323, -1058.673, -48.3577, -4003.392, -1094.589, -51.4677, 160, 160, 160
L -4003.392, -1094.589, -51.4677, -4026.08, -1106.19, -51.4564, 160, 160, 160
L -4026.08, -1106.19, -51.4564, -4058.67, -1101.291, -51.4673, 160, 160, 160
L -4058.67, -1101.291, -51.4673, -4094.677, -1040.016, -51.4677, 160, 160, 160
L -4094.677, -1040.016, -51.4677, -4089.22, -977.608, -51.4677, 160, 160, 160
L -4089.22, -977.608, -51.4677, -4056.968, -964.131, -51.4677, 160, 160, 160
L -4056.968, -964.131, -51.4677, -4038.086, -947.962, -51.4671, 160, 160, 160
L -4038.086, -947.962, -51.4671, -4037.938, -921.082, -51.4677, 160, 160, 160
L -4037.938, -921.082, -51.4677, -4074.096, -899.011, -51.4677, 160, 160, 160
L -4074.096, -899.011, -51.4677, -4113.747, -929.72, -51.4652, 160, 160, 160
L -4113.747, -929.72, -51.4652, -4160.007, -909.453, -51.4677, 160, 160, 160
L -4146.284, -889.405, -51.4603, -4132.918, -897.328, -51.4647, 160, 160, 160
L -4146.284, -889.405, -51.4677, -4160.007, -909.453, -51.4677, 160, 160, 160
L -4132.575, -897.532, -51.4654, -4111.413, -910.073, -51.4602, 160, 160, 160
L -4111.413, -910.073, -51.4602, -4072.047, -879.038, -51.4645, 160, 160, 160
L -4072.047, -879.038, -51.4645, -4022.228, -900.952, -51.4461, 160, 160, 160
L -4022.228, -900.952, -51.4461, -4015.674, -954.487, -51.4662, 160, 160, 160
L -4015.674, -954.487, -51.4662, -4043.709, -986.566, -51.4662, 160, 160, 160
L -4043.709, -986.566, -51.4662, -4068.159, -1032.587, -51.4677, 160, 160, 160
L -4068.159, -1032.587, -51.4677, -4045.478, -1070.711, -51.4613, 160, 160, 160
L -4045.478, -1070.711, -51.4613, -4033.171, -1077.762, -51.4677, 160, 160, 160
L -4033.171, -1077.762, -51.4677, -4013.226, -1064.017, -51.4677, 160, 160, 160
L -4013.226, -1064.017, -51.4677, -3965.99, -1006.729, -51.3995, 160, 160, 160
L -3965.99, -1006.729, -51.3995, -3953.388, -961.142, -20.8728, 160, 160, 160
L -3953.388, -961.142, -20.8728, -3901.724, -840.68, 25.6331, 160, 160, 160
L -3901.724, -840.68, 25.6331, -3900.696, -761.723, 80.3752, 160, 160, 160
L -3900.696, -761.723, 80.3752, -3898.59, -600.387, 81.241, 160, 160, 160
L -3898.59, -600.387, 81.241, -3895.364, -353.99, 114.6, 160, 160, 160
L -3895.364, -353.99, 114.6, -3892.878, -155.772, 112.8088, 160, 160, 160
L -3892.878, -155.772, 112.8088, -3891.184, -33.304, 84.7836, 160, 160, 160
L -3891.184, -33.304, 84.7836, -3889.489, 95.959, 102.7766, 160, 160, 160
L -3889.489, 95.959, 102.7766, -3887.927, 215.047, 100.614, 160, 160, 160
L -3887.927, 215.047, 100.614, -3886.501, 324.179, 108.9741, 160, 160, 160
L -3886.501, 324.179, 108.9741, -3884.999, 439.578, 126.4612, 160, 160, 160
L -3884.999, 439.578, 126.4612, -3883.514, 553.705, 123.5792, 160, 160, 160
L -3883.514, 553.705, 123.5792, -3882.568, 679.997, 103.8842, 160, 160, 160
L -3882.568, 679.997, 103.8842, -3880.2, 806.534, 96.9205, 160, 160, 160
L -3880.2, 806.534, 96.9205, -3877.055, 1047.62, 85.9797, 160, 160, 160
L -3877.055, 1047.62, 85.9797, -3875.258, 1185.131, 84.5605, 160, 160, 160
L -3875.258, 1185.131, 55.6602, -3633.911, 1184.501, 91.815, 160, 160, 160
L -3633.911, 1184.501, 91.815, -3553.995, 1185.145, 101.4209, 160, 160, 160
L -3553.995, 1185.145, 101.4209, -3419.236, 1183.927, 121.1873, 160, 160, 160
L -3419.236, 1183.927, 121.1873, -3152.716, 1183.698, 126.3415, 160, 160, 160
L -3152.716, 1183.698, 126.3415, -3032.976, 1182.924, 125.9744, 160, 160, 160
L -3032.976, 1182.924, 125.9744, -2906.221, 1182.585, 112.9659, 160, 160, 160
L -2906.221, 1182.585, 112.9659, -2778.449, 1182.77, 101.9702, 160, 160, 160
L -2778.449, 1182.77, 101.9702, -2635.586, 1181.882, 108.2047, 160, 160, 160
L -2635.586, 1181.882, 108.2047, -2482.139, 1181.48, 91.122, 160, 160, 160
L -2482.139, 1181.48, 91.122, -2340.517, 1181.102, 85.4252, 160, 160, 160
L -2340.517, 1181.102, 85.4252, -2176.021, 1180.669, 88.15, 160, 160, 160
L -2176.021, 1180.669, 88.15, -1995.219, 1180.319, 86.9869, 160, 160, 160
L -1995.219, 1180.319, 86.9869, -1850.036, 1179.821, 107.66, 160, 160, 160
L -1850.036, 1179.821, 107.66, -1684.141, 1179.375, 108.1445, 160, 160, 160
L -1684.141, 1179.375, 108.1445, -1532.238, 1178.985, 152.8896, 160, 160, 160
L -1532.238, 1178.985, 152.8896, -1419.086, 1178.695, 133.6509, 160, 160, 160
L -1419.086, 1178.695, 133.6509, -1313.695, 1178.417, 107.6195, 160, 160, 160
L -1313.695, 1178.417, 107.6195, -1221.497, 1178.17, 77.8936, 160, 160, 160
L -1221.497, 1178.17, 77.8936, -1169.498, 1178.032, 75.359, 160, 160, 160
L -1169.498, 1178.032, 75.359, -1122.2, 1177.905, 81.703, 160, 160, 160
L -1122.2, 1177.905, 81.703, -1077.239, 1177.785, 80.448, 160, 160, 160
L -1077.239, 1177.785, 80.448, -960.091, 1177.484, 86.5002, 160, 160, 160
L -960.091, 1177.484, 86.5002, -831.648, 1177.154, 52.486, 160, 160, 160
L -831.648, 1177.154, 52.486, -678.555, 1176.755, 53.1009, 160, 160, 160
L -678.555, 1176.755, 53.1009, -668.575, 1173.742, 53.4517, 160, 160, 160
L -668.575, 1173.742, 53.4517, -578.173, 1176.474, 74.6409, 160, 160, 160
L -578.173, 1176.474, 74.6409, -448.194, 1176.137, 93.9609, 160, 160, 160
L -448.194, 1176.137, 93.9609, -297.666, 1175.751, 97.7519, 160, 160, 160
L -297.666, 1175.751, 97.7519, -180.517, 1175.446, 96.8576, 160, 160, 160
L -180.517, 1175.446, 96.8576, -72.605, 1175.158, 70.5433, 160, 160, 160
L -72.605, 1175.158, 70.5433, 34.779, 1174.87, 77.32, 160, 160, 160
L 34.779, 1174.87, 77.32, 192.326, 1174.448, 78.9882, 160, 160, 160
L 192.326, 1174.448, 78.9882, 345.648, 1174.039, 78.3661, 160, 160, 160
L 345.648, 1174.039, 78.3661, 454.035, 1173.754, 70.5215, 160, 160, 160
L 454.035, 1173.754, 70.5215, 549.895, 1173.504, 72.9294, 160, 160, 160
L 549.895, 1173.504, 72.9294, 666.366, 1173.652, 78.2907, 160, 160, 160
L 666.366, 1173.652, 78.2907, 772.869, 1174.416, 80.8319, 160, 160, 160
L 772.869, 1174.416, 80.8319, 933.812, 1175.57, 61.2393, 160, 160, 160
L 933.678, 1175.57, 61.2393, 1001.327, 1176.057, 79.2109, 160, 160, 160
L -514.59, 1153.66, -41.6552, -514.59, 1161.505, -41.6552, 160, 160, 160
L -528.403, 1160.352, -41.6552, -528.398, 1140.41, -41.6552, 160, 160, 160
L -528.398, 1140.41, -41.6552, -485.773, 1140.41, -41.6552, 160, 160, 160
L -485.773, 1140.41, -41.6552, -486.09, 1125.156, -41.6546, 160, 160, 160
L -486.09, 1125.156, -41.6546, -490.303, 1042.117, -41.7567, 160, 160, 160
L -372.503, -1114.781, -49.823, -391.095, -1150.476, -49.2698, 160, 160, 160
L -391.095, -1150.476, -48.4725, -426.999, -1131.942, -48.4129, 160, 160, 160
L -426.999, -1131.942, -49.9003, -408.316, -1096.12, -50.5906, 160, 160, 160
L -392.114, -1147.265, -48.9613, -375.719, -1115.79, -49.1764, 160, 160, 160
L -375.719, -1115.79, -50.572, -388.441, -1109.177, -50.3027, 160, 160, 160
L -423.725, -1131.549, -48.8911, -392.114, -1147.265, -48.5075, 160, 160, 160
L -387.337, -1107.05, -50.5745, -372.503, -1114.781, -50.4393, 160, 160, 160
L -393.444, -1104.403, -50.9091, -408.316, -1096.12, -51.97, 160, 160, 160
L -407.217, -1099.405, -50.292, -423.725, -1131.549, -50.831, 160, 160, 160
L -394.554, -1106.005, -50.3027, -407.217, -1099.405, -50.3027, 160, 160, 160
L -167.534, 703.798, -54.4742, -167.534, 700.954, -54.4742, 160, 160, 160
L -167.534, 700.954, -54.4742, -179.029, 689.299, -54.4647, 160, 160, 160
L -179.029, 689.299, -54.4647, -195.136, 689.811, -54.4513, 160, 160, 160
L -195.136, 689.811, -54.4513, -199.266, 692.88, -54.4478, 160, 160, 160
L -199.266, 692.88, -54.4478, -202.714, 689.535, -54.445, 160, 160, 160
L -202.714, 689.535, -54.445, -207.61, 693.854, -54.441, 160, 160, 160
L -207.61, 693.854, -54.441, -204.137, 697.75, -54.4438, 160, 160, 160
L -204.137, 697.75, -54.4438, -207.208, 700.938, -54.4412, 160, 160, 160
L -207.208, 700.938, -54.4412, -207.208, 717.049, -54.4412, 160, 160, 160
L -207.208, 717.049, -54.4412, -195.712, 728.749, -54.4508, 160, 160, 160
L -195.712, 728.749, -54.4508, -179.491, 728.842, -54.4643, 160, 160, 160
L -179.491, 728.842, -54.4643, -167.914, 717.603, -54.4739, 160, 160, 160
L -167.914, 717.603, -54.4739, -167.536, 713.853, -54.4742, 160, 160, 160
L -169.512, 713.74, -53.8509, -169.544, 716.312, -53.8509, 160, 160, 160
L -169.544, 716.312, -53.8509, -179.972, 726.603, -53.8509, 160, 160, 160
L -179.972, 726.603, -53.8509, -195.219, 726.435, -53.8509, 160, 160, 160
L -195.219, 726.435, -53.8509, -205.057, 716.641, -53.8509, 160, 160, 160
L -205.057, 716.641, -53.8509, -205.054, 701.487, -53.8509, 160, 160, 160
L -205.054, 701.487, -53.8509, -202.699, 699.133, -53.8509, 160, 160, 160
L -202.699, 699.133, -53.8509, -202.31, 699.966, -53.8509, 160, 160, 160
L -202.31, 699.966, -53.8509, -197.057, 695.022, -53.8509, 160, 160, 160
L -198.346, 694.98, -53.8509, -194.65, 691.088, -53.8509, 160, 160, 160
L -198.346, 694.98, -53.8509, -197.057, 695.022, -53.8509, 160, 160, 160
L -194.65, 691.088, -53.8509, -179.941, 691.091, -53.8509, 160, 160, 160
L -169.542, 701.495, -53.8509, -179.941, 691.091, -53.8509, 160, 160, 160
L -169.542, 701.495, -53.8509, -169.542, 703.775, -53.8509, 160, 160, 160
L 26.112, -36.049, -54.5927, 25.055, -29.469, -54.5927, 160, 160, 160
L 25.055, -29.469, -54.5927, 44.86, -26.291, -54.5927, 160, 160, 160
L 44.86, -26.291, -54.5927, 48.038, -46.092, -54.5927, 160, 160, 160
L 48.038, -46.092, -54.5927, 28.233, -49.275, -54.5927, 160, 160, 160
L 28.233, -49.275, -54.5927, 26.566, -42.56, -54.5927, 160, 160, 160
L 26.472, -30.488, -54.5927, 27.328, -36.261, -54.5927, 160, 160, 160
L 28.374, -42.364, -54.5927, 29.259, -48.319, -54.5927, 160, 160, 160
L 29.259, -48.319, -54.5927, 46.628, -45.073, -54.5927, 160, 160, 160
L 46.628, -45.073, -54.5927, 43.84, -27.701, -54.5927, 160, 160, 160
L 43.84, -27.701, -54.5927, 26.472, -30.488, -54.5927, 160, 160, 160
L -915.06, -1155.378, -37.6082, -923.717, -1155.176, -37.3926, 160, 160, 160
L -923.717, -1155.176, -36.6861, -927.372, -1147.032, -35.8708, 160, 160, 160
L -927.372, -1147.032, -35.8232, -924.449, -1141.175, -36.4941, 160, 160, 160
L -912.569, -1141.009, -38.8997, -909.624, -1147.046, -39.3102, 160, 160, 160
L -909.624, -1147.046, -39.2175, -915.06, -1155.378, -38.9316, 160, 160, 160
L -887.412, -1130.452, -43.3596, -883.896, -1147.54, -43.3858, 160, 160, 160
L -883.896, -1147.54, -43.978, -867.601, -1145.32, -44.5688, 160, 160, 160
L -869.412, -1126.768, -46.653, -867.601, -1145.32, -46.332, 160, 160, 160
L -887.412, -1130.452, -43.9898, -869.412, -1126.768, -44.7222, 160, 160, 160
L -868.438, -1101.456, -46.7822, -861.612, -1108.599, -47.7263, 160, 160, 160
L -861.612, -1108.599, -47.7263, -853.968, -1105.562, -48.9656, 160, 160, 160
L -853.968, -1105.562, -48.9656, -851.89, -1098.089, -49.4737, 160, 160, 160
L -851.89, -1098.089, -49.4737, -856.527, -1092.112, -48.8898, 160, 160, 160
L -856.527, -1092.112, -48.8898, -865.446, -1093.406, -47.1942, 160, 160, 160
L -903.388, -1064.323, -38.978, -917.771, -1068.039, -36.1997, 160, 160, 160
L -917.771, -1068.039, -36.1997, -921.229, -1059.151, -35.3205, 160, 160, 160
L -921.229, -1059.151, -35.3205, -908, -1053.247, -37.9938, 160, 160, 160
L -844.917, -1008.621, -50.7605, -841.292, -1001.239, -50.9906, 160, 160, 160
L -841.292, -1001.239, -51.7287, -832.15, -999.692, -52.2578, 160, 160, 160
L -832.15, -999.692, -53.3532, -827.124, -1007.732, -53.5917, 160, 160, 160
L -827.124, -1007.732, -53.6304, -831.614, -1015.923, -53.4731, 160, 160, 160
L -831.614, -1015.923, -52.5249, -840.152, -1015.958, -52.139, 160, 160, 160
L -841.361, -1015.506, -51.283, -840.152, -1015.958, -51.3444, 160, 160, 160
L -907.239, -1091.951, -39.5313, -902.388, -1088.291, -39.9027, 160, 160, 160
L -902.388, -1088.291, -40.3594, -896.124, -1090.946, -40.6527, 160, 160, 160
L -896.918, -1098.689, -40.7167, -896.124, -1090.946, -40.7169, 160, 160, 160
L -896.918, -1098.689, -40.4819, -901.472, -1100.782, -40.3263, 160, 160, 160
L -901.472, -1100.782, -39.7991, -906.442, -1098.411, -39.3303, 160, 160, 160
L -906.442, -1098.411, -39.3877, -907.239, -1091.951, -39.268, 160, 160, 160
L -1344.413, -432.01, -54.4361, -1344.678, -423.355, -54.4363, 160, 160, 160
L -1344.678, -423.355, -54.4365, -1335.123, -423.989, -54.4361, 160, 160, 160
L -1335.123, -423.989, -54.4365, -1335.758, -432.644, -54.4359, 160, 160, 160
L -1335.758, -432.644, -54.4335, -1344.413, -432.01, -54.4337, 160, 160, 160
L -1344.899, -439.225, -54.4337, -1345.529, -448.531, -54.4337, 160, 160, 160
L -1345.529, -448.531, -54.4337, -1337.732, -448.511, -54.4337, 160, 160, 160
L -1337.732, -448.511, -54.4333, -1336.243, -440.277, -54.4333, 160, 160, 160
L -1336.243, -440.277, -54.4333, -1344.899, -439.225, -54.4331, 160, 160, 160
L -1340.141, -432.323, -54.4339, -1338.255, -432.493, -54.4337, 160, 160, 160
L -1335.481, -429.39, -54.4326, -1335.369, -427.345, -54.4326, 160, 160, 160
L -1339.142, -423.694, -54.4331, -1341.167, -423.546, -54.4331, 160, 160, 160
L -1344.181, -429.205, -54.4333, -1344.266, -430.001, -54.4335, 160, 160, 160
L -1316.405, -429.529, -54.4311, -1317.685, -447.52, -54.4311, 160, 160, 160
L -1317.685, -447.52, -54.4301, -1300.33, -448.16, -54.4301, 160, 160, 160
L -1300.33, -448.16, -54.4311, -1299.05, -431.209, -54.4305, 160, 160, 160
L -1299.05, -431.209, -54.4311, -1316.405, -429.529, -54.4311, 160, 160, 160
L -1311.158, -406.535, -54.4346, -1319.436, -406.696, -54.4344, 160, 160, 160
L -1319.436, -406.696, -54.4341, -1318.98, -397.242, -54.4339, 160, 160, 160
L -1318.98, -397.242, -54.4335, -1310.143, -398.531, -54.4337, 160, 160, 160
L -1310.143, -398.531, -54.4324, -1311.158, -406.535, -54.4324, 160, 160, 160
L -1303.57, -407.028, -54.4324, -1302.932, -398.373, -54.4331, 160, 160, 160
L -1302.932, -398.373, -54.4331, -1294.277, -399.012, -54.4331, 160, 160, 160
L -1294.277, -399.012, -54.4356, -1294.915, -407.667, -54.4354, 160, 160, 160
L -1294.915, -407.667, -54.4339, -1303.57, -407.028, -54.4339, 160, 160, 160
L -1275.403, -436.775, -54.4341, -1274.765, -427.25, -54.4341, 160, 160, 160
L -1274.765, -427.25, -54.4337, -1266.11, -428.61, -54.4335, 160, 160, 160
L -1266.11, -428.61, -54.4337, -1266.748, -436.544, -54.4337, 160, 160, 160
L -1266.748, -436.544, -54.4335, -1275.403, -436.775, -54.4335, 160, 160, 160
L -1275.896, -443.116, -54.4337, -1267.241, -443.755, -54.4337, 160, 160, 160
L -1267.241, -443.755, -54.4337, -1267.88, -452.41, -54.4339, 160, 160, 160
L -1267.88, -452.41, -54.4341, -1276.535, -451.771, -54.4339, 160, 160, 160
L -1276.535, -451.771, -54.4335, -1275.896, -443.116, -54.4335, 160, 160, 160
L -1298.031, -471.303, -54.4341, -1298.669, -479.958, -54.4341, 160, 160, 160
L -1298.669, -479.958, -54.4341, -1307.324, -479.319, -54.4341, 160, 160, 160
L -1307.324, -479.319, -54.4346, -1306.685, -470.664, -54.4344, 160, 160, 160
L -1306.685, -470.664, -54.4328, -1298.031, -471.303, -54.4329, 160, 160, 160
L -1313.897, -470.172, -54.4328, -1314.535, -478.988, -54.4331, 160, 160, 160
L -1314.535, -478.988, -54.4339, -1323.19, -478.188, -54.4339, 160, 160, 160
L -1323.19, -478.188, -54.4339, -1322.552, -469.533, -54.4335, 160, 160, 160
L -1322.552, -469.533, -54.4337, -1313.897, -470.172, -54.4337, 160, 160, 160
L 15.355, -27.489, -54.5927, 14.435, -21.774, -54.5927, 160, 160, 160
L 14.435, -21.774, -54.5927, 19.083, -21.026, -54.5927, 160, 160, 160
L 19.083, -21.026, -54.5927, 20.002, -26.742, -54.5927, 160, 160, 160
L 15.355, -27.489, -54.5927, 20.002, -26.742, -54.5927, 160, 160, 160
L 11.235, -21.766, -51.4677, 7.496, 6.438, -51.4677, 160, 160, 160
L 16.934, -20.992, -53.9677, 11.235, -21.766, -53.9677, 160, 160, 160
L -2135.945, -170.192, -64.4487, -2219.733, -159.46, -64.876, 160, 160, 160
L -2219.733, -159.46, -64.876, -2219.502, -153.53, -64.7971, 160, 160, 160
L -2219.502, -153.53, -64.7971, -2225.372, -154.173, -64.8768, 160, 160, 160
L -2225.372, -154.173, -64.8768, -2231.757, -65.119, -65.8559, 160, 160, 160
L -2231.757, -65.119, -65.8559, -2238.584, -59.621, -64.6694, 160, 160, 160
L -2238.584, -59.621, -64.6694, -2238.728, 26.828, -64.7723, 160, 160, 160
L -2238.728, 26.828, -64.7723, -2325.685, 30.027, -64.6706, 160, 160, 160
L -2325.685, 30.027, -64.6706, -2333.076, 39.973, -64.6745, 160, 160, 160
L -2333.076, 39.973, -64.6745, -2328.684, 108.09, -58.1465, 160, 160, 160
L -2328.684, 108.09, -58.1465, -2335.183, 129.936, -64.6363, 160, 160, 160
L -2335.183, 129.936, -64.6363, -2334.173, 141.967, -64.8187, 160, 160, 160
L -2334.173, 141.967, -64.8187, -2329.387, 240.412, -64.816, 160, 160, 160
L -2329.387, 240.412, -64.816, -2324.097, 246.385, -64.8986, 160, 160, 160
L -2324.097, 246.385, -64.8986, -2228.605, 339.121, -64.1685, 160, 160, 160
L -2228.605, 339.121, -64.1685, -2258.927, 406.876, -64.5983, 160, 160, 160
L -2258.927, 406.876, -64.5983, -2325.972, 408.494, -64.5348, 160, 160, 160
L -2325.972, 408.494, -64.5348, -2355.3, 411.189, -64.8526, 160, 160, 160
L -2355.3, 411.189, -64.8526, -2425.97, 436.828, -64.7766, 160, 160, 160
L -2425.97, 436.828, -64.7766, -2429.968, 436.688, -64.5164, 160, 160, 160
L -2429.968, 436.688, -64.5164, -2525.749, 430.737, -64.8353, 160, 160, 160
L -2525.749, 430.737, -64.8353, -2653.542, 311.967, -64.8615, 160, 160, 160
L -2653.542, 311.967, -64.8615, -2726.774, 298.18, -64.8627, 160, 160, 160
L -2726.774, 298.18, -64.8627, -2800.061, 268.146, -64.8817, 160, 160, 160
L -2800.061, 268.146, -64.8817, -2825.267, 262.038, -64.8132, 160, 160, 160
L -2825.267, 262.038, -64.8132, -2835.912, 329.535, -64.9818, 160, 160, 160
L -2835.912, 329.535, -64.9818, -2925.908, 329.406, -64.7831, 160, 160, 160
L -2925.908, 329.406, -64.7831, -2946.081, 319.684, -64.88, 160, 160, 160
L -2946.081, 319.684, -64.88, -3024.965, 316.305, -64.9317, 160, 160, 160
L -3024.965, 316.305, -64.9317, -3104.678, 240.139, -64.8371, 160, 160, 160
L -3104.678, 240.139, -64.8371, -3104.914, 160.419, -64.8149, 160, 160, 160
L -3104.914, 160.419, -64.8149, -3116.375, 140.081, -64.8098, 160, 160, 160
L -3116.375, 140.081, -64.8098, -3118.673, 47.027, -64.6482, 160, 160, 160
L -3118.673, 47.027, -64.6482, -3105.348, 40.391, -64.7396, 160, 160, 160
L -3105.348, 40.391, -64.7396, -3100.881, -35.604, -64.8306, 160, 160, 160
L -3100.881, -35.604, -64.8306, -3072.124, -60.327, -64.855, 160, 160, 160
L -3072.124, -60.327, -64.855, -3072.154, -106.093, -64.8486, 160, 160, 160
L -3072.154, -106.093, -64.8486, -3025.256, -106.781, -64.8157, 160, 160, 160
L -3025.256, -106.781, -64.8157, -3019.754, -154.216, -64.9248, 160, 160, 160
L -3019.754, -154.216, -64.9248, -2965.887, -159.762, -64.9223, 160, 160, 160
L -2965.887, -159.762, -64.9223, -2966.164, -200.525, -64.8704, 160, 160, 160
L -2966.164, -200.525, -64.8704, -2924.973, -200.748, -64.9654, 160, 160, 160
L -2924.973, -200.748, -64.9654, -2919.473, -253.631, -64.7669, 160, 160, 160
L -2919.473, -253.631, -64.7669, -2819.134, -253.375, -64.5311, 160, 160, 160
L -2819.134, -253.375, -64.5311, -2804.896, -260.103, -64.7198, 160, 160, 160
L -2804.896, -260.103, -64.7198, -2804.418, -339.283, -64.7633, 160, 160, 160
L -2804.418, -339.283, -64.7633, -2724.969, -338.941, -64.7774, 160, 160, 160
L -2724.969, -338.941, -64.7774, -2645.545, -259.767, -64.6264, 160, 160, 160
L -2645.545, -259.767, -64.6264, -2624.608, -250.01, -64.8289, 160, 160, 160
L -2624.608, -250.01, -64.8289, -2595.562, -230.383, -64.7699, 160, 160, 160
L -2595.562, -230.383, -64.7699, -2524.938, -231.259, -64.9119, 160, 160, 160
L -2524.938, -231.259, -64.9119, -2517.264, -251.277, -64.9693, 160, 160, 160
L -2517.264, -251.277, -64.9693, -2424.979, -251.707, -64.898, 160, 160, 160
L -2424.979, -251.707, -64.898, -2419.533, -255.207, -64.7774, 160, 160, 160
L -2419.533, -255.207, -64.7774, -2413.723, -259.605, -64.9382, 160, 160, 160
L -2413.723, -259.605, -64.9382, -2413.74, -348.276, -64.8418, 160, 160, 160
L -2413.74, -348.276, -64.8418, -2225.48, -348.781, -64.8007, 160, 160, 160
L -2225.48, -348.781, -64.8007, -2136.058, -259.197, -64.7396, 160, 160, 160
L -2136.058, -259.197, -64.7396, -2135.945, -170.192, -64.6522, 160, 160, 160
L -2345.199, -382.109, -53.8115, -2349.143, -382.109, -53.8115, 160, 160, 160
L -2332.392, -382.109, -53.8115, -2335.95, -382.109, -53.8115, 160, 160, 160
L -2332.392, -382.109, -53.8115, -2320.547, -393.954, -53.8115, 160, 160, 160
L -2320.547, -393.954, -53.8115, -2320.525, -410.692, -53.8115, 160, 160, 160
L -2320.525, -410.692, -53.8115, -2324.05, -414.217, -53.8115, 160, 160, 160
L -2324.05, -414.217, -53.8106, -2320.342, -418.04, -53.8113, 160, 160, 160
L -2320.342, -418.04, -53.8113, -2326.457, -423.393, -53.8106, 160, 160, 160
L -2326.457, -423.393, -53.8115, -2329.447, -419.615, -53.8115, 160, 160, 160
L -2349.123, -422.546, -53.8106, -2360.978, -410.693, -53.8106, 160, 160, 160
L -2360.978, -410.693, -53.81, -2360.992, -393.955, -53.8115, 160, 160, 160
L -2360.992, -393.955, -53.8115, -2349.143, -382.109, -53.8115, 160, 160, 160
L -2332.378, -422.546, -53.8115, -2329.447, -419.615, -53.8115, 160, 160, 160
L -2332.378, -422.546, -53.8111, -2349.123, -422.546, -53.8111, 160, 160, 160
L -2345.226, -385.506, -50.4759, -2347.75, -385.506, -50.4759, 160, 160, 160
L -2347.75, -385.506, -50.4759, -2357.929, -395.061, -50.4759, 160, 160, 160
L -2357.929, -395.061, -50.4759, -2357.926, -409.462, -50.4759, 160, 160, 160
L -2357.926, -409.462, -50.4759, -2347.742, -419.642, -50.4759, 160, 160, 160
L -2333.344, -419.638, -50.4759, -2347.742, -419.642, -50.4759, 160, 160, 160
L -2333.344, -419.638, -50.4759, -2331.361, -417.654, -50.4759, 160, 160, 160
L -2331.361, -417.654, -50.4759, -2332.183, -416.77, -50.4759, 160, 160, 160
L -2332.183, -416.77, -50.4759, -2326.964, -411.73, -50.4759, 160, 160, 160
L -2325.968, -412.259, -50.4759, -2326.964, -411.73, -50.4759, 160, 160, 160
L -2325.968, -412.259, -50.4759, -2323.164, -409.454, -50.4759, 160, 160, 160
L -2323.164, -409.454, -50.4759, -2323.168, -395.056, -50.4759, 160, 160, 160
L -2323.168, -395.056, -50.4759, -2333.352, -385.486, -50.4759, 160, 160, 160
L -2333.352, -385.486, -50.4759, -2335.976, -385.486, -50.4759, 160, 160, 160
L -1803.697, 33.985, -54.4365, -1727.092, 33.985, -54.4365, 160, 160, 160
L -1727.092, 33.985, -54.4365, -1727.083, -39.565, -54.4365, 160, 160, 160
L -1727.083, -39.565, -54.4365, -1803.114, -39.568, -54.4365, 160, 160, 160
L -1803.114, -39.568, -54.3688, -1803.737, -13.691, -54.4365, 160, 160, 160
L -1803.737, -13.691, -54.4365, -1805.04, -13.671, -54.4346, 160, 160, 160
L -1805.04, -13.671, -54.4365, -1805.289, 7.926, -54.4365, 160, 160, 160
L -1803.589, 7.926, -54.4299, -1803.697, 33.985, -54.4365, 160, 160, 160
L -1803.589, 7.926, -54.4365, -1805.289, 7.926, -54.4365, 160, 160, 160
L -1829.433, -53.565, -54.4273, -1808.168, -16.563, -54.4279, 160, 160, 160
L -1808.168, -16.563, -54.4365, -1803.75, -16.563, -54.4365, 160, 160, 160
L -1803.75, -16.563, -54.4365, -1816.949, -54.761, -54.4365, 160, 160, 160
L -1816.949, -54.761, -54.4365, -1829.433, -53.565, -54.4365, 160, 160, 160
L -1816.104, 47.766, -54.4365, -1816.539, 60.418, -54.4365, 160, 160, 160
L -1816.539, 60.418, -54.3363, -1828.565, 59.945, -54.1225, 160, 160, 160
L -1828.565, 59.945, -54.2184, -1829.176, 47.497, -54.3665, 160, 160, 160
L -1829.176, 47.497, -54.4365, -1816.104, 47.766, -54.4365, 160, 160, 160
L -1712.534, 60.75, -54.4365, -1700.609, 60.359, -54.4303, 160, 160, 160
L -1700.609, 60.359, -54.4365, -1699.702, 47.495, -54.4365, 160, 160, 160
L -1699.702, 47.495, -54.4365, -1712.748, 47.668, -54.4365, 160, 160, 160
L -1712.748, 47.668, -54.4365, -1712.534, 60.75, -54.4365, 160, 160, 160
L -1700.047, -52.98, -54.4365, -1700.469, -61.062, -53.9716, 160, 160, 160
L -1700.469, -61.062, -53.9716, -1701.159, -64.177, -53.28, 160, 160, 160
L -1701.159, -64.177, -52.8451, -1712.539, -64.514, -52.8532, 160, 160, 160
L -1753.068, -15.626, -18.1075, -1753.068, 9.394, -18.1075, 160, 160, 160
L -1753.068, 9.394, -18.1365, -1777.879, 9.391, -18.1365, 160, 160, 160
L -1777.879, 9.391, -18.1485, -1777.907, 7.439, -18.1569, 160, 160, 160
L -1777.907, 7.439, -18.1075, -1779.351, 7.462, -18.1075, 160, 160, 160
L -1779.351, 7.462, -18.1075, -1779.104, -13.334, -18.1075, 160, 160, 160
L -1779.104, -13.334, -18.1081, -1777.737, -13.246, -18.1075, 160, 160, 160
L -1777.737, -13.246, -18.1075, -1777.735, -14.63, -18.1075, 160, 160, 160
L -1777.735, -14.63, -18.1104, -1753.068, -15.626, -18.1209, 160, 160, 160
L -1713.039, -52.402, -54.4365, -1712.539, -64.514, -54.414, 160, 160, 160
L -1713.039, -52.402, -54.4365, -1700.047, -52.98, -54.4365, 160, 160, 160
L -514.59, 1161.505, -41.6552, -528.403, 1160.352, -41.6552, 160, 160, 160
L -2365.037, -1057.353, -52.6283, -2361.727, -1058.702, -52.6569, 160, 160, 160
L -2361.727, -1058.702, -52.746, -2361.242, -1062.24, -52.7744, 160, 160, 160
L -2361.242, -1062.24, -52.7695, -2364.068, -1064.423, -52.7432, 160, 160, 160
L -2364.068, -1064.423, -52.6711, -2367.365, -1063.067, -52.624, 160, 160, 160
L -2368.417, -1059.542, -52.4446, -2365.037, -1057.353, -52.4776, 160, 160, 160
L -2368.417, -1059.542, -52.4714, -2367.365, -1063.067, -52.4889, 160, 160, 160
L -2489.373, -1149.536, -47.3434, -2488.34, -1150.971, -47.3999, 160, 160, 160
L -2493.122, -1144.328, -46.9577, -2493.894, -1143.254, -46.908, 160, 160, 160
L -2493.894, -1143.254, -46.5283, -2503.195, -1141.76, -46.3245, 160, 160, 160
L -2503.195, -1141.76, -46.131, -2510.92, -1147.196, -45.8924, 160, 160, 160
L -2510.92, -1147.196, -45.7952, -2512.403, -1156.387, -45.8288, 160, 160, 160
L -2512.403, -1156.387, -45.9669, -2507.916, -1163.118, -45.9936, 160, 160, 160
L -2489.91, -1160.135, -47.527, -2488.34, -1150.971, -47.499, 160, 160, 160
L -2498.152, -1164.199, -38.6509, -2507.916, -1163.118, -39.371, 160, 160, 160
L -2498.152, -1164.199, -40.7317, -2489.91, -1160.135, -42.2175, 160, 160, 160
L -2397.34, -1120.139, -52.4722, -2400.182, -1120.161, -52.4162, 160, 160, 160
L -2400.182, -1120.161, -52.2494, -2411.253, -1131.375, -52.1929, 160, 160, 160
L -2411.253, -1131.375, -52.1499, -2411.394, -1147.032, -52.2222, 160, 160, 160
L -2411.394, -1147.032, -51.6037, -2400.466, -1157.397, -50.4936, 160, 160, 160
L -2400.466, -1157.397, -49.3898, -2385.003, -1157.794, -48.8547, 160, 160, 160
L -2385.003, -1157.794, -48.7094, -2374.553, -1146.581, -48.8083, 160, 160, 160
L -2374.553, -1146.581, -49.4919, -2373.932, -1131.597, -50.964, 160, 160, 160
L -2373.932, -1131.597, -51.754, -2384.201, -1120.156, -51.9247, 160, 160, 160
L -2387.317, -1120.156, -52.9425, -2384.201, -1120.156, -52.9878, 160, 160, 160
L -2347.119, -1117.304, -49.7357, -2345.051, -1117.401, -49.6152, 160, 160, 160
L -2345.051, -1117.401, -49.84, -2338.764, -1124.011, -48.6159, 160, 160, 160
L -2338.764, -1124.011, -47.593, -2338.936, -1132.999, -47.277, 160, 160, 160
L -2338.936, -1132.999, -47.448, -2345.251, -1139.281, -47.15, 160, 160, 160
L -2345.251, -1139.281, -47.2214, -2354.202, -1139.421, -47.4778, 160, 160, 160
L -2354.202, -1139.421, -48.1259, -2361.058, -1133.146, -48.4639, 160, 160, 160
L -2361.058, -1133.146, -49.4639, -2360.992, -1124.405, -49.767, 160, 160, 160
L -2360.992, -1124.405, -50.3115, -2354.418, -1117.252, -50.3594, 160, 160, 160
L -2352.547, -1117.237, -50.2526, -2354.418, -1117.252, -50.3231, 160, 160, 160
L -2251.412, -1129.06, -25.2661, -2251.409, -1127.037, -25.1368, 160, 160, 160
L -2251.409, -1127.037, -24.3373, -2244.544, -1120.65, -23.7255, 160, 160, 160
L -2229.171, -1127.309, -21.248, -2228.998, -1136.306, -21.5744, 160, 160, 160
L -2244.724, -1143.333, -25.7229, -2251.579, -1136.598, -25.9727, 160, 160, 160
L -2251.551, -1134.959, -25.9792, -2251.579, -1136.598, -26.1259, 160, 160, 160
L -2244.544, -1120.65, -22.7441, -2235.43, -1120.939, -22.3748, 160, 160, 160
L -2235.43, -1120.939, -21.1172, -2229.171, -1127.309, -20.9886, 160, 160, 160
L -2228.998, -1136.306, -22.3506, -2235.273, -1143.026, -23.1901, 160, 160, 160
L -2235.273, -1143.026, -24.557, -2244.724, -1143.333, -24.9859, 160, 160, 160
L 102.09, -363.559, -54.5927, 105.496, -363.559, -54.5927, 160, 160, 160
L 105.496, -363.559, -54.5927, 117.127, -375.19, -54.5927, 160, 160, 160
L 117.127, -375.19, -54.5927, 117.136, -391.619, -54.5927, 160, 160, 160
L 117.136, -391.619, -54.5927, 113.468, -395.288, -54.5927, 160, 160, 160
L 113.468, -395.288, -54.5927, 117.199, -399.135, -54.5921, 160, 160, 160
L 117.199, -399.135, -54.5919, 112.195, -403.916, -54.5919, 160, 160, 160
L 112.195, -403.916, -54.5927, 108.6, -400.156, -54.5927, 160, 160, 160
L 108.6, -400.156, -54.5927, 105.512, -403.245, -54.5927, 160, 160, 160
L 105.512, -403.245, -54.5923, 89.076, -403.246, -54.5923, 160, 160, 160
L 89.076, -403.246, -54.5917, 77.448, -391.62, -54.5919, 160, 160, 160
L 77.448, -391.62, -54.5917, 77.422, -375.19, -54.5927, 160, 160, 160
L 77.422, -375.19, -54.5927, 89.056, -363.559, -54.5927, 160, 160, 160
L 89.056, -363.559, -54.5927, 92.84, -363.559, -54.5927, 160, 160, 160
L 92.821, -365.58, -51.8509, 90.14, -365.576, -51.8509, 160, 160, 160
L 90.14, -365.576, -51.8509, 79.739, -375.982, -51.8509, 160, 160, 160
L 79.739, -375.982, -51.8509, 79.743, -390.692, -51.8509, 160, 160, 160
L 79.743, -390.692, -51.8509, 90.146, -401.092, -51.8509, 160, 160, 160
L 90.146, -401.092, -51.8509, 104.855, -401.088, -51.8509, 160, 160, 160
L 104.855, -401.088, -51.8509, 107.209, -398.733, -51.8509, 160, 160, 160
L 107.209, -398.733, -51.8509, 106.375, -398.375, -51.8509, 160, 160, 160
L 106.375, -398.375, -51.8509, 112.199, -393.091, -51.8509, 160, 160, 160
L 112.072, -394.413, -51.8509, 115.539, -390.685, -51.8509, 160, 160, 160
L 112.072, -394.413, -51.8507, 112.199, -393.091, -51.8507, 160, 160, 160
L 115.539, -390.685, -51.8509, 115.501, -375.976, -51.8509, 160, 160, 160
L 115.501, -375.976, -51.8509, 104.847, -365.576, -51.8509, 160, 160, 160
L 102.071, -365.576, -51.8509, 104.847, -365.576, -51.8509, 160, 160, 160
L -506.548, 185.034, -54.4365, -509.491, 183.319, -54.4365, 160, 160, 160
L -509.491, 183.319, -54.4365, -525.389, 187.509, -54.4365, 160, 160, 160
L -525.389, 187.509, -54.4365, -533.68, 201.691, -54.4365, 160, 160, 160
L -533.68, 201.691, -54.4365, -532.355, 206.72, -54.4365, 160, 160, 160
L -532.355, 206.72, -54.4365, -537.481, 208.154, -54.4356, 160, 160, 160
L -537.481, 208.154, -54.4358, -535.62, 214.819, -54.4358, 160, 160, 160
L -535.62, 214.819, -54.4365, -530.601, 213.377, -54.4365, 160, 160, 160
L -530.601, 213.377, -54.4365, -529.489, 217.598, -54.4365, 160, 160, 160
L -529.489, 217.598, -54.4361, -515.29, 225.876, -54.4361, 160, 160, 160
L -515.29, 225.876, -54.4354, -499.392, 221.686, -54.4354, 160, 160, 160
L -499.392, 221.686, -54.435, -491.093, 207.507, -54.4365, 160, 160, 160
L -491.093, 207.507, -54.4365, -495.287, 191.597, -54.4365, 160, 160, 160
L -495.287, 191.597, -54.4365, -498.557, 189.692, -54.4365, 160, 160, 160
L -499.557, 191.446, -51.8509, -497.239, 192.797, -51.8509, 160, 160, 160
L -497.239, 192.797, -51.8509, -493.493, 207.022, -51.8509, 160, 160, 160
L -493.493, 207.022, -51.8509, -500.904, 219.729, -51.8509, 160, 160, 160
L -500.904, 219.729, -51.8509, -515.129, 223.476, -51.8509, 160, 160, 160
L -515.129, 223.476, -51.8509, -528.351, 216.066, -51.8509, 160, 160, 160
L -528.351, 216.066, -51.8509, -528.648, 212.979, -51.8509, 160, 160, 160
L -528.648, 212.979, -51.8509, -527.563, 212.383, -51.8509, 160, 160, 160
L -527.563, 212.383, -51.8509, -529.394, 205.902, -51.8507, 160, 160, 160
L -530.435, 206.551, -51.8509, -531.581, 201.841, -51.8509, 160, 160, 160
L -531.581, 201.841, -51.8509, -524.17, 189.135, -51.8509, 160, 160, 160
L -530.435, 206.551, -51.8507, -529.394, 205.902, -51.8507, 160, 160, 160
L -524.17, 189.135, -51.8509, -509.946, 185.389, -51.8509, 160, 160, 160
L -507.548, 186.787, -51.8509, -509.946, 185.389, -51.8509, 160, 160, 160
L -462.368, 251.848, -54.1683, -465.774, 251.848, -54.1685, 160, 160, 160
L -465.774, 251.848, -54.769, -477.4, 263.474, -54.88, 160, 160, 160
L -477.4, 263.474, -53.8055, -477.422, 279.904, -53.7186, 160, 160, 160
L -477.422, 279.904, -53.4804, -473.744, 283.583, -53.4472, 160, 160, 160
L -473.744, 283.583, -53.3971, -477.445, 287.399, -53.3778, 160, 160, 160
L -472.486, 292.431, -53.2678, -469.745, 288.453, -53.2879, 160, 160, 160
L -469.745, 288.453, -53.2976, -465.967, 291.532, -53.2588, 160, 160, 160
L -465.967, 291.532, -53.2359, -449.362, 291.534, -53.2359, 160, 160, 160
L -449.362, 291.534, -53.3166, -437.723, 279.9, -53.3823, 160, 160, 160
L -437.723, 279.9, -53.731, -437.704, 263.477, -53.7978, 160, 160, 160
L -437.704, 263.477, -53.9658, -449.334, 251.848, -54.217, 160, 160, 160
L -449.334, 251.848, -54.1664, -453.118, 251.848, -54.1664, 160, 160, 160
L -477.445, 287.399, -53.3051, -472.486, 292.431, -53.2864, 160, 160, 160
L -453.1, 253.868, -51.3652, -450.417, 253.868, -51.3652, 160, 160, 160
L -450.417, 253.868, -51.3652, -440.017, 264.99, -51.3652, 160, 160, 160
L -440.017, 264.99, -51.3652, -440.021, 278.982, -51.3652, 160, 160, 160
L -440.021, 278.982, -51.3652, -450.424, 289.382, -51.3652, 160, 160, 160
L -450.424, 289.382, -51.3652, -465.133, 289.378, -51.3652, 160, 160, 160
L -465.133, 289.378, -51.3652, -467.487, 287.023, -51.3652, 160, 160, 160
L -467.487, 287.023, -51.3652, -466.654, 286.155, -51.3652, 160, 160, 160
L -466.654, 286.155, -51.3652, -471.599, 281.381, -51.3648, 160, 160, 160
L -472.35, 282.158, -51.3652, -471.599, 281.381, -51.3652, 160, 160, 160
L -472.35, 282.158, -51.3652, -475.533, 278.974, -51.3652, 160, 160, 160
L -475.533, 278.974, -51.3652, -475.528, 264.931, -51.3652, 160, 160, 160
L -475.528, 264.931, -51.3652, -465.125, 253.866, -51.3652, 160, 160, 160
L -462.35, 253.866, -51.3652, -465.125, 253.866, -51.3652, 160, 160, 160
L -412.275, 152.771, -54.4365, -412.275, 155.672, -54.4365, 160, 160, 160
L -412.275, 155.672, -54.4365, -401.541, 166.406, -54.4365, 160, 160, 160
L -401.541, 166.406, -54.4365, -412.239, 177.119, -54.4365, 160, 160, 160
L -412.239, 177.119, -54.4365, -412.227, 193.557, -54.4365, 160, 160, 160
L -412.227, 193.557, -54.4365, -408.563, 197.441, -54.4365, 160, 160, 160
L -408.563, 197.441, -54.4365, -412.209, 201.052, -54.4363, 160, 160, 160
L -412.209, 201.052, -54.4365, -407.315, 205.765, -54.4365, 160, 160, 160
L -407.315, 205.765, -54.4365, -403.714, 202.057, -54.4365, 160, 160, 160
L -403.714, 202.057, -54.4365, -400.593, 205.173, -54.4365, 160, 160, 160
L -400.593, 205.173, -54.4361, -384.157, 205.161, -54.4361, 160, 160, 160
L -384.157, 205.161, -54.4354, -372.543, 193.53, -54.4354, 160, 160, 160
L -372.543, 193.53, -54.4348, -372.555, 177.089, -54.4348, 160, 160, 160
L -372.555, 177.089, -54.435, -383.292, 166.371, -54.4352, 160, 160, 160
L -383.292, 166.371, -54.4365, -380.525, 163.604, -54.4365, 160, 160, 160
L -380.525, 163.604, -54.4365, -376.691, 167.887, -54.4365, 160, 160, 160
L -376.691, 167.887, -54.4365, -371.972, 162.367, -54.4365, 160, 160, 160
L -371.972, 162.367, -54.4365, -375.68, 158.76, -54.4365, 160, 160, 160
L -375.68, 158.76, -54.4365, -372.591, 155.672, -54.4365, 160, 160, 160
L -372.591, 155.672, -54.4359, -372.587, 139.633, -54.4361, 160, 160, 160
L -372.587, 139.633, -54.435, -383.106, 128.716, -54.4354, 160, 160, 160
L -383.106, 128.716, -54.4365, -372.642, 118.984, -54.4365, 160, 160, 160
L -372.642, 118.984, -54.4365, -372.626, 101.832, -54.4365, 160, 160, 160
L -372.626, 101.832, -54.4365, -376.294, 98.159, -54.4365, 160, 160, 160
L -376.294, 98.159, -54.4365, -372.65, 94.345, -54.4365, 160, 160, 160
L -377.539, 89.62, -54.4365, -381.135, 93.309, -54.4365, 160, 160, 160
L -381.135, 93.309, -54.4365, -384.241, 90.881, -54.4365, 160, 160, 160
L -384.241, 90.881, -54.4365, -400.678, 90.182, -54.4359, 160, 160, 160
L -400.678, 90.182, -54.4356, -412.312, 101.796, -54.4356, 160, 160, 160
L -412.312, 101.796, -54.435, -412.328, 118.617, -54.4352, 160, 160, 160
L -412.328, 118.617, -54.4354, -402.101, 128.771, -54.4356, 160, 160, 160
L -402.101, 128.771, -54.4356, -412.273, 139.607, -54.4356, 160, 160, 160
L -412.273, 139.607, -54.4363, -412.274, 143.001, -54.4361, 160, 160, 160
L -377.539, 89.62, -54.4365, -372.65, 94.345, -54.4365, 160, 160, 160
L -410.257, 142.982, -51.3513, -410.257, 140.301, -51.3513, 160, 160, 160
L -410.257, 140.301, -51.3513, -400.122, 129.864, -51.3513, 160, 160, 160
L -400.122, 129.864, -51.3513, -396.946, 129.86, -51.3513, 160, 160, 160
L -396.959, 127.859, -51.3513, -399.647, 127.85, -51.3513, 160, 160, 160
L -399.647, 127.85, -51.3513, -410.034, 117.44, -51.3513, 160, 160, 160
L -410.034, 117.44, -51.3513, -410.019, 102.731, -51.3513, 160, 160, 160
L -410.019, 102.731, -51.3513, -399.606, 92.341, -51.3513, 160, 160, 160
L -399.606, 92.341, -51.3513, -384.897, 92.357, -51.3513, 160, 160, 160
L -384.897, 92.357, -51.3513, -382.538, 94.72, -51.3513, 160, 160, 160
L -382.538, 94.72, -51.3513, -383.364, 95.57, -51.3513, 160, 160, 160
L -383.364, 95.57, -51.3513, -378.404, 100.341, -51.3513, 160, 160, 160
L -377.473, 99.794, -51.3513, -374.507, 102.766, -51.3513, 160, 160, 160
L -377.677, 99.59, -51.3513, -378.404, 100.341, -51.3513, 160, 160, 160
L -374.507, 102.766, -51.3513, -374.523, 117.478, -51.3513, 160, 160, 160
L -374.523, 117.478, -51.3513, -384.932, 127.868, -51.3513, 160, 160, 160
L -387.709, 127.864, -51.3513, -384.932, 127.868, -51.3513, 160, 160, 160
L -387.696, 129.871, -51.3513, -385.168, 129.878, -51.3513, 160, 160, 160
L -385.168, 129.878, -51.3513, -374.746, 140.309, -51.3513, 160, 160, 160
L -374.746, 140.309, -51.3513, -374.747, 151.327, -51.3513, 160, 160, 160
L -374.747, 151.327, -51.3513, -381.624, 151.327, -51.3513, 160, 160, 160
L -381.624, 151.327, -51.3513, -381.624, 146.061, -51.3513, 160, 160, 160
L -381.624, 146.061, -51.3513, -385.35, 146.061, -51.3513, 160, 160, 160
L -385.35, 146.061, -51.3513, -385.351, 154.294, -51.3513, 160, 160, 160
L -374.749, 154.538, -51.3513, -374.749, 155.017, -51.3513, 160, 160, 160
L -374.749, 155.017, -51.3513, -377.1, 157.368, -51.3513, 160, 160, 160
L -377.1, 157.368, -51.3513, -377.943, 156.551, -51.3513, 160, 160, 160
L -377.943, 156.551, -51.3513, -382.71, 161.515, -51.3513, 160, 160, 160
L -382.71, 161.515, -51.3511, -381.967, 162.607, -51.3511, 160, 160, 160
L -381.967, 162.607, -51.3513, -385.219, 165.484, -51.3513, 160, 160, 160
L -387.956, 165.49, -51.3513, -385.219, 165.484, -51.3513, 160, 160, 160
L -387.937, 167.494, -51.3513, -385.25, 167.495, -51.3513, 160, 160, 160
L -385.25, 167.495, -51.3513, -375.471, 177.892, -51.3513, 160, 160, 160
L -375.471, 177.892, -51.3513, -375.394, 192.6, -51.3513, 160, 160, 160
L -375.394, 192.6, -51.3513, -385.233, 203.005, -51.3513, 160, 160, 160
L -385.233, 203.005, -51.3513, -399.942, 203.016, -51.3513, 160, 160, 160
L -399.942, 203.016, -51.3513, -402.31, 200.651, -51.3513, 160, 160, 160
L -402.31, 200.651, -51.3513, -401.493, 199.806, -51.3513, 160, 160, 160
L -401.493, 199.806, -51.3513, -406.46, 195.04, -51.3513, 160, 160, 160
L -407.181, 195.786, -51.3513, -410.351, 192.619, -51.3513, 160, 160, 160
L -407.181, 195.786, -51.3513, -406.46, 195.04, -51.3506, 160, 160, 160
L -410.351, 192.619, -51.3513, -410.358, 177.91, -51.3513, 160, 160, 160
L -410.358, 177.91, -51.3513, -399.964, 167.505, -51.3513, 160, 160, 160
L -397.187, 167.501, -51.3513, -399.964, 167.505, -51.3513, 160, 160, 160
L -397.206, 165.494, -51.3513, -400.448, 165.49, -51.3513, 160, 160, 160
L -400.448, 165.49, -51.3513, -410.26, 155.011, -51.3513, 160, 160, 160
L -410.262, 152.647, -51.3513, -410.26, 155.011, -51.3513, 160, 160, 160
L -381.995, 154.294, -51.3513, -385.351, 154.294, -51.3513, 160, 160, 160
L -381.995, 154.294, -51.3513, -382.749, 154.538, -51.3513, 160, 160, 160
L -382.749, 154.538, -51.3513, -374.749, 154.538, -51.3513, 160, 160, 160
L -397.206, 165.494, -50.8746, -397.187, 167.501, -50.8746, 160, 160, 160
L -387.956, 165.49, -50.8746, -387.937, 167.494, -50.8746, 160, 160, 160
L -387.709, 127.864, -50.8746, -387.696, 129.871, -50.8746, 160, 160, 160
L -396.946, 129.86, -50.8746, -396.959, 127.859, -50.8746, 160, 160, 160
L -410.257, 142.982, -50.8746, -412.274, 143.001, -50.8746, 160, 160, 160
L -412.275, 152.771, -50.8746, -410.262, 152.647, -50.8746, 160, 160, 160
L -453.1, 253.868, -50.8905, -453.118, 251.848, -50.8905, 160, 160, 160
L -462.35, 253.866, -50.8905, -462.368, 251.848, -50.8905, 160, 160, 160
L -499.557, 191.446, -51.3763, -498.557, 189.692, -51.3763, 160, 160, 160
L -506.548, 185.034, -51.3763, -507.548, 186.787, -51.3763, 160, 160, 160
L 28.374, -42.364, -53.7762, 26.566, -42.56, -53.7762, 160, 160, 160
L 26.112, -36.049, -53.7762, 27.328, -36.261, -53.7762, 160, 160, 160
L 92.821, -365.58, -51.3763, 92.84, -363.559, -51.3763, 160, 160, 160
L 102.071, -365.576, -51.3763, 102.09, -363.559, -51.3763, 160, 160, 160
L -388.441, -1109.177, -48.7637, -387.337, -1107.05, -48.7637, 160, 160, 160
L -393.444, -1104.403, -48.7637, -394.554, -1106.005, -48.7637, 160, 160, 160
L -2345.226, -385.506, -50.6263, -2345.199, -382.109, -50.6263, 160, 160, 160
L -2335.976, -385.486, -50.6263, -2335.95, -382.109, -50.6263, 160, 160, 160
L -1215.531, 140.833, -54.4365, -1215.531, 137.427, -54.4365, 160, 160, 160
L -1215.531, 137.427, -54.4365, -1227.157, 125.802, -54.4365, 160, 160, 160
L -1227.157, 125.802, -54.4365, -1243.585, 125.78, -54.4365, 160, 160, 160
L -1243.585, 125.78, -54.4365, -1247.263, 129.456, -54.4365, 160, 160, 160
L -1247.263, 129.456, -54.4365, -1251.082, 125.752, -54.4352, 160, 160, 160
L -1251.082, 125.752, -54.4365, -1255.905, 130.718, -54.4354, 160, 160, 160
L -1255.905, 130.718, -54.4365, -1252.126, 134.32, -54.4365, 160, 160, 160
L -1252.126, 134.32, -54.4365, -1255.217, 137.409, -54.4365, 160, 160, 160
L -1255.217, 137.409, -54.4114, -1255.217, 153.842, -54.3267, 160, 160, 160
L -1255.217, 153.842, -54.437, -1243.596, 165.462, -53.9724, 160, 160, 160
L -1243.596, 165.462, -53.8455, -1227.162, 165.5, -53.8455, 160, 160, 160
L -1227.162, 165.5, -54.617, -1215.531, 153.867, -54.1722, 160, 160, 160
L -1215.531, 153.867, -54.3622, -1215.531, 150.083, -54.405, 160, 160, 160
L -1217.551, 150.102, -51.9767, -1217.551, 152.785, -51.9767, 160, 160, 160
L -1217.551, 152.785, -51.9767, -1227.954, 163.184, -51.9767, 160, 160, 160
L -1227.954, 163.184, -51.9767, -1242.665, 163.181, -51.9767, 160, 160, 160
L -1242.665, 163.181, -51.9767, -1253.064, 152.777, -51.9767, 160, 160, 160
L -1253.064, 152.777, -51.9767, -1253.06, 138.068, -51.9767, 160, 160, 160
L -1253.06, 138.068, -51.9767, -1250.706, 135.714, -51.9767, 160, 160, 160
L -1250.706, 135.714, -51.9767, -1250.379, 136.548, -51.9767, 160, 160, 160
L -1250.379, 136.548, -51.9761, -1245.064, 131.603, -51.9763, 160, 160, 160
L -1245.064, 131.603, -51.9767, -1246.414, 130.852, -51.9767, 160, 160, 160
L -1246.414, 130.852, -51.9767, -1242.657, 127.669, -51.9767, 160, 160, 160
L -1242.657, 127.669, -51.9767, -1227.949, 127.673, -51.9767, 160, 160, 160
L -1227.949, 127.673, -51.9767, -1217.549, 138.076, -51.9767, 160, 160, 160
L -1217.549, 140.852, -51.9767, -1217.549, 138.076, -51.9767, 160, 160, 160
L -1217.551, 150.102, -51.502, -1215.531, 150.083, -51.502, 160, 160, 160
L -1215.531, 140.833, -51.502, -1217.549, 140.852, -51.502, 160, 160, 160
L -2729.246, 466.164, -54.4365, -2729.245, 469.948, -54.4365, 160, 160, 160
L -2729.245, 469.948, -54.4365, -2741.696, 481.574, -54.4365, 160, 160, 160
L -2741.696, 481.574, -54.4365, -2757.292, 481.575, -54.4365, 160, 160, 160
L -2757.292, 481.575, -54.4354, -2768.933, 469.934, -54.4354, 160, 160, 160
L -2768.933, 469.934, -54.4361, -2768.933, 453.496, -54.4361, 160, 160, 160
L -2757.306, 441.87, -54.4365, -2741.754, 441.879, -54.4365, 160, 160, 160
L -2741.754, 441.879, -54.4365, -2729.245, 453.509, -54.4365, 160, 160, 160
L -2729.246, 456.914, -54.4365, -2729.245, 453.509, -54.4365, 160, 160, 160
L -2768.933, 453.496, -54.4365, -2766.39, 450.402, -54.4365, 160, 160, 160
L -2766.39, 450.402, -54.4365, -2769.626, 446.794, -54.4365, 160, 160, 160
L -2769.626, 446.794, -54.4365, -2764.898, 441.832, -54.4363, 160, 160, 160
L -2764.898, 441.832, -54.4365, -2760.973, 445.537, -54.4359, 160, 160, 160
L -2760.973, 445.537, -54.4365, -2757.306, 441.87, -54.4365, 160, 160, 160
L -2729.246, 466.164, -50.8763, -2731.265, 466.183, -50.8763, 160, 160, 160
L -2729.246, 456.914, -50.8763, -2731.263, 456.933, -50.8763, 160, 160, 160
L -2731.265, 466.183, -51.3509, -2731.265, 468.866, -51.3509, 160, 160, 160
L -2731.265, 468.866, -51.3509, -2741.668, 479.933, -51.3509, 160, 160, 160
L -2741.668, 479.933, -51.3509, -2756.379, 479.895, -51.3509, 160, 160, 160
L -2756.379, 479.895, -51.3509, -2767.478, 468.858, -51.3509, 160, 160, 160
L -2767.478, 468.858, -51.3509, -2766.775, 454.149, -51.3509, 160, 160, 160
L -2766.775, 454.149, -51.3509, -2764.42, 451.795, -51.3509, 160, 160, 160
L -2764.42, 451.795, -51.3509, -2763.552, 452.629, -51.3509, 160, 160, 160
L -2763.552, 452.629, -51.3509, -2759.278, 447.684, -51.3504, 160, 160, 160
L -2759.278, 447.684, -51.3509, -2759.556, 446.933, -51.3509, 160, 160, 160
L -2759.556, 446.933, -51.3509, -2756.371, 443.75, -51.3509, 160, 160, 160
L -2756.371, 443.75, -51.3509, -2741.662, 443.754, -51.3509, 160, 160, 160
L -2741.662, 443.754, -51.3509, -2731.263, 454.157, -51.3509, 160, 160, 160
L -2731.263, 456.933, -51.3509, -2731.263, 454.157, -51.3509, 160, 160, 160
L -2634.645, 419.691, -55.6302, -2631.211, 419.707, -55.6833, 160, 160, 160
L -2631.211, 419.707, -55.8233, -2620.488, 408.515, -56.1529, 160, 160, 160
L -2620.488, 408.515, -56.6302, -2609.775, 419.455, -56.3038, 160, 160, 160
L -2609.775, 419.455, -56.1079, -2593.339, 419.326, -56.1719, 160, 160, 160
L -2593.339, 419.326, -56.3406, -2589.671, 415.531, -56.4483, 160, 160, 160
L -2589.671, 415.531, -56.4996, -2586.457, 419.19, -56.3843, 160, 160, 160
L -2586.457, 419.19, -56.5035, -2581.117, 415.051, -56.6124, 160, 160, 160
L -2581.117, 415.051, -56.731, -2585.28, 410.679, -56.8006, 160, 160, 160
L -2585.28, 410.679, -56.9382, -2581.722, 407.567, -57.489, 160, 160, 160
L -2581.722, 407.567, -57.3468, -2581.732, 391.119, -57.7306, 160, 160, 160
L -2581.732, 391.119, -58.4551, -2593.364, 379.5, -58.8162, 160, 160, 160
L -2593.364, 379.5, -58.9491, -2610.064, 379.513, -58.8721, 160, 160, 160
L -2610.064, 379.513, -58.5352, -2620.526, 390.883, -58.2734, 160, 160, 160
L -2620.526, 390.883, -58.174, -2623.29, 387.498, -58.76, 160, 160, 160
L -2623.29, 387.498, -58.1679, -2619.639, 383.658, -58.3053, 160, 160, 160
L -2619.639, 383.658, -58.5561, -2624.521, 378.952, -58.6604, 160, 160, 160
L -2624.521, 378.952, -58.6437, -2628.131, 382.657, -58.4395, 160, 160, 160
L -2628.131, 382.657, -58.4144, -2631.231, 379.558, -58.4769, 160, 160, 160
L -2631.231, 379.558, -58.4292, -2647.664, 379.558, -58.1231, 160, 160, 160
L -2647.664, 379.558, -57.8215, -2658.172, 390.079, -57.3247, 160, 160, 160
L -2658.172, 390.079, -56.9191, -2668.624, 379.611, -57.1129, 160, 160, 160
L -2668.624, 379.611, -57.1432, -2685.062, 379.592, -56.8329, 160, 160, 160
L -2685.062, 379.592, -56.6655, -2688.742, 383.929, -56.5797, 160, 160, 160
L -2688.742, 383.929, -56.5793, -2692.548, 379.609, -56.6531, 160, 160, 160
L -2692.548, 379.609, -56.6417, -2697.291, 384.517, -56.5583, 160, 160, 160
L -2697.291, 384.517, -56.4919, -2693.597, 388.111, -56.4271, 160, 160, 160
L -2693.597, 388.111, -56.3612, -2696.692, 392.141, -56.3186, 160, 160, 160
L -2696.692, 392.141, -55.9309, -2696.706, 407.632, -55.715, 160, 160, 160
L -2696.706, 407.632, -55.5563, -2685.096, 419.89, -55.3363, 160, 160, 160
L -2685.096, 419.89, -55.219, -2668.66, 420.049, -55.2186, 160, 160, 160
L -2668.66, 420.049, -55.3057, -2658.125, 408.76, -55.4709, 160, 160, 160
L -2658.125, 408.76, -55.5797, -2647.646, 419.657, -55.3744, 160, 160, 160
L -2643.894, 419.648, -55.2775, -2647.646, 419.657, -55.2201, 160, 160, 160
L -2643.894, 419.648, -54.29, -2643.912, 417.557, -54.29, 160, 160, 160
L -2634.657, 417.587, -54.29, -2634.645, 419.691, -54.29, 160, 160, 160
L -2643.912, 417.557, -54.5054, -2646.594, 417.544, -54.5054, 160, 160, 160
L -2646.594, 417.544, -54.5054, -2657.031, 406.782, -54.5054, 160, 160, 160
L -2657.035, 403.916, -54.5054, -2657.031, 406.782, -54.5054, 160, 160, 160
L -2657.026, 394.669, -54.29, -2659.031, 394.674, -54.3, 160, 160, 160
L -2657.035, 403.916, -54.29, -2659.037, 403.929, -54.29, 160, 160, 160
L -2659.037, 403.929, -54.5054, -2659.042, 406.615, -54.5054, 160, 160, 160
L -2659.042, 406.615, -54.5054, -2669.455, 417.004, -54.5054, 160, 160, 160
L -2669.455, 417.004, -54.5054, -2684.163, 416.989, -54.5054, 160, 160, 160
L -2684.163, 416.989, -54.5054, -2694.553, 406.576, -54.5054, 160, 160, 160
L -2694.553, 406.576, -54.5054, -2694.538, 391.867, -54.5054, 160, 160, 160
L -2694.538, 391.867, -54.5054, -2692.174, 389.508, -54.5054, 160, 160, 160
L -2692.174, 389.508, -54.5054, -2691.324, 390.334, -54.5054, 160, 160, 160
L -2691.324, 390.334, -54.5054, -2686.553, 385.374, -54.5054, 160, 160, 160
L -2687.304, 384.647, -54.5054, -2684.129, 381.477, -54.5054, 160, 160, 160
L -2687.304, 384.647, -54.5054, -2686.553, 385.374, -54.5054, 160, 160, 160
L -2684.129, 381.477, -54.5054, -2669.416, 381.493, -54.5054, 160, 160, 160
L -2669.416, 381.493, -54.5054, -2659.026, 391.901, -54.5054, 160, 160, 160
L -2659.031, 394.674, -54.5054, -2659.026, 391.901, -54.5054, 160, 160, 160
L -2657.026, 394.669, -54.5054, -2657.014, 392.136, -54.5054, 160, 160, 160
L -2657.014, 392.136, -54.5054, -2646.585, 381.716, -54.5054, 160, 160, 160
L -2646.585, 381.716, -54.5054, -2635.361, 381.719, -54.5054, 160, 160, 160
L -2632.15, 387.042, -54.5054, -2632.15, 381.447, -54.5054, 160, 160, 160
L -2632.15, 381.447, -54.5054, -2629.526, 384.07, -54.5054, 160, 160, 160
L -2629.526, 384.07, -54.5054, -2630.342, 384.912, -54.5054, 160, 160, 160
L -2630.342, 384.912, -54.5054, -2625.38, 389.681, -54.5054, 160, 160, 160
L -2624.662, 388.938, -54.5054, -2621.411, 392.19, -54.5054, 160, 160, 160
L -2624.662, 388.938, -54.5054, -2625.38, 389.681, -54.5054, 160, 160, 160
L -2621.405, 394.926, -54.5054, -2621.411, 392.19, -54.5054, 160, 160, 160
L -2621.405, 394.926, -54.29, -2619.397, 394.907, -54.29, 160, 160, 160
L -2619.394, 404.157, -54.29, -2621.401, 404.176, -54.29, 160, 160, 160
L -2619.399, 393.328, -54.5054, -2619.399, 392.483, -54.5054, 160, 160, 160
L -2619.397, 394.907, -54.5054, -2619.401, 392.462, -54.5054, 160, 160, 160
L -2619.399, 392.483, -54.5054, -2609.004, 381.817, -54.5054, 160, 160, 160
L -2609.004, 381.817, -54.5054, -2594.295, 381.809, -54.5054, 160, 160, 160
L -2594.295, 381.809, -54.5054, -2583.889, 392.308, -54.5054, 160, 160, 160
L -2583.889, 392.308, -54.5054, -2583.878, 406.912, -54.5054, 160, 160, 160
L -2583.878, 406.912, -54.5054, -2586.244, 410.081, -54.5054, 160, 160, 160
L -2586.244, 410.081, -54.5054, -2587.088, 408.463, -54.5054, 160, 160, 160
L -2587.088, 408.463, -54.5054, -2592.552, 413.43, -54.5054, 160, 160, 160
L -2591.109, 414.151, -54.5054, -2594.275, 417.321, -54.5054, 160, 160, 160
L -2591.109, 414.151, -54.5048, -2592.552, 413.43, -54.505, 160, 160, 160
L -2594.275, 417.321, -54.5054, -2608.984, 417.329, -54.5054, 160, 160, 160
L -2608.984, 417.329, -54.5054, -2619.389, 406.935, -54.5054, 160, 160, 160
L -2619.394, 404.157, -54.5054, -2619.389, 406.935, -54.5054, 160, 160, 160
L -2621.401, 404.176, -54.5054, -2621.404, 406.755, -54.5054, 160, 160, 160
L -2621.404, 406.755, -54.5054, -2631.885, 417.587, -54.5054, 160, 160, 160
L -2634.657, 417.587, -54.5054, -2631.885, 417.587, -54.5054, 160, 160, 160
L -2632.15, 387.042, -54.5054, -2632.15, 388.894, -54.5054, 160, 160, 160
L -2643.478, 388.633, -54.5054, -2632.15, 388.894, -54.5054, 160, 160, 160
L -2643.478, 388.633, -54.5054, -2642.699, 385.424, -54.5054, 160, 160, 160
L -2642.699, 385.424, -54.5054, -2635.361, 385.604, -54.5054, 160, 160, 160
L -2635.361, 385.604, -54.5054, -2635.361, 381.719, -54.5054, 160, 160, 160
L -2579.47, 454.606, -54.7468, -2579.47, 450.822, -54.7565, 160, 160, 160
L -2579.47, 450.822, -54.7969, -2568.476, 439.661, -54.8459, 160, 160, 160
L -2568.476, 439.661, -55.897, -2551.42, 439.661, -55.1221, 160, 160, 160
L -2551.42, 439.661, -55.1402, -2540.208, 450.836, -55.1413, 160, 160, 160
L -2540.208, 450.836, -55.1118, -2540.208, 468.006, -55.84, 160, 160, 160
L -2540.208, 468.006, -54.9851, -2543.757, 470.366, -54.9688, 160, 160, 160
L -2543.757, 470.366, -54.938, -2539.094, 473.979, -54.9382, 160, 160, 160
L -2539.094, 473.979, -54.9198, -2543.924, 478.938, -54.8757, 160, 160, 160
L -2543.924, 478.938, -54.8449, -2547.743, 475.619, -54.8449, 160, 160, 160
L -2547.743, 475.619, -54.8344, -2551.408, 478.899, -54.7982, 160, 160, 160
L -2551.408, 478.899, -54.752, -2568.321, 478.9, -54.7207, 160, 160, 160
L -2568.321, 478.9, -54.6174, -2579.47, 467.904, -54.6174, 160, 160, 160
L -2579.47, 467.904, -54.6246, -2579.47, 463.856, -54.637, 160, 160, 160
L -2579.47, 454.606, -51.3293, -2577.451, 454.587, -51.3293, 160, 160, 160
L -2577.453, 463.837, -51.3293, -2579.47, 463.856, -51.3293, 160, 160, 160
L -2577.451, 454.587, -51.804, -2577.45, 451.904, -51.804, 160, 160, 160
L -2577.45, 451.904, -51.804, -2567.047, 441.505, -51.804, 160, 160, 160
L -2567.047, 441.505, -51.804, -2552.337, 441.509, -51.804, 160, 160, 160
L -2552.337, 441.509, -51.804, -2541.938, 451.911, -51.804, 160, 160, 160
L -2541.938, 451.911, -51.804, -2541.941, 466.621, -51.804, 160, 160, 160
L -2541.941, 466.621, -51.804, -2544.296, 468.975, -51.804, 160, 160, 160
L -2544.296, 468.975, -51.804, -2545.164, 468.142, -51.804, 160, 160, 160
L -2545.164, 468.142, -51.804, -2549.938, 473.087, -51.8036, 160, 160, 160
L -2552.344, 477.02, -51.804, -2567.053, 477.017, -51.804, 160, 160, 160
L -2567.053, 477.017, -51.804, -2577.452, 466.614, -51.804, 160, 160, 160
L -2577.453, 463.837, -51.804, -2577.452, 466.614, -51.804, 160, 160, 160
L -2525.62, 506.899, -54.7575, -2525.621, 503.115, -54.768, 160, 160, 160
L -2525.621, 503.115, -54.8031, -2513.991, 491.483, -54.8359, 160, 160, 160
L -2513.991, 491.483, -54.9022, -2497.56, 491.506, -54.901, 160, 160, 160
L -2497.56, 491.506, -54.8708, -2485.933, 503.135, -54.8267, 160, 160, 160
L -2485.933, 503.135, -54.758, -2485.935, 519.572, -54.6754, 160, 160, 160
L -2485.935, 519.572, -54.6248, -2489.021, 522.657, -54.6131, 160, 160, 160
L -2489.021, 522.657, -54.6021, -2485.25, 526.983, -54.5882, 160, 160, 160
L -2485.25, 526.983, -54.5551, -2490.072, 531.553, -54.5349, 160, 160, 160
L -2490.072, 531.553, -54.5313, -2493.889, 527.525, -54.5429, 160, 160, 160
L -2493.889, 527.525, -54.5551, -2497.561, 531.771, -54.5392, 160, 160, 160
L -2497.561, 531.771, -54.5234, -2513.992, 531.183, -54.5236, 160, 160, 160
L -2513.992, 531.183, -54.5442, -2525.62, 519.555, -54.6041, 160, 160, 160
L -2525.62, 516.149, -54.6557, -2525.62, 519.555, -54.6381, 160, 160, 160
L -2523.602, 506.88, -52.1306, -2523.601, 504.751, -52.1306, 160, 160, 160
L -2523.601, 504.751, -52.1306, -2513.197, 493.798, -52.1306, 160, 160, 160
L -2513.197, 493.798, -52.1306, -2498.487, 493.802, -52.1306, 160, 160, 160
L -2498.487, 493.802, -52.1306, -2488.088, 504.322, -52.1306, 160, 160, 160
L -2488.088, 504.322, -52.1306, -2488.091, 518.914, -52.1306, 160, 160, 160
L -2488.091, 518.914, -52.1306, -2490.446, 521.952, -52.1306, 160, 160, 160
L -2490.446, 521.952, -52.1306, -2491.314, 520.434, -52.1306, 160, 160, 160
L -2491.314, 520.434, -52.1306, -2496.088, 525.379, -52.1302, 160, 160, 160
L -2495.311, 526.131, -52.1306, -2498.495, 529.313, -52.1306, 160, 160, 160
L -2495.311, 526.131, -52.1304, -2496.088, 525.379, -52.1304, 160, 160, 160
L -2498.495, 529.313, -52.1306, -2513.203, 529.309, -52.1306, 160, 160, 160
L -2513.203, 529.309, -52.1306, -2523.603, 518.907, -52.1306, 160, 160, 160
L -2523.603, 516.13, -52.1306, -2523.603, 518.907, -52.1306, 160, 160, 160
L -2523.602, 506.88, -51.6559, -2525.62, 506.899, -51.6559, 160, 160, 160
L -2525.62, 516.149, -51.6559, -2523.603, 516.13, -51.6559, 160, 160, 160
L -3130.345, 617.472, -54.6188, -3130.332, 606.884, -54.6589, 160, 160, 160
L -3130.332, 606.884, -54.6227, -3140.919, 606.899, -54.5784, 160, 160, 160
L -3140.919, 606.899, -54.5394, -3140.91, 617.461, -54.5011, 160, 160, 160
L -3140.91, 617.461, -54.5118, -3130.345, 617.472, -54.5519, 160, 160, 160
L -125.138, -4.506, -54.4973, -123.702, 5.966, -54.4787, 160, 160, 160
L -123.702, 5.966, -54.4864, -113.233, 4.545, -54.4894, 160, 160, 160
L -113.233, 4.545, -54.4904, -114.655, -5.931, -54.4915, 160, 160, 160
L -114.655, -5.931, -54.4816, -125.138, -4.506, -54.4795, 160, 160, 160
L 1560.008, -5.64, -54.5927, 1543.842, -20.63, -54.5927, 160, 160, 160
L 1543.842, -20.63, -54.5927, 1529.529, -12.642, -54.5927, 160, 160, 160
L 1529.529, -12.642, -54.5927, 1512.844, -4.518, -52.1548, 160, 160, 160
L 1512.844, -4.518, -52.1548, 1492.367, -13.491, -50.5037, 160, 160, 160
L 1492.367, -13.491, -50.5037, 1475.144, -10.556, -47.6653, 160, 160, 160
L 1475.144, -10.556, -47.6653, 1455.743, -11.133, -47.6844, 160, 160, 160
L 1455.743, -11.133, -47.6844, 1434.683, -14.271, -48.1458, 160, 160, 160
L 1434.683, -14.271, -48.1458, 1410.468, -8.598, -45.6738, 160, 160, 160
L 1410.468, -8.598, -45.6738, 1387.852, -14.47, -44.5566, 160, 160, 160
L 1387.852, -14.47, -44.5566, 1373.669, -9.24, -42.26, 160, 160, 160
L 1373.669, -9.24, -42.26, 1352.596, -7.245, -41.4825, 160, 160, 160
L 1352.596, -7.245, -41.4825, 1333.995, -6.405, -41.2971, 160, 160, 160
L 1333.995, -6.405, -41.2971, 1313.962, 0.505, -41.8898, 160, 160, 160
L 1313.962, 0.505, -41.8898, 1289.928, -7.273, -45.4123, 160, 160, 160
L 1289.928, -7.273, -45.4123, 1267.639, -2.791, -46.5245, 160, 160, 160
L 1267.639, -2.791, -46.5245, 1236.981, 1.875, -45.9553, 160, 160, 160
L 1236.981, 1.875, -45.9553, 1207.392, -6.044, -49.9371, 160, 160, 160
L 1207.392, -6.044, -49.9371, 1193.896, -31.38, -51.8594, 160, 160, 160
L 1193.896, -31.38, -51.8594, 1177.685, -53.503, -54.1572, 160, 160, 160
L 1177.685, -53.503, -54.1572, 1150.455, -92.159, -54.5927, 160, 160, 160
L 1150.455, -92.159, -54.5927, 1103.43, -101.909, -54.5927, 160, 160, 160
L 1103.43, -101.909, -54.5927, 1091.804, -125.657, -54.5927, 160, 160, 160
L 1091.804, -125.657, -54.5927, 1087.656, -144.478, -54.5927, 160, 160, 160
L 1087.656, -144.478, -54.5927, 1061.459, -179.994, -54.5927, 160, 160, 160
L 1061.459, -179.994, -54.5927, 1045.986, -215.108, -54.5927, 160, 160, 160
L 1045.986, -215.108, -54.5927, 1033.527, -217.332, -54.5927, 160, 160, 160
L 1033.527, -217.332, -54.5927, 1000.072, -226.272, -54.5927, 160, 160, 160
L 1000.072, -226.272, -54.5927, 981.536, -251.151, -54.5927, 160, 160, 160
L 981.536, -251.151, -54.5927, 965.193, -271.923, -54.5927, 160, 160, 160
L 965.193, -271.923, -54.5927, 958.581, -297.036, -54.5927, 160, 160, 160
L 958.581, -297.036, -54.5927, 943.746, -317.258, -54.5927, 160, 160, 160
L 943.746, -317.258, -54.5927, 895.055, -332.724, -54.5927, 160, 160, 160
L 895.055, -332.724, -54.5927, 862.915, -373.076, -54.5927, 160, 160, 160
L 862.915, -373.076, -54.5927, 856.03, -398.402, -54.5927, 160, 160, 160
L 856.03, -398.402, -54.5927, 842.952, -415.966, -54.5927, 160, 160, 160
L 842.952, -415.966, -54.5927, 820.951, -418.701, -54.5927, 160, 160, 160
L 820.951, -418.701, -54.5927, 798.567, -429.049, -53.7668, 160, 160, 160
L 798.567, -429.049, -53.7668, 781.816, -448.261, -54.75, 160, 160, 160
L 781.816, -448.261, -54.75, 767.055, -467.678, -54.9457, 160, 160, 160
L 767.055, -467.678, -54.9457, 757.097, -491.594, -55.4438, 160, 160, 160
L 757.097, -491.594, -55.4438, 744.156, -513.978, -55.9964, 160, 160, 160
L 744.156, -513.978, -55.9964, 720.097, -521.739, -57.1045, 160, 160, 160
L 720.097, -521.739, -57.1045, 693.569, -530.235, -57.8419, 160, 160, 160
L 693.569, -530.235, -57.8419, 674.485, -555.733, -59.228, 160, 160, 160
L 674.485, -555.733, -59.228, 637.742, -611.807, -62.8004, 160, 160, 160
L 637.742, -611.807, -62.8004, 628.684, -616.012, -63.3862, 160, 160, 160
L 628.684, -616.012, -63.3862, 606.502, -612.22, -64.1343, 160, 160, 160
L 606.502, -612.22, -64.1343, 563.084, -609.42, -64.5523, 160, 160, 160
L 563.084, -609.42, -64.5523, 541.67, -613.713, -63.7259, 160, 160, 160
L 541.67, -613.713, -63.7259, 518.886, -613.245, -62.6323, 160, 160, 160
L 518.886, -613.245, -62.6323, 467.863, -609.424, -60.3823, 160, 160, 160
L 467.863, -609.424, -60.3823, 448.92, -611.402, -58.9022, 160, 160, 160
L 448.92, -611.402, -58.9022, 399.055, -614.155, -55.7042, 160, 160, 160
L 399.055, -614.155, -55.7042, 360.896, -610.372, -54.5927, 160, 160, 160
L 360.896, -610.372, -54.5927, 340.882, -613.681, -54.5927, 160, 160, 160
L 340.882, -613.681, -54.5927, 319.03, -614.712, -54.5927, 160, 160, 160
L 319.03, -614.712, -54.5927, 301.141, -604.074, -54.5927, 160, 160, 160
L 301.141, -604.074, -54.5927, 289.611, -584.555, -54.5927, 160, 160, 160
L 289.611, -584.555, -54.5927, 273.364, -560.061, -54.5927, 160, 160, 160
L 273.364, -560.061, -54.5927, 228.547, -528.519, -54.5927, 160, 160, 160
L 228.547, -528.519, -54.5927, 219.604, -511.152, -54.5927, 160, 160, 160
L 219.604, -511.152, -54.5927, 222.173, -489.951, -54.5927, 160, 160, 160
L 222.173, -489.951, -54.5927, 224.184, -421.677, -54.5927, 160, 160, 160
L 224.184, -421.677, -54.5927, 214.94, -396.761, -54.5927, 160, 160, 160
L 214.94, -396.761, -54.5927, 164.879, -351.688, -54.5927, 160, 160, 160
L 164.879, -351.688, -54.5927, 145.19, -340.1, -54.5927, 160, 160, 160
L 145.19, -340.1, -54.5927, 135.117, -315.34, -54.5927, 160, 160, 160
L 135.117, -315.34, -54.5927, 130.135, -290.089, -54.5927, 160, 160, 160
L 130.135, -290.089, -54.5927, 112.807, -276.954, -54.5927, 160, 160, 160
L 112.807, -276.954, -54.5927, 87.681, -267.368, -54.5927, 160, 160, 160
L 87.681, -267.368, -54.5927, 43.742, -238.509, -54.5927, 160, 160, 160
L 43.742, -238.509, -54.5927, 33.641, -218.717, -54.5927, 160, 160, 160
L 33.641, -218.717, -54.5927, 31.003, -194.329, -54.5927, 160, 160, 160
L 31.003, -194.329, -54.5927, 18.286, -178.24, -54.5927, 160, 160, 160
L 18.286, -178.24, -54.5927, -4.677, -173.407, -54.5927, 160, 160, 160
L -4.677, -173.407, -54.5927, -26.68, -161.787, -54.5912, 160, 160, 160
L -26.68, -161.787, -54.5912, -58.263, -135.601, -54.5617, 160, 160, 160
L -58.263, -135.601, -54.5617, -71.146, -90.281, -54.5497, 160, 160, 160
L -71.146, -90.281, -54.5497, -88.015, -75.143, -54.5339, 160, 160, 160
L -88.015, -75.143, -54.5339, -115.505, -67.304, -54.508, 160, 160, 160
L -115.505, -67.304, -54.508, -159.705, -18.368, -54.4752, 160, 160, 160
L -158.482, -19.71, -54.4752, -180.715, -8.682, -54.46, 160, 160, 160
L -180.715, -8.682, -54.46, -214.517, -7.759, -54.4365, 160, 160, 160
L -214.517, -7.759, -54.4365, -300.467, -11.678, -54.4365, 160, 160, 160
L -300.467, -11.678, -54.4365, -326.883, -7.483, -54.4365, 160, 160, 160
L -326.883, -7.483, -54.4365, -348.436, -10.94, -54.4365, 160, 160, 160
L -348.436, -10.94, -54.4365, -372.416, -9.978, -54.4365, 160, 160, 160
L -375.983, -10.075, -54.4365, -453.448, -11.589, -54.4365, 160, 160, 160
L -453.448, -11.589, -54.4365, -487.176, 80.025, -54.4365, 160, 160, 160
L -487.176, 80.025, -54.4365, -493.367, 89.737, -54.4365, 160, 160, 160
L -493.367, 89.737, -54.4365, -506.931, 92.656, -54.4365, 160, 160, 160
L -506.931, 92.656, -54.4365, -576.621, 88.374, -54.4365, 160, 160, 160
L -576.621, 88.374, -54.4365, -591.777, 90.943, -54.4365, 160, 160, 160
L -591.777, 90.943, -54.4365, -600.644, 99.878, -54.4365, 160, 160, 160
L -600.644, 99.878, -54.4365, -630.913, 147.682, -54.4365, 160, 160, 160
L -630.913, 147.682, -54.4365, -667.118, 161.589, -54.4365, 160, 160, 160
L -667.118, 161.589, -54.4365, -691.386, 207.749, -54.4365, 160, 160, 160
L -691.386, 207.749, -54.4365, -728.577, 245.938, -54.4365, 160, 160, 160
L -728.577, 245.938, -54.4365, -753.382, 256.3, -54.4365, 160, 160, 160
L -753.382, 256.3, -54.4365, -776.483, 281.684, -54.4365, 160, 160, 160
L -776.483, 281.684, -54.4365, -801.099, 322.791, -54.4365, 160, 160, 160
L -801.099, 322.791, -54.4365, -838.699, 352.097, -54.4365, 160, 160, 160
L -838.699, 352.097, -54.4365, -876.197, 366.995, -54.4365, 160, 160, 160
L -876.197, 366.995, -54.4365, -893.67, 414.482, -54.4365, 160, 160, 160
L -893.67, 414.482, -54.4365, -928.109, 445.343, -54.962, 160, 160, 160
L -928.109, 445.343, -54.962, -964.966, 494.713, -49.777, 160, 160, 160
L -964.966, 494.713, -49.777, -1024.536, 491.525, -48.7175, 160, 160, 160
L -1024.536, 491.525, -48.7175, -1086.26, 484.358, -34.5814, 160, 160, 160
L -1086.26, 484.358, -34.5814, -1130.607, 532.342, -52.9489, 160, 160, 160
L -1130.607, 532.342, -52.9489, -1156.965, 496.082, -47.212, 160, 160, 160
L -1156.965, 496.082, -47.212, -1169.892, 485.961, -46.7766, 160, 160, 160
L -1169.892, 485.961, -46.7766, -1184.259, 486.296, -49.3586, 160, 160, 160
L -1184.259, 486.296, -49.3586, -1203.991, 490.794, -49.7907, 160, 160, 160
L -1203.991, 490.794, -49.7907, -1329.406, 492.09, -53.3941, 160, 160, 160
L -1329.406, 492.09, -53.3941, -1352.583, 487.554, -53.8248, 160, 160, 160
L -1352.583, 487.554, -53.8248, -1377.737, 491.309, -54.4365, 160, 160, 160
L -1377.737, 491.309, -54.4365, -1562.565, 487.731, -54.4365, 160, 160, 160
L -1685.058, 490.49, -54.4365, -1562.565, 487.731, -54.4365, 160, 160, 160
L -1800.138, 495.747, -54.4365, -1823.182, 539.412, -54.4365, 160, 160, 160
L -1800.138, 495.747, -54.4365, -1755.307, 487.538, -54.4365, 160, 160, 160
L -1755.307, 487.538, -54.4365, -1704.054, 487.158, -54.4365, 160, 160, 160
L -1704.054, 487.158, -54.4365, -1685.058, 490.49, -54.4365, 160, 160, 160
L -1823.182, 539.412, -54.4365, -1857.407, 589.6, -54.4365, 160, 160, 160
L -1857.407, 589.6, -54.4365, -1887.758, 595.446, -54.4365, 160, 160, 160
L -1887.758, 595.446, -54.4365, -1889.395, 595.108, -54.4365, 160, 160, 160
L -1889.395, 595.108, -54.4365, -1935.948, 589.337, -54.4365, 160, 160, 160
L -1935.948, 589.337, -54.4365, -2029.136, 589.619, -54.4365, 160, 160, 160
L -2029.136, 589.619, -54.4365, -2050.684, 586.344, -54.4365, 160, 160, 160
L -2050.684, 586.344, -54.4365, -2077.368, 588.559, -54.4365, 160, 160, 160
L -2077.368, 588.559, -54.4365, -2105.046, 587.899, -54.4365, 160, 160, 160
L -2105.046, 587.899, -54.4365, -2130.003, 589.931, -54.4365, 160, 160, 160
L -2130.003, 589.931, -54.4365, -2153.043, 586.833, -54.4365, 160, 160, 160
L -2153.043, 586.833, -54.4365, -2169.463, 586.324, -54.4365, 160, 160, 160
L -2169.463, 586.324, -54.4365, -2211.752, 591.969, -54.4365, 160, 160, 160
L -2211.752, 591.969, -54.4365, -2256.583, 586.69, -42.9007, 160, 160, 160
L -2256.583, 586.69, -42.9007, -2285.054, 585.481, -33.6841, 160, 160, 160
L -2285.054, 585.481, -33.6841, -2305.035, 597.585, -38.1144, 160, 160, 160
L -2305.035, 597.585, -38.1144, -2322.26, 623.943, -48.86, 160, 160, 160
L -2322.26, 623.943, -48.86, -2349.901, 602.094, -49.137, 160, 160, 160
L -2349.901, 602.094, -49.137, -2371.138, 586.504, -51.1869, 160, 160, 160
L -2371.138, 586.504, -51.1869, -2397.243, 590.579, -54.4365, 160, 160, 160
L -2397.243, 590.579, -54.4365, -2431.373, 590.345, -54.4365, 160, 160, 160
L -2431.373, 590.345, -54.4365, -2455.468, 585.111, -54.4365, 160, 160, 160
L -2455.468, 585.111, -54.4365, -2485.375, 589.575, -54.4365, 160, 160, 160
L -2485.375, 589.575, -54.4365, -2519.388, 588.113, -54.4365, 160, 160, 160
L -2519.388, 588.113, -54.4365, -2544.384, 588.062, -54.4365, 160, 160, 160
L -2544.384, 588.062, -54.4365, -2575.111, 592.02, -54.4365, 160, 160, 160
L -2575.111, 592.02, -54.4365, -2601.965, 590.768, -54.4365, 160, 160, 160
L -2601.965, 590.768, -54.4365, -2626.728, 592.706, -54.4365, 160, 160, 160
L -2626.728, 592.706, -54.4365, -2657.661, 585.161, -54.4365, 160, 160, 160
L -2657.661, 585.161, -54.4365, -2682.434, 591.438, -54.4365, 160, 160, 160
L -2682.434, 591.438, -54.4365, -2744.456, 587.95, -54.4365, 160, 160, 160
L -2744.456, 587.95, -54.4365, -2778.767, 588.714, -54.4365, 160, 160, 160
L -2778.767, 588.714, -54.4365, -2836.372, 590.956, -54.4365, 160, 160, 160
L -2836.372, 590.956, -54.4365, -2858.521, 586.88, -54.4365, 160, 160, 160
L -2858.521, 586.88, -54.4365, -2879.956, 591.134, -54.4365, 160, 160, 160
L -2879.956, 591.134, -54.4365, -2954.744, 584.432, -54.4365, 160, 160, 160
L -2954.744, 584.432, -54.4365, -3001.113, 587.697, -54.4365, 160, 160, 160
L -3001.113, 587.697, -54.4365, -3049.731, 588.67, -54.6507, 160, 160, 160
L -3049.731, 588.67, -54.6507, -3089.194, 598.164, -54.8125, 160, 160, 160
L -3089.194, 598.164, -54.8125, -3140.492, 588.054, -54.7535, 160, 160, 160
L -3140.492, 588.054, -54.7535, -3185.901, 597.308, -54.4365, 160, 160, 160
L -3185.901, 597.308, -54.4365, -3205.353, 562.092, -54.4365, 160, 160, 160
L -3205.353, 562.092, -54.4365, -3228.93, 540.684, -54.2603, 160, 160, 160
L -3228.93, 540.684, -54.2603, -3244.485, 510.562, -52.7349, 160, 160, 160
L -3244.485, 510.562, -52.7349, -3272.465, 484.848, -53.152, 160, 160, 160
L -3272.465, 484.848, -53.152, -3320.19, 492.762, -52.1848, 160, 160, 160
L -3320.19, 492.762, -52.1848, -3383.217, 493.149, -52.4202, 160, 160, 160
L -3383.217, 493.149, -52.4202, -3409.117, 459.129, -53.6495, 160, 160, 160
L -3409.117, 459.129, -53.6495, -3439.103, 425.812, -54.3155, 160, 160, 160
L -3439.103, 425.812, -54.3155, -3455.49, 396.111, -51.8192, 160, 160, 160
L -3455.49, 396.111, -51.8192, -3468.981, 385.394, -52.2657, 160, 160, 160
L -3468.981, 385.394, -52.2657, -3491.751, 389.621, -54.4365, 160, 160, 160
L -3491.751, 389.621, -54.4365, -3574.278, 375.318, -54.4365, 160, 160, 160
L -3574.278, 375.318, -54.4365, -3580.191, 361.514, -54.4365, 160, 160, 160
L -3580.191, 361.514, -54.4365, -3577.269, 333.614, -54.4365, 160, 160, 160
L -3577.269, 333.614, -54.4365, -3567.325, 310.597, -54.4365, 160, 160, 160
L -3567.325, 310.597, -54.4365, -3575.721, 295.164, -54.4365, 160, 160, 160
L -3575.721, 295.164, -54.4365, -3574.938, 271.14, -53.675, 160, 160, 160
L -3574.938, 271.14, -53.675, -3571.39, 256.455, -51.7858, 160, 160, 160
L -3571.39, 256.455, -51.7858, -3573.564, 242.341, -50.9463, 160, 160, 160
L -3573.564, 242.341, -50.9463, -3573.073, 215.771, -50.7698, 160, 160, 160
L -3573.073, 215.771, -50.7698, -3569.773, 199.933, -50.5234, 160, 160, 160
L -3569.773, 199.933, -50.5234, -3574.243, 171.657, -50.3917, 160, 160, 160
L -3574.243, 171.657, -50.3917, -3576.478, 136.139, -49.8521, 160, 160, 160
L -3576.478, 136.139, -49.8521, -3567.264, 109.39, -48.9617, 160, 160, 160
L -3567.264, 109.39, -48.9617, -3580.316, 77.528, -50.3528, 160, 160, 160
L -3580.316, 77.528, -50.3528, -3573.217, 49.332, -50.4316, 160, 160, 160
L -3573.217, 49.332, -50.4316, -3576.115, 24.627, -50.8303, 160, 160, 160
L -3576.115, 24.627, -50.8303, -3565.471, 8.098, -50.508, 160, 160, 160
L -3565.471, 8.098, -50.508, -3577.596, -13.932, -51.437, 160, 160, 160
L -3577.596, -13.932, -51.437, -3572.524, -39.17, -52.8834, 160, 160, 160
L -3572.524, -39.17, -52.8834, -3577.376, -61.524, -54.4365, 160, 160, 160
L -3577.376, -61.524, -54.4365, -3568.231, -90.063, -54.4365, 160, 160, 160
L -3568.231, -90.063, -54.4365, -3578.37, -113.981, -54.4365, 160, 160, 160
L -3578.37, -113.981, -54.4365, -3576.276, -134.606, -54.4365, 160, 160, 160
L -3576.276, -134.606, -54.4365, -3572.185, -147.589, -54.4365, 160, 160, 160
L -3572.185, -147.589, -54.4365, -3577.393, -170.6, -54.4365, 160, 160, 160
L -3577.393, -170.6, -54.4365, -3572.64, -186.96, -54.4365, 160, 160, 160
L -3572.64, -186.96, -54.4365, -3574.299, -210.456, -54.4365, 160, 160, 160
L -3574.299, -210.456, -54.4365, -3575.288, -247.059, -54.4365, 160, 160, 160
L -3575.288, -247.059, -54.4365, -3573.176, -279.514, -54.4365, 160, 160, 160
L -3573.176, -279.514, -54.4365, -3573.639, -318.955, -54.4365, 160, 160, 160
L -3573.639, -318.955, -54.4365, -3578.181, -424.566, -54.4365, 160, 160, 160
L -3578.181, -424.566, -54.4365, -3572.282, -457.352, -54.4365, 160, 160, 160
L -3572.282, -457.352, -54.4365, -3573.205, -478.699, -54.4365, 160, 160, 160
L -3573.205, -478.699, -54.4365, -3571.668, -499.704, -54.4365, 160, 160, 160
L -3571.668, -499.704, -54.4365, -3577.151, -526.485, -54.4365, 160, 160, 160
L -3577.151, -526.485, -54.4365, -3575.033, -556.208, -54.4365, 160, 160, 160
L -3575.033, -556.208, -54.4365, -3574.911, -578.026, -54.4365, 160, 160, 160
L -3574.911, -578.026, -54.4365, -3578.731, -612.203, -54.4365, 160, 160, 160
L -3578.731, -612.203, -54.4365, -3575.377, -633.953, -54.4365, 160, 160, 160
L -3575.377, -633.953, -54.4365, -3574.403, -655.952, -54.4365, 160, 160, 160
L -3574.403, -655.952, -54.4365, -3571.483, -680.478, -54.4365, 160, 160, 160
L -3571.483, -680.478, -54.4365, -3571.15, -697.36, -54.4365, 160, 160, 160
L -3571.15, -697.36, -54.4365, -3574.559, -728.196, -54.4365, 160, 160, 160
L -3574.559, -728.196, -54.4365, -3573.403, -746.52, -54.4365, 160, 160, 160
L -3573.403, -746.52, -54.4365, -3576.643, -767.733, -54.4365, 160, 160, 160
L -3576.643, -767.733, -54.4365, -3576.534, -779.28, -54.4365, 160, 160, 160
L -3576.534, -779.28, -54.4365, -3573.157, -801.784, -54.4365, 160, 160, 160
L -3573.157, -801.784, -54.4365, -3574.607, -829.174, -54.4365, 160, 160, 160
L -3574.607, -829.174, -54.4365, -3572.198, -881.613, -54.4365, 160, 160, 160
L -3572.198, -881.613, -54.4365, -3576.422, -908.332, -54.4365, 160, 160, 160
L -3576.422, -908.332, -54.4365, -3574.356, -934.244, -54.4365, 160, 160, 160
L -3574.356, -934.244, -54.4365, -3577.927, -969.24, -53.5519, 160, 160, 160
L -3577.927, -969.24, -53.5519, -3589.028, -1004.495, -50.1373, 160, 160, 160
L -3589.028, -1004.495, -50.1373, -3602.212, -1012.422, -49.3881, 160, 160, 160
L -3602.212, -1012.422, -49.3881, -3628.104, -1013.281, -49.5553, 160, 160, 160
L -3628.104, -1013.281, -49.5553, -3647.291, -1009.268, -50.4168, 160, 160, 160
L -3647.291, -1009.268, -50.4168, -3670.449, -1009.643, -51.546, 160, 160, 160
L -3670.449, -1009.643, -51.546, -3686.962, -1015.211, -51.1334, 160, 160, 160
L -3686.962, -1015.211, -51.1334, -3704.116, -1015.204, -51.5728, 160, 160, 160
L -3704.116, -1015.204, -51.5728, -3728.324, -1011.63, -52.5685, 160, 160, 160
L -3728.324, -1011.63, -52.5685, -3746.709, -1014.667, -53.1689, 160, 160, 160
L -3746.709, -1014.667, -53.1689, -3768.395, -1014.688, -53.9521, 160, 160, 160
L -3768.395, -1014.688, -53.9521, -3788.429, -1009.293, -54.1174, 160, 160, 160
L -3788.429, -1009.293, -54.1174, -3804.118, -1012.029, -53.8087, 160, 160, 160
L -3804.118, -1012.029, -53.8087, -3815.483, -1013.942, -53.5923, 160, 160, 160
L -3815.483, -1013.942, -53.5923, -3838.267, -1014.097, -53.5, 160, 160, 160
L -3838.267, -1014.097, -53.5, -3852.052, -1017.014, -52.6901, 160, 160, 160
L -3852.052, -1017.014, -52.6901, -3870.464, -1014.779, -52.1052, 160, 160, 160
L -3870.464, -1014.779, -52.1052, -3894.984, -1010.339, -51.8094, 160, 160, 160
L -3894.984, -1010.339, -51.8094, -3913.131, -1013.759, -51.7357, 160, 160, 160
L -3913.131, -1013.759, -51.7357, -3933.203, -1011.631, -51.6443, 160, 160, 160
L -3933.203, -1011.631, -51.6443, -3953.026, -1021.397, -51.5392, 160, 160, 160
L -3953.026, -1021.397, -51.5392, -3955.602, -1023.109, -51.5262, 160, 160, 160
L -372.416, -9.978, -54.4365, -373.952, -83.077, -54.4365, 160, 160, 160
L -373.952, -83.077, -54.4365, -368.904, -102.147, -54.4365, 160, 160, 160
L -368.904, -102.147, -54.4365, -371.544, -123.763, -54.4365, 160, 160, 160
L -371.544, -123.763, -54.4365, -398.891, -141.766, -54.4365, 160, 160, 160
L -398.891, -141.766, -54.4365, -429.913, -164.009, -54.4365, 160, 160, 160
L -429.913, -164.009, -54.4365, -443.467, -198.31, -54.4365, 160, 160, 160
L -443.467, -198.31, -54.4365, -471.344, -219.773, -54.4365, 160, 160, 160
L -471.344, -219.773, -54.4365, -511.417, -237.226, -54.4365, 160, 160, 160
L -511.417, -237.226, -54.4365, -532.432, -268.758, -54.4365, 160, 160, 160
L -532.432, -268.758, -54.4365, -548.071, -289.161, -54.4365, 160, 160, 160
L -548.071, -289.161, -54.4365, -562.171, -318.689, -54.4365, 160, 160, 160
L -562.171, -318.689, -54.4365, -593.379, -324.061, -54.4365, 160, 160, 160
L -593.379, -324.061, -54.4365, -618.217, -353.263, -54.4365, 160, 160, 160
L -618.217, -353.263, -54.4365, -653.412, -402.706, -54.4365, 160, 160, 160
L -653.412, -402.706, -54.4365, -667.306, -413.949, -54.4365, 160, 160, 160
L -667.306, -413.949, -54.4365, -687.606, -415.141, -54.4365, 160, 160, 160
L -687.606, -415.141, -54.4365, -727.888, -407.028, -54.4365, 160, 160, 160
L -727.888, -407.028, -54.4365, -757.945, -414.325, -54.4365, 160, 160, 160
L -757.945, -414.325, -54.4365, -776.964, -416.711, -54.4365, 160, 160, 160
L -159.705, -18.368, -54.4817, -133.128, -7.974, -54.4928, 160, 160, 160
L -133.128, -7.974, -54.4928, -113.505, -12.938, -54.5097, 160, 160, 160
L -113.505, -12.938, -54.5097, -102.141, -11.005, -54.5202, 160, 160, 160
L -102.141, -11.005, -54.5202, -89.769, -6.521, -54.532, 160, 160, 160
L -89.769, -6.521, -54.532, -69.473, -8.671, -54.551, 160, 160, 160
L -69.473, -8.671, -54.551, -53.127, -12.005, -54.5664, 160, 160, 160
L -53.127, -12.005, -54.5664, -35.482, -8.606, -54.582, 160, 160, 160
L -35.482, -8.606, -54.582, -12.403, -12.948, -54.5927, 160, 160, 160
L -12.403, -12.948, -54.5927, 7.356, -8.25, -54.5927, 160, 160, 160
L 7.356, -8.25, -54.5927, 47.643, -11.244, -54.5927, 160, 160, 160
L 47.643, -11.244, -54.5927, 115.209, -7.985, -54.5927, 160, 160, 160
L 115.209, -7.985, -54.5927, 138.523, -10.961, -54.5927, 160, 160, 160
L 138.523, -10.961, -54.5927, 161.109, -11.681, -54.5927, 160, 160, 160
L 161.109, -11.681, -54.5927, 186.333, -14.512, -55.3485, 160, 160, 160
L 186.333, -14.512, -55.3485, 213.75, -16.418, -57.3305, 160, 160, 160
L 213.75, -16.418, -57.3305, 229.593, -50.752, -55.2436, 160, 160, 160
L 229.593, -50.752, -55.2436, 228.709, -89.743, -54.5927, 160, 160, 160
L 228.709, -89.743, -54.5927, 224.34, -125.909, -54.5927, 160, 160, 160
L 224.34, -125.909, -54.5927, 227.1, -156.027, -54.5927, 160, 160, 160
L 227.1, -156.027, -54.5927, 227.443, -193.004, -54.5927, 160, 160, 160
L 227.443, -193.004, -54.5927, 222.431, -222.748, -54.5927, 160, 160, 160
L 222.431, -222.748, -54.5927, 224.945, -250.389, -54.5927, 160, 160, 160
L 224.945, -250.389, -54.5927, 224.466, -278.294, -54.5927, 160, 160, 160
L 224.466, -278.294, -54.5927, 224.068, -304.464, -54.5927, 160, 160, 160
L 224.068, -304.464, -54.5927, 221.947, -326.534, -54.5927, 160, 160, 160
L 221.947, -326.534, -54.5927, 224.532, -352.254, -54.5927, 160, 160, 160
L 224.532, -352.254, -54.5927, 217.047, -402.441, -54.5927, 160, 160, 160
L -3489.58, 895.113, -50.3198, -3481.507, 910.909, -50.39, 160, 160, 160
L -3481.507, 910.909, -49.2738, -3497.143, 918.85, -49.972, 160, 160, 160
L -3497.143, 918.85, -49.1507, -3505.28, 903.391, -49.4694, 160, 160, 160
L -3505.28, 903.391, -50.1131, -3489.58, 895.113, -50.3113, 160, 160, 160
L -3575.741, 902.416, -50.8427, -3589.413, 913.704, -51.3021, 160, 160, 160
L -3589.413, 913.704, -51.4639, -3601.883, 899.93, -51.6283, 160, 160, 160
L -3601.883, 899.93, -51.7483, -3586.772, 888.45, -51.24, 160, 160, 160
L -3586.772, 888.45, -50.6007, -3575.741, 902.416, -50.3665, 160, 160, 160
L -3538.263, 839.807, -54.1732, -3543.674, 839.591, -54.765, 160, 160, 160
L -3543.674, 839.591, -54.1082, -3542.963, 818.998, -54.182, 160, 160, 160
L -3542.963, 818.998, -54.4365, -3522.322, 819.764, -54.4185, 160, 160, 160
L -3522.322, 819.764, -54.4365, -3523.083, 840.405, -54.4328, 160, 160, 160
L -3528.466, 840.691, -54.3697, -3523.083, 840.405, -54.4142, 160, 160, 160
L -3058.517, -996.677, -54.4365, -3051.119, -998.155, -54.4084, 160, 160, 160
L -3047.016, -1002.113, -54.4365, -3049.257, -1013.074, -54.4095, 160, 160, 160
L -3053.179, -1016.064, -54.4348, -3064.262, -1014.231, -54.3969, 160, 160, 160
L -3066.979, -1010.087, -54.4204, -3065.133, -1000.803, -54.4219, 160, 160, 160
L -3086.371, -1038.584, -54.4365, -3081.009, -1037.557, -54.4365, 160, 160, 160
L -3081.009, -1037.557, -54.4251, -3079.742, -1058.171, -54.4243, 160, 160, 160
L -3079.742, -1058.171, -54.4183, -3100.355, -1059.437, -54.4204, 160, 160, 160
L -3100.355, -1059.437, -54.4215, -3101.624, -1038.937, -54.4243, 160, 160, 160
L -3096.441, -1038.505, -54.4365, -3101.624, -1038.937, -54.4365, 160, 160, 160
L -3067.599, -1013.194, -54.4283, -3064.091, -995.563, -54.4268, 160, 160, 160
L -3064.091, -995.563, -54.4365, -3046.467, -999.082, -54.4146, 160, 160, 160
L -3046.467, -999.082, -54.4365, -3049.973, -1016.702, -54.4337, 160, 160, 160
L -3049.973, -1016.702, -54.4313, -3067.599, -1013.194, -54.4277, 160, 160, 160
L 898.667, -1033.071, -54.5927, 886.453, -1046.259, -54.5412, 160, 160, 160
L 886.453, -1046.259, -54.5902, 899.612, -1058.471, -54.5694, 160, 160, 160
L 899.612, -1058.471, -54.5837, 911.834, -1045.302, -54.5655, 160, 160, 160
L 911.834, -1045.302, -54.5927, 898.667, -1033.071, -54.5921, 160, 160, 160
L 949.373, -1039.036, -54.5927, 945.788, -1043.602, -54.5927, 160, 160, 160
L 945.788, -1043.602, -54.5908, 961.585, -1056.567, -54.5923, 160, 160, 160
L 961.585, -1056.567, -54.5705, 974.947, -1041.098, -54.5829, 160, 160, 160
L 974.947, -1041.098, -54.5915, 959.471, -1027.412, -54.5927, 160, 160, 160
L 956.124, -1031.2, -54.5927, 959.471, -1027.412, -54.5927, 160, 160, 160
P 72.739, -12.522, -44.3952, 204, 0, 204, 3, to_Volska's_Husk
P -1286.934, -442.15, -54.4365, 255, 255, 255, 3, Druid_Circle
P 23.955, -23.516, -53.9677, 255, 255, 255, 3, Toll_Booth
P -1703.411, 5.898, -54.4365, 255, 255, 255, 3, Minor_Spires
P 1375.499, -5.115, -41.484, 204, 0, 204, 3, to_East_Commons
P -521.3, 1159.106, -41.6552, 204, 0, 204, 3, to_Befallen
P -4135.48, -906.987, -51.4677, 204, 0, 204, 3, to_Kithicor_Forest
P -1248.778, 1245.191, 0, 0, 200, 255, 1, Spiken's_Maps_-_github.com/spik3n/EQL_Map_pack
