P 19.275, 863.065, 0, 255, 255, 0, 2, Aagron
P 2588.275, -1571.935, 0, 255, 255, 0, 2, Adrian
P 1544.775, 3565.065, 0, 255, 128, 0, 2, Althele
P 2221.275, 978.065, 0, 255, 255, 0, 2, Beanu_Mucktail
P 1145.275, 2340.065, 0, 255, 255, 0, 2, Brettaru_Tyco
P -957.725, -1226.935, 0, 255, 255, 0, 2, Broon
P -970.725, -599.935, 0, 255, 255, 0, 2, Brynnsu_Frostreaver
P 2386.275, 886.065, 0, 255, 255, 0, 2, Burah_Mucktail
P 2159.275, 787.065, 0, 255, 255, 0, 2, Canik_Mucktail
P 2319.275, 934.065, 0, 255, 255, 0, 2, Chief_SaNre`Rexsa
P 1350.275, 2606.065, 0, 255, 255, 0, 2, Drevlon_Knacknabber
P -857.725, -2199.935, 0, 255, 255, 0, 2, Droon
P 2314.275, 911.065, 0, 255, 255, 0, 2, Emhu_Mucktail
P 1513.275, 3563.065, 0, 255, 255, 0, 2, Fang
P 4153.275, 1147.065, 0, 255, 255, 0, 2, Felodius_Sworddancer
P 1712.275, 3364.065, 0, 255, 255, 0, 2, Ganelorn_Oast
P 2340.275, 870.065, 0, 255, 255, 0, 2, Hibber_Mucktail
P 2355.275, 839.065, 0, 255, 255, 0, 2, Hukex_Mucktail
P 2342.275, 886.065, 0, 255, 255, 0, 2, Jekca_Mucktail
P 2137.275, 809.065, 0, 255, 255, 0, 2, Klage_Mucktail
P 2236.275, 3452.065, 0, 255, 255, 0, 2, Leon
P 2338.275, 661.065, 0, 255, 255, 0, 2, Mechi_Mucktail
P 6000.275, 1705.065, 0, 255, 255, 0, 2, Milea_Clothspinner
P 2169.275, 3391.065, 0, 255, 255, 0, 2, Nella_Taraiss
P 2340.075, 859.965, 0, 255, 255, 0, 2, Nra`Brox_Mucktail
P 2315.475, 851.965, 0, 255, 255, 0, 2, Nra`Vren_Mucktail
P 2315.475, 826.165, 0, 255, 255, 0, 2, Nre`Glega_Mucktail
P 2299.075, 931.965, 0, 255, 255, 0, 2, Nre`Loxe_Mucktail
P 2274.475, 923.965, 0, 255, 255, 0, 2, Olixen_Mucktail
P 2115.275, 787.065, 0, 255, 255, 0, 2, Plur_Mucktail
P 2340.075, 818.165, 0, 255, 255, 0, 2, Prark_Mucktail
P -901.725, -2199.935, 0, 255, 255, 0, 2, Proon
P 2137.275, 765.065, 0, 255, 255, 0, 2, Rheg_Mucktail
P 2657.275, -1509.935, 0, 255, 255, 0, 2, Shalena_Roan
P -274.725, -80.935, 0, 255, 255, 0, 2, Sir_Morgan
P -292.725, -77.935, 0, 255, 255, 0, 2, Squire_Wimbley
P 574.275, -1622.935, 0, 255, 255, 0, 2, Tallus_Holton
P 955.275, 1056.065, 0, 255, 128, 0, 2, Tarbul_Earthstrider
P 7451.275, 3130.065, 0, 255, 128, 0, 2, Tenal_Redblade
P 2135.275, 1793.065, 0, 255, 255, 0, 2, Theoris_Bladespur
P 1500.775, 3565.065, 0, 255, 255, 0, 2, Tholris
P 2274.475, 898.165, 0, 255, 255, 0, 2, Tregil_Mucktail
P 2296.275, 870.065, 0, 255, 255, 0, 2, Vexven_Mucktail
P 2299.075, 890.165, 0, 255, 255, 0, 2, Yahg_Mucktail
P 1903.275, -895.935, 0, 255, 255, 0, 2, twisted_ajrah_treant
P -310.725, 427.065, 0, 255, 255, 0, 2, Izera_N`Kar
P 1517.275, 2941.065, 0, 255, 255, 0, 2, Sir_Gregon_Sulltor

P -1295.469, -103.794, -38.1447, 150, 0, 200, 3, to_The_Northern_Plains_of_Karana
P 8260.856, 2984.216, 691.4274, 150, 0, 200, 3, to_Highpass_Hold
