P -3351, 1218, 0, 255, 255, 0, 2, Captain_Vekeros
P -612, 1781, 0, 255, 255, 0, 2, Golden_Maiden
P -1407, 1306, 0, 255, 255, 0, 2, Hojo
P -727.5, 1324.0, 0, 255, 255, 0, 2, Jarra
P -771.5, 1324.0, 0, 255, 255, 0, 2, Kala
P -798, 1772, 0, 255, 255, 0, 2, Milla
P -679, 1780, 0, 255, 255, 0, 2, Monala
P -963, 1592, 0, 255, 255, 0, 2, Nifta
P -1126, 1781, 0, 255, 255, 0, 2, Nomala
P -1638, 919, 0, 255, 128, 0, 2, Ooglyn
P 1628, 1976, 0, 255, 255, 0, 2, Sea_King
P -780, 719, 0, 255, 255, 0, 2, Tolo
P -1240, 1175, 0, 255, 255, 0, 2, Yelesom_Paust
P -2130, 1293, 0, 255, 255, 0, 2, Yun_Assistant_Maldok
P -3326, 1197, 0, 255, 255, 0, 2, Zombie_Sailor
P -1988, 131, 0, 255, 255, 0, 2, undead_erudite_sailor
P -1918, 131, 0, 255, 255, 0, 2, undead_troll_sailor
P -663, 1768, 0, 255, 255, 0, 2, Translocator_Jempar
