P -208.068, 148.363, 0, 255, 255, 0, 2, Allix
P -67.068, -93.637, 0, 255, 255, 0, 2, Erfer_Longclaw
P -217.068, 95.363, 0, 255, 255, 0, 2, Errrak_Thickshank
P 39.932, -210.637, 0, 255, 255, 0, 2, Falthrik_Lothoro
P 260.932, 737.363, 0, 255, 128, 0, 2, Feren
P 22.932, -109.637, 0, 255, 255, 0, 2, Feskr_Drinkmaker
P -216.068, 78.363, 0, 255, 255, 0, 2, Graalf_Sharpclaw
P -40.068, -79.637, 0, 255, 255, 0, 2, Iffrir_Soulcaller
P -181.068, -888.637, 0, 255, 255, 0, 2, Jo_Jo
P 712.932, -392.637, 0, 255, 255, 0, 2, Kirran_Mirrah
P -313.068, -905.637, 0, 255, 255, 0, 2, Lord_Gongo
P 1.932, -565.637, 0, 255, 128, 0, 2, Marl_Kastane
P -370.068, -460.637, 0, 255, 255, 0, 2, Maugarim
P 341.932, -398.637, 0, 255, 255, 0, 2, Shazda_Asad
P -41.068, 174.363, 0, 255, 255, 0, 2, Thalith_Mamluk
P -62.068, -309.637, 0, 255, 255, 0, 2, Urkath_Greyface
P 151.932, 203.363, 0, 255, 255, 0, 2, Wislen_Mamluk
P 11.932, -147.637, 0, 255, 255, 0, 2, dozing_ghulam
P -84.068, -79.637, 0, 255, 255, 0, 2, drunken_ghulam
P -35.068, -132.637, 0, 255, 255, 0, 2, fang_tooth
P 214.932, 502.363, 0, 255, 255, 0, 2, kerran_tiger_spahi
P 221.932, -232.637, 0, 255, 255, 0, 2, kerran_tseq
P -267.068, 200.363, 0, 255, 255, 0, 2, wharf_rat
