P 221.265, 633, 0, 255, 255, 0, 2, Albert
P -2111.735, 2849, 0, 255, 255, 0, 2, Christine
P 170.265, 682, 0, 255, 255, 0, 2, David
P 227.265, 665, 0, 255, 255, 0, 2, Herbert
P 572.265, -3118, 0, 255, 255, 0, 2, Icefall_leopard
P 169.265, 638, 0, 255, 255, 0, 2, Robert
P 138.265, -3038, 0, 255, 255, 0, 2, guardian_worg_pup
P -2180.735, 2458, 0, 255, 255, 0, 2, haze_panther

P -2043.166, 2695.888, -0.7192,  240, 0, 0,  1,  101_Market_Street
P -2407.473, 2715.854, -0.7192,  240, 0, 0,  2,  104_Market_Street
P -2374.181, 2516.302, -0.7192,  240, 0, 0,  2,  103_Market_Street
P -2162.026, 2335.784, -0.7191,  240, 0, 0,  2,  102_Market_Street
P -2690.536, 2672.789, 79.2808,  240, 0, 0,  2,  101_Market_Heights
P -2535.001, 1977.648, 91.4678,  240, 0, 0,  2,  102_Market_Heights
P -2037.207, 1614.227, 59.2808,  240, 0, 0,  2,  103_Market_Heights
P -1429.325, 2092.592, -30.7191,  240, 240, 0,  2,  101_Brimming_Way
P -1072.61, 1141.769, 37.2808,  240, 240, 0,  2,  102_Brimming_Way
P -839.858, 1525.482, -0.4420,  240, 240, 0,  2,  113_Brimming_Way
P -863.396, 1465.328, -0.7181,  240, 240, 0,  2,  112_Brimming_Way
P -907.036, 1069.643, -0.7192,  240, 240, 0,  2,  103_Brimming_Way
P -903.788, 746.279, -0.7192,  240, 240, 0,  2,  104_Brimming_Way
P -813.093, 588.569, -0.7192,  240, 240, 0,  2,  105_Brimming_Way
P -748.756, 396.915, -0.7192,  240, 240, 0,  2,  106_Brimming_Way
P -502.974, 134.488, -0.7192,  240, 240, 0,  2,  108_Brimming_Way
P -469.289, -181.152, 148.7524,  240, 240, 0,  2,  107_Brimming_Way
P -76.361, 364.839, 109.2808,  240, 240, 0,  2,  105_Brimming_Heights
P 134.702, 448.075, 109.2808,  240, 240, 0,  2,  106_Brimming_Heights
P 103.984, 704.055, 109.2808,  240, 240, 0,  2,  107_Brimming_Heights
P 103.644, 796.107, 109.2808,  240, 240, 0,  2,  108_Brimming_Heights
P -229.268, 680.796, 59.2808,  240, 240, 0,  2,  104_Brimming_Heights
P -265.639, 906.967, 59.2808,  240, 240, 0,  2,  103_Brimming_Heights
P -411.247, 1088.831, 59.2808,  240, 240, 0,  2,  102_Brimming_Heights
P -478.762, 856.307, -0.7192,  240, 240, 0,  2,  111_Brimming_Way
P -413.153, 567.616, -0.7192,  240, 240, 0,  2,  110_Brimming_Way
P -377.63, 372.741, -0.7192,  240, 240, 0,  2,  109_Brimming_Way
P -435.774, 1405.742, 109.2808,  240, 240, 0,  2,  101_Brimming_Heights
P -1797.806, 968.797, -40.7191,  240, 240, 240,  2,  101_Vanward_Street
P -2003.342, 997.13, -40.7191,  240, 240, 240,  2,  103_Vanward_Street
P -2193.983, 952.227, -40.7191,  240, 240, 240,  2,  104_Vanward_Street
P -2390.627, 1064.877, -40.7191,  240, 240, 240,  2,  105_Vanward_Street
P -1791.386, 826.75, -40.7191,  240, 240, 240,  2,  102_Vanward_Street
P -1900.834, 449.706, -40.7191,  240, 240, 240,  2,  108_Vanward_Street
P -2202.094, 786.218, -40.7191,  240, 240, 240,  2,  106_Vanward_Street
P -2261.892, 557.512, -40.7191,  240, 240, 240,  2,  107_Vanward_Street
P -2265.631, 349.319, -40.7191,  240, 240, 240,  2,  109_Vanward_Street
P -2264.734, 129.677, -40.7191,  240, 240, 240,  2,  111_Vanward_Street
P -2161.891, -49.284, -40.7191,  240, 240, 240,  2,  113_Vanward_Street
P -2208.266, 244.204, -40.7191,  240, 240, 240,  2,  112_Vanward_Street
P -2201.13, 452.425, -40.6241,  240, 240, 240,  2,  110_Vanward_Street
P -1929.402, 225.097, -40.7191,  240, 240, 240,  2,  114_Vanward_Street
P -1743.71, 185.382, -40.7191,  240, 240, 240,  2,  116_Vanward_Street
P -1467.56, 205.641, 59.2808,  240, 240, 240,  2,  101_Vanward_Heights
P -1925.411, -1244.184, 59.2840,  0, 127, 0,  2,  101_Park_Circle
P -2102.364, -1184.711, 59.2808,  0, 127, 0,  2,  102_Park_Circle
P -2269.007, -1173.625, 59.2808,  0, 127, 0,  2,  103_Park_Circle
P -2251.034, -1361.149, 59.2808,  0, 127, 0,  2,  104_Park_Circle
P -2140.664, -1504.605, 59.2782,  0, 127, 0,  2,  105_Park_Circle
P -1963.296, -1542.554, 59.2808,  0, 127, 0,  2,  106_Park_Circle
P -1764.217, -1535.352, 59.2808,  0, 127, 0,  2,  107_Park_Circle
P -1571.146, -1533.291, 59.2808,  0, 127, 0,  2,  108_Park_Circle
P -2056.158, -2520.81, 31.2808,  127, 0, 0,  2,  105_Guild_Way
P -1913.516, -2703.696, 31.2808,  127, 0, 0,  2,  104_Guild_Way
P -2200.005, -2905.385, 31.2808,  127, 0, 0,  2,  101_Guild_Way
P -1935.849, -2894.673, 31.2808,  127, 0, 0,  2,  102_Guild_Way
P -1710.023, -2847.006, 31.2808,  127, 0, 0,  2,  103_Guild_Way
P -444.391, -2876.67, -70.7190,  0, 240, 240,  2,  101_Terminus_Street
P -222.489, -2876.798, -70.6149,  0, 240, 240,  2,  102_Terminus_Street
P 11.1, -2877.116, -70.9315,  0, 240, 240,  2,  103_Terminus_Street
P 298.723, -2886.013, -100.7191,  0, 240, 240,  2,  104_Terminus_Street
P 500.684, -3097.084, -1.7192,  0, 240, 240,  2,  106_Terminus_Heights
P 289.726, -2806.013, -100.7191,  0, 240, 240,  2,  105_Terminus_Street
P 93.114, -2479.454, -101.6363,  0, 240, 240,  2,  107_Terminus_Street
P 23.666, -1343.898, 64.2808,  255, 0, 255,  2,  Betwixt_Avenue
P -80.138, -1321.626, 64.2808,  255, 0, 255,  2,  104_Betwixt_Avenue
P 43.657, -962.22, 64.2808,  255, 0, 255,  2,  102_Betwixt_Avenue
P 389.829, -782.358, 91.2808,  255, 0, 255,  2,  107_Betwixt_Avenue
P 394.798, -1040.73, 91.2808,  255, 0, 255,  2,  106_Betwixt_Avenue
P 390.969, -1300.819, 91.2808,  255, 0, 255,  2,  105_Betwixt_Avenue
P -208.127, -853.791, 44.2808,  255, 0, 255,  2,  101_Betwixt_Avenue
