P 820.982, -149.577, 0, 255, 255, 0, 2, Asyln_C`Luzz
P 846.982, -145.577, 0, 255, 255, 0, 2, Belux_J`Ver
P 907.982, -166.577, 0, 255, 255, 0, 2, Camia_V`Retta
P 559.982, 67.423, 0, 255, 255, 0, 2, Dragoon_V`Retta
P 928.982, -136.577, 0, 255, 255, 0, 2, Draxiz_N`Ryt
P 858.982, -150.577, 0, 255, 255, 0, 2, Drizm_J`Axx
P 845.982, 8.423, 0, 255, 255, 0, 2, Exterminator_Damasi
P 1045.482, 55.923, 0, 255, 255, 0, 2, Firon_Dernkal
P 406.982, 59.423, 0, 255, 255, 0, 2, Fleshweaver_T`soma
P 928.982, 114.423, 0, 255, 255, 0, 2, Footman_M`oze
P 874.982, -147.477, 0, 255, 255, 0, 2, Gath_N`Mare
P 950.982, 253.423, 0, 255, 255, 0, 2, Isvan_S`Lon
P 1088.982, 10.723, 0, 255, 255, 0, 2, Jarrex_N`Ryt
P 874.982, -185.677, 0, 255, 255, 0, 2, Jayna_D`Bious
P 796.982, -150.577, 0, 255, 255, 0, 2, Jucra_V`Lask
P 1001.482, 55.923, 0, 255, 255, 0, 2, Klan_K`Jartan
P 782.982, -95.577, 0, 255, 255, 0, 2, Kwilrz_Vn`Ycxa
P 893.982, 239.423, 0, 255, 255, 0, 2, Leatherfoot_Deputy
P 863.982, -180.577, 0, 255, 255, 0, 2, Mavin_D`Dbth
P 871.982, -163.577, 0, 255, 255, 0, 2, Morgalanth_Tal`Raeloen
P 1055.982, 29.823, 0, 255, 255, 0, 2, Narex_T`Vem
P 916.982, -168.577, 0, 255, 255, 0, 2, Olavn_N`Mar
P 804.982, -191.577, 0, 255, 255, 0, 2, Opizel_G`Efia
P 487.982, 50.423, 0, 255, 255, 0, 2, Priest_of_Discord
P 884.982, -136.577, 0, 255, 255, 0, 2, Razran_F`Lok
P 822.982, -168.577, 0, 255, 255, 0, 2, Ryoz_K`Tarn
P 1047.982, -41.577, 0, 255, 255, 0, 2, Seloxia_Punox
P 845.982, -177.577, 0, 255, 255, 0, 2, Shanez_X`Teria
P 654.982, 39.423, 0, 255, 128, 0, 2, Timer
P 1055.982, -8.277, 0, 255, 255, 0, 2, Trizam_N`Tan
P 832.982, -186.577, 0, 255, 255, 0, 2, Utvex_D`Jerna
P 906.982, 136.423, 0, 255, 255, 0, 2, Vorshar_the_Despised
P 1137.982, 33.423, 0, 255, 255, 0, 2, Yegek_B`Larin

P 775.149, -212.243, -42.7701,  150, 0, 200,  3,  to_Neriak_-_Third_Gate
P 310.29, -102.955, -14.8014,  150, 0, 200,  3,  to_Neriak_-_Foreign_Quarter
