P -964.825, -2487.702, 0, 255, 255, 0, 2, Daevyd_Londayl
P -928.825, -2457.702, 0, 255, 255, 0, 2, Dereu_Ztr`Tn
P -898.825, -2471.702, 0, 255, 255, 0, 2, Dizzl_Nulzik
P 391.175, -1102.702, 0, 255, 255, 0, 2, Dorn_B`Dynn
P 146.175, 1966.298, 0, 255, 255, 0, 2, Dunedigger
P -905.825, -2453.702, 0, 255, 255, 0, 2, Efrelle_Treiui
P -944.825, -2475.702, 0, 255, 255, 0, 2, Escon_Quickbow
P 854.175, -583.702, 0, 255, 255, 0, 2, Frankel_the_Pirate
P -123.825, -2969.702, 0, 255, 255, 0, 2, Odwren_Werat
P -942.825, -2498.702, 0, 255, 255, 0, 2, Paege_Stirratin
P 865.175, -1949.702, 0, 255, 255, 0, 2, Puntar_Sandfisher
P -901.825, -2504.702, 0, 255, 255, 0, 2, Ruanya_Windleaf
P -921.825, -2504.702, 0, 255, 255, 0, 2, Shelie_Dikop
P -892.825, -2541.702, 0, 255, 255, 0, 2, Soulbinder_Ragni
P -1312.825, -2554.702, 0, 255, 255, 0, 2, trees_need_no_money
P 1149.175, -1637.702, 0, 255, 255, 0, 2, #_5
P 889.175, -578.702, 0, 255, 255, 0, 2, Translocator_Ionie
P 480.175, 1021.298, 0, 255, 255, 0, 2, Verrell_Cogswin

P 796.192, -2211.556, 2.1793,  150, 0, 200,  3,  to_New_Sebilis_Expedition_(click)
P -276.514, 1955.839, 30.8244,  150, 0, 200,  3,  to_Oasis_of_Marr
P -2811.827, -2399.318, -0.8014,  150, 0, 200,  3,  to_East_Commonlands
