L -1041.888, -246.7196, 1.9017, -1069.768, -267.7558, 5.8482, 160, 160, 160
L -979.8242, -235.2604, -5.6101, -1041.888, -246.7196, 1.9017, 160, 160, 160
L -958.8125, -260.7364, -5.1383, -979.8242, -235.2604, -5.6101, 160, 160, 160
L -980.4257, -324.1238, 3.607, -958.8125, -260.7364, -5.1383, 160, 160, 160
L -981.8413, -329.584, 3.4615, -980.4257, -324.1238, 3.607, 160, 160, 160
L -1000.1656, -359.976, 3.1124, -981.8413, -329.584, 3.4615, 160, 160, 160
L -1020.9411, -391.1506, 2.8307, -1000.1656, -359.976, 3.1124, 160, 160, 160
L -1039.3451, -392.1009, 4.6344, -1020.9411, -391.1506, 2.8307, 160, 160, 160
L -1055.4961, -380.5584, 7.143, -1039.3451, -392.1009, 4.6344, 160, 160, 160
L -1076.5471, -351.3265, 11.4361, -1055.4961, -380.5584, 7.143, 160, 160, 160
L -1074.482, -325.5629, 11.7553, -1076.5471, -351.3265, 11.4361, 160, 160, 160
L -1069.6121, -268.2973, 6.1516, -1074.482, -325.5629, 11.7553, 160, 160, 160
L -1135.7846, 883.598, 2.9148, -1139.3994, 879.8233, 2.923, 160, 160, 160
L -1095.891, 881.2382, 1.8329, -1135.7846, 883.598, 2.9148, 160, 160, 160
L -1061.7238, 850.1678, 0.8278, -1095.891, 881.2382, 1.8329, 160, 160, 160
L -1048.6519, 815.2854, 0.449, -1061.7238, 850.1678, 0.8278, 160, 160, 160
L -1036.476, 789.8212, -3.8833, -1048.6519, 815.2854, 0.449, 160, 160, 160
L -1048.923, 784.5756, 0.396, -1036.476, 789.8212, -3.8833, 160, 160, 160
L -1062.7844, 775.7363, 1.418, -1048.923, 784.5756, 0.396, 160, 160, 160
L -1068.8159, 769.6667, 1.934, -1062.7844, 775.7363, 1.418, 160, 160, 160
L -1074.3061, 763.2495, 1.2925, -1068.8159, 769.6667, 1.934, 160, 160, 160
L -1095.5473, 745.2553, 1.6942, -1074.3061, 763.2495, 1.2925, 160, 160, 160
L -1108.3244, 742.6909, 2.123, -1095.5473, 745.2553, 1.6942, 160, 160, 160
L -1137.8968, 732.1561, 2.9352, -1108.3244, 742.6909, 2.123, 160, 160, 160
L -1145.6708, 730.5941, 3.6225, -1137.8968, 732.1561, 2.9352, 160, 160, 160
L -1163.12, 726.1105, 3.322, -1145.6708, 730.5941, 3.6225, 160, 160, 160
L -1193.2662, 729.7711, 3.8184, -1163.12, 726.1105, 3.322, 160, 160, 160
L -1212.6439, 762.5072, 3.322, -1193.2662, 729.7711, 3.8184, 160, 160, 160
L -1200.759, 809.8229, 3.322, -1212.6439, 762.5072, 3.322, 160, 160, 160
L -1168.8632, 855.8586, 3.1674, -1200.759, 809.8229, 3.322, 160, 160, 160
L -1135.3316, 882.938, 2.8999, -1168.8632, 855.8586, 3.1674, 160, 160, 160
L -155.5007, -670.4577, 3.322, -112.6548, -640.905, 3.322, 160, 160, 160
L -223.7101, -671.8509, 3.322, -155.5007, -670.4577, 3.322, 160, 160, 160
L -253.728, -629.99, 3.322, -223.7101, -671.8509, 3.322, 160, 160, 160
L -233.7969, -588.2282, 3.322, -253.728, -629.99, 3.322, 160, 160, 160
L -202.3139, -555.7391, 3.322, -233.7969, -588.2282, 3.322, 160, 160, 160
L -159.5791, -547.2355, 3.322, -202.3139, -555.7391, 3.322, 160, 160, 160
L -137.1322, -550.6313, 3.322, -159.5791, -547.2355, 3.322, 160, 160, 160
L -112.1869, -579.289, 3.323, -137.1322, -550.6313, 3.322, 160, 160, 160
L -111.4776, -639.9718, 3.322, -112.1869, -579.289, 3.323, 160, 160, 160
L -128.6701, -651.5013, 3.322, -111.4776, -639.9718, 3.322, 160, 160, 160
L -340.6671, -931.394, 3.491, -339.1743, -925.108, 2.6442, 160, 160, 160
L -344.7672, -943.7078, 4.442, -340.6671, -931.394, 3.491, 160, 160, 160
L -348.5212, -944.8692, 5.1074, -344.7672, -943.7078, 4.442, 160, 160, 160
L -381.8043, -955.6751, 4.7557, -348.5212, -944.8692, 5.1074, 160, 160, 160
L -441.48, -975.8159, 3.2078, -381.8043, -955.6751, 4.7557, 160, 160, 160
L -499.1381, -976.9094, 3.322, -441.48, -975.8159, 3.2078, 160, 160, 160
L -544.8039, -979.1489, 3.322, -499.1381, -976.9094, 3.322, 160, 160, 160
L -563.7263, -958.6959, 3.1029, -544.8039, -979.1489, 3.322, 160, 160, 160
L -564.9957, -926.7813, 3.322, -563.7263, -958.6959, 3.1029, 160, 160, 160
L -551.5025, -878.1408, 3.322, -564.9957, -926.7813, 3.322, 160, 160, 160
L -450.8981, -825.126, 3.5808, -551.5025, -878.1408, 3.322, 160, 160, 160
L -436.9069, -816.7535, 3.2048, -450.8981, -825.126, 3.5808, 160, 160, 160
L -432.2212, -818.6948, 3.5411, -436.9069, -816.7535, 3.2048, 160, 160, 160
L -390.495, -837.4248, 6.26, -432.2212, -818.6948, 3.5411, 160, 160, 160
L -378.4551, -851.8442, 6.6563, -390.495, -837.4248, 6.26, 160, 160, 160
L -348.8217, -886.7686, 6.5724, -378.4551, -851.8442, 6.6563, 160, 160, 160
L -338.5572, -900.8024, 10.3295, -348.8217, -886.7686, 6.5724, 160, 160, 160
L -340.7105, -912.3798, 9.5436, -338.5572, -900.8024, 10.3295, 160, 160, 160
L -342.2359, -916.307, 10.3082, -340.7105, -912.3798, 9.5436, 160, 160, 160
L -339.4526, -923.7371, 3.7284, -342.2359, -916.307, 10.3082, 160, 160, 160
L -339.523, -926.911, 2.9918, -339.4526, -923.7371, 3.7284, 160, 160, 160
L -1139.8693, -1334.6882, 3.2864, -1112.2688, -1353.1044, 3.9283, 160, 160, 160
L -1139.739, -1275.6799, 3.322, -1139.8693, -1334.6882, 3.2864, 160, 160, 160
L -1101.868, -1212.144, 3.322, -1139.739, -1275.6799, 3.322, 160, 160, 160
L -1050.1186, -1210.6078, 3.322, -1101.868, -1212.144, 3.322, 160, 160, 160
L -1040.9142, -1211.6172, 4.9272, -1050.1186, -1210.6078, 3.322, 160, 160, 160
L -1038.9331, -1214.6765, 5.4377, -1040.9142, -1211.6172, 4.9272, 160, 160, 160
L -1035.3587, -1223.7681, 8.2178, -1038.9331, -1214.6765, 5.4377, 160, 160, 160
L -1020.5991, -1254.385, 14.503, -1035.3587, -1223.7681, 8.2178, 160, 160, 160
L -1013.8903, -1289.4475, 17.2829, -1020.5991, -1254.385, 14.503, 160, 160, 160
L -1008.1803, -1303.1912, 12.303, -1013.8903, -1289.4475, 17.2829, 160, 160, 160
L -1013.85, -1325.6548, 3.1137, -1008.1803, -1303.1912, 12.303, 160, 160, 160
L -1023.8288, -1348.369, 5.4288, -1013.85, -1325.6548, 3.1137, 160, 160, 160
L -1040.5081, -1366.931, 7.2965, -1023.8288, -1348.369, 5.4288, 160, 160, 160
L -1047.7842, -1366.7651, 7.3661, -1040.5081, -1366.931, 7.2965, 160, 160, 160
L -1083.9057, -1372.2765, 5.1668, -1047.7842, -1366.7651, 7.3661, 160, 160, 160
L -1120.72, -1347.8325, 3.6267, -1083.9057, -1372.2765, 5.1668, 160, 160, 160
L -1318.8304, -1520.6592, 7.6047, -1313.9984, -1519.9272, 8.3475, 160, 160, 160
L -1318.9697, -1520.8704, 7.6177, -1318.8304, -1520.6592, 7.6047, 160, 160, 160
L -1318.3541, -1524.7394, 8.4315, -1318.9697, -1520.8704, 7.6177, 160, 160, 160
L -1317.9005, -1525.536, 8.5931, -1318.3541, -1524.7394, 8.4315, 160, 160, 160
L -1302.5107, -1522.7312, 10.9385, -1317.9005, -1525.536, 8.5931, 160, 160, 160
L -1301.9512, -1522.213, 10.9459, -1302.5107, -1522.7312, 10.9385, 160, 160, 160
L -1302.4456, -1518.5317, 10.1883, -1301.9512, -1522.213, 10.9459, 160, 160, 160
L -1302.8069, -1518.2963, 10.801, -1302.4456, -1518.5317, 10.1883, 160, 160, 160
L -1318.677, -1520.5202, 7.7176, -1302.8069, -1518.2963, 10.801, 160, 160, 160
L -1363.227, -1456.8701, 3.322, -1362.1067, -1463.461, 3.322, 160, 160, 160
L -1363.3667, -1456.3903, 3.322, -1363.227, -1456.8701, 3.322, 160, 160, 160
L -1367.4485, -1456.9928, 3.322, -1363.3667, -1456.3903, 3.322, 160, 160, 160
L -1367.7494, -1457.4384, 3.423, -1367.4485, -1456.9928, 3.322, 160, 160, 160
L -1365.1986, -1474.5009, 3.339, -1367.7494, -1457.4384, 3.423, 160, 160, 160
L -1364.7272, -1474.6367, 3.329, -1365.1986, -1474.5009, 3.339, 160, 160, 160
L -1360.9944, -1474.83, 3.337, -1364.7272, -1474.6367, 3.329, 160, 160, 160
L -1360.5253, -1473.709, 3.323, -1360.9944, -1474.83, 3.337, 160, 160, 160
L -1362.4441, -1460.7708, 3.322, -1360.5253, -1473.709, 3.323, 160, 160, 160
L -1313.5852, -1396.3114, 3.322, -1319.71, -1396.8451, 3.363, 160, 160, 160
L -1313.1621, -1395.843, 3.322, -1313.5852, -1396.3114, 3.322, 160, 160, 160
L -1313.5302, -1392.121, 3.565, -1313.1621, -1395.843, 3.322, 160, 160, 160
L -1313.6715, -1391.6732, 3.322, -1313.5302, -1392.121, 3.565, 160, 160, 160
L -1330.736, -1393.2687, 3.322, -1313.6715, -1391.6732, 3.322, 160, 160, 160
L -1331.1114, -1393.5713, 3.322, -1330.736, -1393.2687, 3.322, 160, 160, 160
L -1330.7083, -1397.6772, 3.644, -1331.1114, -1393.5713, 3.322, 160, 160, 160
L -1330.2209, -1397.9496, 3.348, -1330.7083, -1397.6772, 3.644, 160, 160, 160
L -1317.1567, -1396.663, 3.322, -1330.2209, -1397.9496, 3.348, 160, 160, 160
L -1272.7102, -1466.263, 6.701, -1273.1202, -1465.4636, 5.8856, 160, 160, 160
L -1269.553, -1465.6251, 6.6585, -1272.7102, -1466.263, 6.701, 160, 160, 160
L -1268.5574, -1465.1693, 6.66, -1269.553, -1465.6251, 6.6585, 160, 160, 160
L -1270.1185, -1448.7664, 3.4024, -1268.5574, -1465.1693, 6.66, 160, 160, 160
L -1270.6614, -1448.4545, 3.2473, -1270.1185, -1448.7664, 3.4024, 160, 160, 160
L -1274.697, -1448.7439, 3.554, -1270.6614, -1448.4545, 3.2473, 160, 160, 160
L -1274.7367, -1449.6147, 3.331, -1274.697, -1448.7439, 3.554, 160, 160, 160
L -1273.2722, -1464.486, 5.6013, -1274.7367, -1449.6147, 3.331, 160, 160, 160
L -1328.8579, -1471.7871, 3.322, -1313.7355, -1478.591, 3.322, 160, 160, 160
L -1329.2197, -1471.3658, 3.322, -1328.8579, -1471.7871, 3.322, 160, 160, 160
L -1330.97, -1455.2412, 3.322, -1329.2197, -1471.3658, 3.322, 160, 160, 160
L -1317.7742, -1445.4903, 3.322, -1330.97, -1455.2412, 3.322, 160, 160, 160
L -1302.5362, -1452.2128, 3.322, -1317.7742, -1445.4903, 3.322, 160, 160, 160
L -1300.9151, -1468.6216, 3.322, -1302.5362, -1452.2128, 3.322, 160, 160, 160
L -1312.9459, -1477.4692, 3.322, -1300.9151, -1468.6216, 3.322, 160, 160, 160
L 375.9916, 502.1829, 3.3126, 373.706, 504.2943, 3.3126, 160, 160, 160
L 354.459, 472.3924, 3.3126, 375.9916, 502.1829, 3.3126, 160, 160, 160
L 339.817, 482.9755, 3.3126, 354.459, 472.3924, 3.3126, 160, 160, 160
L 361.3496, 512.7663, 3.3126, 339.817, 482.9755, 3.3126, 160, 160, 160
L 363.9517, 510.8854, 3.3126, 361.3496, 512.7663, 3.3126, 160, 160, 160
L 442.883, 552.204, 6.887, 440.2096, 549.5511, 6.887, 160, 160, 160
L 456.4662, 541.81, 6.887, 442.883, 552.204, 6.887, 160, 160, 160
L 445.5269, 526.703, 6.887, 456.4662, 541.81, 6.887, 160, 160, 160
L 431.1489, 537.6425, 6.887, 445.5269, 526.703, 6.887, 160, 160, 160
L 433.668, 540.163, 6.887, 431.1489, 537.6425, 6.887, 160, 160, 160
L 435.6895, 582.8787, 2.8312, 433.1118, 585.478, 2.8085, 160, 160, 160
L 447.3211, 596.7025, 2.8085, 435.6895, 582.8787, 2.8312, 160, 160, 160
L 433.4972, 608.3345, 2.8085, 447.3211, 596.7025, 2.8085, 160, 160, 160
L 421.8655, 594.5104, 2.8085, 433.4972, 608.3345, 2.8085, 160, 160, 160
L 424.835, 592.6444, 2.8085, 421.8655, 594.5104, 2.8085, 160, 160, 160
L 1028.8877, -606.7209, -0.4966, 1029.9039, -605.7826, -0.4966, 160, 160, 160
L 1028.4436, -607.4785, -0.4966, 1028.8877, -606.7209, -0.4966, 160, 160, 160
L 1026.8921, -608.8853, -0.4966, 1028.4436, -607.4785, -0.4966, 160, 160, 160
L 993.5698, -637.7378, -0.4966, 994.612, -637.2924, -0.4966, 160, 160, 160
L 790.3685, -891.52, -3.47, 849.3463, -895.756, -3.47, 160, 160, 160
L 791.1535, -872.344, -3.47, 790.3685, -891.52, -3.47, 160, 160, 160
L 850.8337, -875.3288, -3.415, 791.1535, -872.344, -3.47, 160, 160, 160
L 849.4319, -894.947, -3.47, 850.8337, -875.3288, -3.415, 160, 160, 160
L 800.7881, -2542.3652, -2.8081, 1334.6873, -2538.3242, -30.2587, 160, 160, 160
L 800.3672, -2541.7764, -2.7587, 800.7881, -2542.3652, -2.8081, 160, 160, 160
L 800.6145, -2538.1981, -2.7877, 800.3672, -2541.7764, -2.7587, 160, 160, 160
L -1344.3217, -2504.8346, -4.4776, -1337.5072, -2533.6696, 8.1649, 160, 160, 160
L -1305.2194, -2451.7584, -20.2498, -1344.3217, -2504.8346, -4.4776, 160, 160, 160
L -1289.7003, -2432.7258, -25.8471, -1305.2194, -2451.7584, -20.2498, 160, 160, 160
L -1289.3994, -2405.6799, -31.677, -1289.7003, -2432.7258, -25.8471, 160, 160, 160
L -1305.9346, -2363.1201, -19.9841, -1289.3994, -2405.6799, -31.677, 160, 160, 160
L -1346.8552, -2312.9845, -8.7383, -1305.9346, -2363.1201, -19.9841, 160, 160, 160
L -1362.3191, -2299.3476, 5.3933, -1346.8552, -2312.9845, -8.7383, 160, 160, 160
L -1386.3079, -2274.617, 32.6634, -1362.3191, -2299.3476, 5.3933, 160, 160, 160
L -1395.2466, -2253.1965, 48.7254, -1386.3079, -2274.617, 32.6634, 160, 160, 160
L -1401.5587, -2230.3494, 58.914, -1395.2466, -2253.1965, 48.7254, 160, 160, 160
L -1436.2444, -2209.9106, 69.1996, -1401.5587, -2230.3494, 58.914, 160, 160, 160
L -1440.3518, -2016.4791, 20.2439, -1436.2444, -2209.9106, 69.1996, 160, 160, 160
L -1441.1721, -1967.2337, 13.9581, -1440.3518, -2016.4791, 20.2439, 160, 160, 160
L -1442.1162, -1910.556, 9.8841, -1441.1721, -1967.2337, 13.9581, 160, 160, 160
L -1442.9797, -1858.7507, 19.2742, -1442.1162, -1910.556, 9.8841, 160, 160, 160
L -1408.1631, -1824.775, 21.4377, -1442.9797, -1858.7507, 19.2742, 160, 160, 160
L -1415.84, -1789.4391, 39.9348, -1408.1631, -1824.775, 21.4377, 160, 160, 160
L -1412.9413, -1748.8313, 37.8027, -1415.84, -1789.4391, 39.9348, 160, 160, 160
L -1417.6913, -1725.7434, 33.6758, -1412.9413, -1748.8313, 37.8027, 160, 160, 160
L -1420.2651, -1696.8013, 20.7651, -1417.6913, -1725.7434, 33.6758, 160, 160, 160
L -1421.9251, -1676.2783, 17.6609, -1420.2651, -1696.8013, 20.7651, 160, 160, 160
L -1422.2211, -1632.9088, 11.977, -1421.9251, -1676.2783, 17.6609, 160, 160, 160
L -1422.1105, -1597.1342, 5.5323, -1422.2211, -1632.9088, 11.977, 160, 160, 160
L -1429.1134, -1560.6974, 5.5323, -1422.1105, -1597.1342, 5.5323, 160, 160, 160
L -1446.2475, -1545.5971, 5.5321, -1429.1134, -1560.6974, 5.5323, 160, 160, 160
L -1443.7331, -1445.6377, 5.5321, -1446.2475, -1545.5971, 5.5321, 160, 160, 160
L -1431.6923, -1417.7185, 5.5323, -1443.7331, -1445.6377, 5.5321, 160, 160, 160
L -1437.15, -1409.1484, 5.5323, -1431.6923, -1417.7185, 5.5323, 160, 160, 160
L -1422.332, -1378.1497, 5.5323, -1437.15, -1409.1484, 5.5323, 160, 160, 160
L -1413.3739, -1323.3931, 5.3555, -1422.332, -1378.1497, 5.5323, 160, 160, 160
L -1403.4274, -1277.6776, 1.691, -1413.3739, -1323.3931, 5.3555, 160, 160, 160
L -1402.6295, -1240.7382, 17.968, -1403.4274, -1277.6776, 1.691, 160, 160, 160
L -1379.5318, -1239.823, 4.9924, -1402.6295, -1240.7382, 17.968, 160, 160, 160
L -1375.7388, -1219.7068, 8.8697, -1379.5318, -1239.823, 4.9924, 160, 160, 160
L -1359.2156, -1186.5272, -0.6746, -1375.7388, -1219.7068, 8.8697, 160, 160, 160
L -1352.5504, -1166.1067, -4.5617, -1359.2156, -1186.5272, -0.6746, 160, 160, 160
L -1358.7927, -1134.5006, -0.5897, -1352.5504, -1166.1067, -4.5617, 160, 160, 160
L -1362.7366, -1123.9295, 5.1718, -1358.7927, -1134.5006, -0.5897, 160, 160, 160
L -1384.989, -1082.6854, 38.6516, -1362.7366, -1123.9295, 5.1718, 160, 160, 160
L -1388.522, -1065.8577, 47.908, -1384.989, -1082.6854, 38.6516, 160, 160, 160
L -1384.503, -1022.7166, 49.405, -1388.522, -1065.8577, 47.908, 160, 160, 160
L -1390.9223, -995.271, 65.5486, -1384.503, -1022.7166, 49.405, 160, 160, 160
L -1403.5317, -980.5143, 76.5598, -1390.9223, -995.271, 65.5486, 160, 160, 160
L -1412.8933, -965.5244, 68.9842, -1403.5317, -980.5143, 76.5598, 160, 160, 160
L -1414.9072, -883.3909, 41.3226, -1412.8933, -965.5244, 68.9842, 160, 160, 160
L -1436.5795, -846.8857, 18.7158, -1414.9072, -883.3909, 41.3226, 160, 160, 160
L -1445.606, -822.7356, 5.8369, -1436.5795, -846.8857, 18.7158, 160, 160, 160
L -1446.6757, -620.4156, 5.5321, -1445.606, -822.7356, 5.8369, 160, 160, 160
L -1444.425, -565.7572, 5.5321, -1446.6757, -620.4156, 5.5321, 160, 160, 160
L -1399.6674, -557.8143, 5.5323, -1444.425, -565.7572, 5.5321, 160, 160, 160
L -1388.5582, -525.5443, 5.5641, -1399.6674, -557.8143, 5.5323, 160, 160, 160
L -1361.814, -424.883, 19.8118, -1388.5582, -525.5443, 5.5641, 160, 160, 160
L -1349.8097, -392.6517, 36.2475, -1361.814, -424.883, 19.8118, 160, 160, 160
L -1353.5966, -370.5291, 45.936, -1349.8097, -392.6517, 36.2475, 160, 160, 160
L -1370.5697, -322.9384, 58.2408, -1353.5966, -370.5291, 45.936, 160, 160, 160
L -1365.45, -274.2742, 56.7201, -1370.5697, -322.9384, 58.2408, 160, 160, 160
L -1400.4484, -242.5093, 41.5658, -1365.45, -274.2742, 56.7201, 160, 160, 160
L -1408.5132, -154.5437, 36.392, -1400.4484, -242.5093, 41.5658, 160, 160, 160
L -1381.7255, -125.6071, 46.3273, -1408.5132, -154.5437, 36.392, 160, 160, 160
L -1367.1803, -101.1981, 47.3252, -1381.7255, -125.6071, 46.3273, 160, 160, 160
L -1362.9799, -48.3036, 33.5467, -1367.1803, -101.1981, 47.3252, 160, 160, 160
L -1365.2571, -34.7856, 29.9647, -1362.9799, -48.3036, 33.5467, 160, 160, 160
L -1368.9191, -23.1262, 27.7192, -1365.2571, -34.7856, 29.9647, 160, 160, 160
L -1384.8833, 45.1565, 7.1688, -1368.9191, -23.1262, 27.7192, 160, 160, 160
L -1403.5634, 88.2622, 5.9976, -1384.8833, 45.1565, 7.1688, 160, 160, 160
L -1434.2672, 91.8512, 5.865, -1403.5634, 88.2622, 5.9976, 160, 160, 160
L -1424.5405, 140.7673, 6.91, -1434.2672, 91.8512, 5.865, 160, 160, 160
L -1429.4709, 177.6459, 1.3489, -1424.5405, 140.7673, 6.91, 160, 160, 160
L -1425.7523, 200.2269, -13.3506, -1429.4709, 177.6459, 1.3489, 160, 160, 160
L -1426.5244, 214.9345, -16.7061, -1425.7523, 200.2269, -13.3506, 160, 160, 160
L -1414.1676, 274.6784, -37.2443, -1426.5244, 214.9345, -16.7061, 160, 160, 160
L -1413.3581, 288.6052, -36.1516, -1414.1676, 274.6784, -37.2443, 160, 160, 160
L -1432.2953, 320.3226, -7.5217, -1413.3581, 288.6052, -36.1516, 160, 160, 160
L -1464.6878, 361.6374, 46.4281, -1432.2953, 320.3226, -7.5217, 160, 160, 160
L -1464.8623, 376.317, 46.1998, -1464.6878, 361.6374, 46.4281, 160, 160, 160
L -1454.5248, 567.4881, 48.634, -1464.8623, 376.317, 46.1998, 160, 160, 160
L -1422.8272, 578.9593, 34.6897, -1454.5248, 567.4881, 48.634, 160, 160, 160
L -1418.2905, 604.6801, 32.7815, -1422.8272, 578.9593, 34.6897, 160, 160, 160
L -1402.8344, 647.7612, 16.2128, -1418.2905, 604.6801, 32.7815, 160, 160, 160
L -1371.2249, 676.111, 5.5321, -1402.8344, 647.7612, 16.2128, 160, 160, 160
L -1354.8577, 696.453, 6.7915, -1371.2249, 676.111, 5.5321, 160, 160, 160
L -1373.556, 747.6312, 5.5321, -1354.8577, 696.453, 6.7915, 160, 160, 160
L -1408.105, 778.6369, 32.891, -1373.556, 747.6312, 5.5321, 160, 160, 160
L -1427.6691, 793.7383, 34.6456, -1408.105, 778.6369, 32.891, 160, 160, 160
L -1439.2227, 791.6115, 45.5382, -1427.6691, 793.7383, 34.6456, 160, 160, 160
L -1461.6718, 893.6974, 73.2964, -1439.2227, 791.6115, 45.5382, 160, 160, 160
L -1464.8744, 938.629, 78.7563, -1461.6718, 893.6974, 73.2964, 160, 160, 160
L -1448.81, 951.39, 75.5427, -1464.8744, 938.629, 78.7563, 160, 160, 160
L -1414.4003, 958.46, 39.2565, -1448.81, 951.39, 75.5427, 160, 160, 160
L -1406.2393, 977.3731, 32.3699, -1414.4003, 958.46, 39.2565, 160, 160, 160
L -1393.3458, 1025.3191, 27.108, -1406.2393, 977.3731, 32.3699, 160, 160, 160
L -1401.1349, 1080.4146, 37.7443, -1393.3458, 1025.3191, 27.108, 160, 160, 160
L -1447.1823, 1077.2365, 75.3319, -1401.1349, 1080.4146, 37.7443, 160, 160, 160
L -1464.8748, 1088.1043, 76.9724, -1447.1823, 1077.2365, 75.3319, 160, 160, 160
L -1464.8748, 1110.188, 76.4009, -1464.8748, 1088.1043, 76.9724, 160, 160, 160
L -1438.7726, 1118.505, 73.6019, -1464.8748, 1110.188, 76.4009, 160, 160, 160
L -1425.3864, 1175.5662, 70.9769, -1438.7726, 1118.505, 73.6019, 160, 160, 160
L -1418.5543, 1208.6265, 57.2265, -1425.3864, 1175.5662, 70.9769, 160, 160, 160
L -1406.7373, 1230.9807, 46.5352, -1418.5543, 1208.6265, 57.2265, 160, 160, 160
L -1378.9918, 1277.6448, 24.9415, -1406.7373, 1230.9807, 46.5352, 160, 160, 160
L -1398.9733, 1324.3694, 14.7597, -1378.9918, 1277.6448, 24.9415, 160, 160, 160
L -1404.6998, 1338.9323, 15.2406, -1398.9733, 1324.3694, 14.7597, 160, 160, 160
L -1400.1096, 1400.5234, 13.6956, -1404.6998, 1338.9323, 15.2406, 160, 160, 160
L -1418.9387, 1410.6555, 15.7202, -1400.1096, 1400.5234, 13.6956, 160, 160, 160
L -1447.7399, 1430.3269, 13.9159, -1418.9387, 1410.6555, 15.7202, 160, 160, 160
L -1462.501, 1432.5672, 23.3951, -1447.7399, 1430.3269, 13.9159, 160, 160, 160
L -1464.8744, 1521.5719, 20.9325, -1462.501, 1432.5672, 23.3951, 160, 160, 160
L -1449.6799, 1520.2068, 8.3754, -1464.8744, 1521.5719, 20.9325, 160, 160, 160
L -1445.7488, 1521.9987, 6.9104, -1449.6799, 1520.2068, 8.3754, 160, 160, 160
L -1422.616, 1537.8568, 6.4936, -1445.7488, 1521.9987, 6.9104, 160, 160, 160
L -1414.4579, 1634.1631, 6.1562, -1422.616, 1537.8568, 6.4936, 160, 160, 160
L -1429.829, 1673.1503, 5.5321, -1414.4579, 1634.1631, 6.1562, 160, 160, 160
L -1436.5314, 1683.3299, 11.139, -1429.829, 1673.1503, 5.5321, 160, 160, 160
L -1445.5967, 1702.5753, 10.475, -1436.5314, 1683.3299, 11.139, 160, 160, 160
L -1437.1576, 1719.4601, 16.4991, -1445.5967, 1702.5753, 10.475, 160, 160, 160
L -1391.6827, 1762.9076, 42.3421, -1437.1576, 1719.4601, 16.4991, 160, 160, 160
L -1374.811, 1777.2188, 51.5621, -1391.6827, 1762.9076, 42.3421, 160, 160, 160
L -1350.464, 1841.4413, 65.2948, -1374.811, 1777.2188, 51.5621, 160, 160, 160
L -1346.4036, 1879.3501, 66.3419, -1350.464, 1841.4413, 65.2948, 160, 160, 160
L -1331.7564, 1918.5836, 50.6709, -1346.4036, 1879.3501, 66.3419, 160, 160, 160
L -1291.359, 1926.9448, 63.5315, -1331.7564, 1918.5836, 50.6709, 160, 160, 160
L -1219.246, 1931.843, 64.4556, -1291.359, 1926.9448, 63.5315, 160, 160, 160
L -1173.5954, 1927.2282, 45.3766, -1219.246, 1931.843, 64.4556, 160, 160, 160
L -1126.2219, 1918.6441, 5.231, -1173.5954, 1927.2282, 45.3766, 160, 160, 160
L -1075.1022, 1892.92, -37.57, -1126.2219, 1918.6441, 5.231, 160, 160, 160
L -1046.5143, 1911.6742, -27.1449, -1075.1022, 1892.92, -37.57, 160, 160, 160
L -1027.4496, 1928.6639, -12.1206, -1046.5143, 1911.6742, -27.1449, 160, 160, 160
L -989.2353, 1930.1099, -13.5577, -1027.4496, 1928.6639, -12.1206, 160, 160, 160
L -830.739, 1924.825, -26.6954, -989.2353, 1930.1099, -13.5577, 160, 160, 160
L -806.7436, 1913.2782, -34.6437, -830.739, 1924.825, -26.6954, 160, 160, 160
L -745.227, 1873.647, -44.2822, -806.7436, 1913.2782, -34.6437, 160, 160, 160
L -720.5683, 1871.1804, -40.4157, -745.227, 1873.647, -44.2822, 160, 160, 160
L -677.845, 1856.1204, -28.7862, -720.5683, 1871.1804, -40.4157, 160, 160, 160
L -664.8253, 1856.213, -28.2234, -677.845, 1856.1204, -28.7862, 160, 160, 160
L -642.8206, 1806.5582, -12.7401, -664.8253, 1856.213, -28.2234, 160, 160, 160
L -623.9728, 1796.9513, -0.6908, -642.8206, 1806.5582, -12.7401, 160, 160, 160
L -611.3487, 1786.9291, -2.4933, -623.9728, 1796.9513, -0.6908, 160, 160, 160
L -575.869, 1774.3662, -1.2572, -611.3487, 1786.9291, -2.4933, 160, 160, 160
L -548.6228, 1770.4184, 4.109, -575.869, 1774.3662, -1.2572, 160, 160, 160
L -535.4527, 1774.113, 1.9669, -548.6228, 1770.4184, 4.109, 160, 160, 160
L -496.3652, 1793.6609, 12.3018, -535.4527, 1774.113, 1.9669, 160, 160, 160
L -487.687, 1802.1298, 16.8633, -496.3652, 1793.6609, 12.3018, 160, 160, 160
L -411.1207, 1808.5644, 6.3997, -487.687, 1802.1298, 16.8633, 160, 160, 160
L -382.6757, 1805.101, 6.3099, -411.1207, 1808.5644, 6.3997, 160, 160, 160
L -328.1182, 1813.3777, 5.9371, -382.6757, 1805.101, 6.3099, 160, 160, 160
L 1334.684, -2087.1435, -31.7575, 1334.6875, -1984.9155, -30.9442, 160, 160, 160
L 1334.6875, -2501.2858, -31.555, 1334.684, -2087.1435, -31.7575, 160, 160, 160
L 1334.6865, 1195.3997, -30.3374, 1335.9367, -2103.1952, -34.2575, 160, 160, 160
L 1334.6873, 1722.8104, -5.1638, 1334.6865, 1195.3997, -30.3374, 160, 160, 160
L 800.4545, -2539, -2.769, 803.605, -2509.7595, -3.668, 160, 160, 160
L 803.605, -2509.7595, -3.668, 814.1, -2440.8087, -2.9714, 160, 160, 160
L 814.1, -2440.8087, -2.9714, 823.1785, -2398.9668, -3.933, 160, 160, 160
L 823.1785, -2398.9668, -3.933, 834.7835, -2326.7019, -2.721, 160, 160, 160
L 834.7835, -2326.7019, -2.721, 849.5558, -2305.5268, -3.3925, 160, 160, 160
L 849.5558, -2305.5268, -3.3925, 851.8845, -2215.5493, -2.9804, 160, 160, 160
L 851.8845, -2215.5493, -2.9804, 815.1575, -2139.4045, -3.2597, 160, 160, 160
L 815.1575, -2139.4045, -3.2597, 810.3306, -2109.9682, -3.7553, 160, 160, 160
L 810.3306, -2109.9682, -3.7553, 846.4655, -2013.8599, -2.2991, 160, 160, 160
L 846.4655, -2013.8599, -2.2991, 814.9882, -1956.6255, -3.1928, 160, 160, 160
L 814.9882, -1956.6255, -3.1928, 818.3166, -1912.3187, -4.3346, 160, 160, 160
L 818.3166, -1912.3187, -4.3346, 784.8302, -1892.9501, -3.7915, 160, 160, 160
L 784.8302, -1892.9501, -3.7915, 765.3698, -1823.375, -1.8488, 160, 160, 160
L 765.3698, -1823.375, -1.8488, 850.5194, -1757.4103, -3.17, 160, 160, 160
L 850.5194, -1757.4103, -3.17, 877.2038, -1726.1248, -2.6661, 160, 160, 160
L 877.2038, -1726.1248, -2.6661, 876.2057, -1695.9285, -2.9628, 160, 160, 160
L 876.2057, -1695.9285, -2.9628, 857.1707, -1627.542, -3.7812, 160, 160, 160
L 857.1707, -1627.542, -3.7812, 855.9398, -1512.23, -3.9438, 160, 160, 160
L 855.9398, -1512.23, -3.9438, 823.9133, -1444.3657, -2.8742, 160, 160, 160
L 823.9133, -1444.3657, -2.8742, 826.3922, -1425.9893, -2.8488, 160, 160, 160
L 826.3922, -1425.9893, -2.8488, 820.1059, -1360.593, -3.345, 160, 160, 160
L 820.1059, -1360.593, -3.345, 833.765, -1324.6473, -1.1761, 160, 160, 160
L 833.765, -1324.6473, -1.1761, 833.3931, -1240.7653, -2.522, 160, 160, 160
L 833.3931, -1240.7653, -2.522, 818.8076, -1226.163, -2.818, 160, 160, 160
L 818.8076, -1226.163, -2.818, 816.6127, -1161.5422, -2.7214, 160, 160, 160
L 816.6127, -1161.5422, -2.7214, 807.8958, -1120.3679, -3.1631, 160, 160, 160
L 807.8958, -1120.3679, -3.1631, 811.9814, -1062.5148, -3.779, 160, 160, 160
L 811.9814, -1062.5148, -3.779, 828.4537, -1021.6355, -2.9388, 160, 160, 160
L 828.4537, -1021.6355, -2.9388, 827.176, -956.5153, -3.1391, 160, 160, 160
L 827.176, -956.5153, -3.1391, 805.5017, -919.6259, -3.103, 160, 160, 160
L 805.5017, -919.6259, -3.103, 794.2526, -825.1308, -3.3277, 160, 160, 160
L 794.2526, -825.1308, -3.3277, 805.1391, -775.6158, -2.9799, 160, 160, 160
L 805.1391, -775.6158, -2.9799, 834.544, -716.2109, -3.3184, 160, 160, 160
L 834.544, -716.2109, -3.3184, 835.2431, -637.5422, -2.4456, 160, 160, 160
L 835.2431, -637.5422, -2.4456, 827.9691, -623.4986, -3.1309, 160, 160, 160
L 827.9691, -623.4986, -3.1309, 820.3677, -554.4888, -3.689, 160, 160, 160
L 820.3677, -554.4888, -3.689, 811.1541, -521.1611, -3.2715, 160, 160, 160
L 811.1541, -521.1611, -3.2715, 808.18, -470.921, -3.2061, 160, 160, 160
L 808.18, -470.921, -3.2061, 806.2576, -323.9057, -2.9853, 160, 160, 160
L 806.2576, -323.9057, -2.9853, 794.3476, -273.249, -2.6987, 160, 160, 160
L 794.3476, -273.249, -2.6987, 802.3876, -225.7342, -3.2252, 160, 160, 160
L 802.3876, -225.7342, -3.2252, 852.822, -154.6, -2.4016, 160, 160, 160
L 852.822, -154.6, -2.4016, 872.4904, -121.1602, -3.3856, 160, 160, 160
L 872.4904, -121.1602, -3.3856, 872.81, -103.7313, -3.3767, 160, 160, 160
L 872.81, -103.7313, -3.3767, 847.4349, -67.7738, -2.3631, 160, 160, 160
L 847.4349, -67.7738, -2.3631, 840.9112, -29.2056, -6.3205, 160, 160, 160
L 840.9112, -29.2056, -6.3205, 804.4374, -27.503, -1.6307, 160, 160, 160
L 804.4374, -27.503, -1.6307, 808.974, 85.5943, -3.148, 160, 160, 160
L 808.974, 85.5943, -3.148, 811.1268, 136.402, -3.232, 160, 160, 160
L 811.1268, 136.402, -3.232, 807.8143, 230.4129, -3.1775, 160, 160, 160
L 807.8143, 230.4129, -3.1775, 808.6669, 293.4232, -2.7006, 160, 160, 160
L 808.6669, 293.4232, -2.7006, 824.1489, 346.534, -3.3338, 160, 160, 160
L 824.1489, 346.534, -3.3338, 841.7136, 372.4008, -2.2917, 160, 160, 160
L 841.7136, 372.4008, -2.2917, 836.8188, 463.8475, -2.6939, 160, 160, 160
L 836.8188, 463.8475, -2.6939, 818.1458, 478.1474, -2.1429, 160, 160, 160
L 818.1458, 478.1474, -2.1429, 823.3936, 551.7649, -3.2288, 160, 160, 160
L 823.3936, 551.7649, -3.2288, 811.941, 574.1173, -3.2759, 160, 160, 160
L 811.941, 574.1173, -3.2759, 805.7073, 635.9579, -2.8578, 160, 160, 160
L 805.7073, 635.9579, -2.8578, 805.3559, 769.8138, -2.8031, 160, 160, 160
L 805.3559, 769.8138, -2.8031, 851.2921, 838.8381, -3.436, 160, 160, 160
L 851.2921, 838.8381, -3.436, 864.2794, 875.1915, -2.7427, 160, 160, 160
L 864.2794, 875.1915, -2.7427, 862.8052, 890.2835, -2.6833, 160, 160, 160
L 862.8052, 890.2835, -2.6833, 847.6268, 922.1141, -3.691, 160, 160, 160
L 847.6268, 922.1141, -3.691, 817.5963, 939.1423, -3.1242, 160, 160, 160
L 817.5963, 939.1423, -3.1242, 813.2712, 983.2226, -2.8756, 160, 160, 160
L 813.2712, 983.2226, -2.8756, 808.998, 1026.7748, -3.25, 160, 160, 160
L 808.998, 1026.7748, -3.25, 808.5525, 1077.1033, -2.8734, 160, 160, 160
L 808.5525, 1077.1033, -2.8734, 852.2372, 1111.3079, -2.6326, 160, 160, 160
L 852.2372, 1111.3079, -2.6326, 885.1645, 1171.1898, -2.8826, 160, 160, 160
L 885.1645, 1171.1898, -2.8826, 886.6989, 1213.7687, -3.1594, 160, 160, 160
L 886.6989, 1213.7687, -3.1594, 854.2593, 1282.9158, -3.2463, 160, 160, 160
L 854.2593, 1282.9158, -3.2463, 837.919, 1378.729, -5.5069, 160, 160, 160
L 837.919, 1378.729, -5.5069, 823.8395, 1374.8671, -1.9572, 160, 160, 160
L 823.8395, 1374.8671, -1.9572, 822.4657, 1446.8813, -2.5011, 160, 160, 160
L 822.4657, 1446.8813, -2.5011, 812.4564, 1484.8643, -2.6307, 160, 160, 160
L 812.4564, 1484.8643, -2.6307, 826.7125, 1551.5698, -2.6821, 160, 160, 160
L 826.7125, 1551.5698, -2.6821, 845.1269, 1580.7484, -3.4439, 160, 160, 160
L 845.1269, 1580.7484, -3.4439, 842.234, 1670.4514, -5.2586, 160, 160, 160
L 842.234, 1670.4514, -5.2586, 818.9688, 1689.473, -2.7982, 160, 160, 160
L 818.9688, 1689.473, -2.7982, 819.6834, 1736.7861, -3.3115, 160, 160, 160
L 819.6834, 1736.7861, -3.3115, 808.4446, 1773.8629, -3.2166, 160, 160, 160
L 808.4446, 1773.8629, -3.2166, 809.629, 1839.907, 9.4431, 160, 160, 160
L 809.629, 1839.907, 9.4431, 837.5403, 1845.4773, 3.3311, 160, 160, 160
L 837.5403, 1845.4773, 3.3311, 896.7136, 1819.642, -6.7007, 160, 160, 160
L 896.7136, 1819.642, -6.7007, 973.1204, 1823.4601, -3.2774, 160, 160, 160
L 973.1204, 1823.4601, -3.2774, 1055.831, 1807.3064, -2.4434, 160, 160, 160
L 1055.831, 1807.3064, -2.4434, 1095.34, 1824.7775, -2.7277, 160, 160, 160
L 1095.34, 1824.7775, -2.7277, 1126.7135, 1848.3839, 5.412, 160, 160, 160
L 1126.7135, 1848.3839, 5.412, 1147.2523, 1787.492, -8.2788, 160, 160, 160
L 1147.2523, 1787.492, -8.2788, 1171.6071, 1776.4719, -6.9397, 160, 160, 160
L 1171.6071, 1776.4719, -6.9397, 1247.5888, 1766.5769, -6.9607, 160, 160, 160
L 1247.5888, 1766.5769, -6.9607, 1334.6873, 1721.6333, -6.9896, 160, 160, 160
L 1334.6873, 1721.6333, -6.9896, 1334.6869, 1705.9563, -30.3374, 160, 160, 160
L 929.4447, 1024.7896, -25.7569, 949.2336, 1023.528, -29.6835, 160, 160, 160
L 949.2336, 1023.528, -29.6835, 953.911, 1022.3822, -29.7347, 160, 160, 160
L 953.911, 1022.3822, -29.7347, 960.6838, 1021.1966, -29.3806, 160, 160, 160
L 960.6838, 1021.1966, -29.3806, 966.7137, 1020.3828, -29.5796, 160, 160, 160
L 966.7137, 1020.3828, -29.5796, 976.2028, 1005.616, -30.2237, 160, 160, 160
L 976.2028, 1005.616, -30.2237, 979.4323, 999.3787, -29.7046, 160, 160, 160
L 979.4323, 999.3787, -29.7046, 986.934, 988.845, -30.3564, 160, 160, 160
L 986.934, 988.845, -30.3564, 986.4882, 982.8649, -29.746, 160, 160, 160
L 986.4882, 982.8649, -29.746, 987.8691, 972.4747, -30.345, 160, 160, 160
L 987.8691, 972.4747, -30.345, 988.148, 960.3115, -29.4286, 160, 160, 160
L 988.148, 960.3115, -29.4286, 989.4339, 951.5218, -30.3747, 160, 160, 160
L 989.4339, 951.5218, -30.3747, 990.3718, 941.311, -30.3811, 160, 160, 160
L 990.3718, 941.311, -30.3811, 990.552, 934.3864, -29.9835, 160, 160, 160
L 990.552, 934.3864, -29.9835, 992.892, 925.817, -30.3936, 160, 160, 160
L 992.892, 925.817, -30.3936, 971.158, 908.6671, -30.245, 160, 160, 160
L 971.158, 908.6671, -30.245, 966.6377, 904.6884, -30.2129, 160, 160, 160
L 966.6377, 904.6884, -30.2129, 955.1468, 908.6307, -30.1312, 160, 160, 160
L 955.1468, 908.6307, -30.1312, 949.4941, 911.25, -29.1131, 160, 160, 160
L 949.4941, 911.25, -29.1131, 938.7708, 915.5326, -26.5066, 160, 160, 160
L 938.7708, 915.5326, -26.5066, 929.4704, 919.9655, -23.8537, 160, 160, 160
L 929.4704, 919.9655, -23.8537, 908.6535, 929.37, -17.9207, 160, 160, 160
L 908.6535, 929.37, -17.9207, 905.1726, 930.5739, -17.935, 160, 160, 160
L 905.1726, 930.5739, -17.935, 896.178, 934.367, -15.6091, 160, 160, 160
L 896.178, 934.367, -15.6091, 881.9874, 945.5801, -13.7916, 160, 160, 160
L 881.9874, 945.5801, -13.7916, 868.4785, 956.8413, -10.6287, 160, 160, 160
L 868.4785, 956.8413, -10.6287, 857.5087, 963.6171, -10.4893, 160, 160, 160
L 857.5087, 963.6171, -10.4893, 852.187, 967.5434, -9.7719, 160, 160, 160
L 852.187, 967.5434, -9.7719, 847.5258, 970.4688, -9.7408, 160, 160, 160
L 847.5258, 970.4688, -9.7408, 844.8692, 972.8223, -9.4235, 160, 160, 160
L 844.8692, 972.8223, -9.4235, 843.77, 988.3443, -9.4481, 160, 160, 160
L 843.77, 988.3443, -9.4481, 849.3165, 999.3115, -10.5237, 160, 160, 160
L 849.3165, 999.3115, -10.5237, 852.7866, 1005.855, -11.1647, 160, 160, 160
L 852.7866, 1005.855, -11.1647, 862.2767, 1014.18, -13.393, 160, 160, 160
L 862.2767, 1014.18, -13.393, 878.7091, 1028.5769, -16.2428, 160, 160, 160
L 878.7091, 1028.5769, -16.2428, 902.3074, 1026.1654, -20.3724, 160, 160, 160
L 902.3074, 1026.1654, -20.3724, 909.245, 1025.866, -21.6881, 160, 160, 160
L 909.245, 1025.866, -21.6881, 930.863, 1024.1156, -25.998, 160, 160, 160
L 930.863, 1024.1156, -25.998, 939.116, 1025.3544, -27.6759, 160, 160, 160
L 894.573, -479.8573, -19.6555, 900.4348, -473.4066, -20.7394, 160, 160, 160
L 900.4348, -473.4066, -20.7394, 908.7726, -464.8469, -21.8579, 160, 160, 160
L 908.7726, -464.8469, -21.8579, 914.356, -462.1168, -23.1779, 160, 160, 160
L 914.356, -462.1168, -23.1779, 952.7304, -453.8168, -30.1239, 160, 160, 160
L 952.7304, -453.8168, -30.1239, 954.9302, -453.3647, -30.1295, 160, 160, 160
L 954.9302, -453.3647, -30.1295, 959.6629, -454.2794, -30.1631, 160, 160, 160
L 959.6629, -454.2794, -30.1631, 980.8627, -464.2128, -30.2323, 160, 160, 160
L 980.8627, -464.2128, -30.2323, 1016.7015, -480.677, -30.4053, 160, 160, 160
L 1016.7015, -480.677, -30.4053, 1012.5128, -509.5233, -30.5386, 160, 160, 160
L 1012.5128, -509.5233, -30.5386, 1014.655, -525.3034, -30.5498, 160, 160, 160
L 1014.655, -525.3034, -30.5498, 1012.3097, -555.6386, -30.5372, 160, 160, 160
L 1012.3097, -555.6386, -30.5372, 1007.4197, -564.715, -30.5026, 160, 160, 160
L 1007.4197, -564.715, -30.5026, 991.9849, -601.7894, -30.3736, 160, 160, 160
L 991.9849, -601.7894, -30.3736, 983.5925, -616.1118, -30.2693, 160, 160, 160
L 983.5925, -616.1118, -30.2693, 952.5821, -643.3332, -30.1239, 160, 160, 160
L 952.5821, -643.3332, -30.1239, 921.2228, -630.5725, -24.1461, 160, 160, 160
L 921.2228, -630.5725, -24.1461, 900.2717, -621.6707, -19.7593, 160, 160, 160
L 900.2717, -621.6707, -19.7593, 881.5764, -533.283, -17.918, 160, 160, 160
L 881.5764, -533.283, -17.918, 882.1552, -520.7201, -17.3488, 160, 160, 160
L 882.1552, -520.7201, -17.3488, 884.2349, -492.7993, -17.7325, 160, 160, 160
L 884.2349, -492.7993, -17.7325, 895.9625, -479.398, -19.727, 160, 160, 160
L 895.9625, -479.398, -19.727, 903.967, -470.3895, -21.2345, 160, 160, 160
L 585.934, -920.2333, 3.322, 622.879, -956.331, 3.322, 160, 160, 160
L 622.879, -956.331, 3.322, 611.987, -1001.8786, 3.322, 160, 160, 160
L 611.987, -1001.8786, 3.322, 598.724, -1024.192, 3.322, 160, 160, 160
L 598.724, -1024.192, 3.322, 579.2394, -1045.4951, 11.533, 160, 160, 160
L 579.2394, -1045.4951, 11.533, 537.8253, -1058.326, 15.9232, 160, 160, 160
L 537.8253, -1058.326, 15.9232, 515.1672, -1058.5514, 16.1248, 160, 160, 160
L 515.1672, -1058.5514, 16.1248, 479.8851, -1036.5257, 7.5727, 160, 160, 160
L 479.8851, -1036.5257, 7.5727, 474.8822, -1024.8046, 3.322, 160, 160, 160
L 474.8822, -1024.8046, 3.322, 466.6687, -975.1833, 3.322, 160, 160, 160
L 466.6687, -975.1833, 3.322, 510.9431, -930.3553, 3.322, 160, 160, 160
L 510.9431, -930.3553, 3.322, 580.744, -915.9006, 3.322, 160, 160, 160
L 580.744, -915.9006, 3.322, 595.405, -930.2061, 3.322, 160, 160, 160
L 717.4326, -922.8903, 3.322, 750.6214, -899.729, 21.7627, 160, 160, 160
L 751.2743, -913.5741, 3.322, 743.7455, -903.3592, 18.1008, 160, 160, 160
L 743.7455, -903.3592, 18.1008, 736.5984, -893.2335, 3.322, 160, 160, 160
L 736.5984, -893.2335, 3.322, 714.2042, -910.1694, 3.322, 160, 160, 160
L 714.2042, -910.1694, 3.322, 715.8253, -918.1009, 3.322, 160, 160, 160
L 715.8253, -918.1009, 3.322, 718.7509, -921.8592, 3.9169, 160, 160, 160
L 718.7509, -921.8592, 3.9169, 721.7421, -926.684, 3.322, 160, 160, 160
L 721.7421, -926.684, 3.322, 727.9958, -930.448, 3.956, 160, 160, 160
L 727.9958, -930.448, 3.956, 750.9347, -913.7471, 3.322, 160, 160, 160
L 750.9347, -913.7471, 3.322, 751.3671, -913.525, 3.322, 160, 160, 160
L 732.8146, -875.7436, 3.322, 731.4575, -879.688, 3.322, 160, 160, 160
L 731.4575, -879.688, 3.322, 730.9728, -879.9428, 3.322, 160, 160, 160
L 730.9728, -879.9428, 3.322, 693.1683, -866.934, 3.322, 160, 160, 160
L 693.1683, -866.934, 3.322, 693.277, -866.5144, 3.322, 160, 160, 160
L 693.277, -866.5144, 3.322, 699.5181, -847.6485, 3.322, 160, 160, 160
L 699.5181, -847.6485, 3.322, 699.9501, -847.4588, 3.322, 160, 160, 160
L 699.9501, -847.4588, 3.322, 737.7242, -860.4541, 3.322, 160, 160, 160
L 737.7242, -860.4541, 3.322, 737.927, -860.8826, 3.322, 160, 160, 160
L 737.927, -860.8826, 3.322, 732.466, -876.7568, 3.322, 160, 160, 160
L 732.466, -876.7568, 3.322, 732.6584, -876.1977, 3.322, 160, 160, 160
L 729.903, -878.2631, 3.3126, 695.1444, -866.3055, 3.3126, 160, 160, 160
L 695.1444, -866.3055, 3.3126, 701.217, -849.2218, 3.3126, 160, 160, 160
L 701.217, -849.2218, 3.3126, 735.7804, -861.1784, 3.3126, 160, 160, 160
L 735.7804, -861.1784, 3.3126, 729.903, -878.2631, 3.3126, 160, 160, 160
L 731.114, -874.7431, 3.3126, 731.5655, -874.3614, 3.4842, 160, 160, 160
L 731.5655, -874.3614, 3.4842, 732.7793, -874.7789, 3.4845, 160, 160, 160
L 732.7793, -874.7789, 3.4845, 733.1408, -874.5983, 3.48, 160, 160, 160
L 734.7609, -864.1421, 3.3126, 734.6262, -864.539, 3.3126, 160, 160, 160
L 734.6262, -864.539, 3.3126, 734.9901, -864.9601, 3.4845, 160, 160, 160
L 734.9901, -864.9601, 3.4845, 736.422, -865.322, 3.4845, 160, 160, 160
L 736.422, -865.322, 3.4845, 736.3387, -865.2967, 3.322, 160, 160, 160
L 49.5861, -310.68, -39.3761, -39.97, -312.726, -41.349, 160, 160, 160
L -39.97, -312.726, -41.349, -52.6139, -314.3799, -40.5493, 160, 160, 160
L -52.6139, -314.3799, -40.5493, -135.7915, -307.2452, -39.4885, 160, 160, 160
L -135.7915, -307.2452, -39.4885, -153.2041, -302.9859, -38.914, 160, 160, 160
L -153.2041, -302.9859, -38.914, -227.8377, -296.4263, -40.8997, 160, 160, 160
L -227.8377, -296.4263, -40.8997, -330.8, -303.5908, -40.9669, 160, 160, 160
L -330.8, -303.5908, -40.9669, -349.9644, -309.2379, -40.9939, 160, 160, 160
L -349.9644, -309.2379, -40.9939, -435.2927, -308.389, -39.9457, 160, 160, 160
L -435.2927, -308.389, -39.9457, -453.351, -306.9474, -40.1799, 160, 160, 160
L -453.351, -306.9474, -40.1799, -534.7133, -308.3741, -40.512, 160, 160, 160
L -534.7133, -308.3741, -40.512, -552.774, -307.9393, -40.9504, 160, 160, 160
L -552.774, -307.9393, -40.9504, -648.3854, -320.2477, -41.4754, 160, 160, 160
L -648.3854, -320.2477, -41.4754, -750.6947, -320.247, -40.637, 160, 160, 160
L -750.6947, -320.247, -40.637, -839.2278, -290.8772, -39.9275, 160, 160, 160
L -839.2278, -290.8772, -39.9275, -849.523, -278.3399, -39.688, 160, 160, 160
L -849.523, -278.3399, -39.688, -890.9991, -268.247, -40.2608, 160, 160, 160
L -890.9991, -268.247, -40.2608, -900.1353, -221.324, -41.216, 160, 160, 160
L -900.1353, -221.324, -41.216, -920.123, -194.8335, -40.5028, 160, 160, 160
L -920.123, -194.8335, -40.5028, -925.792, -125.8937, -40.7745, 160, 160, 160
L -925.792, -125.8937, -40.7745, -900.6453, -75.5498, -40.8599, 160, 160, 160
L -900.6453, -75.5498, -40.8599, -889.59, -22.4713, -40.3689, 160, 160, 160
L -889.59, -22.4713, -40.3689, -847.5969, 32.457, -40.8091, 160, 160, 160
L -847.5969, 32.457, -40.8091, -829.1371, 78.439, -40.8183, 160, 160, 160
L -829.1371, 78.439, -40.8183, -826.2851, 101.1898, -40.7661, 160, 160, 160
L -826.2851, 101.1898, -40.7661, -820.6907, 175.4995, -40.7927, 160, 160, 160
L -820.6907, 175.4995, -40.7927, -820.3656, 277.185, -40.75, 160, 160, 160
L -820.3656, 277.185, -40.75, -815.2576, 311.6709, -40.2051, 160, 160, 160
L -815.2576, 311.6709, -40.2051, -810.4148, 377.6044, -40.7982, 160, 160, 160
L -810.4148, 377.6044, -40.7982, -800.1982, 427.9562, -40.7661, 160, 160, 160
L -800.1982, 427.9562, -40.7661, -798.7838, 480.221, -42.411, 160, 160, 160
L -798.7838, 480.221, -42.411, -813.6625, 511.2083, -40.4885, 160, 160, 160
L -813.6625, 511.2083, -40.4885, -825.4926, 574.6264, -40.46, 160, 160, 160
L -825.4926, 574.6264, -40.46, -837.9283, 589.18, -40.9778, 160, 160, 160
L -837.9283, 589.18, -40.9778, -847.3849, 598.7106, -40.5238, 160, 160, 160
L -847.3849, 598.7106, -40.5238, -907.3508, 617.5221, -40.6717, 160, 160, 160
L -907.3508, 617.5221, -40.6717, -921.3596, 674.1195, -40.4099, 160, 160, 160
L -921.3596, 674.1195, -40.4099, -933.2385, 691.2018, -40.4281, 160, 160, 160
L -933.2385, 691.2018, -40.4281, -951.111, 769.1816, -41.4536, 160, 160, 160
L -951.111, 769.1816, -41.4536, -955.612, 770.3907, -40.4588, 160, 160, 160
L -955.612, 770.3907, -40.4588, -954.2876, 779.5436, -40.5454, 160, 160, 160
L -954.2876, 779.5436, -40.5454, -947.4587, 810.5797, -41.3387, 160, 160, 160
L -947.4587, 810.5797, -41.3387, -941.3528, 879.6268, -37.4029, 160, 160, 160
L -941.3528, 879.6268, -37.4029, -849.3316, 967.4862, -40.2552, 160, 160, 160
L -849.3316, 967.4862, -40.2552, -818.5276, 976.1571, -40.3162, 160, 160, 160
L -818.5276, 976.1571, -40.3162, -748.2263, 1006.7093, -41.1097, 160, 160, 160
L -748.2263, 1006.7093, -41.1097, -716.3274, 1005.1389, -40.9864, 160, 160, 160
L -716.3274, 1005.1389, -40.9864, -645.503, 985.3754, -41.3076, 160, 160, 160
L -645.503, 985.3754, -41.3076, -637.5878, 985.5436, -40.9724, 160, 160, 160
L -637.5878, 985.5436, -40.9724, -629.3129, 975.1471, -40.2903, 160, 160, 160
L -629.3129, 975.1471, -40.2903, -558.3238, 959.923, -39.46, 160, 160, 160
L -558.3238, 959.923, -39.46, -548.8742, 953.5326, -40.9003, 160, 160, 160
L -548.8742, 953.5326, -40.9003, -462.8355, 945.1675, -39.9971, 160, 160, 160
L -462.8355, 945.1675, -39.9971, -445.3312, 938.73, -41.1325, 160, 160, 160
L -445.3312, 938.73, -41.1325, -383.95, 938.4334, -39.9375, 160, 160, 160
L -383.95, 938.4334, -39.9375, -339.5265, 939.5806, -40.7922, 160, 160, 160
L -339.5265, 939.5806, -40.7922, -279.62, 941.1812, -40.3522, 160, 160, 160
L -279.62, 941.1812, -40.3522, -239.6687, 937.3733, -41.934, 160, 160, 160
L -239.6687, 937.3733, -41.934, -169.3822, 953.5819, -40.45, 160, 160, 160
L -169.3822, 953.5819, -40.45, -146.5765, 962.3537, -40.8995, 160, 160, 160
L -146.5765, 962.3537, -40.8995, -120.4816, 976.1817, -40.9147, 160, 160, 160
L -120.4816, 976.1817, -40.9147, -45.398, 1032.8904, -40.5056, 160, 160, 160
L -45.398, 1032.8904, -40.5056, 38.6646, 1060.8593, -41.2224, 160, 160, 160
L 38.6646, 1060.8593, -41.2224, 54.957, 1070.878, -40.18, 160, 160, 160
L 54.957, 1070.878, -40.18, 79.284, 1076.329, -40.4121, 160, 160, 160
L 79.284, 1076.329, -40.4121, 156.7344, 1110.5424, -39.6871, 160, 160, 160
L 156.7344, 1110.5424, -39.6871, 188.1545, 1109.5181, -40.5195, 160, 160, 160
L 188.1545, 1109.5181, -40.5195, 252.9951, 1118.3206, -40.6893, 160, 160, 160
L 252.9951, 1118.3206, -40.6893, 296.6994, 1115.969, -40.2139, 160, 160, 160
L 296.6994, 1115.969, -40.2139, 351.1136, 1081.6663, -40.7023, 160, 160, 160
L 351.1136, 1081.6663, -40.7023, 359.6093, 1079.4413, -40.387, 160, 160, 160
L 359.6093, 1079.4413, -40.387, 360.2379, 1074.7798, -41.309, 160, 160, 160
L 360.2379, 1074.7798, -41.309, 429.7495, 1053.145, -40.9838, 160, 160, 160
L 429.7495, 1053.145, -40.9838, 452.2817, 1003.9855, -40.627, 160, 160, 160
L 452.2817, 1003.9855, -40.627, 478.1254, 995.6244, -39.3282, 160, 160, 160
L 478.1254, 995.6244, -39.3282, 480.7787, 968.7557, -40.6424, 160, 160, 160
L 480.7787, 968.7557, -40.6424, 501.4617, 926.2694, -40.8562, 160, 160, 160
L 501.4617, 926.2694, -40.8562, 503.2748, 875.117, -41.139, 160, 160, 160
L 503.2748, 875.117, -41.139, 450.1779, 798.1064, -40.8044, 160, 160, 160
L 450.1779, 798.1064, -40.8044, 437.61, 772.2296, -38.8509, 160, 160, 160
L 437.61, 772.2296, -38.8509, 350.2792, 680.2335, -40.7278, 160, 160, 160
L 350.2792, 680.2335, -40.7278, 344.1408, 675.3202, -41.688, 160, 160, 160
L 344.1408, 675.3202, -41.688, 252.294, 601.9805, -41.1602, 160, 160, 160
L 252.294, 601.9805, -41.1602, 209.2033, 575.4554, -41.1159, 160, 160, 160
L 209.2033, 575.4554, -41.1159, 176.6461, 497.3702, -41.3308, 160, 160, 160
L 176.6461, 497.3702, -41.3308, 171.7224, 474.9336, -40.9358, 160, 160, 160
L 171.7224, 474.9336, -40.9358, 151.4508, 441.228, -41.763, 160, 160, 160
L 151.4508, 441.228, -41.763, 131.5645, 372.5697, -40.4988, 160, 160, 160
L 131.5645, 372.5697, -40.4988, 110.1495, 332.1748, -40.4806, 160, 160, 160
L 110.1495, 332.1748, -40.4806, 94.2947, 273.8115, -40.9945, 160, 160, 160
L 94.2947, 273.8115, -40.9945, 104.799, 225.4526, -40.6694, 160, 160, 160
L 104.799, 225.4526, -40.6694, 105.5014, 174.4325, -40.3528, 160, 160, 160
L 105.5014, 174.4325, -40.3528, 120.4893, 139.9319, -40.8273, 160, 160, 160
L 120.4893, 139.9319, -40.8273, 136.9298, 74.2477, -40.4478, 160, 160, 160
L 136.9298, 74.2477, -40.4478, 153.151, 47.5118, -40.6276, 160, 160, 160
L 153.151, 47.5118, -40.6276, 204.16, 21.6428, -39.3258, 160, 160, 160
L 204.16, 21.6428, -39.3258, 208.4324, -24.8854, -40.9838, 160, 160, 160
L 208.4324, -24.8854, -40.9838, 225.8756, -56.3736, -39.5846, 160, 160, 160
L 225.8756, -56.3736, -39.5846, 229.864, -123.4852, -40.5889, 160, 160, 160
L 229.864, -123.4852, -40.5889, 189.2938, -188.288, -41.3457, 160, 160, 160
L 189.2938, -188.288, -41.3457, 181.4137, -224.2874, -40.6957, 160, 160, 160
L 181.4137, -224.2874, -40.6957, 150.3307, -255.8506, -40.9767, 160, 160, 160
L 150.3307, -255.8506, -40.9767, 104.412, -270.9291, -41.5153, 160, 160, 160
L 104.412, -270.9291, -41.5153, 49.566, -310.105, -39.295, 160, 160, 160
L -157.6379, 565.9, -40.9549, -248.147, 565.3843, -40.7866, 160, 160, 160
L -248.147, 565.3843, -40.7866, -254.6656, 568.9423, -40.6608, 160, 160, 160
L -254.6656, 568.9423, -40.6608, -349.7518, 508.3109, -40.4373, 160, 160, 160
L -349.7518, 508.3109, -40.4373, -515.2128, 509.921, -39.9373, 160, 160, 160
L -515.2128, 509.921, -39.9373, -547.7457, 543.878, -40.3278, 160, 160, 160
L -547.7457, 543.878, -40.3278, -627.1145, 475.4807, -40.5277, 160, 160, 160
L -627.1145, 475.4807, -40.5277, -594.3976, 428.5081, -40.4921, 160, 160, 160
L -594.3976, 428.5081, -40.4921, -593.4406, 375.9805, -38.6246, 160, 160, 160
L -593.4406, 375.9805, -38.6246, -581.7291, 340.9182, -39.5183, 160, 160, 160
L -581.7291, 340.9182, -39.5183, -582.3505, 239.969, -41.1214, 160, 160, 160
L -582.3505, 239.969, -41.1214, -481.4209, 241.5611, -40.7107, 160, 160, 160
L -481.4209, 241.5611, -40.7107, -447.1295, 209.7925, -39.892, 160, 160, 160
L -447.1295, 209.7925, -39.892, -413.8199, 209.8974, -40.7064, 160, 160, 160
L -413.8199, 209.8974, -40.7064, -348.1702, 225.4159, -40.6317, 160, 160, 160
L -348.1702, 225.4159, -40.6317, -298.5932, 274.9341, -40.4951, 160, 160, 160
L -298.5932, 274.9341, -40.4951, -248.974, 363.6775, -41.1978, 160, 160, 160
L -248.974, 363.6775, -41.1978, -235.6049, 375.3591, -40.9457, 160, 160, 160
L -235.6049, 375.3591, -40.9457, -179.7923, 443.9907, -40.9778, 160, 160, 160
L -179.7923, 443.9907, -40.9778, -156.7589, 476.4868, -41.435, 160, 160, 160
L -156.7589, 476.4868, -41.435, -157.479, 565.1385, -41.1152, 160, 160, 160
L -399.2208, 406.2183, 46.5322, -383.6166, 406.2157, 46.5334, 160, 160, 160
L -383.6166, 406.2157, 46.5334, -383.2851, 405.9528, 46.5322, 160, 160, 160
L -383.2851, 405.9528, 46.5322, -383.2819, 354.1329, 48.5923, 160, 160, 160
L -383.2819, 354.1329, 48.5923, -383.7024, 353.8781, 46.5332, 160, 160, 160
L -383.7024, 353.8781, 46.5332, -435.1637, 353.875, 46.5322, 160, 160, 160
L -435.1637, 353.875, 46.5322, -435.797, 354.6311, 46.5322, 160, 160, 160
L -435.797, 354.6311, 46.5322, -435.8303, 355.5788, 46.5322, 160, 160, 160
L -435.8303, 355.5788, 46.5322, -436.156, 405.3686, 65.876, 160, 160, 160
L -436.156, 405.3686, 65.876, -435.29, 406.1985, 65.8763, 160, 160, 160
L -435.29, 406.1985, 65.8763, -414.8607, 406.2187, 75.251, 160, 160, 160
L -414.8607, 406.2187, 75.251, -414.5625, 405.6859, 75.4385, 160, 160, 160
L -414.5625, 405.6859, 75.4385, -414.5625, 401.8709, 75.4385, 160, 160, 160
L -414.5625, 401.8709, 75.4385, -414.9075, 401.5, 75.947, 160, 160, 160
L -414.9075, 401.5, 75.947, -430.6582, 401.2776, 75.947, 160, 160, 160
L -430.6582, 401.2776, 75.947, -430.9041, 358.5958, 75.948, 160, 160, 160
L -430.9041, 358.5958, 75.948, -388, 358.625, 75.947, 160, 160, 160
L -388, 358.625, 75.947, -388.2, 401.2278, 75.947, 160, 160, 160
L -388.2, 401.2278, 75.947, -400.8398, 401.1541, 75.947, 160, 160, 160
L -400.8398, 401.1541, 75.947, -402.9062, 401.9778, 75.4385, 160, 160, 160
L -402.9062, 401.9778, 75.4385, -402.9062, 405.8278, 75.4385, 160, 160, 160
L -402.9062, 405.8278, 75.4385, -402.6861, 406.2047, 75.251, 160, 160, 160
L -402.6861, 406.2047, 75.251, -399.7434, 406.2187, 75.251, 160, 160, 160
L -399.7434, 406.2187, 75.251, -399.9189, 414.5638, 75.251, 160, 160, 160
L -399.9189, 414.5638, 75.251, -419.1811, 414.2764, 75.251, 160, 160, 160
L -419.1811, 414.2764, 75.251, -436.5393, 414.449, 65.876, 160, 160, 160
L -436.5393, 414.449, 65.876, -445.1655, 414.4565, 65.876, 160, 160, 160
L -445.1655, 414.4565, 65.876, -445.1741, 406.951, 65.7317, 160, 160, 160
L -445.1741, 406.951, 65.7317, -444.8224, 356.4963, 46.8778, 160, 160, 160
L -444.8224, 356.4963, 46.8778, -435.5966, 356.3297, 46.8171, 160, 160, 160
L -445.875, 359.3836, 46.5322, -445.875, 414.8023, 46.5322, 160, 160, 160
L -445.875, 414.8023, 46.5322, -445.5373, 415.125, 46.5322, 160, 160, 160
L -445.5373, 415.125, 46.5322, -399.6564, 415.125, 46.5322, 160, 160, 160
L -399.6564, 415.125, 46.5322, -399.2495, 414.6754, 46.5322, 160, 160, 160
L -399.2495, 414.6754, 46.5322, -399.2208, 406.2182, 46.5322, 160, 160, 160
L -430.9033, 401.4404, 132.946, -430.9635, 358.565, 132.949, 160, 160, 160
L -430.9635, 358.565, 132.949, -387.9712, 358.6533, 132.947, 160, 160, 160
L -387.9712, 358.6533, 132.947, -388.2, 401.1043, 132.946, 160, 160, 160
L -388.2, 401.1043, 132.946, -430.9033, 401.4404, 132.946, 160, 160, 160
L -402.8319, 362.5722, 132.946, -392.564, 362.3654, 132.946, 160, 160, 160
L -392.564, 362.3654, 132.946, -392.5643, 377.984, 132.946, 160, 160, 160
L -392.5643, 377.984, 132.946, -403.5634, 376.9517, 132.946, 160, 160, 160
L -403.5634, 376.9517, 132.946, -403.5912, 362.8304, 132.946, 160, 160, 160
L -440.6775, 474.7864, 46.5322, -547.9062, 474.7674, 46.5322, 160, 160, 160
L -547.9062, 474.7674, 46.5322, -547.8533, 275.4343, 46.5322, 160, 160, 160
L -547.8533, 275.4343, 46.5322, -348.6768, 275.5267, 46.5322, 160, 160, 160
L -348.6768, 275.5267, 46.5322, -348.6424, 474.2518, 46.5322, 160, 160, 160
L -348.6424, 474.2518, 46.5322, -446.3724, 474.6299, 46.5322, 160, 160, 160
L 52.2528, 760.8922, -215.2372, 29.5553, 796.7003, -216.3427, 160, 160, 160
L 29.5553, 796.7003, -216.3427, 29.7988, 797.1187, -216.3427, 160, 160, 160
L 29.7988, 797.1187, -216.3427, 73.3731, 824.6947, -216.3427, 160, 160, 160
L 73.3731, 824.6947, -216.3427, 73.9924, 824.3125, -216.3427, 160, 160, 160
L 73.9924, 824.3125, -216.3427, 101.4435, 780.9488, -216.3426, 160, 160, 160
L 101.4435, 780.9488, -216.3426, 101.3429, 780.4482, -216.3427, 160, 160, 160
L 101.3429, 780.4482, -216.3427, 57.8365, 752.8863, -214.6175, 160, 160, 160
L 57.8365, 752.8863, -214.6175, 57.1533, 753.1539, -214.6382, 160, 160, 160
L 57.1533, 753.1539, -214.6382, 52.7539, 760.1008, -215.1769, 160, 160, 160
L 241.2485, 1296.2478, 3.323, 230.4333, 1285.5275, 3.323, 160, 160, 160
L 230.4333, 1285.5275, 3.323, 213.943, 1285.7173, 3.323, 160, 160, 160
L 213.943, 1285.7173, 3.323, 210.4299, 1289.2354, 3.323, 160, 160, 160
L 210.4299, 1289.2354, 3.323, 206.3499, 1285.8131, 3.323, 160, 160, 160
L 206.3499, 1285.8131, 3.323, 202.807, 1290.551, 3.323, 160, 160, 160
L 202.807, 1290.551, 3.323, 205.6665, 1294.52, 3.323, 160, 160, 160
L 205.6665, 1294.52, 3.323, 202.5475, 1297.2692, 3.323, 160, 160, 160
L 202.5475, 1297.2692, 3.323, 202.7875, 1313.7371, 3.323, 160, 160, 160
L 202.7875, 1313.7371, 3.323, 214.4077, 1325.862, 3.348, 160, 160, 160
L 214.4077, 1325.862, 3.348, 230.6097, 1325.1, 3.333, 160, 160, 160
L 230.6097, 1325.1, 3.333, 241.2701, 1314.323, 3.325, 160, 160, 160
L 241.2701, 1314.323, 3.325, 244.1299, 1317.1838, 3.322, 160, 160, 160
L 244.1299, 1317.1838, 3.322, 240.7141, 1321.2464, 3.323, 160, 160, 160
L 240.7141, 1321.2464, 3.323, 244.9841, 1325.3677, 3.323, 160, 160, 160
L 244.9841, 1325.3677, 3.323, 245.5639, 1325.3858, 3.323, 160, 160, 160
L 245.5639, 1325.3858, 3.323, 248.8945, 1321.9501, 3.323, 160, 160, 160
L 248.8945, 1321.9501, 3.323, 252.1229, 1325.503, 3.327, 160, 160, 160
L 252.1229, 1325.503, 3.327, 268.5434, 1324.8884, 3.325, 160, 160, 160
L 268.5434, 1324.8884, 3.325, 278.9232, 1314.5087, 3.329, 160, 160, 160
L 278.9232, 1314.5087, 3.329, 289.4365, 1324.9962, 3.323, 160, 160, 160
L 289.4365, 1324.9962, 3.323, 305.7298, 1325.226, 3.323, 160, 160, 160
L 305.7298, 1325.226, 3.323, 309.5017, 1321.3285, 3.322, 160, 160, 160
L 309.5017, 1321.3285, 3.322, 312.9495, 1324.6405, 3.323, 160, 160, 160
L 312.9495, 1324.6405, 3.323, 313.5427, 1324.7445, 3.323, 160, 160, 160
L 313.5427, 1324.7445, 3.323, 317.7216, 1320.4192, 3.322, 160, 160, 160
L 317.7216, 1320.4192, 3.322, 317.7246, 1319.921, 3.323, 160, 160, 160
L 317.7246, 1319.921, 3.323, 314.2715, 1316.5667, 3.323, 160, 160, 160
L 314.2715, 1316.5667, 3.323, 317.2506, 1313.5929, 3.322, 160, 160, 160
L 317.2506, 1313.5929, 3.322, 317.3849, 1297.94, 3.323, 160, 160, 160
L 317.3849, 1297.94, 3.323, 305.7751, 1285.4867, 3.323, 160, 160, 160
L 305.7751, 1285.4867, 3.323, 289.4014, 1285.5147, 3.322, 160, 160, 160
L 289.4014, 1285.5147, 3.322, 278.8845, 1296.54, 3.323, 160, 160, 160
L 278.8845, 1296.54, 3.323, 268.1659, 1285.5024, 3.322, 160, 160, 160
L 268.1659, 1285.5024, 3.322, 251.9045, 1285.5916, 3.323, 160, 160, 160
L 251.9045, 1285.5916, 3.323, 241.2485, 1296.2478, 3.322, 160, 160, 160
L 254.8503, 1287.3857, 4.8498, 252.6185, 1287.3857, 4.8498, 160, 160, 160
L 252.6185, 1287.3857, 4.8498, 242.1015, 1297.8988, 4.8498, 160, 160, 160
L 242.1015, 1297.8988, 4.8498, 242.983, 1300.1441, 4.8498, 160, 160, 160
L 242.983, 1300.1441, 4.8498, 241.6034, 1300.4459, 5.3265, 160, 160, 160
L 241.6034, 1300.4459, 5.3265, 240.7777, 1300.4537, 5.3265, 160, 160, 160
L 240.7777, 1300.4537, 5.3265, 240.2156, 1300.564, 4.8498, 160, 160, 160
L 240.2156, 1300.564, 4.8498, 240.212, 1297.7184, 4.8498, 160, 160, 160
L 240.212, 1297.7184, 4.8498, 229.7701, 1287.288, 4.8498, 160, 160, 160
L 229.7701, 1287.288, 4.8498, 215.93, 1287.2958, 4.8498, 160, 160, 160
L 215.93, 1287.2958, 4.8498, 204.5752, 1297.7415, 4.8498, 160, 160, 160
L 204.5752, 1297.7415, 4.8498, 204.5867, 1312.502, 4.8498, 160, 160, 160
L 204.5867, 1312.502, 4.8498, 215.284, 1322.9324, 4.8498, 160, 160, 160
L 215.284, 1322.9324, 4.8498, 229.7894, 1322.9248, 4.8498, 160, 160, 160
L 229.7894, 1322.9248, 4.8498, 240.2233, 1312.4831, 4.8498, 160, 160, 160
L 240.2233, 1312.4831, 4.8498, 240.2197, 1310.1939, 4.8498, 160, 160, 160
L 240.2197, 1310.1939, 4.8498, 240.6845, 1309.8296, 5.3265, 160, 160, 160
L 240.6845, 1309.8296, 5.3265, 241.6229, 1309.8207, 5.3265, 160, 160, 160
L 241.6229, 1309.8207, 5.3265, 242.1083, 1312.516, 4.8498, 160, 160, 160
L 242.1083, 1312.516, 4.8498, 252.6107, 1323.225, 4.8498, 160, 160, 160
L 252.6107, 1323.225, 4.8498, 267.3715, 1323.262, 4.8498, 160, 160, 160
L 267.3715, 1323.262, 4.8498, 277.8387, 1312.5664, 4.8498, 160, 160, 160
L 277.8387, 1312.5664, 4.8498, 277.8442, 1310.5315, 4.8498, 160, 160, 160
L 277.8442, 1310.5315, 4.8498, 278.3897, 1310.717, 5.3265, 160, 160, 160
L 278.3897, 1310.717, 5.3265, 279.1324, 1310.67, 5.3265, 160, 160, 160
L 279.1324, 1310.67, 5.3265, 279.7273, 1310.5096, 4.8498, 160, 160, 160
L 279.7273, 1310.5096, 4.8498, 279.7237, 1312.8034, 4.8498, 160, 160, 160
L 279.7237, 1312.8034, 4.8498, 290.1498, 1323.249, 4.8498, 160, 160, 160
L 290.1498, 1323.249, 4.8498, 304.9148, 1323.2644, 4.8498, 160, 160, 160
L 304.9148, 1323.2644, 4.8498, 315.3604, 1312.8379, 4.8498, 160, 160, 160
L 315.3604, 1312.8379, 4.8498, 315.3758, 1298.772, 4.8498, 160, 160, 160
L 315.3758, 1298.772, 4.8498, 304.9492, 1287.6277, 4.8498, 160, 160, 160
L 304.9492, 1287.6277, 4.8498, 290.1886, 1287.6123, 4.8498, 160, 160, 160
L 290.1886, 1287.6123, 4.8498, 279.7389, 1298.39, 4.8498, 160, 160, 160
L 279.7389, 1298.39, 4.8498, 279.7355, 1300.2672, 4.8498, 160, 160, 160
L 279.7355, 1300.2672, 4.8498, 279.2554, 1300.6913, 5.3265, 160, 160, 160
L 279.2554, 1300.6913, 5.3265, 278.2622, 1300.6975, 5.3265, 160, 160, 160
L 278.2622, 1300.6975, 5.3265, 277.8564, 1300.3488, 4.8498, 160, 160, 160
L 277.8564, 1300.3488, 4.8498, 277.8534, 1297.8714, 4.8498, 160, 160, 160
L 277.8534, 1297.8714, 4.8498, 267.3792, 1287.3895, 4.8498, 160, 160, 160
L 267.3792, 1287.3895, 4.8498, 265.1181, 1287.3895, 4.8498, 160, 160, 160
L 265.1181, 1287.3895, 4.8498, 264.7423, 1287.1586, 5.3034, 160, 160, 160
L 264.7423, 1287.1586, 5.3034, 255.3405, 1287.1586, 5.3011, 160, 160, 160
L 15.2152, -617.6476, 8.6572, 15.1397, -597.2576, 8.6572, 160, 160, 160
L 15.1397, -597.2576, 8.6572, 50.243, -597.2527, 8.7247, 160, 160, 160
L 50.243, -597.2527, 8.7247, 50.2426, -616.3239, 8.7296, 160, 160, 160
L 50.2426, -616.3239, 8.7296, 15.3619, -618.114, 8.6572, 160, 160, 160
L 47.5362, -540.8066, 9.907, 47.5163, -526.8828, 9.945, 160, 160, 160
L 47.5163, -526.8828, 9.945, 70.5397, -528.1141, 8.7922, 160, 160, 160
L 70.5397, -528.1141, 8.7922, 70.4531, -541.1232, 8.9252, 160, 160, 160
L 70.4531, -541.1232, 8.9252, 47.4243, -540.4163, 9.1166, 160, 160, 160
L -80.6238, -518.8689, 9.652, -74.6518, -508.4383, 8.9244, 160, 160, 160
L -74.6518, -508.4383, 8.9244, -94.8862, -496.6236, 8.7215, 160, 160, 160
L -94.8862, -496.6236, 8.7215, -100.4856, -506.8147, 8.7969, 160, 160, 160
L -100.4856, -506.8147, 8.7969, -80.5485, -518.8415, 8.9723, 160, 160, 160
L -17.2329, -500.4182, 9.7954, 2.8408, -502.9, 30.4779, 160, 160, 160
L 2.8408, -502.9, 30.4779, 20.1197, -501.2937, 8.6571, 160, 160, 160
L 20.1197, -501.2937, 8.6571, 17.7464, -458.2298, 8.6572, 160, 160, 160
L 17.7464, -458.2298, 8.6572, -0.6606, -458.6444, 10.8488, 160, 160, 160
L -0.6606, -458.6444, 10.8488, -18.4174, -459.7072, 8.8203, 160, 160, 160
L -18.4174, -459.7072, 8.8203, -18.6167, -501.4818, 8.6572, 160, 160, 160
L -18.6167, -501.4818, 8.6572, -17.3261, -501.5253, 9.6761, 160, 160, 160
L 0.3002, -456.8201, 4.2423, 0.3255, -512.7051, 30.857, 160, 160, 160
L -68.6739, -605.49, 3.323, -50.4125, -609.374, 25.3576, 160, 160, 160
L -50.4125, -609.374, 25.3576, -33.1754, -614.5, 3.323, 160, 160, 160
L -33.1754, -614.5, 3.323, -44.2135, -654.1748, 3.4007, 160, 160, 160
L -44.2135, -654.1748, 3.4007, -77.454, -646.2535, 3.1354, 160, 160, 160
L -77.454, -646.2535, 3.1354, -67.7004, -605.1185, 3.323, 160, 160, 160
L -61.927, -654.3273, 3.9924, -47.8759, -600.632, 29.8192, 160, 160, 160
L -1117.7299, 895.6875, 2.774, -1101.4962, 887.1359, 2.1312, 160, 160, 160
L -1101.4962, 887.1359, 2.1312, -1092.9396, 903.4575, 2.3325, 160, 160, 160
L -1092.9396, 903.4575, 2.3325, -1109.2451, 911.9573, 2.976, 160, 160, 160
L -1109.2451, 911.9573, 2.976, -1112.961, 906.827, 2.9169, 160, 160, 160
L -1117.7609, 895.6195, 2.773, -1115.8701, 899.6735, 2.8292, 160, 160, 160
L -1151.486, 898.1444, 2.8873, -1153.6632, 900.7313, 2.7515, 160, 160, 160
L -1153.6632, 900.7313, 2.7515, -1166.6726, 887.5271, 2.767, 160, 160, 160
L -1166.6726, 887.5271, 2.767, -1153.4701, 874.5738, 2.7905, 160, 160, 160
L -1153.4701, 874.5738, 2.7905, -1140.575, 887.8483, 3.322, 160, 160, 160
L -1140.575, 887.8483, 3.322, -1143.4401, 890.8286, 3.322, 160, 160, 160
L 710.1856, 1802.2429, 3.322, 722.3392, 1795.8131, 3.322, 160, 160, 160
L 722.3392, 1795.8131, 3.322, 735.8189, 1800.3967, 3.322, 160, 160, 160
L 735.8189, 1800.3967, 3.322, 741.8645, 1811.7971, 3.322, 160, 160, 160
L 741.8645, 1811.7971, 3.322, 737.8898, 1824.942, 3.322, 160, 160, 160
L 737.8898, 1824.942, 3.322, 726.3007, 1830.413, 3.322, 160, 160, 160
L 726.3007, 1830.413, 3.322, 713.162, 1827.2869, 3.322, 160, 160, 160
L 713.162, 1827.2869, 3.322, 706.9398, 1815.6282, 3.322, 160, 160, 160
L 682.481, 1838.9531, 3.322, 689.8506, 1850.6473, 3.322, 160, 160, 160
L 689.8506, 1850.6473, 3.322, 686.8946, 1863.5418, 3.322, 160, 160, 160
L 686.8946, 1863.5418, 3.322, 675.7791, 1870.765, 3.322, 160, 160, 160
L 675.7791, 1870.765, 3.322, 662.5589, 1867.7415, 3.322, 160, 160, 160
L 662.5589, 1867.7415, 3.322, 655.2273, 1857.2246, 3.322, 160, 160, 160
L 655.2273, 1857.2246, 3.322, 658.4442, 1842.9711, 3.322, 160, 160, 160
L 658.4442, 1842.9711, 3.322, 670.1065, 1836.121, 3.322, 160, 160, 160
L 670.1065, 1836.121, 3.322, 669.875, 1836.2192, 3.322, 160, 160, 160
L 809.2255, 1838.59, 5.1634, 783.2626, 1823.24, -1.6104, 160, 160, 160
L 783.2626, 1823.24, -1.6104, 749.561, 1822.2118, 3.322, 160, 160, 160
L 749.561, 1822.2118, 3.322, 702.8215, 1856.6395, 3.322, 160, 160, 160
L 702.8215, 1856.6395, 3.322, 690.1508, 1910.3261, 3.322, 160, 160, 160
L 690.1508, 1910.3261, 3.322, 687.9048, 1930.5253, 6.5255, 160, 160, 160
L 687.9048, 1930.5253, 6.5255, 661.2504, 1933.926, 11.8194, 160, 160, 160
L 661.2504, 1933.926, 11.8194, 643.9855, 1933.93, 11.932, 160, 160, 160
L 643.9855, 1933.93, 11.932, 612.5549, 1933.927, 0.6122, 160, 160, 160
L 612.5549, 1933.927, 0.6122, 588.74, 1933.923, 4.4684, 160, 160, 160
L 588.74, 1933.923, 4.4684, 548.8261, 1933.924, 13.238, 160, 160, 160
L 548.8261, 1933.924, 13.238, 530.6291, 1933.926, 11.9636, 160, 160, 160
L 530.6291, 1933.926, 11.9636, 506.1831, 1933.929, 7.9981, 160, 160, 160
L 506.1831, 1933.929, 7.9981, 465.6304, 1933.933, -27.3352, 160, 160, 160
L 465.6304, 1933.933, -27.3352, 449.144, 1924.6605, -39.6189, 160, 160, 160
L 449.144, 1924.6605, -39.6189, 440.7941, 1929.7471, -37.28, 160, 160, 160
L 440.7941, 1929.7471, -37.28, 104.6448, 1932.396, -35.6916, 160, 160, 160
L 104.6448, 1932.396, -35.6916, 78.1951, 1896.7727, -11.917, 160, 160, 160
L 78.1951, 1896.7727, -11.917, 54.881, 1893.5735, -7.3337, 160, 160, 160
L 54.881, 1893.5735, -7.3337, 8.6487, 1880.9412, -0.66, 160, 160, 160
L 8.6487, 1880.9412, -0.66, -20.3676, 1901.3297, -10.9876, 160, 160, 160
L -20.3676, 1901.3297, -10.9876, -49.7081, 1922.8115, 2.931, 160, 160, 160
L -49.7081, 1922.8115, 2.931, -56.433, 1927.7647, 2.9205, 160, 160, 160
L -1337.994, -2531.838, 7.3754, 801.766, -2542.3722, -2.842, 160, 160, 160
L 1334.5642, -2539, -30.2341, 1334.6873, -2489.2937, -31.555, 160, 160, 160
L -59.2766, 1933.31, 2.9093, -269.1329, 1933.31, 3.451, 160, 160, 160
L -269.1329, 1933.31, 3.451, -255.6459, 1909.1547, 3.1514, 160, 160, 160
L -255.6459, 1909.1547, 3.1514, -282.3562, 1857.3844, 3.4567, 160, 160, 160
L -282.3562, 1857.3844, 3.4567, -328.1182, 1813.3777, 3.5002, 160, 160, 160
P 729.5561, -2528.1421, 5.9739, 204, 0, 204, 3, to_Northern_Ro
P -165.1611, 1931.1563, 6.1756, 204, 0, 204, 3, to_Southern_Ro
P 875, -886, 0, 255, 255, 0, 2, Barrel_Barge
P -783, -1553, 0, 255, 128, 0, 2, Cazel
P -1414, -2288, 0, 255, 255, 0, 2, Hatar
P 417, 532, 0, 255, 255, 0, 2, Hurgo_Felcind
P 746, -943, 0, 255, 255, 0, 2, Lockjaw
P 375, 554, 0, 255, 255, 0, 2, Mantrek_Needlebender
P -1456, -310, 0, 255, 255, 0, 2, Rack_Stonebelly
P 434, 594, 0, 255, 255, 0, 2, Ranzall_Netcaster
P -1347, 1788, 0, 255, 255, 0, 2, Taldrik_Stumpystout
P -1352, -690, 0, 255, 255, 0, 2, dry_bones_skeleton
P -64, 1994, 0, 0, 200, 255, 1, Spiken's_Maps_-_github.com/spik3n/EQL_Map_pack
P 1180, -1557, 0, 255, 255, 0, 2, #_2
P -6, -2388, 0, 255, 255, 0, 2, Arthikus
P -1312, -1489, 0, 255, 255, 0, 2, Keelee_Rayin
