P 763.229, -787.78, 0, 255, 255, 0, 2, Barrel_Barge
P -894.771, -1454.78, 0, 255, 128, 0, 2, Cazel
P -1525.771, -2189.78, 0, 255, 255, 0, 2, Hatar
P 305.229, 630.22, 0, 255, 255, 0, 2, Hurgo_Felcind
P 634.229, -844.78, 0, 255, 255, 0, 2, Lockjaw
P 263.229, 652.22, 0, 255, 255, 0, 2, Mantrek_Needlebender
P -1567.771, -211.78, 0, 255, 255, 0, 2, Rack_Stonebelly
P 322.229, 692.22, 0, 255, 255, 0, 2, Ranzall_Netcaster
P -1458.771, 1886.22, 0, 255, 255, 0, 2, Taldrik_Stumpystout
P -1463.771, -591.78, 0, 255, 255, 0, 2, dry_bones_skeleton
P 1068.229, -1458.78, 0, 255, 255, 0, 2, #_2
P -117.771, -2289.78, 0, 255, 255, 0, 2, Arthikus
P -1423.771, -1390.78, 0, 255, 255, 0, 2, Keelee_Rayin

P -53.064, -2315.037, 34.3489,  150, 0, 200,  3,  to_The_Northern_Desert_of_Ro
P -280.774, 1957.681, 1.6049,  150, 0, 200,  3,  to_The_Southern_Desert_of_Ro
P -523.16, 477.371, 130.6673,  150, 0, 200,  3,  to_The_Plane_of_Hate_(click)
