L -365.422, 288.776, 10.6259, -390.97, 288.856, 10.6259, 160, 160, 160
L -364.97, 314.856, 10.6259, -365.422, 288.776, 10.6259, 160, 160, 160
L -337.001, 309.076, 4.6260, -331.001, 315.606, 0.6260, 160, 160, 160
L -340.001, 308.856, 6.6260, -337.001, 309.076, 4.6260, 160, 160, 160
L -385.19, 260.887, 4.6260, -391.033, 254.812, 0.6257, 160, 160, 160
L -390.97, 270.533, 10.6259, -391.207, 269.755, 10.6259, 160, 160, 160
L -389.219, 267.747, 10.6259, -390.97, 270.533, 10.6259, 160, 160, 160
L -384.97, 263.887, 6.6260, -389.219, 267.747, 10.6259, 160, 160, 160
L -385.19, 260.887, 4.6260, -384.97, 263.887, 6.6260, 160, 160, 160
L -343.089, 268.075, 9.7719, -345.055, 266.113, 8.6259, 160, 160, 160
L -336.82, 270.208, 4.6260, -331.001, 265.259, 2.6259, 160, 160, 160
L -343.001, 268.16, 8.6259, -340.001, 270.606, 6.6260, 160, 160, 160
L -344.28, 266.887, 8.6259, -346.75, 263.887, 6.6260, 160, 160, 160
L -343.799, 257.887, 2.6259, -346.361, 260.718, 4.6260, 160, 160, 160
L -346.751, 263.887, 6.6260, -346.361, 260.718, 4.6260, 160, 160, 160
L -343.8, 257.887, 2.6259, -340.766, 255.122, 2.5384, 160, 160, 160
L -340.001, 270.606, 6.6260, -336.82, 270.208, 4.6260, 160, 160, 160
L -249.782, 329.856, 22.7453, -329.159, 329.925, 0.6260, 160, 160, 160
L -249.782, 267.637, 22.7453, -328.001, 267.307, 0.7376, 160, 160, 160
L -249.782, 329.856, 22.7453, -249.782, 267.637, 22.7453, 160, 160, 160
L 91.035, 184.58, -31.2283, 73.697, 184.623, -31.2867, 160, 160, 160
L 73.769, 184.52, -31.1702, 73.891, 178.489, -30.3739, 160, 160, 160
L 73.808, 203.888, -26.4610, 91.104, 203.887, -26.4623, 160, 160, 160
L 91.478, 221.893, -11.4045, 73.694, 221.835, -11.4443, 160, 160, 160
L -1066.241, -260.175, 76.5947, -1039.457, -227.401, 76.5947, 160, 160, 160
L -1089.886, -260.175, 76.5947, -1066.241, -260.175, 76.5947, 160, 160, 160
L -1116.689, -227.416, 76.5947, -1089.886, -260.175, 76.5947, 160, 160, 160
L -1116.674, -206.592, 76.5947, -1116.689, -227.416, 76.5947, 160, 160, 160
L -1161.901, -206.175, 76.5947, -1116.674, -206.592, 76.5947, 160, 160, 160
L -1176.658, -194.401, 76.5947, -1161.901, -206.175, 76.5947, 160, 160, 160
L -1176.658, -174.288, 76.5947, -1176.658, -194.401, 76.5947, 160, 160, 160
L -1161.877, -158.956, 76.5947, -1176.658, -174.288, 76.5947, 160, 160, 160
L -1132.059, -158.956, 76.5947, -1161.877, -158.956, 76.5947, 160, 160, 160
L -1090.028, -164.956, 76.5947, -1132.059, -158.956, 76.5947, 160, 160, 160
L -1066.268, -164.956, 76.5947, -1090.028, -164.956, 76.5947, 160, 160, 160
L -1104.026, -592.979, 76.5947, -1083.939, -608.019, 76.5947, 160, 160, 160
L 202.03, -483.081, 0.6260, 139.811, -483.081, 0.6260, 160, 160, 160
L 202.03, -493.081, 4.6260, 202.03, -472.488, 0.6260, 160, 160, 160
L 156.896, -493.081, 4.6260, 202.03, -493.081, 4.6260, 160, 160, 160
L 144.755, -486.099, 4.6260, 156.896, -493.081, 4.6260, 160, 160, 160
L 139.811, -483.081, 0.6260, 144.755, -486.099, 4.6260, 160, 160, 160
L 139.811, -429.862, 0.6260, 139.811, -483.081, 0.6260, 160, 160, 160
L 139.811, -429.862, 0.6260, 202.03, -429.862, 0.6260, 160, 160, 160
L 155.102, -418.863, 4.6260, 139.811, -429.862, 0.6260, 160, 160, 160
L 202.03, -418.862, 4.6260, 155.102, -418.863, 4.6260, 160, 160, 160
L 202.03, -429.862, 0.6260, 202.03, -418.862, 4.6260, 160, 160, 160
L 202.023, -443.249, 0.6260, 202.03, -429.863, 0.6260, 160, 160, 160
L 213.673, -447.831, 0.6260, 202.023, -443.249, 0.6260, 160, 160, 160
L 216.137, -447.796, 0.6260, 213.673, -447.831, 0.6260, 160, 160, 160
L 215.78, -364.666, 0.6260, 216.137, -447.796, 0.6260, 160, 160, 160
L 247.734, -338.912, 0.6260, 215.78, -364.666, 0.6260, 160, 160, 160
L 247.78, -268.197, 0.6260, 247.734, -338.912, 0.6260, 160, 160, 160
L 245.674, -264.173, 0.6260, 247.78, -268.197, 0.6260, 160, 160, 160
L 221.839, -248.353, 0.6260, 245.674, -264.173, 0.6260, 160, 160, 160
L 221.03, -259.175, 0.6260, 221.839, -248.353, 0.6260, 160, 160, 160
L 194.471, -259.174, 0.6260, 221.03, -259.175, 0.6260, 160, 160, 160
L 194.061, -261.445, 0.6260, 194.471, -259.174, 0.6260, 160, 160, 160
L 214.03, -282.669, 0.6260, 194.061, -261.445, 0.6260, 160, 160, 160
L 214.03, -303.309, 0.6260, 214.03, -282.669, 0.6260, 160, 160, 160
L 201.299, -311.144, 0.6260, 214.03, -303.309, 0.6260, 160, 160, 160
L 181.679, -311.144, 0.6260, 201.299, -311.144, 0.6260, 160, 160, 160
L 183.744, -307.244, 0.6260, 181.679, -311.144, 0.6260, 160, 160, 160
L 180.835, -305.154, 0.6260, 183.744, -307.244, 0.6260, 160, 160, 160
L 177.133, -310.388, 0.6260, 180.835, -305.154, 0.6260, 160, 160, 160
L 178.828, -311.144, 0.6260, 177.133, -310.388, 0.6260, 160, 160, 160
L 167.289, -303.174, 0.6260, 178.828, -311.144, 0.6260, 160, 160, 160
L 156.314, -311.144, 0.6260, 167.289, -303.174, 0.6260, 160, 160, 160
L 137.934, -311.144, 0.6260, 156.314, -311.144, 0.6260, 160, 160, 160
L 133.11, -308.416, 0.6260, 137.934, -311.144, 0.6260, 160, 160, 160
L 141.071, -304.232, 0.6260, 133.11, -308.416, 0.6260, 160, 160, 160
L 138.39, -298.995, 0.6260, 141.071, -304.232, 0.6260, 160, 160, 160
L 129.818, -303.332, 0.6260, 138.39, -298.995, 0.6260, 160, 160, 160
L 131.926, -307.803, 0.6260, 129.818, -303.332, 0.6260, 160, 160, 160
L 124.814, -303.311, 0.6260, 131.926, -307.803, 0.6260, 160, 160, 160
L 124.811, -282.618, 0.6260, 124.814, -303.311, 0.6260, 160, 160, 160
L 136.803, -261.636, 0.6260, 124.811, -282.618, 0.6260, 160, 160, 160
L 136.724, -259.309, 0.6260, 136.803, -261.636, 0.6260, 160, 160, 160
L 130.811, -259.175, 0.6260, 136.724, -259.309, 0.6260, 160, 160, 160
L 130.811, -248.543, 0.6260, 130.811, -259.175, 0.6260, 160, 160, 160
L 128.109, -248.171, 0.6260, 130.811, -248.543, 0.6260, 160, 160, 160
L 127.061, -259.411, 0.6260, 128.109, -248.171, 0.6260, 160, 160, 160
L 104.079, -305.622, 0.6260, 127.061, -259.411, 0.6260, 160, 160, 160
L 86.139, -361.281, 0.6260, 104.079, -305.622, 0.6260, 160, 160, 160
L 49.318, -396.113, 0.6260, 86.139, -361.281, 0.6260, 160, 160, 160
L -14.636, -396.137, 0.6260, 49.318, -396.113, 0.6260, 160, 160, 160
L -28.71, -414.139, 0.6260, -14.636, -396.137, 0.6260, 160, 160, 160
L -28.804, -427.587, 0.6260, -28.71, -414.139, 0.6260, 160, 160, 160
L 1.124, -428.838, 15.2095, -28.804, -427.587, 0.6260, 160, 160, 160
L 19.239, -433.804, 17.6260, 1.124, -428.838, 15.2095, 160, 160, 160
L 43.083, -480.527, 17.6260, 19.239, -433.804, 17.6260, 160, 160, 160
L 36.19, -544.78, 17.6260, 43.083, -480.527, 17.6260, 160, 160, 160
L 19.843, -586.535, 17.6260, 36.19, -544.78, 17.6260, 160, 160, 160
L 1.124, -620.11, 15.2095, 19.843, -586.535, 17.6260, 160, 160, 160
L -29.222, -632.019, 0.6260, 1.124, -620.11, 15.2095, 160, 160, 160
L -115.363, -632.019, 16.3405, -29.222, -632.019, 0.6260, 160, 160, 160
L -144.454, -614.019, 25.6260, -115.363, -632.019, 16.3405, 160, 160, 160
L -196.628, -614.09, 40.6670, -144.454, -614.019, 25.6260, 160, 160, 160
L -255.043, -672.296, 56.2653, -196.628, -614.09, 40.6670, 160, 160, 160
L -613.625, -479.081, 0.6260, -613.813, -447.223, 0.6260, 160, 160, 160
L -657.019, -479.081, 0.6260, -613.625, -479.081, 0.6260, 160, 160, 160
L -669.138, -479.081, 0.6260, -656.779, -479.081, 0.6260, 160, 160, 160
L -799.807, -301.647, -65.2939, -764.014, -258.925, -65.6504, 160, 160, 160
L -799.814, -376.319, -42.3580, -799.807, -301.647, -65.2939, 160, 160, 160
L -764.028, -408.128, -40.5088, -799.814, -376.319, -42.3580, 160, 160, 160
L -660.919, -413.247, 0.6260, -764.028, -408.128, -40.5088, 160, 160, 160
L -657.796, -446.554, 0.6260, -660.919, -413.247, 0.6260, 160, 160, 160
L -668.675, -446.831, 0.6260, -657.796, -446.554, 0.6260, 160, 160, 160
L -702.303, -466, 0.6260, -668.675, -446.831, 0.6260, 160, 160, 160
L -739.845, -495.648, 0.6260, -702.303, -466, 0.6260, 160, 160, 160
L -739.844, -529.381, 0.6260, -739.845, -495.648, 0.6260, 160, 160, 160
L -780.79, -572.8, 0.6260, -739.844, -529.381, 0.6260, 160, 160, 160
L -789.814, -572.8, 0.6260, -779.819, -573.153, 0.6260, 160, 160, 160
L -740.048, -655.846, 0.6260, -738.917, -657.946, 0.6260, 160, 160, 160
L -740.874, -649.19, 0.6260, -740.053, -655.648, 0.6260, 160, 160, 160
L -740.896, -649.159, 0.6260, -781.716, -603.019, 0.6260, 160, 160, 160
L -669.611, -575.341, 0.6260, -669.82, -603.587, 0.6260, 160, 160, 160
L -669.946, -572.094, 0.6260, -669.611, -575.341, 0.6260, 160, 160, 160
L -703.438, -529.075, 0.6260, -669.946, -572.094, 0.6260, 160, 160, 160
L -703.441, -495.519, 0.6260, -703.438, -529.075, 0.6260, 160, 160, 160
L -669.629, -479.178, 0.6260, -703.441, -495.519, 0.6260, 160, 160, 160
L -631.027, -530.047, 15.1203, -669.629, -479.178, 0.6260, 160, 160, 160
L -614.177, -530.05, 15.1209, -631.027, -530.047, 15.1203, 160, 160, 160
L -543.806, -611.508, 28.9685, -614.177, -530.05, 15.1209, 160, 160, 160
L -522.328, -653.854, 46.5947, -543.79, -611.487, 28.9598, 160, 160, 160
L -466.154, -712.987, 46.5947, -522.328, -653.854, 46.5947, 160, 160, 160
L -300.308, -711.929, 47.6490, -466.154, -712.987, 46.5947, 160, 160, 160
L -256.069, -673.194, 56.5680, -300.308, -711.929, 47.6490, 160, 160, 160
L -361.45, -653.783, 46.5947, -253.772, -588.131, 56.5238, 160, 160, 160
L -415.715, -612.232, 29.6240, -361.45, -653.783, 46.5947, 160, 160, 160
L -430.659, -531.053, 16.6990, -415.715, -612.232, 29.6240, 160, 160, 160
L -430.697, -446.505, 0.6378, -430.659, -531.053, 16.6990, 160, 160, 160
L -442.673, -413.67, 0.6260, -430.697, -446.505, 0.6378, 160, 160, 160
L -442.689, -369.822, 0.6260, -442.673, -413.67, 0.6260, 160, 160, 160
L -421.207, -247.9, 30.9024, -442.689, -369.822, 0.6260, 160, 160, 160
L -355.72, -185.421, 56.5947, -421.207, -247.9, 30.9024, 160, 160, 160
L -501.901, -50.563, 9.4004, -501.939, -86.308, 30.4689, 160, 160, 160
L -487.001, -5.892, 0.6773, -501.901, -50.563, 9.4004, 160, 160, 160
L -435.948, 38.49, 0.6260, -487.001, -5.892, 0.6773, 160, 160, 160
L -435.92, 90.292, 0.6260, -435.948, 38.49, 0.6260, 160, 160, 160
L -418.113, 131.883, 0.6260, -435.92, 90.292, 0.6260, 160, 160, 160
L -393.981, 177.171, 16.5658, -418.113, 131.883, 0.6260, 160, 160, 160
L -393.97, 213.272, 0.6055, -393.981, 177.171, 16.5658, 160, 160, 160
L -422.97, 244.216, 0.6260, -393.97, 213.272, 0.6055, 160, 160, 160
L -422.97, 257.887, 0.6260, -422.97, 244.216, 0.6260, 160, 160, 160
L -398.412, -159.572, 56.5947, -393.681, -160.146, 56.5947, 160, 160, 160
L -399.859, -172.975, 56.5947, -398.412, -159.572, 56.5947, 160, 160, 160
L -359.942, -176.872, 56.5947, -399.859, -172.975, 56.5947, 160, 160, 160
L -359.412, -172.48, 56.5947, -359.942, -176.872, 56.5947, 160, 160, 160
L -396.826, -148.638, 56.5947, -392.885, -147.84, 56.5947, 160, 160, 160
L -395.852, -135.612, 56.5947, -396.826, -148.638, 56.5947, 160, 160, 160
L -356.141, -139.206, 56.5947, -395.852, -135.612, 56.5947, 160, 160, 160
L -359.451, -172.806, 56.5947, -356.141, -139.206, 56.5947, 160, 160, 160
L -391.058, -139.285, 56.5947, -392.937, -147.618, 56.5947, 160, 160, 160
L -394.921, -168.98, 56.5947, -393.747, -159.851, 56.5947, 160, 160, 160
L -363.904, -172.42, 56.5947, -394.921, -168.98, 56.5947, 160, 160, 160
L -360.966, -142.955, 56.5947, -363.904, -172.42, 56.5947, 160, 160, 160
L -391.276, -139.568, 57.2197, -360.966, -142.955, 57.2197, 160, 160, 160
L -422.917, 289.863, 14.6259, -425.145, 289.606, 15.7360, 160, 160, 160
L -422.97, 287.776, 13.9498, -422.917, 289.863, 14.6259, 160, 160, 160
L -450.939, 289.606, 31.2700, -424.347, 289.651, 15.2555, 160, 160, 160
L -423.709, 309.856, 14.8716, -450.939, 309.856, 31.2700, 160, 160, 160
L -400.72, 288.813, 14.4436, -423.709, 309.856, 14.8716, 160, 160, 160
L -400.72, 266.506, 4.6260, -400.72, 288.813, 14.4436, 160, 160, 160
L -422.97, 288.159, 14.1323, -422.97, 260.088, 2.6259, 160, 160, 160
L -400.72, 266.185, 4.6260, -422.97, 266.153, 4.6260, 160, 160, 160
L -400.72, 266.552, 4.6260, -400.457, 259.62, 2.6259, 160, 160, 160
L -400.467, 260.597, 2.6259, -400.874, 257.852, 0.6260, 160, 160, 160
L -422.97, 260.887, 2.6259, -400.476, 260.864, 2.6259, 160, 160, 160
L -422.97, 260.887, 2.6259, -422.97, 258.32, 2.6259, 160, 160, 160
L -400.61, 257.887, 0.6260, -422.97, 257.887, 0.6260, 160, 160, 160
L -399.97, 260.646, 0.6260, -400.61, 257.887, 0.6260, 160, 160, 160
L -394.614, 254.994, 0.6260, -399.97, 260.646, 0.6260, 160, 160, 160
L -336.847, 255.261, 0.6260, -394.614, 254.994, 0.6260, 160, 160, 160
L -331.001, 261.551, 0.6260, -336.847, 255.261, 0.6260, 160, 160, 160
L -331.001, 265.259, 0.6260, -331.001, 261.551, 0.6260, 160, 160, 160
L -328.001, 268.295, 0.7376, -331.001, 264.08, 0.6260, 160, 160, 160
L -328.301, 315.599, 0.6532, -328.001, 267.296, 0.7401, 160, 160, 160
L -331.001, 315.606, 0.6260, -328.301, 315.599, 0.6532, 160, 160, 160
L -331.395, 318.78, 0.6260, -331.001, 315.606, 0.6260, 160, 160, 160
L -337.001, 324.938, 0.6260, -331.395, 318.78, 0.6260, 160, 160, 160
L -337.198, 347.475, 0.6260, -337.001, 324.938, 0.6260, 160, 160, 160
L -328.109, 365.784, 0.7144, -337.001, 347.045, 0.6260, 160, 160, 160
L -249.047, 354.889, 23.7055, -328.109, 365.784, 0.7144, 160, 160, 160
L -185.481, 368.807, 36.5576, -249.049, 354.89, 23.7049, 160, 160, 160
L -84.93, 323.022, 0.6260, -185.481, 368.807, 36.5576, 160, 160, 160
L -34.825, 345.597, 0.6260, -84.93, 323.022, 0.6260, 160, 160, 160
L -16.126, 375.513, 0.6260, -34.825, 345.597, 0.6260, 160, 160, 160
L -16.126, 443.794, 0.6260, -16.126, 375.513, 0.6260, 160, 160, 160
L -16.126, 443.794, 0.6260, 11.912, 443.794, 0.6260, 160, 160, 160
L -20.714, 292.558, 0.6260, -22.282, 292.075, 0.6260, 160, 160, 160
L 13.308, 338.458, 0.6260, 14.324, 337.996, 0.6260, 160, 160, 160
L 23.483, 306.463, 0.6260, 18.712, 304.73, 0.6260, 160, 160, 160
L 13.473, 338.208, 0.6260, 23.483, 306.463, 0.6260, 160, 160, 160
L 4.686, 336.144, 0.6260, 3.106, 335.623, 0.6260, 160, 160, 160
L 4.421, 336.056, 0.6260, 13.262, 338.566, 0.6260, 160, 160, 160
L 3.304, 335.315, 0.6260, 4.315, 336.021, 0.6260, 160, 160, 160
L 3.992, 331.798, 0.6260, 3.304, 335.315, 0.6260, 160, 160, 160
L 11.031, 334.716, 0.6260, 3.992, 331.798, 0.6260, 160, 160, 160
L 11.032, 334.694, 0.6260, 11.843, 331.9, 0.6260, 160, 160, 160
L -6.098, 329.201, 0.6260, -7.131, 333.255, 0.6260, 160, 160, 160
L -7.4, 330.555, 0.6260, -5.893, 328.74, 0.7270, 160, 160, 160
L -6.672, 295.938, 0.6260, -7.61, 299.29, 0.6260, 160, 160, 160
L 22.98, 306.132, 0.6260, -6.672, 295.938, 0.6260, 160, 160, 160
L -17.881, 328.76, 0.6260, -7.39, 298.617, 0.6260, 160, 160, 160
L -7.129, 332.272, 0.6260, -17.881, 328.76, 0.6260, 160, 160, 160
L 19.026, 308.823, 0.6260, 11.28, 333.612, 0.6260, 160, 160, 160
L -4.734, 301.103, 0.6260, 19.026, 308.823, 0.6260, 160, 160, 160
L -13.017, 326.179, 0.6260, -4.734, 301.103, 0.6260, 160, 160, 160
L -5.997, 328.628, 0.7270, -13.017, 326.179, 0.6260, 160, 160, 160
L -13.017, 326.179, 0.6260, -4.734, 301.103, 0.6260, 160, 160, 160
L -355.72, -132.481, 56.5947, -355.72, -185.238, 56.5947, 160, 160, 160
L -328.909, -86.308, 30.4689, -355.72, -132.481, 56.5947, 160, 160, 160
L -344.488, -51.59, 9.5838, -328.909, -86.308, 30.4689, 160, 160, 160
L -343.751, -6.184, 0.7342, -344.488, -51.59, 9.5838, 160, 160, 160
L -352.718, 37.789, 0.6260, -343.751, -6.184, 0.7342, 160, 160, 160
L -352.72, 90.995, 0.6260, -352.718, 37.789, 0.6260, 160, 160, 160
L -343.751, 132.874, 0.7906, -352.72, 90.995, 0.6260, 160, 160, 160
L -343.751, 173.876, 12.9200, -343.751, 132.874, 0.7906, 160, 160, 160
L -328.951, 213.628, 0.5950, -343.751, 173.876, 12.9200, 160, 160, 160
L -250.235, 267.15, 23.8244, -328.951, 213.628, 0.5950, 160, 160, 160
L -187.045, 281.278, 35.8397, -250.235, 267.15, 23.8244, 160, 160, 160
L -85.421, 272.639, 0.6260, -187.045, 281.278, 35.8397, 160, 160, 160
L -21.282, 292.906, 0.6260, -85.872, 272.614, 0.6603, 160, 160, 160
L 20.25, 292.611, 0.6260, -20.93, 292.495, 0.6260, 160, 160, 160
L 42.032, 345.159, 0.6260, 20.248, 292.606, 0.6260, 160, 160, 160
L 19.259, 374.659, 0.6260, 42.032, 345.159, 0.6260, 160, 160, 160
L 19.076, 402.112, 0.6260, 19.259, 374.659, 0.6260, 160, 160, 160
L 121.061, 402.574, 0.6260, 19.076, 402.112, 0.6260, 160, 160, 160
L 80.365, 443.794, 0.6260, 79.918, 444.303, 0.6260, 160, 160, 160
L 80.365, 443.794, 0.6260, -16.126, 443.794, 0.6260, 160, 160, 160
L 121.061, 443.255, 0.6260, 121.061, 402.575, 0.6260, 160, 160, 160
L -337.648, 346.825, 4.6260, -364.395, 346.827, 14.6259, 160, 160, 160
L -338.697, 346.825, 4.6260, -336.45, 347.192, 0.6260, 160, 160, 160
L -364.79, 346.87, 14.6259, -364.72, 372.763, 30.1470, 160, 160, 160
L -364.72, 372.763, 30.1470, -374.406, 393.825, 32.6259, 160, 160, 160
L -374.406, 393.825, 32.6259, -373.719, 414.825, 34.6259, 160, 160, 160
L -374.388, 393.825, 32.6259, -396.751, 393.825, 32.6259, 160, 160, 160
L -396.97, 414.825, 34.6259, -396.876, 394.088, 34.5790, 160, 160, 160
L -396.752, 393.825, 32.6259, -386.982, 373.296, 32.6259, 160, 160, 160
L -386.982, 373.296, 32.6259, -386.97, 347.63, 14.7454, 160, 160, 160
L -386.97, 347.63, 14.7454, -364.19, 324.606, 14.1000, 160, 160, 160
L -364.19, 324.606, 14.1000, -336.48, 323.865, 0.6260, 160, 160, 160
L -363.935, 346.692, 13.9783, -363.882, 324.606, 13.9533, 160, 160, 160
L -364.719, 372.825, 30.5170, -386.97, 372.825, 30.5170, 160, 160, 160
L -396.751, 393.825, 32.6259, -413.97, 405.208, 37.6259, 160, 160, 160
L -415.49, 404.575, 40.5947, -435.381, 403.997, 40.5947, 160, 160, 160
L -414.487, 404.575, 40.5947, -413.105, 403.9, 37.6259, 160, 160, 160
L -413.97, 405.206, 37.6259, -413.97, 425.483, 37.6259, 160, 160, 160
L -413.97, 425.483, 37.6259, -396.97, 414.825, 34.6259, 160, 160, 160
L -396.97, 414.825, 34.6259, -373.72, 414.825, 34.6259, 160, 160, 160
L -373.72, 414.825, 34.6259, -374.406, 393.825, 32.6259, 160, 160, 160
L -443.939, 398.861, 40.5947, -443.939, 432.448, 40.5947, 160, 160, 160
L -443.939, 432.448, 40.5947, -434.711, 425.857, 40.5947, 160, 160, 160
L -434.711, 425.857, 40.5947, -414.017, 425.513, 39.6820, 160, 160, 160
L -435.696, 403.812, 40.5947, -443.939, 398.862, 40.5947, 160, 160, 160
L -435.805, 403.816, 40.5947, -435.738, 403.783, 40.5947, 160, 160, 160
L -434.969, 404.245, 40.5947, -436.909, 403.08, 40.5947, 160, 160, 160
L -450.939, 309.746, 31.2700, -450.939, 289.606, 31.2700, 160, 160, 160
L -474.939, 304.439, 32.6259, -474.939, 322.602, 32.6259, 160, 160, 160
L -495.939, 322.856, 34.6259, -474.721, 322.484, 32.6259, 160, 160, 160
L -502.765, 340.856, 37.6259, -483.191, 340.856, 37.6259, 160, 160, 160
L -483.191, 340.856, 37.6259, -482.471, 340.601, 37.6259, 160, 160, 160
L -477.786, 361.825, 40.5947, -509.762, 361.825, 40.5947, 160, 160, 160
L -444.907, 398.107, 42.5947, -478.291, 361.733, 40.5947, 160, 160, 160
L -444.623, 399.253, 42.5947, -442.846, 399.518, 40.5947, 160, 160, 160
L -423.839, 373.205, 44.5947, -451.359, 341.749, 44.5947, 160, 160, 160
L -443.487, 341.606, 46.5947, -420.805, 368.238, 46.5947, 160, 160, 160
L -417.804, 363.236, 48.5947, -438.395, 338.717, 48.5947, 160, 160, 160
L -412.793, 352.259, 52.5947, -427.434, 335.696, 52.5947, 160, 160, 160
L -431.459, 337.631, 50.5947, -414.784, 356.272, 50.5947, 160, 160, 160
L -412.72, 335.606, 54.5947, -413.015, 352.702, 52.5947, 160, 160, 160
L -412.793, 352.259, 52.5947, -417.804, 363.236, 48.5947, 160, 160, 160
L -417.804, 363.236, 48.5947, -424.127, 373.548, 44.5947, 160, 160, 160
L -424.127, 373.548, 44.5947, -444.839, 398.279, 42.5947, 160, 160, 160
L -434.87, 404.303, 40.5947, -436.128, 403.887, 40.5947, 160, 160, 160
L -450.939, 309.856, 31.2700, -474.939, 322.602, 32.6259, 160, 160, 160
L -474.939, 322.602, 32.6259, -475.806, 323.447, 37.6259, 160, 160, 160
L -475.806, 323.447, 37.6259, -483.182, 340.856, 37.6259, 160, 160, 160
L -483.182, 340.856, 37.6259, -477.788, 361.825, 40.5947, 160, 160, 160
L -477.788, 361.825, 40.5947, -477.931, 361.227, 40.5947, 160, 160, 160
L -450.939, 289.606, 31.2700, -474.939, 304.439, 32.6259, 160, 160, 160
L -474.939, 304.439, 32.6259, -495.939, 304.606, 34.6259, 160, 160, 160
L -495.939, 304.606, 34.6259, -495.939, 322.856, 34.6259, 160, 160, 160
L -495.939, 322.856, 34.6259, -502.765, 340.856, 37.6259, 160, 160, 160
L -502.765, 340.856, 37.6259, -509.763, 361.825, 40.5947, 160, 160, 160
L -509.763, 361.825, 40.5947, -509.907, 398.068, 42.5947, 160, 160, 160
L -509.907, 398.068, 42.5947, -482.081, 432.794, 42.5947, 160, 160, 160
L -482.081, 432.794, 42.5947, -444.419, 432.785, 42.5947, 160, 160, 160
L -444.419, 432.785, 42.5947, -434.864, 426.096, 40.5947, 160, 160, 160
L -477.711, 362.571, 42.5947, -451.359, 341.749, 44.5947, 160, 160, 160
L -451.359, 341.749, 44.5947, -443.487, 341.606, 46.5947, 160, 160, 160
L -443.487, 341.606, 46.5947, -438.395, 338.717, 48.5947, 160, 160, 160
L -438.395, 338.717, 48.5947, -431.459, 337.631, 50.5947, 160, 160, 160
L -431.459, 337.631, 50.5947, -427.434, 335.696, 52.5947, 160, 160, 160
L -427.434, 335.696, 52.5947, -412.72, 321.136, 56.5947, 160, 160, 160
L -412.656, 335.543, 55.7087, -395.289, 335.606, 56.5947, 160, 160, 160
L -395.289, 335.606, 56.5947, -412.793, 352.259, 52.5947, 160, 160, 160
L -404.491, 327.606, 59.5947, -404.72, 311.3, 59.5947, 160, 160, 160
L -404.72, 311.3, 59.5947, -412.72, 321.136, 56.5947, 160, 160, 160
L -386.331, 327.606, 59.5947, -405.282, 327.656, 59.5947, 160, 160, 160
L -395.289, 335.606, 56.5947, -386.331, 327.606, 59.5947, 160, 160, 160
L -386.331, 327.606, 59.5947, -373.304, 315.606, 61.5947, 160, 160, 160
L -373.304, 315.606, 61.5947, -390.476, 315.606, 61.5947, 160, 160, 160
L -391.72, 297.186, 61.5947, -389.904, 315.606, 61.5947, 160, 160, 160
L -404.72, 311.3, 59.5947, -391.72, 297.186, 61.5947, 160, 160, 160
L -385.22, 264.637, 63.5947, -390.97, 270.531, 63.5947, 160, 160, 160
L -390.97, 270.531, 63.5947, -391.72, 297.186, 61.5947, 160, 160, 160
L -364.976, 289.198, 63.5947, -365.128, 293.538, 63.5947, 160, 160, 160
L -365.128, 293.538, 63.5947, -369.467, 293.586, 63.5947, 160, 160, 160
L -369.467, 293.586, 63.5947, -369.307, 293.606, 63.5947, 160, 160, 160
L -369.689, 293.883, 63.5947, -369.668, 289.012, 63.5947, 160, 160, 160
L -369.428, 288.865, 63.5947, -365.164, 288.903, 63.5947, 160, 160, 160
L -340.751, 309.076, 63.5947, -340.751, 270.952, 63.5947, 160, 160, 160
L -346.802, 264.637, 63.5947, -385.243, 264.655, 63.5947, 160, 160, 160
L -373.248, 315.554, 62.6901, -346.804, 314.856, 63.5947, 160, 160, 160
L -346.804, 314.856, 63.5947, -340.751, 309.076, 63.5947, 160, 160, 160
L -412.72, 335.606, 54.5947, -428.275, 335.769, 52.5947, 160, 160, 160
L -412.72, 321.136, 56.5947, -412.72, 335.606, 54.5947, 160, 160, 160
L -501.939, -86.308, 30.4689, -522.671, -128.197, 56.3896, 160, 160, 160
L -522.671, -128.197, 56.3896, -544.209, -186.022, 56.2190, 160, 160, 160
L -544.209, -186.022, 56.2190, -612.806, -248.652, 30.5884, 160, 160, 160
L -483.916, -393.907, 0.6260, -454.712, -383.053, 0.6260, 160, 160, 160
L -454.712, -383.053, 0.6260, -464.99, -355.082, 0.6260, 160, 160, 160
L -464.99, -355.082, 0.6260, -494.266, -366.313, 0.6260, 160, 160, 160
L -494.266, -366.313, 0.6260, -491.264, -374.076, 0.6260, 160, 160, 160
L -491.264, -374.076, 0.6260, -495.218, -376.426, 0.6260, 160, 160, 160
L -495.218, -376.426, 0.6260, -499.7, -363.936, 0.6260, 160, 160, 160
L -499.7, -363.936, 0.6260, -462.448, -349.527, 0.6260, 160, 160, 160
L -462.448, -349.527, 0.6260, -449.029, -385.071, 0.6260, 160, 160, 160
L -449.029, -385.071, 0.6260, -487.611, -399.451, 0.6260, 160, 160, 160
L -487.611, -399.451, 0.6260, -491.209, -387.064, 0.6260, 160, 160, 160
L -491.277, -387.019, 0.6260, -486.678, -385.631, 0.6260, 160, 160, 160
L -486.678, -385.631, 0.6260, -483.916, -393.908, 0.6260, 160, 160, 160
L -514.909, -445.672, 1.8922, -492.285, -460.789, 3.3170, 160, 160, 160
L -492.285, -460.789, 3.3170, -470.15, -427.129, 0.6260, 160, 160, 160
L -470.15, -427.129, 0.6260, -495.702, -410.065, 0.6260, 160, 160, 160
L -495.702, -410.065, 0.6260, -500.832, -417.949, 0.6260, 160, 160, 160
L -500.832, -417.949, 0.6260, -504.924, -414.901, 0.6260, 160, 160, 160
L -504.924, -414.901, 0.6260, -497.167, -404.056, 0.6260, 160, 160, 160
L -497.167, -404.056, 0.6260, -463.707, -425.8, 0.6260, 160, 160, 160
L -463.707, -425.8, 0.6260, -488.933, -463.862, 3.8935, 160, 160, 160
L -488.933, -463.862, 3.8935, -488.648, -464.215, 3.9597, 160, 160, 160
L -488.648, -464.215, 3.9597, -491.089, -466.414, 4.3722, 160, 160, 160
L -491.089, -466.414, 4.3722, -524.088, -444.066, 0.6260, 160, 160, 160
L -524.088, -444.066, 0.6260, -511.32, -425.256, 0.6260, 160, 160, 160
L -511.32, -425.256, 0.6260, -507.049, -427.891, 0.6260, 160, 160, 160
L -507.049, -427.891, 0.6260, -514.965, -438.574, 1.3065, 160, 160, 160
L -515.256, -444.972, 0.6260, -511.169, -448.171, 0.9504, 160, 160, 160
L -511.169, -448.171, 0.9504, -507.724, -447.313, 0.6817, 160, 160, 160
L -507.724, -447.313, 0.6817, -505.908, -440.368, 0.6260, 160, 160, 160
L -505.908, -440.368, 0.6260, -508.205, -435.892, 0.6260, 160, 160, 160
L -508.205, -435.892, 0.6260, -514.959, -438.566, 1.3027, 160, 160, 160
L -613.239, -248.44, 30.6828, -631.036, -248.932, 30.3761, 160, 160, 160
L -631.036, -248.932, 30.3761, -658.46, -296.894, 0.6260, 160, 160, 160
L -613.626, -296.894, 0.6260, -669.271, -296.892, 0.6260, 160, 160, 160
L -668.858, -296.894, 0.6260, -703.849, -287.577, 0.6260, 160, 160, 160
L -703.849, -287.577, 0.6260, -704.438, -243.555, 0.6260, 160, 160, 160
L -704.438, -243.555, 0.6260, -661.626, -212.357, 0.6260, 160, 160, 160
L -661.626, -212.357, 0.6260, -661.626, -177.013, 0.6260, 160, 160, 160
L -661.626, -177.013, 0.6260, -691.398, -137.964, 0.6260, 160, 160, 160
L -691.398, -137.964, 0.6260, -692.186, -130.364, 0.6260, 160, 160, 160
L -692.186, -130.364, 0.6260, -681.602, -104.551, 0.6260, 160, 160, 160
L -681.602, -104.551, 0.6260, -638.625, -55.47, 0.6260, 160, 160, 160
L -638.625, -55.47, 0.6260, -637.628, 63.099, 0.6260, 160, 160, 160
L -660.825, -367.858, 0.6260, -657.916, -329.246, 0.6260, 160, 160, 160
L -657.908, -329.367, 0.6260, -664.443, -329.144, 0.6260, 160, 160, 160
L -664.467, -329.078, 0.6260, -669.26, -329.097, 0.6260, 160, 160, 160
L -669.26, -329.097, 0.6260, -703.059, -315.156, 0.6260, 160, 160, 160
L -703.059, -315.156, 0.6260, -731.962, -288.18, 0.6260, 160, 160, 160
L -731.962, -288.18, 0.6260, -732.845, -242.854, 0.6260, 160, 160, 160
L -732.845, -242.854, 0.6260, -768.953, -212.259, 0.6260, 160, 160, 160
L -768.953, -212.259, 0.6260, -777.814, -212.175, 0.6260, 160, 160, 160
L -777.814, -212.175, 0.6260, -777.814, -176.956, 0.6260, 160, 160, 160
L -777.814, -176.956, 0.6260, -769.39, -176.956, 0.6260, 160, 160, 160
L -769.24, -176.956, 0.6260, -733.152, -138.061, 0.6260, 160, 160, 160
L -733.152, -138.061, 0.6260, -732.735, -130.398, 0.6260, 160, 160, 160
L -732.735, -130.398, 0.6260, -722.356, -104.44, 0.6260, 160, 160, 160
L -722.356, -104.44, 0.6260, -681.022, -55.96, 0.6260, 160, 160, 160
L -681.022, -55.96, 0.6260, -680.912, 37.539, 0.6260, 160, 160, 160
L -777.31, 37.7, 0.6260, -730.948, 85.95, 0.6260, 160, 160, 160
L -730.948, 85.95, 0.6260, -681.913, 85.95, 0.6260, 160, 160, 160
L -681.913, 85.95, 0.6260, -637.628, 63.099, 0.6260, 160, 160, 160
L -637.629, 62.94, 0.6260, -637.708, 60.805, 0.6260, 160, 160, 160
L -680.845, 38.048, 0.6260, -731.332, 37.7, 0.6260, 160, 160, 160
L -732.091, 37.7, 0.6260, -732.425, -43.269, 26.5240, 160, 160, 160
L -777.31, 37.7, 0.6260, -777.814, -43.269, 26.5240, 160, 160, 160
L -777.814, -90.86, 28.6260, -732.43, -43.269, 26.5240, 160, 160, 160
L -809.814, -44.019, 32.6259, -778.908, -44.019, 32.6259, 160, 160, 160
L -777.715, -44.066, 28.6260, -785.829, -44.019, 32.6259, 160, 160, 160
L -809.814, -91.238, 32.6259, -777.962, -90.846, 31.8298, 160, 160, 160
L -810.633, -91.215, 35.6259, -849.188, -147.908, 35.6259, 160, 160, 160
L -849.188, -147.908, 35.6259, -848.813, -154.356, 35.6259, 160, 160, 160
L -848.813, -154.356, 35.6259, -764.646, -259.58, 35.6259, 160, 160, 160
L -809.814, -44.019, 32.6259, -862.295, 8.961, 35.6259, 160, 160, 160
L -862.295, 8.961, 35.6259, -862.813, 15.994, 35.6259, 160, 160, 160
L -862.813, 15.994, 35.6259, -884.94, 16.781, 35.6259, 160, 160, 160
L -884.94, 16.781, 35.6259, -885.324, 11.215, 35.6259, 160, 160, 160
L -885.324, 11.215, 35.6259, -887.129, 10.473, 35.6259, 160, 160, 160
L -887.129, 10.473, 35.6259, -889.782, 11.522, 35.6259, 160, 160, 160
L -889.782, 11.522, 35.6259, -890.029, 9.84, 35.6259, 160, 160, 160
L -890.029, 9.84, 35.6259, -937.751, -44.454, 35.6259, 160, 160, 160
L -937.751, -44.454, 35.6259, -937.39, -91.969, 35.6259, 160, 160, 160
L -937.39, -91.969, 35.6259, -895.95, -147.233, 35.6259, 160, 160, 160
L -895.95, -147.233, 35.6259, -895.147, -155.634, 35.6259, 160, 160, 160
L -895.147, -155.634, 35.6259, -837.474, -259.837, 35.6259, 160, 160, 160
L -837.474, -259.837, 35.6259, -811.292, -295.485, 35.6259, 160, 160, 160
L -811.292, -295.485, 35.6259, -763.934, -345.37, 35.6259, 160, 160, 160
L -763.934, -345.37, 35.6259, -727.31, -359.942, 35.6261, 160, 160, 160
L -727.307, -329.966, 35.6291, -765.012, -295.61, 35.6259, 160, 160, 160
L -765.007, -295.613, 35.6259, -764.657, -259.565, 35.6259, 160, 160, 160
L -766.138, -258.432, 35.6259, -765.125, -261.665, 35.6259, 160, 160, 160
L -727.306, -359.942, 35.6261, -689.755, -368.113, 36.6259, 160, 160, 160
L -689.755, -368.113, 36.6259, -679.022, -368.169, 36.6259, 160, 160, 160
L -679.022, -368.169, 36.6259, -678.853, -413.587, 36.6259, 160, 160, 160
L -676.968, -479.081, 36.9894, -658.863, -479.081, 36.6259, 160, 160, 160
L -658.488, -479.081, 36.6259, -658.632, -446.43, 36.6259, 160, 160, 160
L -658.632, -446.43, 36.6259, -661.639, -413.59, 36.6259, 160, 160, 160
L -661.639, -413.59, 36.6259, -661.343, -369.855, 36.6259, 160, 160, 160
L -661.343, -369.855, 36.6259, -658.38, -328.421, 36.6259, 160, 160, 160
L -658.38, -328.421, 36.6259, -658.682, -296.987, 36.6259, 160, 160, 160
L -678.845, -296.893, 36.9893, -658.427, -296.894, 36.6259, 160, 160, 160
L -678.845, -296.893, 36.9893, -678.766, -329.877, 36.6259, 160, 160, 160
L -678.766, -329.877, 36.6259, -727.316, -329.896, 35.6259, 160, 160, 160
L -678.845, -413.904, 36.6259, -690.301, -413.885, 36.6259, 160, 160, 160
L -690.301, -413.885, 36.6259, -726.023, -420.831, 36.6259, 160, 160, 160
L -726.023, -420.831, 36.6259, -762.33, -420.097, 35.6259, 160, 160, 160
L -762.33, -420.097, 35.6259, -819.782, -468.629, 35.6259, 160, 160, 160
L -819.782, -468.629, 35.6259, -819.841, -509.228, 35.6259, 160, 160, 160
L -819.841, -509.228, 35.6259, -859.797, -556.229, 35.6259, 160, 160, 160
L -859.797, -556.229, 35.6259, -860.779, -610.221, 35.6259, 160, 160, 160
L -860.779, -610.221, 35.6259, -892.99, -677.249, 35.6259, 160, 160, 160
L -892.99, -677.249, 35.6259, -964.941, -661.815, 76.1380, 160, 160, 160
L -964.941, -661.815, 76.1380, -1019.438, -658.959, 76.5947, 160, 160, 160
L -1019.438, -658.959, 76.5947, -1012.255, -641.023, 76.5947, 160, 160, 160
L -1012.255, -641.023, 76.5947, -975.962, -604.795, 76.5947, 160, 160, 160
L -975.962, -604.795, 76.5947, -959.334, -590.319, 76.5947, 160, 160, 160
L -959.334, -590.319, 76.5947, -958.501, -563.596, 76.5947, 160, 160, 160
L -958.501, -563.596, 76.5947, -973.266, -550.8, 76.5947, 160, 160, 160
L -973.266, -550.8, 76.5947, -1009.054, -550.885, 76.5947, 160, 160, 160
L -1009.054, -550.885, 76.5947, -1023.921, -564.496, 76.5947, 160, 160, 160
L -1023.921, -564.496, 76.5947, -1039.792, -564.25, 76.5947, 160, 160, 160
L -1039.792, -564.25, 76.5947, -1039.47, -548.307, 76.5947, 160, 160, 160
L -1039.47, -548.307, 76.5947, -1033.141, -548.05, 76.5947, 160, 160, 160
L -1033.141, -548.05, 76.5947, -960.934, -529.854, 76.5947, 160, 160, 160
L -960.934, -529.854, 76.5947, -883.803, -506.262, 76.5947, 160, 160, 160
L -883.803, -506.262, 76.5947, -863.1, -464.425, 76.5947, 160, 160, 160
L -893.397, -715.014, 35.7835, -964.751, -723.938, 75.9068, 160, 160, 160
L -964.322, -723.884, 75.6658, -1017.867, -689.06, 76.5947, 160, 160, 160
L -1017.867, -689.06, 76.5947, -1047.72, -659.176, 76.5947, 160, 160, 160
L -1047.72, -659.176, 76.5947, -1047.633, -632.516, 76.5947, 160, 160, 160
L -1047.633, -632.516, 76.5947, -1011.7, -605.827, 76.5947, 160, 160, 160
L -1011.7, -605.827, 76.5947, -1023.96, -590.075, 76.5947, 160, 160, 160
L -1023.96, -590.075, 76.5947, -1039.338, -608.019, 76.5947, 160, 160, 160
L -1039.338, -608.019, 76.5947, -1083.939, -608.019, 76.5947, 160, 160, 160
L -1104.043, -592.967, 76.5947, -1098.783, -593.374, 76.5947, 160, 160, 160
L -1098.783, -593.374, 76.5947, -1094.78, -590.286, 76.5947, 160, 160, 160
L -1094.78, -590.286, 76.5947, -1096.314, -583.841, 76.5947, 160, 160, 160
L -1096.314, -583.841, 76.5947, -1100.161, -580.919, 76.5947, 160, 160, 160
L -1100.161, -580.919, 76.5947, -1105.457, -583.008, 76.5947, 160, 160, 160
L -1105.457, -583.008, 76.5947, -1107.695, -590.065, 76.5947, 160, 160, 160
L -1107.695, -590.065, 76.5947, -1107.602, -548.519, 76.5947, 160, 160, 160
L -1107.602, -548.519, 76.5947, -1083.964, -527.836, 76.5947, 160, 160, 160
L -1083.964, -527.836, 76.5947, -1033.075, -527.8, 76.5947, 160, 160, 160
L -1033.075, -527.8, 76.5947, -960.736, -504.412, 76.5947, 160, 160, 160
L -960.736, -504.412, 76.5947, -897.748, -488.538, 76.5947, 160, 160, 160
L -897.748, -488.538, 76.5947, -885.652, -464.383, 76.5947, 160, 160, 160
L -885.652, -464.383, 76.5947, -910.791, -455.227, 76.5947, 160, 160, 160
L -910.791, -455.227, 76.5947, -961.139, -467.074, 76.5947, 160, 160, 160
L -862.848, -464.375, 76.5947, -832.442, -455.147, 76.5947, 160, 160, 160
L -832.442, -455.147, 76.5947, -822.686, -429.896, 76.5947, 160, 160, 160
L -822.686, -429.896, 76.5947, -811.031, -409.463, 76.5947, 160, 160, 160
L -893.195, -714.989, 35.6702, -860.948, -766.956, 35.6259, 160, 160, 160
L -860.948, -766.956, 35.6259, -821.36, -766.956, 35.6259, 160, 160, 160
L -821.36, -766.956, 35.6259, -787.435, -715.068, 35.6259, 160, 160, 160
L -787.435, -715.068, 35.6259, -778.854, -715.028, 34.7002, 160, 160, 160
L -778.854, -715.028, 34.7002, -768.814, -729.296, 28.5476, 160, 160, 160
L -768.814, -729.296, 28.5476, -768.814, -782.21, 16.8436, 160, 160, 160
L -768.814, -782.21, 16.8436, -729.845, -835.925, 12.6259, 160, 160, 160
L -729.845, -835.925, 12.6259, -691.338, -835.887, 12.6259, 160, 160, 160
L -691.338, -835.887, 12.6259, -637.626, -781.098, 7.6260, 160, 160, 160
L -637.626, -781.098, 7.6260, -637.626, -722.563, 7.6260, 160, 160, 160
L -637.626, -722.563, 7.6260, -691.744, -685.987, 0.6260, 160, 160, 160
L -691.744, -685.987, 0.6260, -701.607, -657.323, 0.6260, 160, 160, 160
L -701.607, -657.323, 0.6260, -703.366, -649.304, 0.6260, 160, 160, 160
L -703.366, -649.304, 0.6260, -670.438, -603.273, 0.6260, 160, 160, 160
L -768.456, -782.982, 15.6259, -729.845, -782.987, 12.6259, 160, 160, 160
L -690.845, -835.395, 10.6259, -690.845, -783.57, 10.6259, 160, 160, 160
L -638.488, -721.987, 4.6260, -691.055, -721.987, 4.6260, 160, 160, 160
L -691.055, -721.987, 4.6260, -691.744, -685.987, 0.6260, 160, 160, 160
L -690.845, -781.956, 7.6260, -637.626, -781.956, 7.6260, 160, 160, 160
L -729.845, -782.969, 12.6259, -729.845, -835.925, 12.6259, 160, 160, 160
L -731.438, -729.299, 28.5475, -768.814, -729.286, 28.5478, 160, 160, 160
L -768.814, -729.286, 28.5478, -768.814, -729.299, 28.5475, 160, 160, 160
L -731.492, -725.562, 28.5475, -730.721, -782.987, 15.6259, 160, 160, 160
L -730.721, -782.987, 15.6259, -690.845, -782.613, 10.6259, 160, 160, 160
L -690.845, -782.613, 10.6259, -691.055, -721.987, 4.6260, 160, 160, 160
L -691.055, -721.987, 4.6260, -723.998, -685.987, 0.6260, 160, 160, 160
L -723.998, -685.987, 0.6260, -740.027, -655.866, 0.6260, 160, 160, 160
L -253.768, -588.128, 56.5247, -170.252, -491.804, 25.6260, 160, 160, 160
L -170.252, -491.804, 25.6260, -144.719, -480.055, 25.6260, 160, 160, 160
L -144.719, -480.055, 25.6260, -84.066, -426.578, 0.6260, 160, 160, 160
L -84.066, -426.578, 0.6260, -85.346, -413.638, 0.6260, 160, 160, 160
L -85.346, -413.638, 0.6260, -96.095, -396.374, 0.6260, 160, 160, 160
L -96.095, -396.374, 0.6260, -96.095, -361.805, 0.6260, 160, 160, 160
L -96.095, -361.805, 0.6260, -69.015, -341.181, 0.6260, 160, 160, 160
L -69.015, -341.181, 0.6260, -69.111, -336.41, 0.6260, 160, 160, 160
L -69.111, -336.41, 0.6260, -106.306, -336.14, 0.6260, 160, 160, 160
L -106.306, -336.14, 0.6260, -134.064, -305.375, 0.6260, 160, 160, 160
L -134.064, -305.375, 0.6260, -134.064, -277.546, 0.6260, 160, 160, 160
L -134.064, -277.546, 0.6260, -142.813, -269.175, -14.3740, 160, 160, 160
L -142.813, -269.175, -14.3740, -166.064, -269.175, -14.3740, 160, 160, 160
L -184.212, -245.925, -13.9276, -142.814, -245.925, -14.3740, 160, 160, 160
L -166.064, -269.175, -14.3740, -166.023, -246.407, -14.3740, 160, 160, 160
L -142.814, -269.175, -14.3740, -142.814, -245.925, -14.3740, 160, 160, 160
L -142.814, -245.925, -14.3740, -106.294, -243.925, 0.6260, 160, 160, 160
L -106.294, -243.925, 0.6260, -89.978, -243.436, 0.6260, 160, 160, 160
L -89.978, -243.436, 0.6260, -84.408, -223.149, 0.6260, 160, 160, 160
L -84.408, -223.149, 0.6260, -104.315, -223.175, 0.6260, 160, 160, 160
L -104.315, -223.175, 0.6260, -124.064, -203.395, 0.6260, 160, 160, 160
L -124.064, -203.395, 0.6260, -124.064, -180.182, 0.6260, 160, 160, 160
L -124.064, -180.182, 0.6260, -104.304, -157.956, 0.6260, 160, 160, 160
L -104.304, -157.956, 0.6260, -88.106, -157.672, 0.6260, 160, 160, 160
L -48.833, -243.925, 0.6263, -62.825, -243.672, 0.6260, 160, 160, 160
L -62.825, -243.672, 0.6260, -66.813, -224.381, 0.6260, 160, 160, 160
L -66.813, -224.381, 0.6260, -74.718, -203.939, 0.6260, 160, 160, 160
L -74.718, -203.939, 0.6260, -104.723, -203.826, 0.6260, 160, 160, 160
L -104.723, -203.826, 0.6260, -104.432, -179.206, 0.6260, 160, 160, 160
L -104.432, -179.206, 0.6260, -88.648, -179.206, 0.6260, 160, 160, 160
L -88.648, -179.206, 0.6260, -70.845, -157.447, 0.5806, 160, 160, 160
L -48.833, -243.925, 0.6261, -48.833, -277.175, 0.6260, 160, 160, 160
L -48.833, -277.175, 0.6260, -106.734, -277.283, 0.6260, 160, 160, 160
L -106.734, -277.283, 0.6260, -106.363, -305.942, 0.6260, 160, 160, 160
L -106.363, -305.942, 0.6260, -69.64, -305.894, 0.6260, 160, 160, 160
L -69.64, -305.894, 0.6260, -42.845, -336.659, 0.6260, 160, 160, 160
L -42.845, -336.659, 0.6260, -42.832, -341.616, 0.6260, 160, 160, 160
L -42.845, -341.169, 0.6260, -14.978, -361.608, 0.6260, 160, 160, 160
L -14.978, -361.608, 0.6260, 49.877, -361.587, 0.6260, 160, 160, 160
L 49.877, -361.587, 0.6260, 69.833, -306.627, 0.6260, 160, 160, 160
L 69.833, -306.627, 0.6260, 93.86, -259.212, 0.6260, 160, 160, 160
L -184.283, -245.925, -13.9276, -208.23, -269.175, 0.6260, 160, 160, 160
L -154.814, -203.442, -26.3739, -169.811, -227.412, -14.3638, 160, 160, 160
L -169.811, -227.412, -14.3638, -185.081, -245.109, 0.3074, 160, 160, 160
L -184.451, -244.822, 0.7010, -184.292, -245.933, -13.9224, 160, 160, 160
L -166.064, -269.175, -14.3740, -208.498, -269.181, 0.6838, 160, 160, 160
L -208.498, -269.181, 0.6838, -229.071, -277.995, 10.1744, 160, 160, 160
L -229.071, -277.995, 10.1744, -266.282, -320.144, 9.7247, 160, 160, 160
L -266.282, -320.144, 9.7247, -334.753, -320.527, 48.5994, 160, 160, 160
L -334.753, -320.527, 48.5994, -334.751, -362.221, 56.7644, 160, 160, 160
L -334.751, -362.221, 56.7644, -334.751, -392.248, 57.5947, 160, 160, 160
L -334.751, -392.248, 57.5947, -372.97, -409.901, 57.5947, 160, 160, 160
L -372.97, -409.901, 57.5947, -372.97, -362.221, 56.7644, 160, 160, 160
L -372.97, -362.221, 56.7644, -372.947, -320.492, 48.5947, 160, 160, 160
L -372.97, -362.221, 56.7644, -421.458, -329.894, 59.5947, 160, 160, 160
L -421.458, -329.894, 59.5947, -433.165, -329.894, 59.5947, 160, 160, 160
L -433.165, -329.894, 59.5947, -441.82, -368.384, 59.5947, 160, 160, 160
L -441.82, -368.384, 59.5947, -441.798, -413.1, 59.5947, 160, 160, 160
L -441.798, -413.1, 59.5947, -430.083, -445.851, 59.5947, 160, 160, 160
L -430.083, -445.851, 59.5947, -421.398, -440.078, 59.5947, 160, 160, 160
L -421.398, -440.078, 59.5947, -412.154, -436.868, 59.5947, 160, 160, 160
L -412.154, -436.868, 59.5947, -372.831, -409.924, 57.5947, 160, 160, 160
L -372.956, -320.523, 48.5985, -361.062, -278.925, 48.5947, 160, 160, 160
L -361.062, -278.925, 48.5947, -334.7, -278.925, 48.5947, 160, 160, 160
L -334.7, -278.925, 48.5947, -334.751, -320.516, 48.5972, 160, 160, 160
L -334.697, -278.925, 48.5947, -264.958, -279.665, 9.6259, 160, 160, 160
L -264.958, -279.665, 9.6259, -229.288, -239.974, 10.2744, 160, 160, 160
L -229.288, -239.974, 10.2744, -207.65, -245.324, 0.4851, 160, 160, 160
L -207.65, -245.324, 0.4851, -229.227, -227.166, -14.5475, 160, 160, 160
L -229.227, -227.166, -14.5475, -247.032, -203.425, -26.3739, 160, 160, 160
L -247.032, -203.425, -26.3739, -246.877, -176.266, -26.1487, 160, 160, 160
L -246.877, -176.266, -26.1487, -240.662, -161.212, -17.1812, 160, 160, 160
L -240.662, -161.212, -17.1812, -231.988, -149.482, -11.3740, 160, 160, 160
L -231.988, -149.482, -11.3740, -235.903, -140.408, -12.9680, 160, 160, 160
L -235.903, -140.408, -12.9680, -256.303, -140.206, -29.3739, 160, 160, 160
L -236.312, -140.206, -29.3739, -244.889, -132.036, -29.3739, 160, 160, 160
L -244.889, -132.036, -29.3739, -262.767, -120.106, -29.3739, 160, 160, 160
L -253.928, -59.988, -28.7189, -289.715, -59.861, -35.5076, 160, 160, 160
L -289.715, -59.861, -35.5076, -337.946, -30.019, -56.3427, 160, 160, 160
L -337.946, -30.019, -56.3427, -425.66, -30.019, -56.4872, 160, 160, 160
L -425.66, -30.019, -56.4872, -565.097, -30.019, -35.3740, 160, 160, 160
L -565.097, -30.019, -35.3740, -603.876, -82.619, -36.5400, 160, 160, 160
L -603.876, -82.619, -36.5400, -603.933, -226.457, -86.3426, 160, 160, 160
L -603.933, -226.457, -86.3426, -604.935, -259.449, -86.3426, 160, 160, 160
L -604.935, -259.449, -86.3426, -764.881, -259.961, -65.3426, 160, 160, 160
L -764.881, -259.961, -65.3426, -764.423, -259.413, -65.3426, 160, 160, 160
L -660.885, -368.567, 0.6260, -745.942, -372.85, -35.2394, 160, 160, 160
L -745.942, -372.85, -35.2394, -764.373, -376.853, -41.3297, 160, 160, 160
L -764.373, -376.853, -41.3297, -765.125, -340.3, -53.1159, 160, 160, 160
L -765.125, -340.3, -53.1159, -763.427, -300.541, -65.8837, 160, 160, 160
L -763.427, -300.541, -65.8837, -653.073, -301.144, -74.3824, 160, 160, 160
L -653.073, -301.144, -74.3824, -605.409, -301.144, -86.2985, 160, 160, 160
L -605.409, -301.144, -86.2985, -563.667, -258.407, -86.3426, 160, 160, 160
L -563.667, -258.407, -86.3426, -565.657, -224.366, -86.1598, 160, 160, 160
L -565.657, -224.366, -86.1598, -565.283, -80.238, -35.3740, 160, 160, 160
L -565.283, -80.238, -35.3740, -425.026, -80.238, -56.6852, 160, 160, 160
L -425.026, -80.238, -56.6852, -337.029, -71.325, -56.1766, 160, 160, 160
L -337.029, -71.325, -56.1766, -288.661, -87.264, -35.2370, 160, 160, 160
L -288.661, -87.264, -35.2370, -289.001, -119.238, -34.9789, 160, 160, 160
L -289.001, -119.238, -34.9789, -262.782, -119.557, -29.3842, 160, 160, 160
L -289.001, -119.237, -34.9789, -256.303, -140.206, -29.3739, 160, 160, 160
L -256.303, -140.206, -29.3739, -236.312, -140.206, -29.3739, 160, 160, 160
L -236.312, -140.206, -29.3739, -244.959, -131.664, -29.3739, 160, 160, 160
L -253.928, -59.988, -28.7189, -262.619, -86.061, -30.3485, 160, 160, 160
L -262.619, -86.061, -30.3485, -262.782, -104.276, -30.3792, 160, 160, 160
L -262.784, -104.276, -30.3795, -263.318, -120.171, -29.3739, 160, 160, 160
L -253.928, -59.988, -28.7189, -235.038, -48.115, 6.6260, 160, 160, 160
L -235.038, -48.115, 6.6260, -240.92, -32.852, 11.8434, 160, 160, 160
L -240.92, -32.852, 11.8434, -241.032, -14.929, 18.6155, 160, 160, 160
L -241.032, -14.929, 18.6155, -253.032, 6.597, 27.7434, 160, 160, 160
L -253.032, 6.597, 27.7434, -253.156, 30.753, 36.8350, 160, 160, 160
L -253.156, 30.753, 36.8350, -263.314, 54.726, 48.6933, 160, 160, 160
L -286.071, 54.7, 59.7177, -286.071, 83.95, 59.7177, 160, 160, 160
L -286.071, 83.95, 59.7177, -261.793, 83.769, 48.5947, 160, 160, 160
L -261.793, 83.769, 48.5947, -229.778, 75.037, 48.5947, 160, 160, 160
L -286.071, 83.95, 59.7177, -322.399, 83.951, 60.5947, 160, 160, 160
L -322.399, 83.951, 60.5947, -328.72, 90.176, 60.4671, 160, 160, 160
L -328.72, 90.176, 60.4671, -328.751, 212.637, 60.5538, 160, 160, 160
L -328.751, 212.637, 60.5538, -343.053, 177.301, 60.5947, 160, 160, 160
L -343.053, 177.301, 60.5947, -343.295, 132.971, 57.1478, 160, 160, 160
L -343.295, 132.971, 57.1478, -352.016, 91.052, 51.6813, 160, 160, 160
L -352.016, 91.052, 51.6813, -351.697, 38.846, 51.6520, 160, 160, 160
L -351.697, 38.846, 51.6520, -343.646, -5.427, 56.8173, 160, 160, 160
L -343.646, -5.427, 56.8173, -343.069, -50.517, 60.5878, 160, 160, 160
L -343.069, -50.517, 60.5878, -328.751, -85.17, 60.5947, 160, 160, 160
L -328.751, -85.17, 60.5947, -328.751, -48.298, 60.4172, 160, 160, 160
L -328.751, -48.298, 60.4172, -328.751, 38.95, 51.6398, 160, 160, 160
L -328.751, 38.95, 51.6398, -350.261, 39.093, 51.6231, 160, 160, 160
L -328.751, 38.95, 51.6398, -323.252, 48.642, 60.5947, 160, 160, 160
L -323.252, 48.642, 60.5947, -309.235, 48.997, 60.5947, 160, 160, 160
L -309.235, 48.997, 60.5947, -286.071, 54.7, 59.7177, 160, 160, 160
L -286.071, 54.7, 59.7177, -263.481, 54.7, 49.1152, 160, 160, 160
L -262.95, 54.7, 48.8659, -258.74, 45.626, 44.2940, 160, 160, 160
L -230.217, 75.157, 48.5947, -202.31, 89.95, 27.6260, 160, 160, 160
L -202.31, 89.95, 27.6260, -196.612, 89.95, 27.6260, 160, 160, 160
L -196.612, 89.95, 27.6260, -196.31, 54.687, 27.5917, 160, 160, 160
L -196.31, 54.687, 27.5917, -229.891, 54.178, 48.4923, 160, 160, 160
L -229.891, 54.178, 48.4923, -220.948, 30.728, 36.8230, 160, 160, 160
L -220.948, 30.728, 36.8230, -253.147, 30.734, 36.8260, 160, 160, 160
L -220.948, 30.731, 36.8247, -220.743, 6.143, 27.8897, 160, 160, 160
L -220.743, 6.143, 27.8897, -215.061, -15.398, 18.1428, 160, 160, 160
L -215.061, -15.398, 18.1428, -208.374, -33.438, 11.6364, 160, 160, 160
L -208.374, -33.438, 11.6364, -199.225, -48.329, 6.6260, 160, 160, 160
L -199.225, -48.329, 6.6260, -178.73, -59.879, 6.4173, 160, 160, 160
L -178.73, -59.879, 6.4173, -166.814, -86.864, -11.9639, 160, 160, 160
L -166.814, -86.864, -11.9639, -166.814, -104.457, -29.1599, 160, 160, 160
L -166.814, -104.457, -29.1599, -181.972, -119.558, -26.7900, 160, 160, 160
L -181.972, -119.558, -26.7900, -196.945, -132.039, -19.3247, 160, 160, 160
L -196.945, -132.039, -19.3247, -196.76, -141.083, -11.3740, 160, 160, 160
L -196.76, -141.083, -11.3740, -187.076, -150.157, -11.9130, 160, 160, 160
L -187.076, -150.157, -11.9130, -160.729, -161.865, -17.1483, 160, 160, 160
L -160.729, -161.865, -17.1483, -154.814, -176.86, -26.3739, 160, 160, 160
L -154.814, -176.86, -26.3739, -155.123, -203.937, -26.1617, 160, 160, 160
L -48.834, -277.175, 0.6260, -46.451, -270.173, 1.6259, 160, 160, 160
L -46.451, -270.173, 1.6259, -43.967, -270.374, 1.6259, 160, 160, 160
L -43.967, -270.374, 1.6259, -23.851, -304.151, 0.6260, 160, 160, 160
L -23.851, -304.151, 0.6260, -6.245, -349.144, 1.3090, 160, 160, 160
L -6.245, -349.144, 1.3090, -5.619, -332.954, 0.6260, 160, 160, 160
L -5.619, -332.954, 0.6260, 9.921, -333.583, 0.6260, 160, 160, 160
L 9.921, -333.583, 0.6260, 9.33, -349.144, 1.1405, 160, 160, 160
L 9.33, -349.144, 1.1405, 18.199, -340.124, 0.6260, 160, 160, 160
L 18.199, -340.124, 0.6260, 33.285, -335.193, 0.6260, 160, 160, 160
L 33.285, -335.193, 0.6260, 51.195, -315.235, 0.6260, 160, 160, 160
L 51.195, -315.235, 0.6260, 62.374, -295.279, 0.6260, 160, 160, 160
L 62.374, -295.279, 0.6260, 71.654, -276.307, 0.6260, 160, 160, 160
L 71.654, -276.307, 0.6260, 61.025, -287.598, 0.6260, 160, 160, 160
L 61.025, -287.598, 0.6260, 50.7, -293.894, 1.2903, 160, 160, 160
L 50.7, -293.894, 1.2903, 38.384, -293.894, 0.8753, 160, 160, 160
L 38.384, -293.894, 0.8753, 16.833, -303.882, 0.6262, 160, 160, 160
L 16.833, -303.882, 0.6262, -23.96, -303.874, 0.6516, 160, 160, 160
L 51.452, -309.509, 0.7814, 51.472, -293.894, 0.8058, 160, 160, 160
L 51.472, -293.894, 0.8058, 37.607, -293.933, 0.7620, 160, 160, 160
L 37.607, -293.933, 0.7620, 37.697, -309.644, 0.6260, 160, 160, 160
L 45.636, -310.555, 0.6260, 37.468, -310.168, 0.6260, 160, 160, 160
L 45.664, -309.596, 0.6741, 51.268, -309.492, 0.8984, 160, 160, 160
L 49.787, -309.519, 0.8402, 51.802, -309.494, 0.6260, 160, 160, 160
L 17.137, -219.184, 0.6260, 37.298, -229.03, 0.6260, 160, 160, 160
L 37.298, -229.03, 0.6260, 17.167, -219.187, 0.6260, 160, 160, 160
L 17.167, -219.187, 0.6260, 17.152, -303.884, 0.6260, 160, 160, 160
L 25.124, -223.859, 4.6260, 24.953, -300.211, 0.6260, 160, 160, 160
L 33.124, -227.799, 8.6259, 33.14, -295.627, 8.6259, 160, 160, 160
L 37.223, -293.781, 10.5790, 37.616, -229.175, 0.9308, 160, 160, 160
L 29.177, -225.35, 6.6220, 29.215, -298.08, 0.6260, 160, 160, 160
L 37.064, -293.512, 10.6259, 51.704, -293.385, 12.6259, 160, 160, 160
L 51.704, -293.385, 12.6259, 63.46, -285.605, 12.6118, 160, 160, 160
L 63.46, -285.605, 12.6118, 73.093, -273.461, 12.6259, 160, 160, 160
L 73.093, -273.461, 12.6259, 73.091, -249.635, 12.6259, 160, 160, 160
L 72.77, -248.992, 12.6259, 63.825, -237.675, 12.6259, 160, 160, 160
L 63.825, -237.675, 12.6259, 51.142, -229.935, 13.6390, 160, 160, 160
L 51.142, -229.935, 13.6390, 38.097, -229.514, 13.1936, 160, 160, 160
L 73.072, -249.598, 12.6259, 72.073, -247.903, 12.6259, 160, 160, 160
L 71.687, -246.828, 0.6260, 51.103, -206.935, 0.6260, 160, 160, 160
L 51.103, -206.935, 0.6260, 33.49, -186.147, 0.6260, 160, 160, 160
L 33.49, -186.147, 0.6260, 9.805, -172.215, 0.6260, 160, 160, 160
L 9.805, -172.215, 0.6260, -6.241, -171.956, 1.3158, 160, 160, 160
L -6.241, -171.956, 1.3158, -23.965, -219.187, 0.6263, 160, 160, 160
L -23.965, -219.187, 0.6263, 17.426, -219.143, 0.6260, 160, 160, 160
L -23.965, -219.187, 0.6260, -45.079, -250.925, 1.6259, 160, 160, 160
L -45.079, -250.925, 1.6259, -47.263, -250.492, 1.6259, 160, 160, 160
L -47.263, -250.492, 1.6259, -48.833, -243.925, 0.6261, 160, 160, 160
L -6.334, -187.513, 0.9375, 9.466, -187.566, 0.7824, 160, 160, 160
L 9.466, -187.566, 0.7824, 9.339, -171.956, 1.1237, 160, 160, 160
L 9.339, -171.956, 1.1237, -6.286, -172.076, 1.2314, 160, 160, 160
L -6.286, -172.076, 1.2314, -6.653, -187.526, 0.6260, 160, 160, 160
L 17.777, -190.168, 0.8531, 17.419, -205.616, 0.6260, 160, 160, 160
L 17.419, -205.616, 0.6260, 34.403, -205.563, 0.6260, 160, 160, 160
L 34.403, -205.563, 0.6260, 32.758, -189.545, 0.7372, 160, 160, 160
L 32.758, -189.545, 0.7372, 17.195, -189.345, 0.6260, 160, 160, 160
L 38.797, -229.175, 1.2381, 51.753, -229.155, 0.6260, 160, 160, 160
L 51.753, -229.155, 0.6260, 52.259, -211.661, 0.6260, 160, 160, 160
L 37.478, -211.288, 0.6260, 38.12, -229.162, 0.8478, 160, 160, 160
L 51.724, -211.359, 0.6260, 37.393, -211.427, 0.6260, 160, 160, 160
L 17.114, -253.557, 1.6259, -24.386, -253.451, 1.6259, 160, 160, 160
L -43.705, -270.814, 1.6259, -25.739, -267.55, 1.6259, 160, 160, 160
L -25.739, -267.55, 1.6259, 17.136, -267.582, 1.6259, 160, 160, 160
L -44.46, -270.175, 1.6259, -44.466, -250.925, 1.6259, 160, 160, 160
L -44.466, -250.925, 1.6259, -44.878, -250.925, 1.6259, 160, 160, 160
L -24.127, -253.503, 1.6259, -45.46, -250.925, 1.6259, 160, 160, 160
L -6.245, -349.144, 1.3090, 9.773, -348.646, 0.6260, 160, 160, 160
L 17.365, -330.627, 0.6260, 18.815, -315.351, 0.6260, 160, 160, 160
L 18.815, -315.351, 0.6260, 33.453, -315.833, 0.8443, 160, 160, 160
L 33.453, -315.833, 0.8443, 33.393, -331.557, 0.7256, 160, 160, 160
L 33.393, -331.557, 0.7256, 17.43, -331.118, 0.6622, 160, 160, 160
L -88.068, -157.232, 0.4831, -88.155, -129.073, -10.3740, 160, 160, 160
L -88.155, -129.073, -10.3740, -110.363, -129.136, -10.3740, 160, 160, 160
L -110.363, -129.136, -10.3740, -190.073, -39.49, -10.3740, 160, 160, 160
L -190.073, -39.49, -10.3740, -196.032, 54.758, -10.3740, 160, 160, 160
L -196.032, 54.758, -10.3740, -196.022, 90.45, -10.3740, 160, 160, 160
L -196.022, 90.45, -10.3740, -192.063, 146.215, -10.3740, 160, 160, 160
L -192.063, 146.215, -10.3740, -192.064, 184.121, -10.3740, 160, 160, 160
L -192.064, 184.121, -10.3740, -110.305, 253.905, -10.3740, 160, 160, 160
L -110.305, 253.905, -10.3740, -15.752, 265.887, -10.3740, 160, 160, 160
L -15.752, 265.887, -10.3740, 20.174, 265.783, -10.3740, 160, 160, 160
L 20.174, 265.783, -10.3740, 74.168, 257.887, -10.3740, 160, 160, 160
L 74.168, 257.887, -10.3740, 113.331, 257.887, -10.3740, 160, 160, 160
L 113.331, 257.887, -10.3740, 201.045, 184.106, -10.3740, 160, 160, 160
L 201.045, 184.106, -10.3740, 209.022, 91.132, -10.3740, 160, 160, 160
L 209.022, 91.132, -10.3740, 211.067, 82.163, -10.3740, 160, 160, 160
L 211.43, 64.609, -10.3740, 199.73, -0.103, -10.3740, 160, 160, 160
L 199.73, -0.103, -10.3740, 216.036, -0.019, -3.1307, 160, 160, 160
L 216.036, -0.019, -3.1307, 241.03, -0.366, 0.5721, 160, 160, 160
L 241.03, -0.366, 0.5721, 240.896, -18.8, 0.6260, 160, 160, 160
L 240.896, -18.8, 0.6260, 219.947, -45.837, 0.6260, 160, 160, 160
L 219.947, -45.837, 0.6260, 212.171, -72.905, 0.6260, 160, 160, 160
L 212.171, -72.905, 0.6260, 228.898, -72.837, 0.6260, 160, 160, 160
L 228.898, -72.837, 0.6260, 246.38, -59.047, 0.6260, 160, 160, 160
L 246.38, -59.047, 0.6260, 246.799, -60.331, 0.6260, 160, 160, 160
L 246.799, -60.331, 0.6260, 249.075, -61.611, 0.6260, 160, 160, 160
L 249.075, -61.611, 0.6260, 251.088, -60.81, 0.6260, 160, 160, 160
L 251.088, -60.81, 0.6260, 251.861, -58.948, 0.6260, 160, 160, 160
L 251.861, -58.948, 0.6260, 251.205, -56.988, 0.6260, 160, 160, 160
L 251.205, -56.988, 0.6260, 269.262, -56.988, 0.6260, 160, 160, 160
L 269.262, -56.988, 0.6260, 286.999, -72.781, 0.6260, 160, 160, 160
L 286.999, -72.781, 0.6260, 287.277, -117.975, 0.6260, 160, 160, 160
L 287.277, -117.975, 0.6260, 313.929, -117.987, 0.6260, 160, 160, 160
L 313.929, -117.987, 0.6260, 313.277, -119.91, 0.6260, 160, 160, 160
L 313.277, -119.91, 0.6260, 313.798, -121.265, 0.6260, 160, 160, 160
L 313.798, -121.265, 0.6260, 315.786, -122.894, 0.6260, 160, 160, 160
L 315.786, -122.894, 0.6260, 317.999, -121.938, 0.6260, 160, 160, 160
L 317.999, -121.937, 0.6260, 318.127, -137.925, 0.6260, 160, 160, 160
L 318.127, -137.925, 0.6260, 335.339, -167.068, 0.6260, 160, 160, 160
L 335.339, -167.068, 0.6260, 349.12, -169.913, 0.6260, 160, 160, 160
L 349.12, -169.913, 0.6260, 351.761, -170.345, 0.6260, 160, 160, 160
L 351.761, -170.345, 0.6260, 370.338, -130.956, 0.6260, 160, 160, 160
L 370.338, -130.956, 0.6260, 393.103, -130.956, 0.6260, 160, 160, 160
L 393.103, -130.956, 0.6260, 410.968, -169.664, 0.6260, 160, 160, 160
L 410.968, -169.664, 0.6260, 410.968, -187.507, 0.6260, 160, 160, 160
L 369.438, -228.175, 0.6260, 352.047, -187.252, 0.6260, 160, 160, 160
L 393.968, -232.175, 5.6260, 368.718, -232.175, 5.6260, 160, 160, 160
L 368.718, -232.175, 5.6260, 368.718, -228.564, 5.6260, 160, 160, 160
L 368.718, -228.564, 5.6260, 393.741, -229.275, 5.6292, 160, 160, 160
L 393.741, -229.275, 5.6292, 393.968, -232.175, 5.6634, 160, 160, 160
L 369.441, -228.175, 0.6260, 368.718, -228.841, 5.6260, 160, 160, 160
L 394.092, -228.175, 0.6260, 410.968, -187.403, 0.6260, 160, 160, 160
L 394.095, -228.168, 0.6260, 394.072, -229.082, 5.6260, 160, 160, 160
L 350.79, -187.083, 0.6260, 348.04, -187.864, 0.6260, 160, 160, 160
L 348.04, -187.864, 0.6260, 333.893, -195.947, 0.6260, 160, 160, 160
L 351.655, -187.334, 0.6260, 350.862, -187.206, 0.6260, 160, 160, 160
L 351.967, -187.248, 0.6260, 350.652, -187.111, 0.6260, 160, 160, 160
L 334.002, -195.531, 0.6260, 331.96, -223.494, 0.6260, 160, 160, 160
L 331.96, -223.494, 0.6260, 318.154, -244.202, 0.6260, 160, 160, 160
L 318.154, -244.202, 0.6260, 290.263, -248.192, 0.6260, 160, 160, 160
L 290.263, -248.192, 0.6260, 269.05, -264.406, 0.6260, 160, 160, 160
L 269.05, -264.406, 0.6260, 267.085, -267.355, 0.6260, 160, 160, 160
L 267.085, -267.355, 0.6260, 267.03, -338.391, 0.6260, 160, 160, 160
L 267.03, -338.391, 0.6260, 246.952, -365.591, 0.6260, 160, 160, 160
L 246.952, -365.591, 0.6260, 247.099, -557.642, 0.6260, 160, 160, 160
L 247.099, -557.642, 0.6260, 331.999, -557.8, 0.6260, 160, 160, 160
L 331.999, -557.8, 0.6260, 331.755, -671.987, 0.6260, 160, 160, 160
L 331.755, -671.987, 0.6260, 279.047, -672.178, 0.6260, 160, 160, 160
L 279.047, -672.178, 0.6260, 278.999, -730.987, 0.6260, 160, 160, 160
L 278.999, -730.987, 0.6260, 247.78, -730.987, 0.6260, 160, 160, 160
L 247.78, -730.987, 0.6260, 247.78, -644.612, 0.6260, 160, 160, 160
L 247.78, -644.612, 0.6260, 298.649, -643.649, 0.6260, 160, 160, 160
L 298.649, -643.649, 0.6260, 299.139, -591.101, 0.6260, 160, 160, 160
L 299.139, -591.101, 0.6260, 248.178, -591.05, 0.6260, 160, 160, 160
L 248.178, -591.05, 0.6260, 215.78, -557.251, 0.6260, 160, 160, 160
L 215.78, -557.251, 0.6260, 215.657, -467.178, 0.6260, 160, 160, 160
L 215.657, -467.178, 0.6260, 213.214, -467.115, 0.6260, 160, 160, 160
L 213.214, -467.115, 0.6260, 201.938, -472.301, 0.6260, 160, 160, 160
L 202.03, -473.232, 0.6260, 201.987, -472.782, 0.6260, 160, 160, 160
L 246.243, -205.925, 0.6260, 269.266, -205.925, 0.6260, 160, 160, 160
L 269.266, -205.925, 0.6260, 290.183, -223.873, 0.6260, 160, 160, 160
L 290.183, -223.873, 0.6260, 299.641, -223.813, 0.6260, 160, 160, 160
L 299.641, -223.813, 0.6260, 306.103, -196.504, 0.6260, 160, 160, 160
L 306.103, -196.504, 0.6260, 305.749, -166.002, 0.6260, 160, 160, 160
L 305.749, -166.002, 0.6260, 298.675, -137.234, 0.6260, 160, 160, 160
L 298.675, -137.234, 0.6260, 286.95, -137.604, 0.6260, 160, 160, 160
L 286.95, -137.604, 0.6260, 286.999, -181.406, 0.6260, 160, 160, 160
L 286.999, -181.406, 0.6260, 269.269, -196.206, 0.6260, 160, 160, 160
L 269.269, -196.206, 0.6260, 248.862, -196.206, 0.6260, 160, 160, 160
L 248.862, -196.206, 0.6260, 229.78, -181.4, 0.6260, 160, 160, 160
L 229.78, -181.4, 0.6260, 229.78, -161.662, 0.6260, 160, 160, 160
L 229.78, -161.662, 0.6260, 236.781, -136.565, 0.6260, 160, 160, 160
L 236.781, -136.565, 0.6260, 236.78, -126.244, 0.6260, 160, 160, 160
L 236.78, -126.244, 0.6260, 228.69, -92.369, 0.6260, 160, 160, 160
L 228.69, -92.369, 0.6260, 203.062, -92.238, 0.6260, 160, 160, 160
L 181.917, -72.553, 0.6260, 214.736, -18.269, -3.3233, 160, 160, 160
L 181.917, -72.553, 0.6260, 203.062, -92.238, 0.6260, 160, 160, 160
L 203.058, -92.238, 0.6260, 202.318, -92.011, 0.6260, 160, 160, 160
L 214.744, -18.269, -3.3220, 202.189, -17.269, -10.3984, 160, 160, 160
L 202.189, -17.269, -10.3984, 199.088, -17.443, -10.3740, 160, 160, 160
L 199.088, -17.443, -10.3740, 193.103, -39.442, -10.3740, 160, 160, 160
L 193.103, -39.442, -10.3740, 113.305, -115.249, -10.3740, 160, 160, 160
L 113.305, -115.249, -10.3740, 99.076, -134.122, -10.3740, 160, 160, 160
L 99.076, -134.122, -10.3740, 99.093, -139.579, -10.2660, 160, 160, 160
L 99.093, -139.579, -10.2660, 103.067, -164.453, -4.3470, 160, 160, 160
L 103.084, -164.601, -4.2769, 127.061, -206.649, 0.6260, 160, 160, 160
L 127.061, -206.649, 0.6260, 127.397, -223.923, 0.6260, 160, 160, 160
L 127.397, -223.923, 0.6260, 130.753, -224.438, 0.6260, 160, 160, 160
L 130.753, -224.438, 0.6260, 130.811, -208.925, 0.6260, 160, 160, 160
L 130.811, -208.925, 0.6260, 136.732, -208.781, 0.6260, 160, 160, 160
L 136.732, -208.781, 0.6260, 136.811, -206.55, 0.6260, 160, 160, 160
L 136.811, -206.55, 0.6260, 124.811, -197.393, 0.6260, 160, 160, 160
L 124.811, -197.393, 0.6260, 124.811, -179.21, 0.6260, 160, 160, 160
L 124.811, -179.21, 0.6260, 137.6, -164.956, 0.6260, 160, 160, 160
L 137.6, -164.956, 0.6260, 157.254, -164.956, 0.6260, 160, 160, 160
L 157.254, -164.956, 0.6260, 168.705, -178.868, 0.6260, 160, 160, 160
L 168.705, -178.868, 0.6260, 178.668, -158.956, 0.6260, 160, 160, 160
L 178.668, -158.956, 0.6260, 201.232, -158.956, 0.6260, 160, 160, 160
L 201.232, -158.956, 0.6260, 218.11, -178.813, 0.6260, 160, 160, 160
L 218.11, -178.813, 0.6260, 222.03, -178.956, 0.6260, 160, 160, 160
L 222.03, -178.956, 0.6260, 222.03, -197.206, 0.6260, 160, 160, 160
L 222.03, -197.206, 0.6260, 218.838, -197.206, 0.6260, 160, 160, 160
L 218.838, -197.206, 0.6260, 198.334, -206.171, 0.6260, 160, 160, 160
L 198.334, -206.171, 0.6260, 198.246, -208.89, 0.6260, 160, 160, 160
L 198.246, -208.89, 0.6260, 221.03, -208.925, 0.6260, 160, 160, 160
L 221.03, -208.925, 0.6260, 221.817, -223.839, 0.6260, 160, 160, 160
L 221.817, -223.839, 0.6260, 245.811, -205.925, 0.6260, 160, 160, 160
L 245.811, -205.925, 0.6260, 261.794, -205.925, 0.6260, 160, 160, 160
L 93.839, -259.603, 0.6260, 93.842, -206.656, 0.6260, 160, 160, 160
L 93.842, -206.656, 0.6260, 71.751, -164.262, -4.4423, 160, 160, 160
L 71.808, -164.419, -4.4066, 62.842, -139.318, -10.3740, 160, 160, 160
L 62.842, -139.318, -10.3740, 62.451, -133.205, -10.3740, 160, 160, 160
L 62.451, -133.205, -10.3740, -16.172, -133.206, -10.3740, 160, 160, 160
L -16.172, -133.206, -10.3740, -70.844, -129.564, -10.3740, 160, 160, 160
L -70.844, -129.564, -10.3740, -70.845, -157.448, 0.5807, 160, 160, 160
L -70.845, -153.133, -1.3741, -71.07, -158.148, 0.6260, 160, 160, 160
L -71.07, -158.148, 0.6260, -71.828, -158.649, 0.6260, 160, 160, 160
L -162.027, -40.188, -9.7409, -178.27, 53.729, -10.3793, 160, 160, 160
L -178.27, 53.729, -10.3793, -178.323, 90.006, -10.4254, 160, 160, 160
L -178.323, 90.006, -10.4254, -170.478, 143.971, -10.3742, 160, 160, 160
L -170.259, 163.067, -10.3740, -162.445, 183.921, -10.4094, 160, 160, 160
L -162.445, 183.921, -10.4094, -111.093, 232.091, -10.3825, 160, 160, 160
L -111.093, 232.091, -10.3825, -16.606, 246.225, -10.3747, 160, 160, 160
L -16.606, 246.225, -10.3747, 18.999, 246.212, -10.3821, 160, 160, 160
L 18.999, 246.212, -10.3821, 73.11, 238.266, -10.3818, 160, 160, 160
L 73.11, 238.266, -10.3818, 91.617, 238.163, -10.3740, 160, 160, 160
L 91.617, 238.163, -10.3740, 113.19, 232.244, -10.4027, 160, 160, 160
L 113.19, 232.244, -10.4027, 171.007, 184.555, -10.3915, 160, 160, 160
L 171.007, 184.555, -10.3915, 187.444, 90.523, -10.3740, 160, 160, 160
L 187.444, 90.523, -10.3740, 187.662, 54.572, -10.3740, 160, 160, 160
L 187.662, 54.572, -10.3740, 177.842, 2.574, -10.3741, 160, 160, 160
L 177.406, -16.999, -10.3771, 168.419, -39.403, -10.3747, 160, 160, 160
L 168.419, -39.403, -10.3747, 113.94, -93.24, -10.3740, 160, 160, 160
L 113.94, -93.24, -10.3740, 19.605, -111.532, -10.3821, 160, 160, 160
L 19.605, -111.532, -10.3821, -15.712, -111.547, -10.3881, 160, 160, 160
L -15.712, -111.547, -10.3881, -70.461, -105.538, -10.3742, 160, 160, 160
L -89.217, -105.522, -10.3740, -111.148, -99.28, -10.3740, 160, 160, 160
L -110.158, -99.634, -10.3740, -162.701, -39.006, -10.3755, 160, 160, 160
L -159.431, 186.559, -142.3114, -110.3, 231.908, -142.3114, 160, 160, 160
L -110.3, 231.908, -142.3114, -16.876, 245.827, -142.3114, 160, 160, 160
L -16.876, 245.827, -142.3114, -16.16, 205.887, -141.8038, 160, 160, 160
L -16.164, 205.887, -142.3114, 19.838, 206.102, -142.3114, 160, 160, 160
L 19.874, 245.828, -142.3114, 19.874, 206.28, -142.3114, 160, 160, 160
L 19.873, 245.828, -142.3114, 73.722, 237.957, -142.3114, 160, 160, 160
L 91.311, 237.888, -142.3114, 113.291, 231.922, -142.3114, 160, 160, 160
L 113.291, 231.922, -142.3114, 171.09, 184.094, -142.3114, 160, 160, 160
L 171.09, 184.094, -142.3114, 186.992, 90.7, -142.3114, 160, 160, 160
L 186.992, 90.7, -142.3114, 143.003, 90.231, -142.3114, 160, 160, 160
L 142.996, 90.212, -142.3114, 143.621, 53.874, -142.3114, 160, 160, 160
L 143.622, 53.874, -142.3114, 186.985, 53.95, -142.3114, 160, 160, 160
L 186.985, 53.95, -142.3114, 176.987, 0.121, -142.3114, 160, 160, 160
L 176.984, 0.11, -142.3114, 177.061, -17.563, -142.3114, 160, 160, 160
L 177.062, -17.562, -142.3114, 167.123, -39.427, -142.3114, 160, 160, 160
L 167.123, -39.427, -142.3114, 113.284, -93.266, -142.3114, 160, 160, 160
L 113.284, -93.266, -142.3114, 19.874, -111.159, -142.3114, 160, 160, 160
L 19.874, -111.159, -142.3114, 19.077, -67.113, -142.3114, 160, 160, 160
L 19.07, -67.111, -142.3114, -16.784, -67.366, -142.3114, 160, 160, 160
L -16.792, -67.377, -142.3114, -16.876, -111.193, -142.3114, 160, 160, 160
L -16.876, -111.193, -142.3114, -71.015, -105.238, -142.3114, 160, 160, 160
L -71.052, -105.238, -142.3114, -88.42, -105.238, -142.3114, 160, 160, 160
L -88.393, -105.245, -142.3114, -110.261, -99.281, -142.3114, 160, 160, 160
L -110.261, -99.281, -142.3114, -162.087, -39.477, -142.3114, 160, 160, 160
L -162.087, -39.477, -142.3114, -177.994, 53.95, -142.3114, 160, 160, 160
L -177.994, 53.95, -142.3114, -136.065, 53.898, -142.3114, 160, 160, 160
L -136.062, 54.083, -142.3114, -136.761, 90.778, -142.3114, 160, 160, 160
L -136.667, 90.785, -142.3114, -178.004, 90.7, -142.3114, 160, 160, 160
L -178.004, 90.7, -142.3114, -170.064, 144.507, -142.3114, 160, 160, 160
L -170.064, 145.321, -142.3114, -170.02, 162.565, -142.3114, 160, 160, 160
L -162.168, 183.939, -142.3114, -170.064, 162.228, -142.3114, 160, 160, 160
L -731.492, -725.562, 31.3084, -726.863, -716.132, 38.6850, 160, 160, 160
L -726.863, -716.132, 38.6850, -758.233, -678.612, 37.7509, 160, 160, 160
L -758.233, -678.612, 37.7509, -788.056, -678.438, 38.7509, 160, 160, 160
L -788.056, -678.438, 38.7509, -821.708, -612.891, 38.7509, 160, 160, 160
L -821.708, -612.891, 38.7509, -822.398, -555.221, 38.7509, 160, 160, 160
L -822.398, -555.221, 38.7509, -764.439, -507.383, 38.7509, 160, 160, 160
L -764.439, -507.383, 38.7509, -763.789, -466.874, 38.7509, 160, 160, 160
L -763.789, -466.874, 38.7509, -725.257, -444.206, 39.7509, 160, 160, 160
L -725.257, -444.206, 39.7509, -677.001, -444.449, 39.7509, 160, 160, 160
L -676.968, -479.081, 40.5610, -677.001, -444.449, 39.9784, 160, 160, 160
L -699.878, -479.081, 75.5947, -687.849, -479.399, 75.5947, 160, 160, 160
L -687.849, -479.399, 75.5947, -687.845, -506.315, 75.5947, 160, 160, 160
L -687.845, -506.315, 75.5947, -667.05, -530.05, 75.5947, 160, 160, 160
L -667.05, -530.05, 75.5947, -631.898, -530.553, 76.5540, 160, 160, 160
L -631.898, -530.553, 76.5540, -658.479, -479.473, 75.5947, 160, 160, 160
L -658.479, -479.473, 75.5947, -678.983, -479.474, 75.5947, 160, 160, 160
L -678.983, -479.474, 75.5947, -679.296, -296.894, 75.5947, 160, 160, 160
L -679.296, -296.894, 75.5947, -699.878, -296.896, 75.5947, 160, 160, 160
L -699.878, -296.896, 75.5947, -702.845, -330.15, 75.5947, 160, 160, 160
L -702.845, -330.15, 75.5947, -702.981, -369.098, 75.5947, 160, 160, 160
L -702.981, -369.098, 75.5947, -709.964, -368.952, 76.5947, 160, 160, 160
L -811.606, -410.463, 76.5947, -703.136, -413.107, 75.5947, 160, 160, 160
L -703.136, -413.107, 75.5947, -699.878, -479.081, 75.5947, 160, 160, 160
L -709.964, -368.952, 75.7446, -811.454, -378.574, 76.5947, 160, 160, 160
L -811.454, -378.574, 76.5947, -841.432, -338.791, 76.5947, 160, 160, 160
L -841.432, -338.791, 76.5947, -856.84, -329.514, 76.5947, 160, 160, 160
L -856.84, -329.514, 76.5947, -856.813, -282.012, 76.5947, 160, 160, 160
L -856.813, -282.012, 76.5947, -901.275, -248.907, 76.5947, 160, 160, 160
L -901.275, -248.907, 76.5947, -963.176, -239.023, 76.5947, 160, 160, 160
L -963.176, -239.023, 76.5947, -1032.732, -207.128, 76.5947, 160, 160, 160
L -1032.732, -207.128, 76.5953, -1039.493, -206.672, 76.5947, 160, 160, 160
L -1039.493, -206.672, 76.5947, -1066.862, -164.956, 76.5947, 160, 160, 160
L -1039.457, -227.066, 76.5983, -1033.466, -227.175, 77.5947, 160, 160, 160
L -1033.466, -227.175, 77.5947, -960.984, -266.199, 76.5947, 160, 160, 160
L -960.984, -266.199, 76.5947, -900.762, -281.4, 76.5947, 160, 160, 160
L -900.762, -281.4, 76.5947, -885.79, -329.602, 76.5947, 160, 160, 160
L -885.79, -329.602, 76.5947, -903.963, -338.857, 76.5947, 160, 160, 160
L -903.963, -338.857, 76.5947, -1033.12, -284.915, 76.5947, 160, 160, 160
L -1033.12, -284.915, 76.5947, -1039.206, -284.877, 76.5947, 160, 160, 160
L -1039.206, -284.877, 76.5947, -1066.16, -269.925, 76.5947, 160, 160, 160
L -1066.16, -269.925, 76.5947, -1089.85, -269.927, 76.5947, 160, 160, 160
L -1089.85, -269.927, 76.5947, -1111.633, -305.791, 76.5947, 160, 160, 160
L -1111.633, -305.791, 76.5947, -1111.439, -269.611, 76.5947, 160, 160, 160
L -1111.439, -269.611, 76.5947, -1117.334, -251.925, 76.5947, 160, 160, 160
L -1117.334, -251.925, 76.5947, -1120.775, -251.925, 76.5947, 160, 160, 160
L -1120.775, -251.925, 76.5947, -1121.881, -272.23, 76.5947, 160, 160, 160
L -1121.881, -272.23, 76.5947, -1127.153, -273.968, 76.8250, 160, 160, 160
L -1127.241, -274.246, 76.5947, -1132.891, -272.368, 76.5947, 160, 160, 160
L -1132.891, -272.368, 76.5947, -1133.659, -254.087, 76.5947, 160, 160, 160
L -1133.659, -254.087, 76.5947, -1133.014, -252.584, 76.5947, 160, 160, 160
L -1133.014, -252.584, 76.5947, -1137.831, -251.925, 76.5947, 160, 160, 160
L -1137.831, -251.925, 76.5947, -1149.658, -269.663, 76.5947, 160, 160, 160
L -1149.658, -305.309, 76.5947, -1110.739, -329.313, 76.5947, 160, 160, 160
L -1149.658, -305.309, 76.5947, -1149.658, -269.663, 76.5947, 160, 160, 160
L -1111.124, -329.041, 76.5947, -1089.908, -350.144, 76.5947, 160, 160, 160
L -1089.908, -350.144, 76.5947, -1066.276, -350.144, 76.5947, 160, 160, 160
L -1066.276, -350.144, 76.5947, -1038.487, -304.874, 76.5947, 160, 160, 160
L -1038.487, -304.874, 76.5947, -1033.3, -305.144, 76.5947, 160, 160, 160
L -1033.628, -305.144, 76.5947, -918.853, -363.119, 76.5947, 160, 160, 160
L -918.853, -363.119, 76.5947, -924.49, -376.912, 76.5947, 160, 160, 160
L -924.49, -376.912, 76.5947, -934.288, -386.982, 76.5947, 160, 160, 160
L -934.288, -386.982, 76.5947, -961.707, -387.229, 76.5947, 160, 160, 160
L -961.417, -386.801, 76.5947, -1033.14, -368.863, 76.5947, 160, 160, 160
L -1033.14, -368.863, 76.5947, -1093.336, -369.429, 76.5947, 160, 160, 160
L -1093.336, -369.429, 76.5947, -1120.192, -347.894, 76.5947, 160, 160, 160
L -1120.192, -347.894, 76.5947, -1137.892, -347.894, 76.5947, 160, 160, 160
L -1137.892, -347.894, 76.5947, -1161.658, -368.657, 76.5947, 160, 160, 160
L -1161.658, -368.657, 76.5947, -1161.654, -386.282, 76.5947, 160, 160, 160
L -1161.654, -386.282, 76.5947, -1137.924, -401.113, 76.5947, 160, 160, 160
L -1137.924, -401.113, 76.5947, -1120.136, -401.099, 76.5947, 160, 160, 160
L -1120.136, -401.099, 76.5947, -1092.328, -386.59, 76.5947, 160, 160, 160
L -1092.328, -386.59, 76.5947, -1080.81, -416.113, 76.5947, 160, 160, 160
L -1080.81, -416.113, 76.5947, -1066.295, -416.113, 76.5947, 160, 160, 160
L -1066.295, -416.113, 76.5947, -1050.629, -385.966, 76.5947, 160, 160, 160
L -1050.629, -385.966, 76.5947, -1031.486, -386.453, 76.5947, 160, 160, 160
L -1033.246, -386.112, 76.5947, -961.058, -413.113, 76.5947, 160, 160, 160
L -961.058, -413.113, 76.5947, -934.187, -413.113, 76.5947, 160, 160, 160
L -934.187, -413.113, 76.5947, -924.088, -410.776, 76.5947, 160, 160, 160
L -924.088, -410.776, 76.5947, -922.945, -417.327, 76.5947, 160, 160, 160
L -922.945, -417.327, 76.5947, -920.482, -414.015, 76.5947, 160, 160, 160
L -920.482, -414.015, 76.5947, -914.478, -414.338, 76.5947, 160, 160, 160
L -914.478, -414.338, 76.5947, -912.46, -419.413, 76.5947, 160, 160, 160
L -912.46, -419.413, 76.5947, -915.141, -424.918, 76.5947, 160, 160, 160
L -915.141, -424.918, 76.5947, -919.108, -425.455, 76.5947, 160, 160, 160
L -919.108, -425.455, 76.5947, -920.807, -424.232, 76.5947, 160, 160, 160
L -920.807, -424.232, 76.5947, -918.658, -431.896, 76.5947, 160, 160, 160
L -918.751, -431.481, 76.5947, -961.628, -449.904, 76.5947, 160, 160, 160
L -961.628, -449.904, 76.5947, -1039.691, -449.642, 76.5947, 160, 160, 160
L -1039.691, -449.642, 76.5947, -1066.192, -428.863, 76.5947, 160, 160, 160
L -1066.192, -428.863, 76.5947, -1089.781, -428.863, 76.6038, 160, 160, 160
L -1089.781, -428.863, 76.5948, -1127.083, -467.295, 76.5947, 160, 160, 160
L -1127.083, -467.295, 76.5947, -1141.253, -440.831, 76.5947, 160, 160, 160
L -1141.253, -440.831, 76.5947, -1157.806, -440.83, 76.5947, 160, 160, 160
L -1157.806, -440.83, 76.5948, -1164.789, -440.833, 76.5947, 160, 160, 160
L -1161.064, -440.831, 76.5948, -1164.789, -440.831, 76.5947, 160, 160, 160
L -1164.789, -440.831, 76.5947, -1176.658, -467.536, 76.5947, 160, 160, 160
L -1176.658, -467.536, 76.5947, -1176.658, -491.324, 76.5947, 160, 160, 160
L -1176.658, -491.324, 76.5947, -1164.852, -506.081, 76.5947, 160, 160, 160
L -1164.852, -506.081, 76.5947, -1141.187, -506.081, 76.5947, 160, 160, 160
L -1141.187, -506.081, 76.5947, -1125.832, -491.06, 76.5947, 160, 160, 160
L -1125.832, -491.06, 76.5947, -1090.052, -497.081, 76.5947, 160, 160, 160
L -1090.052, -497.081, 76.5947, -1066.228, -497.081, 76.5947, 160, 160, 160
L -1066.228, -497.081, 76.5947, -1038.658, -467.081, 76.5947, 160, 160, 160
L -1038.658, -467.081, 76.5947, -961.139, -467.074, 76.5947, 160, 160, 160
L -789.814, -572.8, 0.6260, -789.814, -603.019, 0.6260, 160, 160, 160
L -781.716, -603.019, 0.6260, -789.814, -603.019, 0.6260, 160, 160, 160
L 73.803, 199.095, -30.3739, 73.722, 237.957, -10.3740, 160, 160, 160
L 91.093, 180.449, -30.3739, 91.311, 237.888, -10.3740, 160, 160, 160
L 73.612, 184.639, -31.2753, 73.803, 199.095, -30.3917, 160, 160, 160
L 91.064, 181.28, -30.3739, 90.157, 179.504, -30.3739, 160, 160, 160
L 90.157, 179.504, -30.3739, 90.093, 128.669, -30.3739, 160, 160, 160
L 90.093, 128.669, -30.3739, 82.172, 128.524, -30.3739, 160, 160, 160
L 82.172, 128.524, -30.3739, 80.207, 123.655, -30.3739, 160, 160, 160
L 80.314, 123.923, -30.3739, 90.093, 81.256, -30.3739, 160, 160, 160
L 90.093, 81.256, -30.3739, 90.093, 63.668, -30.3739, 160, 160, 160
L 90.093, 63.668, -30.3739, 78.282, 16.031, -30.3739, 160, 160, 160
L 78.282, 16.031, -30.3739, 90.373, 15.932, -30.3739, 160, 160, 160
L 58.842, -16.269, -30.3739, 58.302, -6.189, -30.3739, 160, 160, 160
L 58.771, -6.423, -30.3739, 10.843, -16.189, -30.3739, 160, 160, 160
L 10.843, -16.189, -30.3739, -7.49, -16.261, -30.3739, 160, 160, 160
L -7.49, -16.261, -30.3739, -51.285, -6.283, -30.3739, 160, 160, 160
L -51.285, -6.283, -30.3739, -55.932, -9.856, -30.3739, 160, 160, 160
L -55.932, -9.856, -30.3739, -55.926, -17.581, -30.3739, 160, 160, 160
L -55.926, -17.581, -30.3739, -71.903, -34.557, -30.3739, 160, 160, 160
L -87.095, 15.981, -30.3739, -74.977, 16.649, -30.3739, 160, 160, 160
L -74.977, 16.649, -30.3739, -87.095, 63.372, -30.3739, 160, 160, 160
L -87.095, 63.372, -30.3739, -87.056, 81.471, -30.3739, 160, 160, 160
L -87.056, 81.471, -30.3739, -78.103, 124.214, -30.3739, 160, 160, 160
L -78.103, 124.214, -30.3739, -78.372, 129.661, -30.3739, 160, 160, 160
L -78.095, 129.274, -30.3739, -87.327, 129.669, -30.3739, 160, 160, 160
L -87.327, 129.669, -30.3739, -105.39, 145.724, -30.3739, 160, 160, 160
L -54.845, 160.919, -30.3739, -54.087, 150.049, -30.3739, 160, 160, 160
L -54.087, 150.049, -30.3739, -7.457, 160.919, -30.3739, 160, 160, 160
L -7.457, 160.919, -30.3739, 10.657, 160.87, -30.3739, 160, 160, 160
L 10.657, 160.87, -30.3739, 52.796, 150.987, -30.3739, 160, 160, 160
L 52.796, 150.987, -30.3739, 56.818, 152.049, -30.3739, 160, 160, 160
L 56.818, 152.049, -30.3739, 56.842, 161.138, -30.3739, 160, 160, 160
L 56.842, 161.138, -30.3739, 73.891, 178.489, -30.3739, 160, 160, 160
L 10.421, 123.625, -30.3739, -7.489, 123.669, -30.3739, 160, 160, 160
L -7.489, 123.669, -30.3739, -35.098, 109.673, -30.3739, 160, 160, 160
L -35.098, 109.673, -30.3739, -49.216, 81.673, -30.3739, 160, 160, 160
L -49.216, 81.673, -30.3739, -48.821, 62.846, -30.3739, 160, 160, 160
L -48.821, 62.846, -30.3739, -36.131, 34.496, -30.3739, 160, 160, 160
L -36.131, 34.496, -30.3739, -7.27, 21.446, -30.3103, 160, 160, 160
L -7.27, 21.446, -30.3103, 10.023, 20.389, -30.3739, 160, 160, 160
L 10.023, 20.389, -30.3739, 37.351, 35.086, -30.3739, 160, 160, 160
L 37.351, 35.086, -30.3739, 52.441, 62.972, -30.3739, 160, 160, 160
L 52.441, 62.972, -30.3739, 51.833, 81.535, -30.3739, 160, 160, 160
L 51.833, 81.535, -30.3739, 38.351, 109.618, -30.3739, 160, 160, 160
L 38.351, 109.618, -30.3739, 10.421, 123.625, -30.3739, 160, 160, 160
L -7.269, 107.761, -30.3739, -7.628, 81.736, 0.6247, 160, 160, 160
L 10.409, 81.703, 1.1285, 10.374, 123.669, -29.6947, 160, 160, 160
L 10.714, 106.883, -17.3739, 35.187, 81.516, -17.3739, 160, 160, 160
L 10.409, 81.863, 0.5160, -7.628, 81.738, 0.6203, 160, 160, 160
L -7.628, 81.736, 0.6203, -48.983, 81.228, -30.3739, 160, 160, 160
L -49.396, 63.446, -30.3739, -7.02, 63.333, 0.7186, 160, 160, 160
L -7.02, 63.333, 0.7186, 51.843, 63.534, -29.9305, 160, 160, 160
L 10.886, 81.272, 0.6260, 51.843, 81.259, -30.3739, 160, 160, 160
L 10.497, 81.227, 0.6260, 10.657, 21.553, -30.3739, 160, 160, 160
L -7.429, 21.407, -30.3298, -7.449, 83.199, 0.4345, 160, 160, 160
L 35.825, 63.39, -17.3739, 10.143, 36.882, -17.3761, 160, 160, 160
L -7.49, 37.426, -17.3739, -30.643, 63.58, -17.3739, 160, 160, 160
L -30.133, 81.614, -17.3739, -7.269, 107.761, -17.3916, 160, 160, 160
L -7.189, 107.92, -17.9509, -7.11, 123.668, -28.9541, 160, 160, 160
L 109.703, -0.019, -30.5500, 177.061, 0.172, -11.5236, 160, 160, 160
L 109.623, -0.019, -30.3739, 108.101, -0.921, -30.3739, 160, 160, 160
L 108.101, -0.921, -30.3739, 90.373, 15.932, -30.3739, 160, 160, 160
L 109.632, -17.269, -30.3739, 176.76, -17.561, -11.5191, 160, 160, 160
L 155.061, -17.616, -12.4644, 154.969, 0.134, -12.4573, 160, 160, 160
L 135.112, -17.38, -26.1109, 135.062, 0.124, -26.4412, 160, 160, 160
L 113.837, -17.58, -31.1429, 113.762, -0.233, -31.2364, 160, 160, 160
L 109.623, -17.269, -30.3739, 108.806, -16.452, -30.3739, 160, 160, 160
L 108.806, -16.452, -30.3739, 58.843, -16.269, -30.3739, 160, 160, 160
L -70.845, -35.835, -30.3739, -71.496, -105.176, -10.3740, 160, 160, 160
L -88.095, -35.873, -30.3739, -88.393, -105.245, -10.3740, 160, 160, 160
L -70.768, -63.251, -26.3702, -88.327, -63.243, -26.4067, 160, 160, 160
L -70.845, -35.799, -30.3739, -71.903, -34.557, -30.3739, 160, 160, 160
L -88.095, -35.799, -30.3739, -87.043, -34.548, -30.3739, 160, 160, 160
L -87.043, -34.548, -30.3739, -87.095, 15.981, -30.3739, 160, 160, 160
L -54.845, 160.919, -30.3739, -104.979, 160.919, -30.3739, 160, 160, 160
L -104.979, 160.919, -30.3739, -106.795, 161.919, -30.3739, 160, 160, 160
L -106.795, 161.919, -30.3739, -170.17, 162.273, -10.3740, 160, 160, 160
L -106.625, 144.669, -30.3739, -170.465, 144.436, -10.3740, 160, 160, 160
L -149.941, 162.28, -11.5058, -150.073, 145.138, -11.3867, 160, 160, 160
L -132.065, 161.767, -26.4355, -132.069, 144.607, -26.4046, 160, 160, 160
L -110.76, 162.056, -31.1828, -110.643, 144.626, -31.1306, 160, 160, 160
L -106.625, 144.669, -30.3739, -105.39, 145.724, -30.3739, 160, 160, 160
L 369.951, -169.198, 0.6260, 387.709, -169.503, 0.6260, 160, 160, 160
L 387.709, -169.503, 0.6260, 387.635, -187.817, 0.6260, 160, 160, 160
L 387.635, -187.817, 0.6260, 370.239, -187.942, 0.6260, 160, 160, 160
L 370.239, -187.942, 0.6260, 369.951, -169.198, 0.6260, 160, 160, 160
L 210.923, 82.706, -10.3740, 213.195, 81.95, -10.3740, 160, 160, 160
L 245.197, 96.95, -10.3740, 230.436, 96.95, -10.3740, 160, 160, 160
L 230.436, 96.95, -10.3740, 222.771, 89.312, -10.3740, 160, 160, 160
L 222.771, 89.312, -10.3740, 214.439, 82, -10.3740, 160, 160, 160
L 214.439, 82, -10.3740, 211.204, 82, -10.3740, 160, 160, 160
L 245.197, 96.95, -10.3740, 250.03, 89.217, -10.3740, 160, 160, 160
L 250.03, 89.217, -10.3740, 250.114, 75.088, -10.3740, 160, 160, 160
L 250.114, 75.088, -10.3740, 262.78, 75.282, -10.3740, 160, 160, 160
L 262.78, 77.507, -10.3740, 253.78, 77.7, -10.3740, 160, 160, 160
L 253.78, 77.7, -10.3740, 253.474, 91.939, -10.3740, 160, 160, 160
L 253.474, 91.939, -10.3740, 250.78, 96.492, -10.3740, 160, 160, 160
L 250.78, 96.492, -10.3740, 250.78, 110.95, -10.3740, 160, 160, 160
L 250.78, 110.95, -10.3740, 272.03, 110.95, -10.3740, 160, 160, 160
L 272.03, 96.48, -10.3740, 272.03, 110.95, -10.3740, 160, 160, 160
L 272.03, 110.95, -10.3740, 271.727, 110.95, -10.3740, 160, 160, 160
L 272.03, 96.48, -10.3740, 267.03, 91.301, -10.3740, 160, 160, 160
L 267.03, 91.301, -10.3740, 267.03, 89.707, -10.3740, 160, 160, 160
L 267.03, 89.707, -10.3740, 274.999, 85.094, -10.3740, 160, 160, 160
L 274.999, 85.094, -10.3740, 274.999, 53.623, -10.3740, 160, 160, 160
L 274.999, 53.623, -10.3740, 262.408, 50.711, -10.3740, 160, 160, 160
L 262.408, 50.711, -10.3740, 249.819, 53.209, -10.3740, 160, 160, 160
L 249.819, 53.209, -10.3740, 245.197, 45.7, -10.3740, 160, 160, 160
L 245.197, 45.7, -10.3740, 230.434, 45.7, -10.3740, 160, 160, 160
L 230.434, 45.7, -10.3740, 224.086, 53.692, -10.3740, 160, 160, 160
L 224.086, 53.692, -10.3740, 211.43, 64.609, -10.3740, 160, 160, 160
L 254.395, 113.919, -7.3739, 266.317, 113.919, -7.3739, 160, 160, 160
L 266.317, 113.919, -7.3739, 271.456, 111.837, -7.3739, 160, 160, 160
L 254.102, 113.919, -7.3739, 250.78, 110.95, -10.3740, 160, 160, 160
L 250.458, 88.95, -6.3739, 253.43, 88.951, -6.3760, 160, 160, 160
L 262.78, 75.282, -10.3740, 262.78, 77.507, -10.3740, 160, 160, 160
L 120.986, 443.225, 0.6260, 120.986, 448.132, 0.6260, 160, 160, 160
L 120.986, 448.201, 0.6260, 79.918, 449.085, 0.6260, 160, 160, 160
L 79.918, 449.085, 0.6260, 79.918, 444.303, 0.6260, 160, 160, 160
P 97.734, 451.838, 0.6260, 204, 0, 204, 3, to_Feerrott
P 100.499, 417.325, 0.0000, 255, 255, 255, 1, Succor
P -382.501, 509.325, 0, 0, 200, 255, 1, Spiken's_Maps_-_github.com/spik3n/EQL_Map_pack
