P -2210, -2889, 0, 255, 255, 0, 2, Admiral_Tylix
P -1930, -2488, 0, 255, 255, 0, 2, Alchemist_Granika
P -2724, -3750, 0, 255, 255, 0, 2, Bloated_Belly
P -2338, -2791, 0, 255, 255, 0, 2, Brinaa_Darkpact
P -2392, -2768, 0, 255, 255, 0, 2, Bukuku_Wolffeetz
P -2163, -2452, 0, 255, 128, 0, 2, Captain_Rottgrime
P -2431, -2105, 0, 255, 255, 0, 2, Corundium
P -2863, -3005, 0, 255, 255, 0, 2, Dragoon_Barber_W`Selo
P -2381, -2529, 0, 255, 255, 0, 2, Dragoon_T`Vem
P -2717, -2366, 0, 255, 255, 0, 2, Dragoon_T`Vex
P -2710, -3148, 0, 255, 255, 0, 2, Dragoon_V`Lask
P -2056, -2802, 0, 255, 255, 0, 2, Dragoon_V`Resh
P 1432, 1392, 0, 255, 255, 0, 2, Drixiv_Arcut
P -2250, -3140, 0, 255, 255, 0, 2, Dyth_X`Teria
P -2039, -3149, 0, 255, 255, 0, 2, Galdon_Vok_Nir
P -2130, -2685, 0, 255, 255, 0, 2, General_V`Deers
P -2214, -2962, 0, 255, 255, 0, 2, Gogu_the_Smasher
P -1360, 27, 0, 255, 128, 0, 2, Impaler_Tzilug
P -2147, -2857, 0, 255, 255, 0, 2, Inem_R`ker
P -2154, -3045, 0, 255, 255, 0, 2, Iron_Guardian
P -2154, -2804, 0, 255, 255, 0, 2, Iron_Sentinel
P 1066, -51, 0, 255, 255, 0, 2, Ixpacan
P -2207, -3249, 0, 255, 128, 0, 2, Kurron_Ni
P 902, -537, 0, 255, 128, 0, 2, Modani_Qu`Loni
P 794, -3670, 0, 255, 128, 0, 2, Nekexin_Virulence
P -2508, -2354, 0, 255, 255, 0, 2, Osvima_K`Matim
P -2588, -2354, 0, 255, 255, 0, 2, Pungub_Brawlum
P -2418, -2800, 0, 255, 255, 0, 2, Siladdarae_N`Riese
P -2393, -2789, 0, 255, 255, 0, 2, Slicia_J`Singe
P -2775, -3070, 0, 255, 255, 0, 2, Soulbinder_Kardin
P -2398, -2361, 0, 255, 255, 0, 2, Stishovite
P -2431, -2361, 0, 255, 255, 0, 2, Tektite
P -2157, -2638, 0, 255, 255, 0, 2, Tin_Banker_Assistant
P -2397, -2105, 0, 255, 255, 0, 2, Tourmaline
P -2730, -2515, 0, 255, 255, 0, 2, Uggrig_Skullchomper
P -2370, -2793, 0, 255, 128, 0, 2, Utandar_Rizndown
P -2332, -2767, 0, 255, 128, 0, 2, Vaean_the_Night
P 4367, 19, 0, 255, 255, 0, 2, Varg_Stonebelly
P -2238, -2179, 0, 255, 255, 0, 2, Vaxxim_T`Quoren
P 1397, 1407, 0, 255, 255, 0, 2, Xlixinar_Arcut
P -749, 1660, 0, 255, 255, 0, 2, Zorash
P -2815, -4617, 0, 255, 255, 0, 2, #_6
P -2717, -2366, 0, 255, 255, 0, 2, High_Priest_I`Xar
P 3501, -2901, 0, 255, 255, 0, 2, Irionu_Bastun
P -3241, -2689, 0, 255, 255, 0, 2, Yiln_Darksly
P -2415, -2241, 0, 255, 255, 0, 2, daytrigger

P -2408.0925, -2751.6250, -53.0927,  0, 0, 0,  3,  Merchants_(Spells)
P -2146.0391, -2675.1777, -53.0927,  0, 0, 0,  3,  Bank
P -2383.0435, -2680.8601, -53.0927,  0, 0, 0,  3,  Brew_Barrel
P -2357.1687, -2692.7537, -53.0927,  0, 0, 0,  3,  Oven
P -2371.5469, -2847.5259, -53.0927,  0, 0, 0,  3,  Sewing_Kit
P -2396.1543, -2861.2480, -53.0927,  0, 0, 0,  3,  Pottery_Wheel
P -2384.5605, -2866.9397, -53.0927,  0, 0, 0,  3,  Kiln
P -2775.8567, -3068.9026, -156.5938,  0, 0, 0,  3,  Soulbinder
P -3250.7922, -2502.8772, -139.3260,  0, 0, 0,  3,  Forge
P -2586.2883, -2658.1567, -53.0927,  0, 0, 0,  3,  Merchants
P -2727.4836, -2513.9263, -53.0927,  0, 0, 0,  3,  Uggrig_(GM_Beastlord)
P -2192.4475, -3018.2703, -53.0464,  0, 0, 0,  3,  Dom_(Merchant)
P -2251.1482, -3139.0972, -53.0927,  0, 0, 0,  3,  Dyth_(GM_Wizard)
P -1938.4928, -3134.4526, -44.9311,  0, 0, 0,  3,  Knowledge_Portal
