L 29.2052, -31.0421, 4.1732, 29.6341, -28.5222, 11.9728, 160, 160, 160
L 7.2008, 7.2883, 15.7578, 9.9467, 7.0001, 4.2057, 160, 160, 160
L -10.8551, -73.3385, 11.2764, -1.0759, -72.4188, 6.8848, 160, 160, 160
L 35.7422, -39.8609, 0.0864, 38.6674, -38.7420, -0.0293, 160, 160, 160
L 7.9672, 6.9345, 15.6096, 10.9265, 6.5080, 4.0761, 160, 160, 160
L -7.2987, 6.1051, -3.0953, -3.4261, 6.0496, -3.0753, 160, 160, 160
L 4.5136, 5.9360, -3.0268, 9.8864, 5.8591, 4.2057, 160, 160, 160
L -30.9363, -28.2327, 12.1210, -30.3764, -22.5845, 8.6288, 160, 160, 160
L -29.8529, -17.3046, 5.1969, -27.7550, 3.8558, 12.3472, 160, 160, 160
L 0.6410, 8.0575, 4.8939, 3.6568, 8.2509, 7.7660, 160, 160, 160
L -28.5390, 3.9756, 4.4006, -26.4252, 3.3731, 11.2658, 160, 160, 160
L -27.2596, 3.7157, 12.3472, 10.5884, 6.9170, 4.0456, 160, 160, 160
L 9.7824, -47.0730, 5.3716, 21.5420, -43.9179, -3.4473, 160, 160, 160
L -26.5464, -39.2507, 10.7123, -22.4511, -39.3689, 13.8753, 160, 160, 160
L -6.6466, 5.6654, 16.7656, 0.9097, 6.0548, 15.9338, 160, 160, 160
L 7.1636, 6.3771, 15.7578, 10.5550, 6.5519, 4.0456, 160, 160, 160
L 33.8563, -3.5050, -1.0894, 38.0554, -4.7141, -0.2014, 160, 160, 160
L 13.8121, -73.0027, -3.0848, 23.9152, -53.6269, -4.0878, 160, 160, 160
L 23.3126, 1.3282, 9.4311, 26.2758, 1.2427, 9.8827, 160, 160, 160
L 8.3122, 6.8321, 15.4181, 26.2544, 4.1143, 4.2273, 160, 160, 160
L 37.2668, -42.7119, -3.4478, 54.1392, -32.0900, 4.3221, 160, 160, 160
L 18.0000, -44.6704, -4.9795, 18.0000, -40.6069, -4.9795, 160, 160, 160
L -55.8615, -6.5722, -3.0848, -36.4857, 3.5309, -4.0878, 160, 160, 160
L -22.4020, -44.8905, 10.5132, -22.3648, -40.7331, 14.2587, 160, 160, 160
L -22.0036, -0.3001, -0.2000, -21.9663, 3.8674, -0.5874, 160, 160, 160
L -26.8777, -39.7760, -4.8691, -22.8144, -39.8101, -4.8691, 160, 160, 160
L 18.9632, -40.1604, -4.9795, 23.6832, -40.2000, -4.9795, 160, 160, 160
L -9.8028, -49.5628, 4.2057, -7.4543, -49.2746, 12.1210, 160, 160, 160
L 28.7567, -13.9628, 13.1287, 29.1461, -21.5191, 12.2970, 160, 160, 160
L 29.4777, -27.9527, 12.1210, 29.6316, -30.9402, 4.1015, 160, 160, 160
L -7.4158, -49.5059, 12.1210, -1.9327, -50.0585, 8.6288, 160, 160, 160
L 3.7925, -50.6354, 5.1969, 23.4011, -52.6115, -3.4473, 160, 160, 160
L 39.7200, -39.0017, 7.2741, 41.3907, -41.7870, -0.0127, 160, 160, 160
L 3.7219, 8.3263, 7.7660, 5.0051, 6.6367, 4.1967, 160, 160, 160
L -31.3680, -18.0427, -3.0753, -29.2910, -17.6562, 5.1969, 160, 160, 160
L -10.0134, -49.5503, 4.1015, -7.0258, -49.7043, 12.1210, 160, 160, 160
L -1.0710, -50.0112, 12.2970, 6.4852, -50.4006, 13.1287, 160, 160, 160
L 8.8747, -50.5237, 12.8127, 23.5655, -51.2808, 11.2658, 160, 160, 160
L 10.8842, 6.2760, 4.0761, 25.6929, 3.7765, 11.3170, 160, 160, 160
L -9.8724, -50.9102, -3.0030, -5.1447, -50.5455, 4.1967, 160, 160, 160
L -39.5061, -36.9470, 11.5961, -35.8050, -39.1651, 8.2913, 160, 160, 160
L 0.6399, 8.0760, 4.8939, 4.9389, 8.4174, 4.1967, 160, 160, 160
L 32.5380, -31.3787, 4.1732, 37.2124, -42.6230, 11.3170, 160, 160, 160
L -57.5792, -31.5058, 11.2764, -56.6211, -22.3200, 6.2730, 160, 160, 160
L -3.8597, 7.8059, 5.1969, 0.6414, 8.0454, 4.8939, 160, 160, 160
L 8.3646, -52.4751, 11.7918, 23.3710, -53.2142, 4.6424, 160, 160, 160
L -28.5471, 3.9109, 4.4006, -25.9704, 3.3735, -3.4473, 160, 160, 160
L 39.2823, -37.9941, -0.2014, 41.0935, -41.9708, -1.0894, 160, 160, 160
L 54.5305, -22.2692, 3.8513, 54.9940, -20.1205, -3.0490, 160, 160, 160
L 35.6327, -39.7378, 7.7711, 38.4950, -38.1608, 0.3960, 160, 160, 160
L -27.0580, 2.9634, 4.6424, -3.8626, 5.5996, 5.1969, 160, 160, 160
L 1.5786, 6.2180, 8.6288, 7.0907, 6.8445, 15.7578, 160, 160, 160
L -0.3668, -74.0098, -3.0490, 12.7318, -74.2980, 4.5387, 160, 160, 160
L 22.1127, -42.1730, 3.6659, 28.5590, -30.7658, 4.1732, 160, 160, 160
L 3.4708, -50.0053, 5.1969, 6.9570, -49.5136, -3.0953, 160, 160, 160
L -40.3546, 0.4320, 8.2913, -38.9452, -3.6462, 11.5961, 160, 160, 160
L -29.9608, -29.6430, 11.7813, -24.9678, -44.0903, 3.6659, 160, 160, 160
L -54.9062, -7.7963, 4.1511, -35.1817, 2.2632, 3.8381, 160, 160, 160
L 13.4732, -72.8371, -3.0848, 23.1469, -52.9697, -3.3143, 160, 160, 160
L -56.2828, -32.2236, 4.6500, -56.2011, -22.8385, 3.8513, 160, 160, 160
L 6.5738, -47.0273, 12.1104, 8.5507, -47.7411, 5.3083, 160, 160, 160
L 25.9231, 3.1034, -3.4473, 28.8591, -10.6572, 5.3716, 160, 160, 160
L 35.7622, -43.0110, -4.0878, 36.1867, -45.0008, -4.0878, 160, 160, 160
L -26.3310, 2.7126, 11.2658, -8.8665, 4.9248, 16.4495, 160, 160, 160
L 0.9116, 6.1634, 15.9338, 6.8450, 6.9150, 16.7786, 160, 160, 160
L -9.8023, -50.1593, -3.0030, -4.6309, -50.0785, -3.0268, 160, 160, 160
L 3.2106, -49.9559, -3.0753, 7.0832, -49.8954, -3.0953, 160, 160, 160
L -24.1149, 3.6884, 10.2706, -24.0350, 0.8850, 9.4311, 160, 160, 160
L -22.8554, -40.5050, 14.2587, -22.7404, -44.5418, 9.8350, 160, 160, 160
L -7.2000, 7.0953, -3.0953, -3.7757, 6.6036, 5.1969, 160, 160, 160
L -8.1831, 5.7097, 5.5140, -3.8566, 5.8652, 5.1969, 160, 160, 160
L -7.0035, 6.0000, 15.7473, -2.1608, 6.0000, 8.0006, 160, 160, 160
L -2.1648, 5.6923, 8.0006, 0.8948, 6.2847, 15.9338, 160, 160, 160
L -6.9901, 5.4928, 15.7473, 0.9123, 6.0852, 15.9338, 160, 160, 160
L -32.4828, -30.6505, -3.0030, -32.4020, -25.4791, -3.0268, 160, 160, 160
L -32.2790, -17.6072, -3.0753, -32.2185, -13.7346, -3.0953, 160, 160, 160
L 4.8661, 5.6439, 4.1967, 9.6141, 5.2792, -3.0030, 160, 160, 160
L 22.6223, -0.3633, 10.0333, 25.9829, -0.7161, 14.3336, 160, 160, 160
L 28.5570, -30.0160, 4.2057, 28.8451, -27.6675, 12.1210, 160, 160, 160
L -56.8897, -20.8173, -3.0490, -56.4262, -22.9660, 3.8513, 160, 160, 160
L -36.8266, -43.7434, -3.1597, -31.4386, -32.6577, -4.0878, 160, 160, 160
L 34.7030, -1.1120, -0.4037, 37.8498, -2.1695, 0.3949, 160, 160, 160
L -2.9273, 5.8206, 5.1969, -2.4789, 8.0899, -3.0753, 160, 160, 160
L -2.2029, 7.7149, 8.0006, 0.5973, 8.2883, 4.8939, 160, 160, 160
L -11.4276, -74.0995, 4.6500, 0.9837, -73.9943, 4.9158, 160, 160, 160
L 22.0005, -0.1770, -0.6625, 22.0876, 4.5164, 10.4029, 160, 160, 160
L -26.1865, -39.4823, 14.4440, -22.8259, -39.8350, 10.1436, 160, 160, 160
L -27.5274, -1.4893, 10.4029, -23.0524, -1.5724, -0.2014, 160, 160, 160
L -20.1894, -59.8791, 8.2913, -16.1111, -58.4697, 11.5961, 160, 160, 160
L -37.6362, -3.6903, -0.0293, -34.7111, -2.5713, 0.0864, 160, 160, 160
L -36.9172, -43.5737, 3.6659, -32.3163, -32.1291, 4.1732, 160, 160, 160
L -20.7421, -57.7967, -0.4037, -17.6710, -56.3978, 7.7038, 160, 160, 160
L 55.0692, -18.8679, 3.3821, 55.6715, -7.6291, -3.0953, 160, 160, 160
L 54.4727, -22.3686, 6.2730, 55.3837, -31.5570, 11.2764, 160, 160, 160
L -57.8184, -21.1077, 4.9158, -57.8009, -23.1175, 4.9891, 160, 160, 160
L 5.2976, 6.1368, -3.0268, 5.7211, 8.2681, 4.1967, 160, 160, 160
L -3.4182, 8.1712, -3.0753, 0.6345, 7.9789, 4.8939, 160, 160, 160
L 0.6403, 8.0085, 4.8939, 4.5159, 8.0561, -3.0268, 160, 160, 160
L -3.4171, 8.0637, -3.0753, 4.5111, 7.9190, -3.0268, 160, 160, 160
L 35.0437, -39.1051, -0.5874, 38.9811, -37.3456, -0.2000, 160, 160, 160
L -1.1614, -46.2161, 12.2970, 6.7410, -45.6237, 12.1104, 160, 160, 160
L 28.0000, -18.4596, 8.0006, 28.0000, -13.6169, 12.1104, 160, 160, 160
L -41.6502, -0.2324, -1.0894, -39.7677, -4.3655, 11.5961, 160, 160, 160
L -17.5662, -53.1092, -0.5874, -15.8052, -56.9753, -0.2000, 160, 160, 160
L 37.6871, -42.3443, 3.1945, 54.1913, -31.7311, -3.0135, 160, 160, 160
L -26.0415, 4.1703, -3.4473, -8.7089, 6.7792, -3.0848, 160, 160, 160
L -25.8201, 2.5980, -3.4473, -9.1427, 4.8299, 5.3716, 160, 160, 160
L -27.3785, 0.4402, -0.0127, -23.8866, 0.3841, 0.3949, 160, 160, 160
L 22.2396, -0.3576, -0.6611, 26.2908, -0.4227, -0.5874, 160, 160, 160
L 22.1343, 0.1512, 13.8798, 22.5804, 4.4429, 10.4029, 160, 160, 160
L -26.6361, -44.5793, 12.6665, -24.7577, -43.7487, 11.3170, 160, 160, 160
L -55.3775, -33.6737, 4.3221, -38.5026, -44.2973, -3.4478, 160, 160, 160
L 35.3062, -39.2194, 8.4904, 39.0673, -37.5959, 11.6533, 160, 160, 160
L 16.1989, -55.7365, 12.0368, 16.7579, -51.8662, 12.0230, 160, 160, 160
L -34.1119, 2.8081, 11.2658, -33.4476, -17.2113, 5.1969, 160, 160, 160
L -30.7603, -32.0021, 4.1732, -26.4999, -43.4328, 11.3170, 160, 160, 160
L -34.1785, 2.7862, 11.2658, -32.9665, -21.8197, 12.2970, 160, 160, 160
L -32.6683, -27.8739, 12.1210, -32.5211, -30.8618, 4.1015, 160, 160, 160
L 29.0415, -13.7941, 12.1104, 29.7552, -11.8172, 5.3083, 160, 160, 160
L 16.0495, -56.0177, -0.2014, 16.8467, -51.7214, -1.0894, 160, 160, 160
L -37.6209, -43.0551, 11.3170, -32.5914, -29.7249, 11.7813, 160, 160, 160
L 20.7220, -44.6086, 9.8827, 20.8075, -41.6454, 9.4311, 160, 160, 160
L -0.8829, -18.7078, 22.1896, -0.5114, -24.9094, 20.2845, 160, 160, 160
L 55.5531, -20.9305, 11.2714, 55.8432, -7.7415, 4.5387, 160, 160, 160
L -20.6547, -59.4970, -1.0894, -16.4282, -57.6209, 11.5961, 160, 160, 160
L 29.0963, -13.5759, 12.1104, 29.6887, -21.4783, 12.2970, 160, 160, 160
L -27.5732, -1.1552, 10.4029, -23.2815, -1.6013, 13.7076, 160, 160, 160
L 29.3011, -13.8686, 13.1287, 30.4948, -27.7001, 12.1210, 160, 160, 160
L 35.2087, 2.6828, -3.3143, 55.0203, -7.1047, -3.0848, 160, 160, 160
L 16.0316, -56.2721, -4.9795, 16.8698, -51.7407, -4.9795, 160, 160, 160
L 28.9369, -21.5454, 12.2970, 29.6885, -27.4788, 13.1418, 160, 160, 160
L 14.4151, -72.9841, 4.1511, 24.5014, -53.2070, 3.8381, 160, 160, 160
L -7.8205, -20.7864, 20.2307, -1.4075, -19.0394, 24.4549, 160, 160, 160
L 56.1732, -9.3896, 11.2659, 56.3584, -19.9579, 7.0255, 160, 160, 160
L 39.3884, -38.3907, 12.0368, 41.1501, -41.9039, 7.6130, 160, 160, 160
L 32.5120, -21.4674, 12.2970, 33.1044, -18.4078, 8.0006, 160, 160, 160
L 22.3137, -42.8180, 11.0163, 29.7196, -31.3780, 4.1732, 160, 160, 160
L 21.7546, -42.4590, 11.0163, 29.5155, -28.9331, 11.7813, 160, 160, 160
L -10.8257, -73.7487, 11.2764, -0.0744, -72.4959, 11.2714, 160, 160, 160
L 21.7292, -42.5209, 11.0163, 23.0418, -44.6318, 12.3675, 160, 160, 160
L 25.9542, 2.9411, -3.4473, 26.8615, 4.7886, -4.0878, 160, 160, 160
L 38.6842, -3.2740, 11.6533, 39.8583, 0.6514, 8.4904, 160, 160, 160
L 38.9584, -39.0539, 0.3949, 40.1710, -42.1442, -0.4037, 160, 160, 160
L 25.8433, 2.9174, 11.2658, 27.9035, -12.0923, 11.7918, 160, 160, 160
L -32.7401, -17.3250, 5.1969, -32.2485, -13.8389, -3.0953, 160, 160, 160
L 25.8404, 2.9074, 4.6424, 27.2820, -12.0990, 11.7918, 160, 160, 160
L 19.2850, -44.6249, -0.5874, 19.3502, -40.5737, -0.2000, 160, 160, 160
L 29.5291, -30.3700, -3.0030, 29.6099, -25.1986, -3.0268, 160, 160, 160
L 29.7346, -17.2190, -3.0753, 29.7951, -13.3464, -3.0953, 160, 160, 160
L -34.3551, 2.6543, 4.6424, -33.1676, -11.1158, 5.3716, 160, 160, 160
L -32.8888, -14.3475, 13.1287, -31.7256, -27.8353, 13.1418, 160, 160, 160
L -56.3292, -6.9094, 4.2815, -54.5297, -8.4597, 11.2764, 160, 160, 160
L -34.2354, -21.9961, 12.2970, -33.6959, -28.2471, 12.1210, 160, 160, 160
L 55.8044, -22.7110, 4.9891, 55.8219, -20.7012, 4.9158, 160, 160, 160
L -27.2670, -0.8481, 14.1345, -23.3584, -0.7265, 14.1484, 160, 160, 160
L 23.2853, 0.7242, 9.4311, 26.0885, 0.8114, 10.2706, 160, 160, 160
L -36.5667, -43.7908, -3.1597, -32.1841, -32.6485, -3.0135, 160, 160, 160
L 25.8544, 2.9503, 11.2658, 28.1480, -11.7390, 12.8127, 160, 160, 160
L -33.0497, -13.9494, 12.1104, -32.4572, -21.8518, 12.2970, 160, 160, 160
L -33.0487, -18.6957, 8.0006, -32.4562, -21.7553, 12.2970, 160, 160, 160
L 27.9434, -16.6879, 5.1969, 28.4351, -13.2018, -3.0953, 160, 160, 160
L 28.4184, -12.1440, 5.5140, 28.5739, -16.8309, 5.1969, 160, 160, 160
L -29.6860, -12.0090, 5.3083, -28.9722, -13.9860, 12.1104, 160, 160, 160
L -1.1186, -50.7121, 12.2970, 1.9411, -51.3045, 8.0006, 160, 160, 160
L 27.5013, -13.8568, 12.1104, 27.8191, -17.0621, 5.1969, 160, 160, 160
L 28.3428, -22.3446, 8.6288, 28.9025, -27.9901, 12.1210, 160, 160, 160
L 21.8848, 4.3567, 9.7246, 21.9997, 0.3236, 14.3205, 160, 160, 160
L 28.0392, -18.5586, 8.0006, 28.6316, -21.6183, 12.2970, 160, 160, 160
L -1.0894, -47.0653, 12.2970, 1.9703, -46.4729, 8.0006, 160, 160, 160
L -24.7439, -44.7811, 3.6659, -10.2841, -46.9865, 4.1732, 160, 160, 160
L 37.7028, -42.8134, 11.2764, 54.6324, -32.8936, 4.3221, 160, 160, 160
L -27.4007, -1.7703, -4.9795, -23.0122, -1.8071, -4.9795, 160, 160, 160
L 35.1219, -38.7913, -4.9795, 38.8047, -37.0740, -4.9795, 160, 160, 160
L 29.7532, -30.3572, -3.0030, 30.1179, -25.6295, 4.1967, 160, 160, 160
L -38.1611, -2.7581, 0.3960, -35.2988, -1.1810, 7.7711, 160, 160, 160
L 36.0167, -40.1233, 8.1590, 39.3928, -38.4337, 11.6533, 160, 160, 160
L 36.2207, -41.0030, 7.7711, 38.9424, -39.8282, 7.3195, 160, 160, 160
L 12.0216, -72.1756, 11.2764, 13.5719, -73.9752, 4.2815, 160, 160, 160
L -43.3234, -40.8508, -4.9795, -41.6061, -37.1680, -4.9795, 160, 160, 160
L -34.5634, 2.6702, -3.4473, -32.7987, -12.0532, -3.0848, 160, 160, 160
L -30.8691, -28.1531, 12.1210, -30.5875, -30.5024, 4.2057, 160, 160, 160
L -38.5271, -3.6266, 11.6533, -35.0911, -1.9069, 8.1590, 160, 160, 160
L 28.8843, -16.0000, 5.1969, 33.0384, -16.0000, 5.1969, 160, 160, 160
L -29.4745, -29.4600, 11.7813, -29.1195, -31.5458, 4.1732, 160, 160, 160
L 28.7477, -17.5551, 5.1969, 30.8247, -17.9416, -3.0753, 160, 160, 160
L -2.0330, -73.2174, 3.8513, 0.1157, -73.6808, -3.0490, 160, 160, 160
L -42.9635, -41.0142, 8.4904, -41.1256, -37.3524, 11.6533, 160, 160, 160
L -31.1690, -32.5097, -4.0878, -25.9895, -43.5954, -3.1597, 160, 160, 160
L 18.6022, -55.0808, 7.2741, 18.8047, -51.8392, -0.0127, 160, 160, 160
L 19.2724, -44.3516, 0.0864, 19.4677, -41.2258, -0.0293, 160, 160, 160
L 22.0998, 0.9112, 0.3949, 22.3068, 4.2244, -0.4037, 160, 160, 160
L 25.9604, 3.0312, -3.4473, 29.2312, -11.6922, -3.0848, 160, 160, 160
L 3.5681, -45.9069, 5.1969, 8.2550, -45.7514, 5.5140, 160, 160, 160
L -29.6396, -12.1245, 12.8127, -27.8599, 2.8372, 11.2455, 160, 160, 160
L -23.9929, 0.6324, 0.3960, -23.9409, 3.8702, 0.0864, 160, 160, 160
L -30.3418, -28.3377, 12.1210, -29.2413, -14.4976, 13.1287, 160, 160, 160
L -29.0723, -12.3725, 11.7918, -27.8713, 2.7305, 4.7928, 160, 160, 160
L 25.1917, 3.4301, -3.1597, 27.4869, 3.9291, 4.2502, 160, 160, 160
L -22.0774, -55.0275, -3.4478, -11.4762, -71.8668, 4.3221, 160, 160, 160
L -56.6168, -31.9032, -3.0030, -56.4439, -22.8120, 3.8513, 160, 160, 160
L -56.3957, -20.2759, 7.0255, -56.1947, -9.7079, 11.2659, 160, 160, 160
L -39.6483, -36.6806, -4.9795, -35.2882, -38.7137, -4.9795, 160, 160, 160
L -29.7208, -21.9060, 12.2970, -29.1284, -14.0036, 12.1104, 160, 160, 160
L -22.7925, -54.4297, 3.6659, -11.3479, -49.8288, 4.1732, 160, 160, 160
L 23.0550, -43.1039, -3.1597, 29.7671, -31.9712, -3.0135, 160, 160, 160
L -23.9831, 0.9304, 9.4311, -23.8976, 3.8937, 9.8827, 160, 160, 160
L -27.3940, 1.2201, 9.7246, -24.2850, 1.3087, 9.8154, 160, 160, 160
L -36.6732, -43.0820, 12.3379, -31.9701, -29.9501, 11.7813, 160, 160, 160
L -33.5055, -18.0406, 5.1969, -29.3514, -18.0355, 5.1969, 160, 160, 160
L -9.2027, -18.0111, 20.2511, -1.6628, -18.0020, 24.4549, 160, 160, 160
L -30.3706, -13.7992, -3.0953, -29.8790, -17.2853, 5.1969, 160, 160, 160
L 39.4785, -3.1868, 7.9217, 40.6890, -0.0319, 12.2220, 160, 160, 160
L -43.0044, -40.5218, 12.2220, -41.2644, -37.6251, 7.9217, 160, 160, 160
L 19.4670, -40.2285, 13.7076, 23.7588, -40.6746, 10.4029, 160, 160, 160
L 21.9993, -0.1768, -4.9795, 22.0376, 4.3902, -4.9795, 160, 160, 160
L -22.0000, -44.5627, -4.8691, -22.0000, -40.1741, -4.8691, 160, 160, 160
L 3.5644, -46.9579, 5.1969, 7.0505, -47.4495, -3.0953, 160, 160, 160
L -29.7891, -13.7322, -3.0953, -29.7286, -17.6048, -3.0753, 160, 160, 160
L -29.6039, -25.5851, -3.0268, -29.5231, -30.7565, -3.0030, 160, 160, 160
L 32.4064, -30.6386, 4.1015, 32.5665, -27.6513, 12.1210, 160, 160, 160
L 32.8912, -21.5953, 12.2970, 34.2099, 3.0040, 11.2658, 160, 160, 160
L 38.2864, -3.2676, 11.6533, 39.1993, 0.5608, 8.1590, 160, 160, 160
L -10.2848, -48.6727, 4.1015, -7.2983, -48.5005, 12.1210, 160, 160, 160
L 32.2122, -13.3338, -3.0953, 32.2728, -17.2064, -3.0753, 160, 160, 160
L 32.3958, -25.0791, -3.0268, 32.4766, -30.2505, -3.0030, 160, 160, 160
L 54.4436, -8.5339, 11.2764, 56.2431, -6.9836, 4.2815, 160, 160, 160
L 31.7352, -27.7244, 12.1210, 32.9190, -13.9980, 13.1287, 160, 160, 160
L 33.1976, -10.7672, 5.3716, 34.3852, 3.0029, 4.6424, 160, 160, 160
L 21.2044, -43.8361, -3.4473, 23.0519, -44.7434, -4.0878, 160, 160, 160
L -38.0949, -4.5234, -4.9795, -34.4121, -2.8061, -4.9795, 160, 160, 160
L -10.9869, -50.5605, 4.1732, -8.1737, -50.0817, 11.9728, 160, 160, 160
L -18.4847, -53.4837, 7.7711, -16.9076, -56.3461, 0.3960, 160, 160, 160
L -39.9911, 0.5728, -0.0127, -38.3204, -2.2124, 7.2741, 160, 160, 160
L 56.1923, -22.4543, 3.8513, 56.2718, -31.8394, 4.6500, 160, 160, 160
L -55.8661, -7.9045, 4.5387, -55.6271, -21.1008, 11.2714, 160, 160, 160
L -22.7349, -44.6141, 10.5132, -22.2887, -40.3224, 13.8180, 160, 160, 160
L -26.4716, -41.2537, 9.9931, -23.5084, -41.3392, 9.5415, 160, 160, 160
L -56.0430, -31.6752, 11.2764, -54.7901, -20.9240, 11.2714, 160, 160, 160
L 1.4071, -74.1870, 3.3821, 12.6619, -74.8014, -3.0953, 160, 160, 160
L 37.4006, -1.9937, -0.0293, 38.4236, 0.9663, 0.0864, 160, 160, 160
L 54.4236, -22.4792, 3.8513, 54.5912, -31.5705, -3.0030, 160, 160, 160
L -57.2052, -31.5491, 11.2764, -56.2855, -21.7699, 6.8848, 160, 160, 160
L 32.1118, -31.6203, 4.1732, 36.7126, -43.0648, 3.6659, 160, 160, 160
L 22.2819, -1.3438, 13.9370, 25.8224, -1.2394, 14.7216, 160, 160, 160
L -27.2278, -0.3031, -0.4037, -23.9146, -0.5101, 0.3949, 160, 160, 160
L 17.1908, -56.2762, -4.9795, 21.3943, -57.0873, -0.5874, 160, 160, 160
L 31.2658, -28.7392, 11.9728, 31.7471, -31.5668, 4.1732, 160, 160, 160
L 32.7979, -27.5502, 13.1418, 33.5494, -21.6168, 12.2970, 160, 160, 160
L -42.0800, -41.4921, -0.5874, -40.3018, -37.7844, -4.9795, 160, 160, 160
L 2.9875, -48.8545, -3.0753, 3.3739, -50.9315, 5.1969, 160, 160, 160
L 32.1127, -31.7152, -4.0878, 37.0894, -42.5882, -4.0878, 160, 160, 160
L 31.9393, -11.8996, 5.3083, 32.6531, -13.8765, 12.1104, 160, 160, 160
L 31.6266, -27.8455, 12.1210, 31.9148, -30.1940, 4.2057, 160, 160, 160
L -41.7819, -0.3142, -4.9795, -39.8085, -4.5461, -0.2014, 160, 160, 160
L -17.2900, -52.8372, -4.9795, -15.5727, -56.5200, -4.9795, 160, 160, 160
L -26.3133, -39.7665, -0.9967, -22.2618, -39.8027, -0.6094, 160, 160, 160
L 19.3278, -40.1743, -0.2014, 24.1957, -40.2178, 10.4029, 160, 160, 160
L 32.4838, -21.4971, 12.2970, 33.0763, -13.5947, 12.1104, 160, 160, 160
L 36.5819, -42.5244, 12.3379, 36.8087, -44.7111, 12.5069, 160, 160, 160
L -34.7163, -13.7015, 12.1104, -34.0025, -11.7245, 5.3083, 160, 160, 160
L 31.1905, -32.1472, -4.0878, 36.5785, -43.2330, -3.1597, 160, 160, 160
L 30.8552, -16.6363, -3.0753, 32.9322, -16.2499, 5.1969, 160, 160, 160
L 20.1460, -41.3364, 0.3949, 23.4592, -41.5434, -0.4037, 160, 160, 160
L 18.7191, -44.6835, 10.6019, 18.8372, -40.5881, 13.7649, 160, 160, 160
L 9.4056, -20.4765, 20.8678, 17.3252, -20.8581, 15.8674, 160, 160, 160
L 32.5637, -29.0372, 11.7813, 37.6677, -42.3390, 11.3170, 160, 160, 160
L -39.9846, -38.3300, 0.3949, -36.2966, -40.1338, 8.2913, 160, 160, 160
L 31.7897, -29.4462, 11.7813, 36.4927, -42.5782, 12.3379, 160, 160, 160
L 33.4601, -16.8346, 5.1969, 34.1243, 3.1822, 11.2658, 160, 160, 160
L -9.1686, -18.6346, 20.2511, -2.2168, -18.1823, 22.9409, 160, 160, 160
L -18.3792, -53.3072, 8.4904, -16.7556, -57.0686, 11.6533, 160, 160, 160
L -20.8287, -44.4580, 14.2449, -20.7536, -40.4113, 13.8180, 160, 160, 160
L 36.9495, -44.7183, 12.5069, 37.5863, -42.5369, 11.2764, 160, 160, 160
L -39.5380, -36.5332, -0.2014, -35.2745, -38.5679, 12.0230, 160, 160, 160
L -29.6533, -31.3606, 4.1015, -29.4993, -28.3730, 12.1210, 160, 160, 160
L -29.1676, -21.9366, 12.2970, -28.7782, -14.3803, 13.1287, 160, 160, 160
L 32.8383, -11.7231, -3.0848, 34.6029, 3.0003, -3.4473, 160, 160, 160
L 31.3741, -27.7662, 12.1210, 31.9266, -22.2831, 8.6288, 160, 160, 160
L 32.4945, -16.6480, 5.1969, 34.4759, 3.0134, -3.4473, 160, 160, 160
L 34.3069, -1.4099, -0.0127, 37.5144, -1.9204, 7.2741, 160, 160, 160
L -31.5343, -29.1808, 11.9728, -31.1734, -31.2920, 4.1015, 160, 160, 160
L 31.9846, -32.1413, -3.0135, 36.3672, -43.2836, -3.1597, 160, 160, 160
L -55.4750, -20.6819, -3.0490, -55.1792, -31.9220, -3.0030, 160, 160, 160
L 54.7384, -20.4796, 11.2714, 55.9912, -31.2309, 11.2764, 160, 160, 160
L -57.5939, -19.0947, 5.0549, -57.5495, -21.1142, 4.9158, 160, 160, 160
L 33.6731, 4.7143, 12.5170, 33.9428, 2.6470, 12.2841, 160, 160, 160
L -41.7761, -41.3581, 8.1590, -40.2301, -37.7704, 11.6533, 160, 160, 160
L 32.1846, -13.3855, -3.0953, 32.6762, -16.8717, 5.1969, 160, 160, 160
L 34.0000, -18.4596, 8.0006, 34.0000, -13.6169, 12.1104, 160, 160, 160
L -54.3747, -9.3374, 11.2764, -35.1474, 2.2149, 3.8381, 160, 160, 160
L 17.5170, -44.6013, -0.5874, 17.5605, -40.5968, -4.9795, 160, 160, 160
L -24.4657, -55.3623, 12.5069, -22.2844, -55.9991, 11.2764, 160, 160, 160
L 17.5581, -56.1148, 11.5961, 18.3831, -51.8954, 8.2913, 160, 160, 160
L 32.0648, -25.6094, 4.1967, 32.4295, -30.3372, -3.0030, 160, 160, 160
L -22.1110, 3.4392, 14.7216, -22.0066, -0.1013, 13.7649, 160, 160, 160
L -26.8898, 4.8462, -4.0878, -25.9825, 2.9986, -3.4473, 160, 160, 160
L -33.6998, -18.1413, 5.1969, -31.6228, -18.5278, -3.0753, 160, 160, 160
L -30.0906, -25.9831, 4.1967, -29.7259, -30.7108, -3.0030, 160, 160, 160
L -41.1170, -41.7926, 7.7711, -39.7872, -39.1431, 7.3195, 160, 160, 160
L -31.8259, -32.0300, 4.1732, -31.3447, -29.2027, 11.9728, 160, 160, 160
L -28.3295, -11.4884, 5.3716, -25.9830, 2.2967, -3.4473, 160, 160, 160
L -7.3044, -49.5556, 12.1210, 6.3946, -50.7371, 13.1287, 160, 160, 160
L 9.6518, -51.0180, 5.3716, 23.4219, -52.2056, 4.6424, 160, 160, 160
L -54.8898, -8.4902, 11.2764, -35.8828, 3.4453, 11.5869, 160, 160, 160
L -34.7958, -13.9264, 12.1104, -34.4780, -17.1318, 5.1969, 160, 160, 160
L -33.9189, -22.7708, 8.6288, -33.3752, -28.2548, 12.1210, 160, 160, 160
L 37.6671, -42.7488, 11.2764, 55.4175, -32.1827, 11.2659, 160, 160, 160
L -1.8014, -17.8114, 22.9409, 0.4387, -11.1878, 21.9300, 160, 160, 160
L 33.4226, 4.3831, -4.0878, 34.8892, 2.7140, -3.3143, 160, 160, 160
L 35.9400, 3.8154, -4.0878, 55.3158, -6.2877, -3.0848, 160, 160, 160
L -1.4813, -18.0769, 24.4549, -0.5162, -24.8949, 20.2845, 160, 160, 160
L -36.8543, -45.1505, 12.5069, -36.6275, -42.9638, 12.3379, 160, 160, 160
L -24.0054, 0.7766, -0.0293, -23.7833, 3.9006, 0.0864, 160, 160, 160
L 34.6342, 2.5423, 3.8381, 54.3590, -7.5172, 4.1511, 160, 160, 160
L 34.6145, 2.5350, 3.8381, 53.8418, -9.0172, 11.2764, 160, 160, 160
L -39.8198, 0.9737, -0.0127, -38.3685, -2.2956, 7.2741, 160, 160, 160
L 35.3550, 3.7767, 11.5869, 54.3620, -8.1587, 11.2764, 160, 160, 160
L -39.5937, -37.4214, 12.0368, -35.9999, -38.9631, 12.0230, 160, 160, 160
L 17.2997, -57.1001, 11.6533, 20.8045, -57.6120, 12.6101, 160, 160, 160
L -9.6932, -47.1706, 4.2057, -7.3447, -47.4588, 12.1210, 160, 160, 160
L 11.5940, -71.7973, 11.2764, 23.5294, -52.7903, 11.5869, 160, 160, 160
L 35.5491, 4.1002, 11.5869, 54.5358, -7.4698, 12.2972, 160, 160, 160
L -55.6102, -7.0570, -3.0848, -35.7427, 2.6167, -3.3143, 160, 160, 160
L -7.4966, -46.7983, 12.1210, 6.3704, -45.6254, 13.1287, 160, 160, 160
L 55.7775, -9.5958, 11.2659, 56.6387, -6.9598, 4.2815, 160, 160, 160
L 55.6387, -20.3550, 11.2714, 57.3186, -31.5445, 12.2972, 160, 160, 160
L 3.6203, -50.1477, 5.1969, 23.4940, -50.8071, 12.2841, 160, 160, 160
L 55.1892, -31.5417, -3.0030, 55.4850, -20.3017, -3.0490, 160, 160, 160
L -7.6568, -46.9846, 12.1210, -1.8916, -46.4131, 8.6288, 160, 160, 160
L 3.2772, -45.9006, 5.1969, 6.4826, -45.5828, 12.1104, 160, 160, 160
L -22.1004, 0.1947, 10.0333, -21.7477, 3.5553, 14.3336, 160, 160, 160
L 22.2795, 0.0000, -4.9795, 26.3430, 0.0000, -4.9795, 160, 160, 160
L -33.9547, -30.3971, 4.2057, -33.6665, -28.0486, 12.1210, 160, 160, 160
L 56.2446, -21.3344, 6.8848, 57.1642, -31.1136, 11.2764, 160, 160, 160
L 8.8980, -47.1718, 12.8127, 21.5774, -44.6169, 11.2658, 160, 160, 160
L 20.5715, -41.4308, 9.8154, 23.6805, -41.3422, 9.7246, 160, 160, 160
L -34.0000, -18.8530, 8.0006, -34.0000, -14.0102, 12.1104, 160, 160, 160
L -26.0268, -38.7840, 14.8320, -22.4864, -38.6796, 13.8753, 160, 160, 160
L -27.3089, -0.8385, -0.0127, -24.0785, -0.5014, 9.3856, 160, 160, 160
L -28.5875, -17.2401, 5.1969, -28.4320, -12.5531, 5.5140, 160, 160, 160
L -54.8247, -32.7809, 4.3221, -37.8951, -42.7007, 11.2764, 160, 160, 160
L -10.8323, -46.8446, 4.1732, -8.1001, -47.3116, 11.9728, 160, 160, 160
L -37.5189, -42.7679, 11.2764, -36.8821, -44.9492, 12.5069, 160, 160, 160
L -11.2299, -74.4928, 12.2972, -0.0405, -72.8130, 11.2714, 160, 160, 160
L 1.9566, -46.0000, 8.0006, 6.7994, -46.0000, 12.1104, 160, 160, 160
L 17.2571, -56.1144, 11.5961, 18.4418, -51.9653, 8.2913, 160, 160, 160
L -17.5824, -53.3499, 12.2220, -16.4818, -56.5447, 7.9217, 160, 160, 160
L 38.2543, -2.4173, 0.3960, 38.8860, 0.7891, 7.7711, 160, 160, 160
L -10.8444, -73.5218, 11.2764, -1.5601, -72.5533, 6.2730, 160, 160, 160
L 17.1790, -57.8621, -4.9795, 21.1808, -58.5678, -4.9795, 160, 160, 160
L -24.3120, 3.8232, 9.8827, -24.0923, 0.5626, 0.3960, 160, 160, 160
L 18.1683, -55.1468, 7.7038, 18.6209, -52.0696, 7.6130, 160, 160, 160
L -22.4755, -54.2781, -4.0878, -11.6025, -49.3015, -4.0878, 160, 160, 160
L 38.4813, -3.2065, -4.9795, 39.5330, 0.7186, -4.9795, 160, 160, 160
L -8.2530, -48.3117, 12.4574, -1.9859, -48.0965, 13.2873, 160, 160, 160
L -29.7453, -27.9269, 13.1418, -28.9937, -21.9935, 12.2970, 160, 160, 160
L 39.3079, -37.9830, -0.2014, 41.1873, -42.1034, -4.9795, 160, 160, 160
L -24.5112, -43.8422, 11.3170, -8.7032, -47.2242, 11.7813, 160, 160, 160
L 34.2549, -1.9731, 7.6130, 37.2809, -2.6921, 7.7038, 160, 160, 160
L -20.2200, -59.3623, 12.0230, -16.7244, -57.6093, 12.0368, 160, 160, 160
L -17.9954, -53.4180, 8.1590, -16.2967, -56.8121, 11.6533, 160, 160, 160
L -28.7227, -22.0887, 12.2970, -28.1302, -19.0290, 8.0006, 160, 160, 160
L -20.0504, -59.4314, -0.4037, -16.9601, -58.2188, 0.3949, 160, 160, 160
L 17.3706, -56.6769, 11.6533, 21.3835, -57.5045, 8.4904, 160, 160, 160
L 3.9999, -50.8903, 5.1969, 3.9999, -48.8133, 5.1969, 160, 160, 160
L 40.5298, -37.6765, 11.5961, 41.9392, -41.7547, 8.2913, 160, 160, 160
L -26.1569, -40.8329, 10.3810, -23.3537, -40.7457, 9.5415, 160, 160, 160
L 19.6438, -39.4084, 14.1484, 23.5524, -39.2868, 14.1345, 160, 160, 160
L -57.3871, -32.0009, 12.2972, -55.7072, -20.8115, 11.2714, 160, 160, 160
L 36.3095, -40.7301, -0.3129, 39.0171, -39.5201, -0.0293, 160, 160, 160
L 21.6672, 4.3341, -0.0127, 22.0043, 1.1037, 9.3856, 160, 160, 160
L 11.0159, -73.0309, 11.2659, 13.6520, -73.8921, 4.2815, 160, 160, 160
L -31.5375, -32.6627, -4.0878, -26.7694, -43.5357, -4.0878, 160, 160, 160
L -23.3506, -53.9457, -3.1597, -9.6660, -48.6947, 12.7996, 160, 160, 160
L 8.0384, -45.2924, 11.7918, 21.5908, -42.8495, 4.6424, 160, 160, 160
L 18.3165, -56.1352, -0.0293, 21.3545, -56.8964, 0.0864, 160, 160, 160
L -6.9901, -49.5141, 13.1418, -1.0566, -50.2657, 12.2970, 160, 160, 160
L 8.2640, -51.4464, -3.0848, 22.9752, -53.3098, -3.4473, 160, 160, 160
L 38.5401, -3.4206, -4.9795, 39.6941, 0.6249, -0.5874, 160, 160, 160
L -26.4524, -44.9872, 12.6665, -25.6218, -43.1089, 11.3170, 160, 160, 160
L 19.1319, -40.6065, 13.7649, 19.2381, -44.4400, 10.2706, 160, 160, 160
L -1.6431, -17.9289, 24.4549, 7.9440, -19.0129, 20.0058, 160, 160, 160
L 33.9076, -3.1650, -4.9795, 38.1858, -4.3499, -4.9795, 160, 160, 160
L -22.0575, -54.6362, 12.3379, -8.9255, -49.9332, 11.7813, 160, 160, 160
L 23.1026, 0.3625, -0.0293, 26.2266, 0.1404, 0.0864, 160, 160, 160
L -30.0000, -18.8530, 8.0006, -30.0000, -14.0102, 12.1104, 160, 160, 160
L -22.3301, -54.7676, 11.3170, -11.0858, -50.0931, 4.1732, 160, 160, 160
L 20.3714, -40.1025, 9.3856, 23.6018, -39.7654, -0.0127, 160, 160, 160
L 19.4714, -44.4043, 14.3336, 19.8241, -41.0437, 10.0333, 160, 160, 160
L -37.7905, -4.5571, 7.9217, -34.5957, -3.4565, 12.2220, 160, 160, 160
L -18.1286, -53.3701, 0.0864, -17.0096, -56.2953, -0.0293, 160, 160, 160
L -28.8133, -12.2629, -3.0848, -26.0002, 2.4605, -3.4473, 160, 160, 160
L -21.2126, -40.5711, -0.6108, -21.1342, -44.5856, -0.8287, 160, 160, 160
L -23.2035, -56.3592, 3.1945, -12.5902, -72.8633, -3.0135, 160, 160, 160
L -0.0150, -72.0063, 11.2714, 11.0216, -72.1542, 11.2659, 160, 160, 160
L -41.4422, -41.6256, 0.0864, -39.9207, -38.8881, -0.0293, 160, 160, 160
L -33.5081, -21.9430, 12.2970, -32.7565, -27.8764, 13.1418, 160, 160, 160
L -37.3229, -43.0984, -4.0878, -32.3463, -32.2255, -4.0878, 160, 160, 160
L -38.2443, -45.0594, -4.0878, -37.8197, -43.0697, -4.0878, 160, 160, 160
L -37.4239, -43.1317, 11.3170, -32.7494, -31.8874, 4.1732, 160, 160, 160
L -38.5444, -3.5674, 11.6533, -34.7829, -1.9438, 8.4904, 160, 160, 160
L -34.4415, 2.6727, -3.4473, -32.9604, -12.0247, -3.0848, 160, 160, 160
L -34.0014, 2.1975, 12.2841, -33.7317, 4.2648, 12.5170, 160, 160, 160
L -8.0652, -19.9034, 20.2307, -2.2458, -18.7728, 22.1896, 160, 160, 160
L -32.4626, -30.7657, -3.0030, -32.0978, -26.0380, 4.1967, 160, 160, 160
L 18.8379, -54.9372, 7.7454, 21.4970, -55.4856, 8.1590, 160, 160, 160
L -38.3586, -4.2080, -0.2000, -34.6125, -2.5104, -0.5874, 160, 160, 160
L 9.7561, -47.0218, 5.3716, 22.0607, -44.0668, 4.6424, 160, 160, 160
L -26.4213, -40.2275, 0.1968, -23.2973, -40.4497, 0.0810, 160, 160, 160
L -55.6056, -32.0708, 11.2659, -37.8551, -42.6369, 11.2764, 160, 160, 160
L 33.8817, -3.8496, 12.0230, 37.6886, -4.7438, 12.0368, 160, 160, 160
L -35.2974, 2.2497, -3.3143, -33.8307, 3.9187, -4.0878, 160, 160, 160
L -55.0672, -7.7935, 12.2972, -36.0804, 3.7765, 11.5869, 160, 160, 160
L -56.5697, -7.1709, 4.2815, -55.7086, -9.8070, 11.2659, 160, 160, 160
L -24.8267, -45.0421, -4.0878, -11.6730, -48.6443, -4.0878, 160, 160, 160
L 9.4270, -19.9216, 20.8678, 18.3239, -19.8470, 16.4841, 160, 160, 160
L -55.6519, -7.9947, -3.0953, -55.0495, -19.2340, 3.3821, 160, 160, 160
L -55.4399, -33.3059, -3.0135, -38.9357, -43.9192, 3.1945, 160, 160, 160
L -22.8107, -44.3718, -0.2933, -22.6037, -41.0586, 0.5052, 160, 160, 160
L 12.5181, -72.3661, 11.2764, 24.2296, -52.8738, 11.5869, 160, 160, 160
L 8.3797, -52.3595, 11.7918, 23.3865, -52.9348, 11.2658, 160, 160, 160
L 17.6304, -57.0654, 7.9217, 20.8787, -57.9963, 12.2220, 160, 160, 160
L -28.7108, -21.5179, 12.7870, -17.9395, -21.7000, 15.8471, 160, 160, 160
L -1.1481, -46.1202, 12.2970, 6.4082, -45.7308, 13.1287, 160, 160, 160
L -7.0972, -47.2666, 13.1418, -1.1638, -46.5150, 12.2970, 160, 160, 160
L -25.0649, -44.6792, -3.1597, -11.6984, -48.6927, -4.0878, 160, 160, 160
L -9.9945, -47.8497, -3.0030, -4.8231, -47.9305, -3.0268, 160, 160, 160
L 3.1867, -48.0556, -3.0753, 7.0593, -48.1162, -3.0953, 160, 160, 160
L -22.1011, -55.3664, 11.3170, -8.7710, -50.3369, 11.7813, 160, 160, 160
L 35.4512, -38.5557, 12.2220, 38.6461, -37.4551, 7.9217, 160, 160, 160
L -9.9234, -47.3771, -3.0030, -5.1957, -47.7418, 4.1967, 160, 160, 160
L 4.0001, -46.7363, 5.1969, 4.0001, -48.8133, 5.1969, 160, 160, 160
L 3.1261, -48.7978, -3.0753, 3.5125, -46.7208, 5.1969, 160, 160, 160
L 8.8111, -47.3701, -3.0848, 21.5246, -43.8380, -3.4473, 160, 160, 160
L -24.8753, -43.9628, -3.1597, -11.2552, -46.6981, -3.0135, 160, 160, 160
L 17.4868, -55.3952, 0.3949, 18.2660, -52.1683, -0.4037, 160, 160, 160
L 6.6334, -50.7643, 12.1104, 8.6103, -50.0505, 5.3083, 160, 160, 160
L 34.2357, -1.5329, 8.2913, 38.1250, -2.6528, 7.8644, 160, 160, 160
L -1.0602, -50.0608, 12.2970, 6.8422, -50.6532, 12.1104, 160, 160, 160
L -22.3711, -55.3473, -3.1597, -11.2854, -49.9593, -4.0878, 160, 160, 160
L -24.5259, -54.3133, -4.0878, -22.5361, -53.8888, -4.0878, 160, 160, 160
L 18.1894, -56.2709, 0.3960, 21.4386, -56.6208, 7.7711, 160, 160, 160
L -24.2807, -54.7971, 12.5069, -22.0940, -54.5703, 12.3379, 160, 160, 160
L -3.5144, -24.7951, 20.2845, -2.5480, -17.9771, 24.4549, 160, 160, 160
L -20.4070, -59.8680, -4.9795, -16.0954, -57.9012, -0.2014, 160, 160, 160
L 23.0190, -51.4548, 12.2841, 25.0863, -51.1852, 12.5170, 160, 160, 160
L 1.9566, -52.0000, 8.0006, 6.7994, -52.0000, 12.1104, 160, 160, 160
L 22.2554, -0.6421, 13.9370, 26.3507, -0.7603, 10.6019, 160, 160, 160
L -22.9062, -55.8530, 11.2764, -12.9863, -72.7826, 4.3221, 160, 160, 160
L -22.6868, -55.7298, 11.2764, -12.1207, -73.4803, 11.2659, 160, 160, 160
L 23.8652, -53.5775, -3.3143, 25.5343, -52.1109, -4.0878, 160, 160, 160
L 15.0421, -73.4073, -4.0878, 24.6380, -53.9835, -4.0878, 160, 160, 160
L -11.0787, -74.2240, -3.0030, -1.9875, -74.0512, 3.8513, 160, 160, 160
L 0.5647, -74.0026, 7.0255, 11.1327, -73.8017, 11.2659, 160, 160, 160
L -11.1436, -73.7323, -3.0030, 0.0964, -74.0282, -3.0490, 160, 160, 160
L -0.9616, -18.2565, 22.1896, 7.9012, -20.3172, 20.2511, 160, 160, 160
L 40.7370, -37.5463, 11.5961, 42.3791, -41.2456, 12.0230, 160, 160, 160
L -39.4952, -39.2622, 7.2741, -36.4250, -40.3220, -0.0127, 160, 160, 160
L -39.1906, -37.8675, 0.3949, -36.2753, -39.4553, -0.4037, 160, 160, 160
L 23.0399, -0.4523, 0.3960, 26.3006, -0.2326, 9.8827, 160, 160, 160
L 18.4333, -19.2897, 16.4841, 27.9152, -20.8686, 13.3315, 160, 160, 160
L 17.0150, -20.0894, 15.6221, 27.6143, -22.4023, 13.3315, 160, 160, 160
L -2.1513, -17.9883, 24.4549, -0.4993, -10.9216, 21.9300, 160, 160, 160
L -28.7014, -22.8123, 12.7870, -18.9075, -22.5380, 16.4637, 160, 160, 160
L 7.5718, -21.7966, 20.2511, 17.1294, -21.5290, 15.8674, 160, 160, 160
L -1.6420, -17.9827, 24.4549, 9.4485, -19.8969, 20.8678, 160, 160, 160
L -1.5635, -18.1470, 24.4549, 0.9760, -12.4852, 21.3133, 160, 160, 160
L -3.4987, -24.8683, 20.2845, -3.1258, -18.6667, 22.1896, 160, 160, 160
L -1.6979, -18.2268, 24.4549, 7.7585, -20.9039, 20.2511, 160, 160, 160
L -22.0128, -0.1268, 13.7649, -21.8947, 3.9685, 10.6019, 160, 160, 160
L -21.8391, -41.2320, 9.4960, -21.5020, -44.4624, 0.0976, 160, 160, 160
L -22.0000, 3.9705, -4.9795, -22.0000, -0.0930, -4.9795, 160, 160, 160
L 34.0265, -2.3104, 8.2913, 38.0565, -3.8522, 11.5961, 160, 160, 160
L -26.5050, -39.8718, 9.9931, -23.2444, -39.6521, 0.5064, 160, 160, 160
L -26.5559, -40.2290, -0.9967, -22.4372, -39.9018, -4.8691, 160, 160, 160
L -20.4263, -58.8965, -0.0127, -17.6410, -57.2258, 7.2741, 160, 160, 160
L 18.6356, -55.3219, 7.3195, 21.4100, -55.7323, 8.1590, 160, 160, 160
L 18.8233, -41.3684, 0.3960, 19.0430, -44.6291, 9.8827, 160, 160, 160
L -40.4299, 0.3129, 12.0230, -38.6769, -3.1827, 12.0368, 160, 160, 160
L -40.8159, -0.0130, -0.4037, -39.6033, -3.1033, 0.3949, 160, 160, 160
L -41.7835, -41.4967, 7.7711, -40.6046, -38.4487, 0.3960, 160, 160, 160
L -39.5677, -39.5502, 7.7038, -36.7126, -40.7839, 7.6130, 160, 160, 160
P -0, 68, 0, 0, 200, 255, 1, Spiken's_Maps_-_github.com/spik3n/EQL_Map_pack
