P 10926.13, -1161.865, 0, 255, 255, 0, 2, Alzekar_Kerda
P 9246.13, 3809.135, 0, 255, 255, 0, 2, Anderia
P 399.13, 146.135, 0, 255, 255, 0, 2, Brellsan_Tarn
P 1555.13, 97.135, 0, 255, 255, 0, 2, Brother_Chintle
P 1528.13, 81.135, 0, 255, 255, 0, 2, Brother_Estle
P 1511.13, 97.135, 0, 255, 255, 0, 2, Brother_Trintle
P 13361.13, -1255.865, 0, 255, 255, 0, 2, Caninel
P 9118.13, 743.135, 0, 255, 255, 0, 2, Chief_Goonda
P 8768.13, 1297.135, 0, 255, 255, 0, 2, Choon
P 2086.13, 3887.135, 0, 255, 255, 0, 2, Einhorst_McMannus
P 8708.13, 1351.135, 0, 255, 255, 0, 2, Froon
P 2226.13, 3616.135, 0, 255, 255, 0, 2, Frostbite
P 4978.13, 3363.135, 0, 255, 255, 0, 2, Furball_Miller
P 80.13, 131.135, 0, 255, 255, 0, 2, Gomo_Limerin
P 75.93, 144.035, 0, 255, 255, 0, 2, Grebin_Sneztop
P 64.93, 152.035, 0, 255, 255, 0, 2, Habastash_Gikin
P 2160.13, 3687.135, 0, 255, 255, 0, 2, Junth_McMannus
P 51.33, 152.035, 0, 255, 255, 0, 2, Kobot_Dellin
P 2429.13, 610.135, 0, 255, 128, 0, 2, Konia_Swiftfoot
P 40.33, 144.035, 0, 255, 255, 0, 2, Kyle_Rinlin
P 36.13, 131.135, 0, 255, 255, 0, 2, Lander_Billkin
P 2341.13, -912.865, 0, 255, 255, 0, 2, Larkin_Tolman
P 2198.13, 4196.135, 0, 255, 255, 0, 2, Lars_McMannus
P 5566.13, 3982.135, 0, 255, 255, 0, 2, Lempeck_Hargrin
P 7634.13, 3824.135, 0, 255, 255, 0, 2, Linaya_Sowlin
P 2297.13, -912.865, 0, 255, 255, 0, 2, Lukas_Hergo
P 10910.63, -1162.865, 0, 255, 128, 0, 2, Maligar
P 14805.13, 3436.135, 0, 255, 255, 0, 2, Melaara_Tenwinds
P 7683.13, 3821.135, 0, 255, 255, 0, 2, Minda
P 1991.13, 3752.135, 0, 255, 255, 0, 2, Mistrana_Two_Notes
P 1895.13, -764.865, 0, 255, 255, 0, 2, Misty_Storyswapper
P 7354.13, -1275.865, 0, 255, 255, 0, 2, Mystik
P 10931.13, -1106.865, 0, 255, 255, 0, 2, Nenika_Lightfoot
P 1363.13, 2576.135, 0, 255, 255, 0, 2, Oobnopterbevny_Biddilets
P 40.33, 118.235, 0, 255, 255, 0, 2, Parcil_Vinder
P 51.33, 110.235, 0, 255, 255, 0, 2, Quegin_Hadder
P 13393.13, 3073.135, 0, 255, 128, 0, 2, Renux_Herkanor
P 9280.13, 3790.135, 0, 255, 255, 0, 2, Rongol
P 64.93, 110.235, 0, 255, 255, 0, 2, Ronly_Jogmill
P 15160.13, 4324.135, 0, 255, 255, 0, 2, Ryshon_Hunsti
P 4269.13, 2493.135, 0, 255, 255, 0, 2, Scary_Miller
P 5859.13, 2823.135, 0, 255, 255, 0, 2, Sonagin_Fartide
P 5536.13, 2349.135, 0, 255, 255, 0, 2, Tarnic_McWillows
P 10866.63, -1162.865, 0, 255, 255, 0, 2, Thurgen_Thunderhead
P 5420.13, 2523.135, 0, 255, 255, 0, 2, Tiny_Miller
P 75.93, 118.235, 0, 255, 255, 0, 2, Tolony_Marle
P 1076.13, 72.135, 0, 255, 128, 0, 2, Trigger
P 7666.13, 3770.135, 0, 255, 255, 0, 2, Tukk
P 2343.13, 3877.135, 0, 255, 255, 0, 2, Ulrich_McMannus
P 6686.13, -82.865, 0, 255, 128, 0, 2, Vilnius_the_Small
P 15066.13, -1256.865, 0, 255, 255, 0, 2, Yiz_Pon
P 4260.13, 774.135, 0, 255, 255, 0, 2, Sir_Arlindo_Goldheart
P 12558.13, -1177.865, 0, 255, 255, 0, 2, Yuanda

P 15872.997, 1476.152, 10.4735,  150, 0, 200,  3,  to_The_Northern_Plains_of_Karana
