L 514.9180, -39.2738, 39.6259,  508.6573, -39.3177, 39.6259, 160, 160, 160
L 508.6567, -35.1912, 39.6259,  514.9180, -35.1176, 39.6259, 160, 160, 160
L 508.6573, -39.3177, 39.6259,  508.6567, -35.1912, 39.6259, 160, 160, 160
L 514.9180, -35.1176, 39.6259,  514.9180, -39.2738, 39.6259, 160, 160, 160
L 30.3125, -111.8251, 0.6260,  39.6561, -111.8114, 0.6260, 160, 160, 160
L 2.3750, -114.2811, 0.6260,  30.2546, -114.2813, 0.6260, 160, 160, 160
L 127.5625, -95.9624, 0.6259,  127.8422, -155.9977, 0.6260, 160, 160, 160
L 68.3410, -95.9241, 0.6195,  127.5625, -95.9624, 0.6259, 160, 160, 160
L 68.3439, -109.9277, 0.6260,  68.3410, -95.9241, 0.6195, 160, 160, 160
L 56.3436, -111.5938, 0.6260,  56.3271, -109.5938, 0.5876, 160, 160, 160
L 53.5938, -111.5938, 0.6260,  53.5938, -109.5936, 0.6260, 160, 160, 160
L 56.3271, -109.5938, 0.6260,  53.5938, -109.5936, 0.6260, 160, 160, 160
L 56.7820, -86.3273, 0.5812,  55.9228, -109.5938, 0.6260, 160, 160, 160
L 53.5938, -86.3503, 0.6260,  56.7820, -86.3273, 0.5812, 160, 160, 160
L 53.5938, -83.9928, 0.6260,  53.5938, -86.3503, 0.6260, 160, 160, 160
L 42.3361, -83.8932, 0.6065,  53.5938, -83.9928, 0.6260, 160, 160, 160
L 30.3759, -28.1220, 0.6260,  39.5938, -28.3380, 0.6260, 160, 160, 160
L 27.6250, -109.5938, 0.6260,  30.2437, -109.5936, 0.6260, 160, 160, 160
L 27.6250, -111.5938, 0.6260,  27.6250, -109.5938, 0.6260, 160, 160, 160
L 16.3750, -109.5938, 0.6260,  16.3750, -111.5938, 0.6260, 160, 160, 160
L 14.1349, -86.3436, 0.6260,  14.1120, -109.5938, 0.6260, 160, 160, 160
L 16.3755, -86.3436, 0.6260,  14.1349, -86.3436, 0.6260, 160, 160, 160
L 42.9890, -30.3517, 0.5563,  42.3490, -55.5938, 0.6113, 160, 160, 160
L 41.9283, -83.5936, 0.6260,  41.8941, -58.3344, 0.6260, 160, 160, 160
L 39.7012, -58.2316, 0.6260,  39.6666, -58.1910, 0.6260, 160, 160, 160
L 30.2546, -114.2813, 0.6260,  30.2437, -109.5936, 0.6260, 160, 160, 160
L 2.3750, -193.5625, 0.6260,  2.3750, -114.2811, 0.6260, 160, 160, 160
L 67.5938, -193.5625, 0.6260,  2.3750, -193.5625, 0.6260, 160, 160, 160
L 67.7488, -147.6337, 0.6260,  67.5938, -193.5625, 0.6260, 160, 160, 160
L 72.3960, -147.5691, 0.6260,  67.7488, -147.6337, 0.6260, 160, 160, 160
L 72.3435, -151.5625, 0.6260,  72.3960, -147.5691, 0.6260, 160, 160, 160
L 121.5625, -151.5625, 0.6260,  72.3435, -151.5625, 0.6260, 160, 160, 160
L 121.5625, -114.3435, 0.6260,  121.5625, -151.5625, 0.6260, 160, 160, 160
L 105.7236, -114.2526, 0.6260,  121.5625, -114.3435, 0.6260, 160, 160, 160
L 105.8692, -109.6072, 0.6260,  105.7236, -114.2526, 0.6260, 160, 160, 160
L 121.5625, -109.5938, 0.6260,  105.8692, -109.6072, 0.6260, 160, 160, 160
L 121.5625, -100.3435, 0.6260,  121.5625, -109.5938, 0.6260, 160, 160, 160
L 72.3436, -100.3436, 0.6260,  121.5625, -100.3435, 0.6260, 160, 160, 160
L 72.3436, -109.5938, 0.6260,  72.3436, -100.3436, 0.6260, 160, 160, 160
L 96.1367, -109.6333, 0.6260,  72.3436, -109.5938, 0.6260, 160, 160, 160
L 96.2184, -114.2485, 0.6260,  96.1367, -109.6333, 0.6260, 160, 160, 160
L 72.3436, -114.3436, 0.6260,  96.2184, -114.2485, 0.6260, 160, 160, 160
L 72.9380, -138.2909, 0.6260,  72.3436, -114.3436, 0.6260, 160, 160, 160
L 67.8053, -138.3514, 0.6260,  72.9380, -138.2909, 0.6260, 160, 160, 160
L 67.5938, -114.3431, 0.6260,  67.8053, -138.3514, 0.6260, 160, 160, 160
L 39.5938, -114.1684, 0.6260,  67.5938, -114.3431, 0.6260, 160, 160, 160
L 39.5938, -109.5936, 0.6260,  42.3436, -109.5938, 0.6260, 160, 160, 160
L 39.5938, -114.1684, 0.6260,  39.5938, -109.5936, 0.6260, 160, 160, 160
L 42.3436, -109.5938, 0.6260,  42.3436, -111.5938, 0.6260, 160, 160, 160
L 69.5938, -111.5936, 0.6260,  42.3436, -111.5938, 0.6260, 160, 160, 160
L 69.6295, -97.8087, 0.6260,  69.5938, -111.5936, 0.6260, 160, 160, 160
L 126.3950, -97.5230, 0.6260,  69.6295, -97.8087, 0.6260, 160, 160, 160
L 126.1062, -154.2724, 0.6260,  126.3950, -97.5230, 0.6260, 160, 160, 160
L 70.3438, -154.3125, 0.6260,  126.1062, -154.2724, 0.6260, 160, 160, 160
L 70.4980, -196.2724, 0.6260,  70.3438, -154.3125, 0.6260, 160, 160, 160
L -0.2481, -196.1873, 0.6260,  70.4980, -196.2724, 0.6260, 160, 160, 160
L -0.3358, -111.8020, 0.6260,  -0.2481, -196.1873, 0.6260, 160, 160, 160
L 27.6250, -111.5936, 0.6260,  -0.3358, -111.8020, 0.6260, 160, 160, 160
L 14.2550, -57.8012, -0.3740,  27.6372, -55.8168, -0.3740, 160, 160, 160
L 2.9390, -53.7498, -0.3740,  14.2550, -57.8012, -0.3740, 160, 160, 160
L 0.2309, -50.2569, -0.3734,  2.9390, -53.7498, -0.3740, 160, 160, 160
L -36.2167, -91.8340, 0.6260,  0.3308, -50.3826, -0.3740, 160, 160, 160
L -26.1462, -110.2156, 0.6260,  -36.2167, -91.8340, 0.6260, 160, 160, 160
L -16.1721, -195.6379, 0.6260,  -26.1462, -110.2156, 0.6260, 160, 160, 160
L -28.1590, -223.7302, 0.6260,  -16.1721, -195.6379, 0.6260, 160, 160, 160
L -4.1669, -226.2367, 0.6260,  -28.1590, -223.7302, 0.6260, 160, 160, 160
L -3.6196, -225.9851, -2.3431,  85.5416, -236.1884, -2.3635, 160, 160, 160
L 0.2879, -293.4066, -0.2646,  -3.6078, -226.1865, -2.3370, 160, 160, 160
L 168.1783, -182.7990, 78.8763,  182.1484, -153.5483, 78.6587, 160, 160, 160
L 170.1235, -186.1256, 81.8516,  168.1783, -182.7990, 78.8763, 160, 160, 160
L 129.7021, -225.8676, 72.6496,  170.1235, -186.1256, 81.8516, 160, 160, 160
L 125.7052, -224.2940, 70.8348,  129.7021, -225.8676, 72.6496, 160, 160, 160
L 85.9548, -236.1012, 70.7514,  125.7052, -224.2940, 70.8348, 160, 160, 160
L 231.5620, -173.4560, 177.1082,  213.1522, -151.6088, 102.2548, 160, 160, 160
L 293.4406, -196.1402, 178.9992,  231.5620, -173.4560, 177.1082, 160, 160, 160
L 279.2196, -265.9501, 161.5635,  293.4406, -196.1402, 178.9992, 160, 160, 160
L 209.9741, -321.3405, 161.5635,  279.2196, -265.9501, 161.5635, 160, 160, 160
L 209.5312, -363.4687, 154.4798,  209.9741, -321.3405, 161.5635, 160, 160, 160
L -25.7089, -363.4687, 99.3546,  209.5312, -363.4687, 154.4798, 160, 160, 160
L -56.2094, -405.5287, 140.4440,  -27.8804, -363.4329, 56.4876, 160, 160, 160
L -139.8361, -433.3835, 140.4746,  -56.2094, -405.5287, 140.4440, 160, 160, 160
L -195.6273, -377.4687, 108.2197,  -139.8361, -433.3835, 140.4746, 160, 160, 160
L -236.8018, -261.5570, 125.8907,  -195.6273, -377.4687, 108.2197, 160, 160, 160
L -279.4164, -140.1272, 168.4772,  -236.8018, -261.5570, 125.8907, 160, 160, 160
L -279.4164, -140.1272, 168.4772,  -195.7509, -70.3431, 72.6863, 160, 160, 160
L -221.5082, -30.9185, 32.2914,  -195.4730, -69.9423, 14.6696, 160, 160, 160
L -181.7475, 55.5101, 20.3543,  -221.5082, -30.9185, 32.2914, 160, 160, 160
L -139.5478, 41.8453, -0.3740,  -112.2047, 69.2250, -0.3590, 160, 160, 160
L -78.6847, -180.3914, -0.3740,  -89.2655, -180.2783, -0.3740, 160, 160, 160
L -79.1085, -184.7620, -0.3740,  -78.6847, -180.3914, -0.3740, 160, 160, 160
L -81.4759, -188.1129, -0.3740,  -79.1085, -184.7620, -0.3740, 160, 160, 160
L -86.4211, -188.1436, -0.3740,  -81.4759, -188.1129, -0.3740, 160, 160, 160
L -88.8207, -184.1020, -0.3740,  -86.4211, -188.1436, -0.3740, 160, 160, 160
L -89.2655, -180.2783, -0.3740,  -88.8207, -184.1020, -0.3740, 160, 160, 160
L -70.3265, -98.3265, -0.3568,  -97.6230, -98.3230, -0.3461, 160, 160, 160
L -70.3160, -195.5586, -0.3279,  -70.3265, -98.3265, -0.3568, 160, 160, 160
L -97.6136, -195.5510, -0.3483,  -70.3160, -195.5586, -0.3279, 160, 160, 160
L -97.6230, -98.3230, -0.3232,  -97.6136, -195.5510, -0.3483, 160, 160, 160
L 223.7007, -111.8710, 0.6260,  237.4651, -42.2924, 9.4459, 160, 160, 160
L 213.5006, -152.1440, -0.9437,  223.6808, -111.1668, 0.6260, 160, 160, 160
L 56.1403, -59.7132, -0.3740,  42.3312, -55.8703, -0.3726, 160, 160, 160
L 111.7894, -55.6642, -0.3740,  56.1403, -59.7132, -0.3740, 160, 160, 160
L 125.7526, -69.6535, 0.5779,  111.7894, -55.6642, -0.3740, 160, 160, 160
L 154.4738, -84.3436, -2.3570,  125.5743, -69.5982, 0.5779, 160, 160, 160
L 182.3460, -153.5554, -2.3631,  154.4738, -84.3436, -2.3570, 160, 160, 160
L 377.4687, 55.8134, 0.6260,  377.4687, 0.1554, 0.6260, 160, 160, 160
L 489.4375, 265.7506, 0.6260,  489.4374, 238.6140, 0.6260, 160, 160, 160
L 265.5924, 56.1732, 0.6268,  252.2197, 56.1721, 0.6274, 160, 160, 160
L 361.4685, 223.5312, 0.6260,  349.7703, 223.6502, 0.6260, 160, 160, 160
L 370.4044, 237.8660, 7.3658,  350.6000, 265.6293, 0.6945, 160, 160, 160
L 441.2518, 237.8661, 7.3655,  461.8378, 265.6888, 0.6260, 160, 160, 160
L 441.2518, 181.9771, 7.3655,  461.6940, 154.1572, 0.6917, 160, 160, 160
L 370.4049, 181.9759, 7.3661,  349.8541, 153.8610, 0.6260, 160, 160, 160
L 361.4687, 196.2812, 0.6260,  350.3641, 196.6080, 0.6548, 160, 160, 160
L 443.4375, 223.7860, 3.6259,  443.4374, 218.7509, 3.6259, 160, 160, 160
L 443.4375, 200.8983, 3.6259,  443.4254, 218.7629, 3.6259, 160, 160, 160
L 443.4375, 201.6150, 3.6259,  443.4375, 196.2630, 3.6259, 160, 160, 160
L 443.4375, 201.6150, 10.6259,  445.4375, 203.6150, 10.6259, 160, 160, 160
L 361.7312, 221.3043, 0.6260,  363.6648, 221.5312, 0.6260, 160, 160, 160
L 361.4687, 223.5312, 0.6260,  361.7312, 221.3043, 0.6260, 160, 160, 160
L 363.6120, 224.2812, 5.1519,  361.4685, 223.5312, 0.6260, 160, 160, 160
L 370.4044, 237.8660, 7.3658,  363.6120, 224.2812, 5.1519, 160, 160, 160
L 377.5333, 245.1262, 7.4374,  370.4044, 237.8661, 7.3658, 160, 160, 160
L 391.8607, 252.2812, 5.1048,  377.5333, 245.1262, 7.4374, 160, 160, 160
L 420.6630, 252.2141, 5.1265,  391.8607, 252.2812, 5.1048, 160, 160, 160
L 434.3002, 244.9489, 7.4954,  420.6630, 252.2141, 5.1265, 160, 160, 160
L 441.2518, 237.8661, 7.3655,  434.3002, 244.9489, 7.4954, 160, 160, 160
L 448.1875, 223.6328, 5.1048,  441.2518, 237.8661, 7.3655, 160, 160, 160
L 448.1875, 196.1599, 5.1048,  448.1875, 223.6328, 5.1048, 160, 160, 160
L 441.2518, 181.9771, 7.3655,  448.1875, 196.1599, 5.1048, 160, 160, 160
L 434.6465, 175.2410, 7.6109,  441.2518, 181.9771, 7.3655, 160, 160, 160
L 420.8684, 167.8843, 5.2093,  434.6465, 175.2410, 7.6109, 160, 160, 160
L 391.6091, 167.6355, 5.1288,  420.8684, 167.8843, 5.2093, 160, 160, 160
L 377.6918, 174.5942, 7.3970,  391.6091, 167.6355, 5.1288, 160, 160, 160
L 370.4049, 181.9759, 7.3661,  377.6918, 174.5942, 7.3970, 160, 160, 160
L 361.4687, 196.2812, 0.6260,  370.4049, 181.9759, 7.3661, 160, 160, 160
L 41.9427, -0.5594, -0.3740,  42.5964, 55.9365, -0.3740, 160, 160, 160
L 0.1904, 13.5541, -0.3740,  41.9427, -0.5594, -0.3740, 160, 160, 160
L -69.7342, -0.3231, -0.3740,  0.1904, 13.5541, -0.3740, 160, 160, 160
L -125.6491, 0.2821, -0.3740,  -139.5478, 41.8453, -0.2914, 160, 160, 160
L -111.8747, -13.5348, -0.3740,  -125.6491, 0.2821, -0.3740, 160, 160, 160
L -51.7642, -29.5574, -0.3740,  -111.8747, -13.5348, -0.3740, 160, 160, 160
L 0.3307, -13.8506, -0.3740,  -51.7642, -29.5574, -0.3740, 160, 160, 160
L 0.3308, -50.3826, -0.3739,  0.3307, -13.8506, -0.3740, 160, 160, 160
L 125.4640, 70.3307, -0.3866,  125.5743, -69.5982, -0.3749, 160, 160, 160
L 81.9793, 85.1480, -1.3740,  124.5717, 70.8066, -1.3740, 160, 160, 160
L 111.5938, 84.6547, -2.3740,  70.4111, 112.1098, -2.3740, 160, 160, 160
L 112.6190, 98.5931, -3.3740,  84.4842, 153.9225, -3.3740, 160, 160, 160
L 154.0000, 154.3880, -4.3739,  126.4497, 181.9188, -4.3314, 160, 160, 160
L 182.5485, 195.7375, -5.3739,  140.2658, 195.5321, -4.3739, 160, 160, 160
L 209.5312, 223.2000, -5.3739,  182.5485, 195.7375, -5.3739, 160, 160, 160
L 209.5312, 127.1781, -5.3739,  209.5312, 223.2000, -5.3739, 160, 160, 160
L 182.3002, 168.6910, -5.3739,  209.5312, 127.1781, -5.3739, 160, 160, 160
L 154.0000, 154.3880, -4.3738,  182.3002, 168.6910, -5.3739, 160, 160, 160
L 125.7532, 112.3683, -3.3740,  154.0000, 154.3880, -4.3738, 160, 160, 160
L 111.5938, 84.6544, -2.3740,  111.9235, 98.4543, -3.1381, 160, 160, 160
L 125.9519, 69.4004, -0.3740,  111.5938, 84.6544, -2.3740, 160, 160, 160
L 140.2078, 69.7087, 0.6260,  125.9523, 69.7990, -0.3740, 160, 160, 160
L 154.3125, 84.8790, 0.6260,  140.2078, 69.7087, 0.6260, 160, 160, 160
L 154.3087, 98.2110, 0.6260,  154.3125, 84.8790, 0.6260, 160, 160, 160
L 140.7290, 112.3185, 0.6260,  154.3087, 98.2110, 0.6260, 160, 160, 160
L 125.6219, 112.1834, -3.3740,  140.7290, 112.3185, 0.6260, 160, 160, 160
L 111.9235, 98.4543, -3.3029,  125.6219, 112.1834, -3.3740, 160, 160, 160
L 238.2606, 97.8460, 0.6260,  237.8125, 112.5919, -0.3740, 160, 160, 160
L 223.8999, 83.5936, 0.6260,  238.2606, 97.8460, 0.6260, 160, 160, 160
L 209.7964, 83.6102, 0.6260,  223.8999, 83.5936, 0.6260, 160, 160, 160
L 195.5312, 98.4070, 0.6260,  209.7964, 83.6102, 0.6260, 160, 160, 160
L 195.6413, 112.2340, 0.6260,  195.5312, 98.4070, 0.6260, 160, 160, 160
L 209.6286, 126.1902, 0.6260,  195.6413, 112.2340, 0.6260, 160, 160, 160
L 209.6982, 126.9270, -4.7504,  209.6286, 126.1902, 0.6260, 160, 160, 160
L 224.2684, 126.1059, -0.3740,  209.6982, 126.9270, -4.7504, 160, 160, 160
L 237.8125, 112.5919, -0.2408,  224.2684, 126.1059, -0.3740, 160, 160, 160
L 209.8606, -84.1191, 0.5826,  125.7526, -69.6535, 0.5631, 160, 160, 160
L 223.6805, -112.3649, 0.1705,  209.8606, -84.1191, 0.5826, 160, 160, 160
L 223.7005, 27.6860, 0.6260,  223.6808, -111.1668, 0.6260, 160, 160, 160
L 209.5500, 41.8517, 0.6260,  223.7005, 27.6860, 0.6260, 160, 160, 160
L 209.5772, 56.1486, 0.6260,  209.5500, 41.8517, 0.6260, 160, 160, 160
L 223.8799, 70.3427, 0.6260,  209.5772, 56.1486, 0.6260, 160, 160, 160
L 238.1702, 70.2349, 0.6260,  223.8799, 70.3427, 0.6260, 160, 160, 160
L 252.2220, 56.1721, 0.6261,  238.1702, 70.2349, 0.6260, 160, 160, 160
L 252.2427, 41.8034, 9.6259,  252.2197, 56.1721, 0.6261, 160, 160, 160
L 238.4730, 27.6524, 9.6259,  252.2427, 41.8034, 9.6259, 160, 160, 160
L 223.7005, 27.6851, 0.6260,  238.4730, 27.6524, 9.6259, 160, 160, 160
L 279.9691, 27.6250, 9.5957,  294.2499, 27.6782, 0.6350, 160, 160, 160
L 266.6220, 41.2824, 9.6259,  279.9691, 27.6250, 9.5957, 160, 160, 160
L 265.5924, 56.1732, 0.6262,  266.6220, 41.2824, 9.6259, 160, 160, 160
L 279.6320, 70.2544, 0.6260,  265.5916, 56.1732, 0.6262, 160, 160, 160
L 293.7717, 70.3436, 0.6260,  279.6320, 70.2544, 0.6260, 160, 160, 160
L 308.2500, 55.9718, 0.6260,  293.7717, 70.3436, 0.6260, 160, 160, 160
L 308.1761, 41.7453, 0.6260,  308.2500, 55.9718, 0.6260, 160, 160, 160
L 294.2499, 27.8444, 0.6260,  308.1761, 41.7453, 0.6260, 160, 160, 160
L 294.2499, 27.8444, 0.6260,  294.2497, 0.3750, 0.6260, 160, 160, 160
L 427.9954, 13.9056, 20.5971,  452.5717, 14.2190, 20.6260, 160, 160, 160
L -96.3436, 607.9053, 0.6260,  -112.1240, 592.1250, 0.6260, 160, 160, 160
L -112.1240, 592.1250, 0.6260,  -191.6174, 592.1250, 0.6260, 160, 160, 160
L -191.6174, 592.1250, 0.6260,  -210.2785, 559.8265, 0.6260, 160, 160, 160
L -210.2785, 559.8265, 0.6260,  -196.2690, 545.6136, -0.3740, 160, 160, 160
L -196.2690, 545.6136, -0.3740,  -168.1140, 559.3246, 0.5432, 160, 160, 160
L -168.1140, 559.3246, 0.5432,  -140.4593, 531.7726, -0.3736, 160, 160, 160
L -140.4593, 531.7726, -0.3736,  -140.3125, 500.5645, 1.3310, 160, 160, 160
L -140.3125, 500.5645, 1.3310,  -140.3125, 448.7554, 0.7451, 160, 160, 160
L -140.3125, 448.7554, 0.7451,  -168.7489, 419.2251, 0.6260, 160, 160, 160
L -168.7489, 419.2251, 0.6260,  -154.6271, 406.3100, 0.6260, 160, 160, 160
L -154.6271, 406.3100, 0.6260,  -140.3125, 377.7552, 0.6260, 160, 160, 160
L -140.3125, 377.7552, 0.6260,  -140.3563, 349.9864, 0.6260, 160, 160, 160
L -140.3563, 349.9864, 0.6260,  -183.2327, 306.6075, -0.3740, 160, 160, 160
L -183.2327, 306.6075, -0.3740,  -210.4519, 265.5110, -0.3740, 160, 160, 160
L -210.4519, 265.5110, -0.3740,  -141.6300, 251.7489, -0.3740, 160, 160, 160
L -141.6300, 251.7489, -0.3740,  -70.3436, 181.6370, -0.2444, 160, 160, 160
L -70.3436, 181.6370, -0.2444,  -70.6033, 139.8334, -0.3740, 160, 160, 160
L -70.6033, 139.8334, -0.3740,  -98.5180, 112.4158, -0.3738, 160, 160, 160
L -98.5180, 112.4158, -0.3738,  -140.5015, 97.9925, 0.6260, 160, 160, 160
L -140.5015, 97.9925, 0.6260,  -112.2047, 69.2250, -0.3740, 160, 160, 160
L -112.2018, 69.2220, -0.3740,  -112.2018, 69.2228, -0.3715, 160, 160, 160
L -139.6380, 42.2081, 0.6201,  -153.9659, 71.2430, 0.6260, 160, 160, 160
L -153.9659, 71.2430, 0.6260,  -166.3600, 108.4222, 0.6260, 160, 160, 160
L -166.3600, 108.4222, 0.6260,  -124.4802, 126.2459, -0.3740, 160, 160, 160
L -124.4802, 126.2459, -0.3740,  -97.5938, 139.9636, -0.3740, 160, 160, 160
L -97.5938, 139.9636, -0.3740,  -97.5936, 181.5747, -0.3740, 160, 160, 160
L -97.5936, 181.5747, -0.3740,  -171.1685, 238.9352, -0.3740, 160, 160, 160
L -171.1685, 238.9352, -0.3740,  -237.5312, 252.6918, -0.3740, 160, 160, 160
L -183.2530, 393.4649, 0.6260,  -195.4501, 405.9175, 0.6260, 160, 160, 160
L -195.4501, 405.9175, 0.6260,  -181.4305, 433.7891, 0.6260, 160, 160, 160
L -181.4305, 433.7891, 0.6260,  -167.2603, 448.1087, 0.6642, 160, 160, 160
L -167.2603, 448.1087, 0.6642,  -167.5625, 503.1664, 0.7080, 160, 160, 160
L -167.5625, 503.1664, 0.7080,  -195.3138, 504.1861, -0.3740, 160, 160, 160
L -195.3138, 504.1861, -0.3740,  -223.4590, 531.8644, -0.3740, 160, 160, 160
L -223.4590, 531.8644, -0.3740,  -239.2620, 576.2300, 0.6260, 160, 160, 160
L -239.2620, 576.2300, 0.6260,  -223.6647, 607.3750, 0.6260, 160, 160, 160
L -223.6647, 607.3750, 0.6260,  -135.2837, 607.5027, 0.6260, 160, 160, 160
L -135.2837, 607.5027, 0.6260,  -127.9495, 615.2075, 0.6260, 160, 160, 160
L -96.3436, 614.8379, 0.6260,  -127.5592, 615.7032, 0.6260, 160, 160, 160
L -127.9873, 615.1450, 0.6260,  -127.5674, 615.6884, 0.6260, 160, 160, 160
L -96.3438, 614.7519, 0.6260,  -96.3436, 607.9053, 0.6260, 160, 160, 160
L -237.5312, 252.6918, -0.3740,  -237.5312, 349.1399, -0.3740, 160, 160, 160
L -237.5312, 349.1399, -0.3740,  -167.5798, 363.6711, 0.6260, 160, 160, 160
L -167.5798, 363.6711, 0.6260,  -153.7108, 377.5400, 0.6260, 160, 160, 160
L -153.7108, 377.5400, 0.6260,  -168.7721, 392.6557, 0.6260, 160, 160, 160
L -168.7721, 392.6557, 0.6260,  -181.8879, 392.3249, 0.6260, 160, 160, 160
L -181.8879, 392.3249, 0.6260,  -182.9966, 393.4361, 0.6260, 160, 160, 160
L -112.2027, 69.2270, -0.3570,  -98.3539, 0.1410, -0.3740, 160, 160, 160
L -98.3539, 0.1410, -0.3740,  -70.2925, -0.3750, -0.3740, 160, 160, 160
L -70.2925, -0.3750, -0.3740,  0.1012, 69.5396, 0.6260, 160, 160, 160
L 82.8830, 82.7933, -0.3740,  70.6576, 112.8472, -2.3740, 160, 160, 160
L 70.6576, 112.8472, -2.3740,  85.3559, 154.7943, -3.3740, 160, 160, 160
L 85.3559, 154.7943, -3.3740,  98.2775, 167.6726, -3.3740, 160, 160, 160
L 98.2775, 167.6726, -3.3740,  126.5020, 181.5745, -3.3740, 160, 160, 160
L 126.5020, 181.5745, -3.3740,  140.2650, 195.5312, -4.3739, 160, 160, 160
L 140.2650, 195.5312, -4.3739,  182.1160, 265.3009, 0.6260, 160, 160, 160
L 182.1160, 265.3009, 0.6260,  195.4944, 251.7880, 0.6260, 160, 160, 160
L 195.4944, 251.7880, 0.6260,  210.2535, 251.6253, 0.6260, 160, 160, 160
L 210.2535, 251.6253, 0.6260,  224.6460, 265.5341, 0.6260, 160, 160, 160
L 224.6460, 265.5341, 0.6260,  224.2812, 279.8469, 0.6260, 160, 160, 160
L 224.2812, 279.8469, 0.6260,  210.2819, 294.2960, 0.6260, 160, 160, 160
L 210.2819, 294.2960, 0.6260,  195.6256, 294.1888, 0.6260, 160, 160, 160
L 195.6256, 294.1888, 0.6260,  182.3125, 280.7817, 0.6260, 160, 160, 160
L 182.3122, 307.5000, 0.6260,  196.9370, 307.8224, 0.6260, 160, 160, 160
L 196.9370, 307.8224, 0.6260,  239.1182, 321.7595, 0.6260, 160, 160, 160
L 239.1182, 321.7595, 0.6260,  364.4452, 349.5000, 0.6260, 160, 160, 160
L 364.4452, 349.5000, 0.6260,  447.8684, 349.4277, 0.6260, 160, 160, 160
L 447.8684, 349.4277, 0.6260,  531.2454, 307.7237, 0.6260, 160, 160, 160
L 531.2454, 307.7237, 0.6260,  531.4089, 280.3278, 0.6260, 160, 160, 160
L 545.4061, 237.2993, 11.9215,  545.4062, 209.5312, 0.6260, 160, 160, 160
L 545.4062, 209.5312, 0.6260,  545.3079, 167.8292, 0.6260, 160, 160, 160
L 545.3079, 167.8292, 0.6260,  531.3812, 139.8836, 0.6260, 160, 160, 160
L 531.3812, 139.8836, 0.6260,  517.4610, 84.2340, 0.6260, 160, 160, 160
L 517.5154, 84.3436, 0.6260,  503.6215, 56.4260, 0.6260, 160, 160, 160
L 503.6215, 56.4260, 0.6260,  490.1875, 42.8740, 0.6260, 160, 160, 160
L 490.1875, 42.8740, 0.6260,  475.6519, 42.3123, 10.6259, 160, 160, 160
L 475.6519, 42.3123, 10.6259,  462.1875, 28.9039, 10.6259, 160, 160, 160
L 462.1875, 28.9039, 10.6259,  452.5717, 14.2190, 20.6188, 160, 160, 160
L 452.2628, 13.5759, 20.6188,  447.3795, -0.9740, 19.6260, 160, 160, 160
L 434.7510, -0.2676, 19.6260,  428.5815, 13.2066, 19.6260, 160, 160, 160
L 427.9954, 13.9056, 19.6260,  405.8677, 28.3743, 20.6260, 160, 160, 160
L 405.8677, 28.3743, 20.6260,  391.8786, 14.5653, 20.6260, 160, 160, 160
L 391.8786, 14.5653, 20.6260,  377.4687, 0.1554, 2.3525, 160, 160, 160
L 377.8437, 0.5303, 2.3525,  364.1148, 14.2591, 0.6260, 160, 160, 160
L 364.1148, 14.2591, 0.6260,  349.7029, 0.3750, 0.6260, 160, 160, 160
L 349.7029, 0.3750, 0.6260,  294.2497, 0.3750, 0.6260, 160, 160, 160
L 294.2497, 0.3750, 0.6260,  279.9180, 0.3750, 9.6199, 160, 160, 160
L 279.9180, 0.3750, 9.6199,  251.4667, -14.4030, 9.6259, 160, 160, 160
L 251.4667, -14.4030, 9.6259,  237.4651, -42.2924, 9.3858, 160, 160, 160
L 213.1522, -151.6088, -0.9437,  182.3460, -153.5554, -2.3395, 160, 160, 160
L -139.5720, 41.8825, -0.2723,  -181.5625, 55.4485, 0.6260, 160, 160, 160
L -181.5625, 55.4485, 0.6260,  -181.5625, 0.2710, 0.6260, 160, 160, 160
L -181.5625, 0.2710, 0.6260,  -195.4730, -69.9423, 0.6260, 160, 160, 160
L -195.4909, -70.3180, 0.6260,  -181.5625, -112.7400, 0.6260, 160, 160, 160
L -181.5625, -112.7400, 0.6260,  -181.5625, -153.9544, 0.6260, 160, 160, 160
L -181.5625, -153.9544, 0.6260,  -195.5251, -195.9487, 0.6260, 160, 160, 160
L -195.5251, -195.9487, 0.6260,  -181.6430, -335.5000, 0.6260, 160, 160, 160
L -181.6430, -335.5000, 0.6260,  -140.1091, -293.5380, 0.6260, 160, 160, 160
L -140.1091, -293.5380, 0.6260,  -97.8452, -293.5208, 0.6260, 160, 160, 160
L -97.8452, -293.5208, 0.6260,  -28.3750, -362.9384, 0.6260, 160, 160, 160
L -28.3750, -362.9384, 0.6260,  -28.3750, -322.2500, 0.6260, 160, 160, 160
L -28.3750, -322.2500, 0.6260,  -42.2768, -322.2291, 0.6260, 160, 160, 160
L -42.2768, -322.2291, 0.6260,  -56.3438, -307.6261, 0.6260, 160, 160, 160
L -56.3438, -307.6261, 0.6260,  -56.3207, -293.7454, 0.6260, 160, 160, 160
L -56.3207, -293.7454, 0.6260,  -42.3036, -279.6795, 0.6260, 160, 160, 160
L -42.3036, -279.6795, 0.6260,  -27.6412, -279.7033, 0.6260, 160, 160, 160
L -27.6412, -279.7033, 0.6260,  -13.6250, -293.9787, 0.6260, 160, 160, 160
L -13.6250, -293.9787, 0.6260,  -13.6251, -306.9698, 0.6260, 160, 160, 160
L -13.6251, -306.9698, 0.6260,  0.2214, -293.4250, -0.1865, 160, 160, 160
L 0.2879, -293.4066, -0.1865,  79.6932, -271.2860, -1.2587, 160, 160, 160
L 79.6932, -271.2860, -1.2587,  85.6315, -235.7202, -2.4716, 160, 160, 160
L 518.1013, 294.8510, 0.6260,  504.9140, 308.1263, 0.6260, 160, 160, 160
L 504.9140, 308.1263, 0.6260,  489.6875, 308.2294, 0.6260, 160, 160, 160
L 489.6875, 308.2294, 0.6260,  475.4375, 293.8498, 0.6260, 160, 160, 160
L 475.4375, 293.8498, 0.6260,  475.4379, 279.8557, 0.6260, 160, 160, 160
L 475.4379, 279.8557, 0.6260,  489.4375, 265.7506, 0.6260, 160, 160, 160
L 489.4375, 265.7506, 0.6260,  503.7828, 265.5312, 15.6231, 160, 160, 160
L 503.7828, 265.5312, 15.6231,  517.9622, 279.5255, 15.6259, 160, 160, 160
L 517.9622, 279.5255, 15.6259,  518.4529, 294.1410, 0.6260, 160, 160, 160
L 531.1902, 280.9916, 0.6260,  518.4529, 294.1410, 0.6260, 160, 160, 160
L 531.1902, 280.9916, 15.6135,  545.4061, 237.8438, 15.6259, 160, 160, 160
L 322.2017, 279.6908, 0.6260,  307.9615, 265.5414, 0.6260, 160, 160, 160
L 307.9615, 265.5414, 0.6260,  293.7090, 265.5699, 0.6260, 160, 160, 160
L 293.7090, 265.5699, 0.6260,  279.5568, 279.6764, 0.6260, 160, 160, 160
L 279.5568, 279.6764, 0.6260,  279.5470, 294.5680, 0.6260, 160, 160, 160
L 279.5470, 294.5680, 0.6260,  293.7139, 308.2137, 0.6260, 160, 160, 160
L 293.7139, 308.2137, 0.6260,  308.2196, 308.6060, 0.6260, 160, 160, 160
L 308.2196, 308.6060, 0.6260,  322.2500, 293.8408, 0.6260, 160, 160, 160
L 322.2500, 293.8408, 0.6260,  322.2452, 279.8156, 0.6260, 160, 160, 160
L 349.5011, 307.8455, 0.6260,  349.5197, 321.9952, 0.6260, 160, 160, 160
L 349.5197, 321.9952, 0.6260,  363.6918, 336.2178, 0.6260, 160, 160, 160
L 363.6918, 336.2178, 0.6260,  377.8451, 336.2500, 0.6260, 160, 160, 160
L 377.8451, 336.2500, 0.6260,  392.1994, 321.9936, 0.6260, 160, 160, 160
L 392.1994, 321.9936, 0.6260,  392.1023, 307.6032, 0.6260, 160, 160, 160
L 392.1023, 307.6032, 0.6260,  378.5520, 293.5652, 0.6260, 160, 160, 160
L 378.5520, 293.5652, 0.6260,  363.7022, 293.5246, 0.6260, 160, 160, 160
L 349.5796, 307.6440, 0.6260,  363.7074, 293.5255, 0.6260, 160, 160, 160
L 419.5224, 322.6830, 0.6260,  433.7398, 336.2429, 0.6260, 160, 160, 160
L 433.7398, 336.2429, 0.6260,  447.8806, 336.2436, 0.6260, 160, 160, 160
L 447.8806, 336.2436, 0.6260,  462.1652, 322.2400, 0.6260, 160, 160, 160
L 462.1652, 322.2400, 0.6260,  462.8980, 307.6225, 0.6260, 160, 160, 160
L 462.8980, 307.6225, 0.6260,  447.9146, 293.5140, 0.6260, 160, 160, 160
L 447.9146, 293.5140, 0.6260,  433.5568, 293.6005, 0.6260, 160, 160, 160
L 433.5568, 293.6005, 0.6260,  419.5507, 307.6408, 0.6260, 160, 160, 160
L 419.5507, 307.6408, 0.6260,  419.4997, 322.2440, 0.6260, 160, 160, 160
L 517.9319, 209.5312, 0.6260,  504.3460, 195.6040, 0.6260, 160, 160, 160
L 504.3460, 195.6040, 0.6260,  489.5636, 195.6255, 0.6260, 160, 160, 160
L 489.5636, 195.6255, 0.6260,  475.6730, 209.5153, 0.6260, 160, 160, 160
L 475.6730, 209.5153, 0.6260,  475.4608, 224.3630, 0.6260, 160, 160, 160
L 475.4608, 224.3630, 0.6260,  489.4375, 238.6140, 0.6260, 160, 160, 160
L 489.4374, 238.6140, 0.6260,  503.9540, 238.2535, 15.6259, 160, 160, 160
L 503.9540, 238.2535, 15.6259,  518.5519, 224.1622, 15.6259, 160, 160, 160
L 518.5110, 223.6220, 15.6259,  517.9464, 209.5312, 0.6260, 160, 160, 160
L 489.7934, 182.3120, 0.6260,  503.7423, 182.3125, 0.6260, 160, 160, 160
L 503.7423, 182.3125, 0.6260,  518.1158, 168.1065, 0.6260, 160, 160, 160
L 518.1158, 168.1065, 0.6260,  518.5470, 153.5697, 0.6260, 160, 160, 160
L 518.5470, 153.5697, 0.6260,  503.8555, 139.5649, 0.6260, 160, 160, 160
L 503.8555, 139.5649, 0.6260,  489.5520, 139.6676, 0.6260, 160, 160, 160
L 489.5520, 139.6676, 0.6260,  475.4669, 153.7917, 0.6260, 160, 160, 160
L 475.4669, 153.7917, 0.6260,  475.4793, 168.1096, 0.6260, 160, 160, 160
L 475.4793, 168.1096, 0.6260,  489.6637, 182.2818, 0.6260, 160, 160, 160
L 489.6637, 182.2818, 0.6260,  504.9170, 182.1885, 0.6260, 160, 160, 160
L 517.9464, 209.5312, 0.6260,  545.4062, 209.5312, 0.6260, 160, 160, 160
L 518.5110, 223.6220, 7.8922,  545.4061, 237.2993, 13.1228, 160, 160, 160
L 490.1875, 42.8740, 0.6260,  490.1924, 83.8134, 0.6260, 160, 160, 160
L 462.1875, 28.9039, 10.6259,  462.1875, 83.6972, 10.6259, 160, 160, 160
L 490.1875, 83.6539, 0.6260,  504.9410, 97.7211, 0.6260, 160, 160, 160
L 504.9410, 97.7211, 0.6260,  504.1775, 112.5410, 0.6260, 160, 160, 160
L 504.1775, 112.5410, 0.6260,  490.5590, 126.2227, 0.6260, 160, 160, 160
L 490.2524, 126.2830, 0.6260,  475.8072, 126.3125, 0.6260, 160, 160, 160
L 475.8072, 126.3125, 0.6260,  461.4375, 111.8799, 0.6260, 160, 160, 160
L 461.4375, 111.8799, 0.6260,  461.4375, 97.8131, 0.6260, 160, 160, 160
L 462.1875, 98.1233, 0.6260,  448.9980, 112.2116, 0.6260, 160, 160, 160
L 448.9980, 112.2116, 0.6260,  433.8473, 112.3436, 0.6260, 160, 160, 160
L 433.8473, 112.3436, 0.6260,  419.6881, 98.3436, 0.6260, 160, 160, 160
L 419.6881, 98.3436, 0.6260,  419.4687, 84.1359, 20.5080, 160, 160, 160
L 419.4687, 84.1359, 20.5080,  433.6922, 69.6136, 20.6260, 160, 160, 160
L 433.6922, 69.6136, 20.6260,  447.9096, 69.6066, 20.6119, 160, 160, 160
L 447.9096, 69.6066, 20.6119,  462.1875, 83.7511, 10.6259, 160, 160, 160
L 462.1875, 83.7511, 10.6259,  462.1875, 98.1233, 10.6259, 160, 160, 160
L 461.4375, 97.8131, 10.6259,  475.5837, 83.6714, 10.6259, 160, 160, 160
L 475.5837, 83.6714, 10.6259,  490.1924, 83.8134, 0.6260, 160, 160, 160
L 182.3125, 307.7674, 23.3331,  252.1135, 419.4687, 70.4500, 160, 160, 160
L 252.2420, 420.1060, 141.9408,  224.5125, 475.4375, 152.3393, 160, 160, 160
L 224.5125, 475.4375, 152.3393,  489.7565, 475.3770, 111.8054, 160, 160, 160
L 489.7565, 475.3770, 111.8054,  699.9502, 304.8063, 98.5947, 160, 160, 160
L 699.9502, 304.8063, 98.5947,  713.3019, 238.7720, 98.5947, 160, 160, 160
L 713.3019, 238.7720, 98.5947,  713.3437, 168.3125, 98.5947, 160, 160, 160
L 713.3437, 168.3125, 98.5947,  699.4654, 84.7296, 140.3634, 160, 160, 160
L 699.4654, 84.7296, 140.3634,  657.7499, 56.4194, 140.4693, 160, 160, 160
L 657.7499, 56.4194, 140.4693,  616.1111, 84.1786, 128.2007, 160, 160, 160
L 616.1111, 84.1786, 128.2007,  615.5181, 84.3436, 84.3791, 160, 160, 160
L 615.5181, 84.3436, 84.3791,  517.5154, 84.3436, 27.2137, 160, 160, 160
L 391.9825, 98.3436, 0.6260,  377.7692, 98.3362, 0.6260, 160, 160, 160
L 377.7692, 98.3362, 0.6260,  363.6322, 84.2877, 0.6260, 160, 160, 160
L 363.6322, 84.2877, 0.6260,  363.4560, 69.8259, 0.6260, 160, 160, 160
L 364.2330, 70.1090, 0.6260,  350.2151, 84.1587, 0.6260, 160, 160, 160
L 350.2151, 84.1587, 0.6260,  335.7721, 84.3302, 0.6260, 160, 160, 160
L 335.7721, 84.3302, 0.6260,  321.5489, 70.1540, 0.6260, 160, 160, 160
L 321.5489, 70.1540, 0.6260,  321.5000, 55.9767, 0.6260, 160, 160, 160
L 321.5000, 55.9767, 0.6260,  335.5880, 41.7252, 0.6260, 160, 160, 160
L 335.5880, 41.7252, 0.6260,  349.8484, 41.5938, 0.6260, 160, 160, 160
L 349.8484, 41.5938, 0.6260,  364.3390, 55.6285, 0.6260, 160, 160, 160
L 364.3390, 55.6285, 0.6260,  364.2330, 70.1090, 0.6260, 160, 160, 160
L 363.4560, 69.8259, 0.6260,  377.4687, 55.8134, 0.6260, 160, 160, 160
L 377.4687, 55.8134, 0.6260,  391.8767, 55.5953, 20.6260, 160, 160, 160
L 391.8767, 55.5953, 20.6260,  406.2187, 69.9668, 20.6260, 160, 160, 160
L 406.2187, 69.9668, 20.6260,  406.2185, 83.9789, 20.6256, 160, 160, 160
L 406.2185, 83.9789, 20.6256,  391.8820, 98.3436, 0.6260, 160, 160, 160
L 419.6881, 98.3436, 0.6260,  391.9302, 98.3436, 0.6260, 160, 160, 160
L 452.2628, 13.5759, 19.6260,  428.5815, 13.2066, 19.6260, 160, 160, 160
L 433.1859, 237.8934, 0.6260,  415.6992, 224.2690, 0.6261, 160, 160, 160
L 411.5183, 220.6560, 1.6274,  409.4809, 213.6699, 1.6259, 160, 160, 160
L 415.6933, 224.2690, 1.6259,  411.6182, 220.1939, 1.6259, 160, 160, 160
L 411.6182, 220.1939, 1.6259,  409.4809, 213.7216, 1.6259, 160, 160, 160
L 409.4809, 213.7216, 1.6259,  409.5656, 205.5614, 1.6259, 160, 160, 160
L 409.5656, 205.5614, 1.6259,  409.4814, 205.8872, 1.6259, 160, 160, 160
L 409.4814, 205.8872, 1.6259,  411.6227, 199.6142, 1.6259, 160, 160, 160
L 433.1856, 181.9499, 0.6260,  415.5976, 195.5437, 0.6260, 160, 160, 160
L 415.6931, 195.5437, 1.6259,  411.6227, 199.6142, 1.6259, 160, 160, 160
L 368.8620, 196.2122, 0.6260,  378.1127, 182.2060, 0.6260, 160, 160, 160
L 378.1127, 182.2060, 0.6260,  391.9639, 172.3125, 0.6260, 160, 160, 160
L 391.9639, 172.3125, 0.6260,  419.7232, 172.3125, 0.6260, 160, 160, 160
L 419.7232, 172.3125, 0.6260,  433.1856, 181.9499, 0.6260, 160, 160, 160
L 443.4375, 223.7860, 3.6259,  433.1859, 237.8934, 0.6260, 160, 160, 160
L 433.1859, 237.8934, 0.6260,  419.7234, 247.5312, 0.6260, 160, 160, 160
L 419.7234, 247.5312, 0.6260,  391.9639, 247.5312, 0.6260, 160, 160, 160
L 391.9639, 247.5312, 0.6260,  378.1143, 237.6388, 0.6260, 160, 160, 160
L 378.1143, 237.6388, 0.6260,  368.7880, 223.5894, 0.6260, 160, 160, 160
L 368.5500, 224.2493, 0.6827,  368.5620, 224.2658, 0.6375, 160, 160, 160
L 368.7880, 223.5894, 0.6260,  363.7440, 221.5312, 0.6260, 160, 160, 160
L 361.4687, 196.2812, 0.6260,  361.6487, 198.2265, 0.6260, 160, 160, 160
L 361.6487, 198.2265, 0.6260,  363.8278, 198.2812, 0.6260, 160, 160, 160
L 363.8278, 198.2812, 0.6260,  368.8620, 196.2122, 0.6260, 160, 160, 160
L 367.4809, 223.3054, 0.6260,  367.4839, 196.5048, 0.6377, 160, 160, 160
L 368.5643, 224.2690, 0.6260,  412.5527, 224.2690, 0.6260, 160, 160, 160
L 368.5649, 195.5433, 0.6260,  413.2907, 195.5437, 0.6260, 160, 160, 160
L 419.2940, 223.6009, 2.6362,  415.5695, 220.1440, 2.6259, 160, 160, 160
L 415.5695, 220.1440, 2.6259,  413.5128, 214.6060, 2.6259, 160, 160, 160
L 413.5128, 214.6060, 2.6259,  413.4927, 205.8145, 2.6259, 160, 160, 160
L 413.4927, 205.8145, 2.6259,  415.5486, 199.6950, 2.6259, 160, 160, 160
L 415.5486, 199.6950, 2.6259,  418.9929, 196.2589, 2.6602, 160, 160, 160
L 418.9929, 196.2589, 2.6568,  413.2907, 195.5437, 1.5931, 160, 160, 160
L 412.5527, 224.2690, 1.6095,  419.2940, 223.6009, 2.7397, 160, 160, 160
L 423.1797, 205.8307, 7.5096,  423.2477, 214.5784, 7.5096, 160, 160, 160
L 423.2477, 214.5784, 7.5096,  429.7290, 214.3171, 7.5096, 160, 160, 160
L 429.7290, 214.3171, 7.5096,  428.7910, 205.6478, 7.5096, 160, 160, 160
L 428.7910, 205.6478, 7.5096,  423.1797, 205.8307, 7.5096, 160, 160, 160
L 445.4375, 203.6150, 10.6259,  445.4375, 216.7507, 10.6259, 160, 160, 160
L 445.4375, 216.7507, 10.6259,  443.4254, 218.7629, 10.6235, 160, 160, 160
L 443.4375, 196.2630, 3.6259,  433.1856, 181.9499, 0.6260, 160, 160, 160
L 30.3777, -27.6250, 0.6260,  30.3647, -30.3740, 0.6260, 160, 160, 160
L 30.3647, -30.3740, 0.6260,  27.6250, -30.3751, 0.6260, 160, 160, 160
L 28.5380, -30.3750, 0.6260,  28.1120, -55.5938, 0.6260, 160, 160, 160
L 27.9358, -55.5938, 0.6260,  30.3750, -55.5938, 0.6260, 160, 160, 160
L 39.5929, -27.6250, 0.6260,  39.5987, -30.3896, 0.6260, 160, 160, 160
L 39.5987, -30.3896, 0.6260,  42.3436, -30.3465, 0.5508, 160, 160, 160
L 42.1200, -55.5938, 0.6260,  39.5938, -55.5938, 0.6260, 160, 160, 160
L 39.5938, -55.5938, 0.6260,  39.5938, -58.3483, 0.6260, 160, 160, 160
L 39.5938, -58.3483, 0.6260,  42.2720, -58.3337, 0.5994, 160, 160, 160
L 42.3436, -83.5957, 0.6217,  39.5936, -83.5931, 0.6260, 160, 160, 160
L 39.5936, -83.5931, 0.6260,  39.5938, -86.3436, 0.6260, 160, 160, 160
L 39.5938, -86.3436, 0.6260,  42.3436, -86.3436, 0.6260, 160, 160, 160
L 42.3436, -86.3436, 0.6260,  42.3436, -83.5957, 0.6260, 160, 160, 160
L 30.3750, -55.5938, 0.6260,  30.3750, -58.3436, 0.6260, 160, 160, 160
L 30.3750, -58.3436, 0.6260,  27.9766, -58.3436, 0.6260, 160, 160, 160
L 28.7950, -58.3436, 0.6260,  27.9342, -83.5995, 0.6115, 160, 160, 160
L 27.6250, -83.6006, 0.6115,  30.3750, -83.5913, 0.6260, 160, 160, 160
L 30.3750, -83.5913, 0.6260,  30.3750, -86.3436, 0.6260, 160, 160, 160
L 30.3750, -86.3436, 0.6260,  27.6250, -86.3436, 0.6260, 160, 160, 160
L 27.6250, -86.3436, 0.6260,  27.6250, -83.6006, 0.6260, 160, 160, 160
L 27.6250, -84.4510, 0.6260,  16.3737, -83.9390, 0.6232, 160, 160, 160
L 16.3737, -83.9390, 0.6232,  16.3755, -86.3436, 0.6260, 160, 160, 160
L 56.3389, -109.9090, 0.6141,  68.3439, -109.9277, 0.6193, 160, 160, 160
L 127.8422, -155.9977, 0.6172,  72.7110, -155.7920, 0.6260, 160, 160, 160
L 72.7110, -155.7920, 0.5981,  71.8503, -197.9265, 0.6260, 160, 160, 160
L 71.8503, -197.9265, 0.6247,  -2.9500, -197.7726, 0.6260, 160, 160, 160
L -2.9500, -197.7726, 0.5961,  -1.9715, -110.9200, 0.6260, 160, 160, 160
L 13.6250, -111.5936, 0.6260,  13.6250, -109.5938, 0.6260, 160, 160, 160
L -1.6257, -109.9449, 0.6242,  13.6250, -110.4040, 0.6260, 160, 160, 160
L 13.6250, -109.5938, 0.6260,  16.3750, -109.5938, 0.6260, 160, 160, 160
L 27.6250, -30.3751, -0.3740,  27.6250, -27.6250, -0.3740, 160, 160, 160
L 27.6250, -27.6250, -0.3740,  30.3777, -27.6250, -0.3740, 160, 160, 160
L 39.5929, -27.6250, -0.3740,  42.3436, -27.6250, -0.3740, 160, 160, 160
L 42.3436, -27.6250, -0.3740,  42.3436, -30.3465, -0.3740, 160, 160, 160
L 27.9358, -55.5938, 0.6122,  27.9766, -58.3436, 0.6242, 160, 160, 160
L 42.2720, -58.3337, 0.6146,  42.1200, -55.5938, 0.6198, 160, 160, 160
L 265.5312, 142.3125, -0.3740,  265.5312, 140.3119, -0.3740, 160, 160, 160
L 265.5312, 140.3119, -0.3740,  254.2812, 140.3125, -0.3740, 160, 160, 160
L 254.2812, 140.3125, -0.3740,  254.2812, 142.3125, -0.3740, 160, 160, 160
L 254.2812, 142.3125, -0.3740,  251.5312, 142.3125, -0.3740, 160, 160, 160
L 251.5329, 97.5936, 0.6260,  308.2500, 97.5938, 0.6260, 160, 160, 160
L 308.2500, 97.5938, 0.6260,  308.2500, 168.3125, 0.6260, 160, 160, 160
L 251.5312, 142.3125, -0.3740,  251.5312, 140.2709, -0.3740, 160, 160, 160
L 251.4852, 140.2701, -0.3740,  251.5329, 97.5936, 0.6260, 160, 160, 160
L 308.2500, 168.3125, 0.6260,  279.5000, 168.3125, 0.6260, 160, 160, 160
L 279.5000, 142.3121, -0.3740,  277.5000, 142.3126, -0.3740, 160, 160, 160
L 277.5000, 142.3126, 0.6260,  277.5000, 137.5625, 0.6260, 160, 160, 160
L 277.5000, 137.5625, 0.6260,  282.2500, 137.5625, 0.6260, 160, 160, 160
L 282.2500, 137.5625, 0.6260,  282.2500, 165.5625, 0.6260, 160, 160, 160
L 282.2500, 165.5625, 0.6260,  305.5000, 165.5625, 0.6260, 160, 160, 160
L 305.5000, 165.5625, 0.6260,  305.5000, 100.3435, 0.6260, 160, 160, 160
L 305.5000, 100.3435, 0.6260,  254.2812, 100.3436, 0.6260, 160, 160, 160
L 254.2812, 100.3436, 0.6260,  254.2812, 137.5625, 0.6260, 160, 160, 160
L 254.2812, 137.5625, 0.6260,  268.2812, 137.5625, 0.6260, 160, 160, 160
L 268.2812, 137.5625, 0.6260,  268.2812, 142.3125, 0.6260, 160, 160, 160
L 254.2812, 140.3125, -0.3740,  251.4852, 140.2701, -0.3740, 160, 160, 160
L 279.5000, 165.5625, -0.3740,  277.5000, 165.5625, -0.3740, 160, 160, 160
L 277.5000, 168.3125, -0.3740,  277.5000, 165.5625, -0.3740, 160, 160, 160
L 279.4891, 168.3125, 0.6260,  277.5000, 168.3125, 0.6260, 160, 160, 160
L 279.5000, 165.5625, -0.3740,  279.4891, 168.3125, 0.6260, 160, 160, 160
L 279.5000, 165.5625, -0.3740,  279.5000, 142.3121, -0.3740, 160, 160, 160
L 251.5312, 165.5625, -0.3740,  254.2812, 165.5625, -0.3740, 160, 160, 160
L 254.2812, 165.5625, -0.3740,  254.2812, 168.3125, -0.3740, 160, 160, 160
L 251.5312, 168.3125, -0.3740,  251.5312, 165.5625, -0.3740, 160, 160, 160
L 251.5312, 168.3125, 0.6260,  254.2812, 168.3125, 0.6260, 160, 160, 160
L 277.5000, 167.5740, -0.3740,  254.2812, 167.5747, -0.3740, 160, 160, 160
L 277.7796, 142.3001, -0.3735,  267.8831, 142.3125, -0.3740, 160, 160, 160
L 277.5000, 139.9301, 0.6260,  268.2812, 139.9675, 0.6260, 160, 160, 160
L -139.7823, -111.5938, 0.6260,  -154.9260, -111.5936, 0.6260, 160, 160, 160
L -154.9260, -111.5936, 0.6260,  -168.3125, -125.7818, 0.6260, 160, 160, 160
L -168.3125, -125.7818, 0.6260,  -168.3125, -140.9280, 0.6260, 160, 160, 160
L -168.3125, -140.9280, 0.6260,  -154.9280, -154.3125, 0.6260, 160, 160, 160
L -154.9280, -154.3125, 0.6260,  -139.7821, -154.3125, 0.6260, 160, 160, 160
L -139.7821, -154.3125, 0.6260,  -125.5625, -140.9280, 0.6260, 160, 160, 160
L -125.5625, -140.9280, 0.6260,  -125.5625, -125.7818, 0.6260, 160, 160, 160
L -125.5625, -125.7818, 0.6260,  -139.7823, -111.5938, 0.6260, 160, 160, 160
L -125.7822, -181.5625, 0.6260,  -140.9260, -181.5625, 0.6260, 160, 160, 160
L -140.9260, -181.5625, 0.6260,  -154.3125, -195.7505, 0.6260, 160, 160, 160
L -154.3125, -195.7505, 0.6260,  -154.3125, -210.6150, 0.6260, 160, 160, 160
L -154.3125, -210.6150, 0.6260,  -140.9280, -224.2812, 0.6260, 160, 160, 160
L -140.9280, -224.2812, 0.6260,  -125.7818, -224.2812, 0.6260, 160, 160, 160
L -125.7818, -224.2812, 0.6260,  -111.5938, -210.6120, 0.6260, 160, 160, 160
L -111.5938, -210.6120, 0.6260,  -111.5936, -195.7509, 0.6260, 160, 160, 160
L -111.5936, -195.7509, 0.6260,  -125.7822, -181.5625, 0.6260, 160, 160, 160
L -126.7511, -181.5625, 0.6260,  -139.3477, -181.5625, 0.6260, 160, 160, 160
L -84.1240, -237.5312, 0.6260,  -98.3436, -251.7509, 0.6260, 160, 160, 160
L -98.3436, -251.7509, 0.6260,  -98.3436, -266.6180, 0.6260, 160, 160, 160
L -98.3436, -266.6180, 0.6260,  -84.1239, -280.2500, 0.6260, 160, 160, 160
L -84.1239, -280.2500, 0.6260,  -69.8135, -280.2499, 0.6260, 160, 160, 160
L -69.8135, -280.2499, 0.6260,  -55.5938, -266.6180, 0.6260, 160, 160, 160
L -55.5938, -266.6180, 0.6260,  -55.5938, -251.7509, 0.6260, 160, 160, 160
L -55.5938, -251.7509, 0.6260,  -69.8134, -237.5312, 0.6260, 160, 160, 160
L -69.8134, -237.5312, 0.6260,  -84.1240, -237.5312, 0.6260, 160, 160, 160
L -28.3750, -322.2500, 0.6260,  -13.6251, -306.9698, 0.6260, 160, 160, 160
L 182.1160, 265.3009, 0.6260,  182.3122, 307.5000, 0.6260, 160, 160, 160
L 177.8378, -202.2257, -2.3841,  195.2658, -210.3150, -2.3740, 160, 160, 160
L 195.2669, -210.3270, -2.3740,  209.3265, -223.8567, -1.3740, 160, 160, 160
L 209.3265, -223.8567, -1.3740,  209.5312, -265.5434, -0.3740, 160, 160, 160
L 209.5312, -265.5434, -0.3740,  195.3805, -279.8795, 0.6260, 160, 160, 160
L 195.3805, -279.8795, 0.6260,  209.6841, -294.1831, 0.6260, 160, 160, 160
L 209.6841, -294.1831, 0.6260,  238.9248, -308.8034, 0.6260, 160, 160, 160
L 238.9248, -308.8034, 0.6260,  252.9690, -294.2266, 0.6260, 160, 160, 160
L 252.9690, -294.2266, 0.6260,  266.1075, -292.2241, 0.6260, 160, 160, 160
L 146.1048, -235.5636, -2.4148,  154.4580, -251.2845, -2.3740, 160, 160, 160
L 154.6250, -251.2847, -2.3740,  167.8328, -251.5398, -1.3740, 160, 160, 160
L 168.3125, -251.2198, -0.3740,  168.3125, -265.5434, -0.3740, 160, 160, 160
L 168.3128, -265.5437, -0.3740,  182.3125, -279.7302, 0.6260, 160, 160, 160
L 182.3125, -279.7302, 0.6260,  182.3125, -307.7198, 0.6260, 160, 160, 160
L 182.3125, -307.7198, 0.6260,  196.6410, -321.5022, 0.6260, 160, 160, 160
L 196.6410, -321.5022, 0.6260,  224.5383, -335.7731, 0.6260, 160, 160, 160
L 224.5383, -335.7731, 0.6260,  210.3888, -349.9227, 0.6260, 160, 160, 160
L 210.3888, -349.9227, 0.6260,  238.3389, -391.8167, 0.6260, 160, 160, 160
L 238.3389, -391.8167, 0.6260,  224.2872, -419.9200, 0.6260, 160, 160, 160
L 224.2872, -419.9200, 0.6260,  210.3546, -475.5667, 0.6260, 160, 160, 160
L 210.3546, -475.5667, 0.6260,  252.1719, -489.5058, 0.6260, 160, 160, 160
L 252.1719, -489.5058, 0.6260,  266.1854, -517.5016, 0.6260, 160, 160, 160
L 266.1854, -517.5016, 0.6260,  293.4920, -531.1700, 0.6260, 160, 160, 160
L 293.6014, -462.6920, 0.6260,  279.8750, -448.3428, 0.6260, 160, 160, 160
L 279.8750, -448.3428, 0.6260,  251.9063, -476.3430, 0.6260, 160, 160, 160
L 251.9063, -476.3430, 0.6260,  237.5312, -461.9678, 0.6260, 160, 160, 160
L 237.5312, -461.9678, 0.6260,  237.5312, -433.6580, 0.6260, 160, 160, 160
L 237.5312, -433.6580, 0.6260,  279.3450, -391.8437, 0.6260, 160, 160, 160
L 279.3450, -391.8437, 0.6260,  251.6055, -364.7330, 0.6260, 160, 160, 160
L 251.6055, -364.7330, 0.6260,  247.3720, -356.6646, 0.6260, 160, 160, 160
L 247.3720, -356.6646, 1.6259,  254.9918, -353.3990, 1.6259, 160, 160, 160
L 254.9918, -353.3990, 2.6259,  260.2060, -358.4286, 2.6259, 160, 160, 160
L 260.2060, -358.4286, 2.6259,  267.3290, -356.6014, 2.6259, 160, 160, 160
L 267.3290, -356.6014, 2.6259,  275.3353, -348.8842, 3.6261, 160, 160, 160
L 275.3353, -348.8842, 3.6261,  277.5149, -327.7044, 5.6265, 160, 160, 160
L 277.5149, -327.7044, 6.6260,  279.2173, -326.2200, 6.6260, 160, 160, 160
L 279.2173, -326.2200, 6.6260,  282.2391, -322.9780, 7.6260, 160, 160, 160
L 282.2391, -322.9780, 7.6260,  290.6632, -315.5412, 8.6259, 160, 160, 160
L 290.6632, -315.5412, 9.6259,  300.4323, -313.9910, 9.6364, 160, 160, 160
L 300.4323, -313.9910, 9.6364,  307.1886, -306.1908, 10.6259, 160, 160, 160
L 307.1886, -306.1908, 10.6259,  319.8274, -297.1440, 11.6259, 160, 160, 160
L 319.8274, -297.1440, 11.6259,  324.3113, -289.1634, 12.6259, 160, 160, 160
L 324.3113, -289.1634, 12.6259,  330.8510, -283.1344, 13.6259, 160, 160, 160
L 330.8510, -283.1344, 13.6259,  341.7649, -275.1644, 14.6259, 160, 160, 160
L 341.7649, -275.1644, 14.6259,  349.1168, -266.2681, 15.6259, 160, 160, 160
L 349.1168, -266.2681, 15.6259,  349.5405, -255.7223, 16.6260, 160, 160, 160
L 265.8038, -292.2291, 11.6100,  265.1650, -303.2567, 10.6263, 160, 160, 160
L 265.1650, -303.2567, 10.6263,  267.1548, -311.2524, 9.6400, 160, 160, 160
L 267.1539, -311.2481, 9.6400,  267.3480, -315.2425, 8.6260, 160, 160, 160
L 267.3480, -315.2434, 8.6260,  265.9619, -318.2601, 7.6353, 160, 160, 160
L 265.9626, -318.2583, 7.6353,  264.9229, -320.2719, 6.6260, 160, 160, 160
L 264.9055, -320.3057, 6.6260,  262.8371, -323.2343, 5.6276, 160, 160, 160
L 262.8374, -323.2341, 5.6276,  259.7601, -335.1077, 4.6181, 160, 160, 160
L 254.7835, -336.3854, 2.5665,  254.5433, -336.3820, 1.6259, 160, 160, 160
L 254.5433, -336.3820, 1.6259,  247.5433, -336.5110, 0.6260, 160, 160, 160
L 247.5433, -356.9646, 0.6260,  247.5433, -336.5110, 0.6260, 160, 160, 160
L 254.5418, -353.5919, 1.6259,  254.5433, -336.5400, 1.6259, 160, 160, 160
L 267.3290, -356.6014, 2.6259,  254.8217, -336.4379, 2.6012, 160, 160, 160
L 275.3519, -348.8677, 3.6907,  259.7805, -335.2920, 3.5508, 160, 160, 160
L 259.7601, -335.1077, 3.6259,  254.5433, -336.4200, 1.6259, 160, 160, 160
L 276.4782, -338.9660, 4.6260,  260.9116, -331.2735, 4.6260, 160, 160, 160
L 277.4730, -328.1243, 5.6260,  262.8371, -323.2343, 5.6261, 160, 160, 160
L 279.2173, -326.2200, 6.6260,  264.9229, -320.2719, 6.6277, 160, 160, 160
L 282.2391, -322.9780, 7.6260,  265.9619, -318.2601, 7.6287, 160, 160, 160
L 266.1075, -292.2241, 12.6259,  274.4410, -282.2644, 12.6262, 160, 160, 160
L 274.4410, -282.2644, 12.6262,  283.5430, -271.2816, 14.6259, 160, 160, 160
L 283.5430, -271.2816, 14.6259,  285.1338, -266.2690, 15.6259, 160, 160, 160
L 285.1338, -266.2690, 15.6259,  292.2148, -242.8030, 16.6260, 160, 160, 160
L 292.2148, -242.8030, 16.6260,  317.4610, -209.9885, 15.6259, 160, 160, 160
L 317.4610, -209.9885, 15.6259,  362.8632, -182.3645, 15.6259, 160, 160, 160
L 362.8632, -182.3645, 15.6259,  420.1310, -210.4062, 14.6259, 160, 160, 160
L 420.1310, -210.4062, 14.6259,  434.5040, -182.3002, 14.6262, 160, 160, 160
L 434.5040, -182.3002, 14.6262,  420.1034, -153.5625, 15.6259, 160, 160, 160
L 420.1034, -153.5625, 15.6259,  392.7298, -153.5625, 15.6259, 160, 160, 160
L 392.7298, -153.5625, 15.6259,  378.3217, -126.5500, 16.6262, 160, 160, 160
L 378.3217, -126.5500, 16.6262,  392.7690, -56.7150, 17.6260, 160, 160, 160
L 392.7690, -56.7150, 17.6260,  420.2187, -42.1948, 18.6261, 160, 160, 160
L 265.5312, 142.3125, -0.3740,  268.2812, 142.3125, -0.3740, 160, 160, 160
L 252.1158, 165.6304, 16.6260,  252.1168, 142.6080, 16.6260, 160, 160, 160
L 177.8378, -202.2257, -2.3740,  146.1048, -235.5636, -2.4224, 160, 160, 160
L 349.5405, -255.7223, 16.6260,  352.5049, -246.7455, 16.6260, 160, 160, 160
L 352.5049, -246.7455, 16.6260,  362.7275, -237.5497, 15.6259, 160, 160, 160
L 362.7275, -237.5497, 15.6259,  406.7495, -237.5306, 14.6259, 160, 160, 160
L 406.7495, -237.5306, 12.6259,  378.2728, -266.7400, 12.5886, 160, 160, 160
L 378.2728, -266.7400, 12.5886,  392.1179, -307.5120, 11.6259, 160, 160, 160
L 392.1179, -307.5120, 11.6259,  350.7785, -349.5000, 40.9352, 160, 160, 160
L 350.7785, -349.5000, 40.9352,  378.5220, -391.4809, 42.5947, 160, 160, 160
L 378.5220, -391.4809, 42.5947,  350.9710, -406.1517, 44.5947, 160, 160, 160
L 350.9710, -406.1517, 44.5947,  336.2500, -419.9990, 44.5947, 160, 160, 160
L 336.2500, -419.9990, 44.5947,  336.2500, -434.2339, 44.5947, 160, 160, 160
L 363.4662, -419.6132, 44.5947,  363.6215, -448.1206, 42.5332, 160, 160, 160
L 363.6215, -448.1206, 42.5332,  391.4148, -475.9134, 40.4234, 160, 160, 160
L 391.4148, -475.9134, 40.4234,  377.4589, -517.7123, 38.4857, 160, 160, 160
L 377.4589, -517.7123, 38.4857,  363.4687, -545.7754, 32.7456, 160, 160, 160
L 363.4687, -545.7754, 32.7456,  363.3061, -587.6942, 29.9962, 160, 160, 160
L 336.3732, -434.4812, 44.5668,  364.1041, -490.1014, 30.1134, 160, 160, 160
L 364.1041, -490.1014, 30.1134,  350.1060, -532.1308, 27.6875, 160, 160, 160
L 350.1060, -532.1308, 27.6875,  349.6035, -573.3979, 26.5639, 160, 160, 160
L 349.5489, -572.9814, 26.5514,  345.9121, -574.5200, 25.6401, 160, 160, 160
L 345.9121, -574.5200, 25.6401,  341.9230, -573.9775, 25.6260, 160, 160, 160
L 341.9230, -573.9775, 25.6260,  336.2642, -572.8895, 27.3350, 160, 160, 160
L 336.2642, -572.8895, 27.3350,  335.9993, -573.1971, 29.6052, 160, 160, 160
L 335.9993, -573.1971, 29.6052,  335.4524, -572.9500, 34.4333, 160, 160, 160
L 335.4524, -572.9500, 34.4333,  321.6850, -560.1083, 34.6064, 160, 160, 160
L 321.6850, -560.1083, 34.6064,  307.8514, -559.9316, 37.2278, 160, 160, 160
L 307.8514, -559.9316, 37.2278,  293.9300, -573.8260, 42.5945, 160, 160, 160
L 293.9300, -573.8260, 42.5945,  307.4504, -587.3750, 42.5908, 160, 160, 160
L 307.3530, -587.3749, 42.5557,  322.2500, -587.8979, 29.6260, 160, 160, 160
L 322.2500, -587.8979, 29.6260,  322.2500, -615.5991, 36.4412, 160, 160, 160
L 322.2500, -630.9910, 35.7618,  322.2500, -630.2701, 31.6617, 160, 160, 160
L 349.4298, -629.5530, 31.4621,  335.7429, -615.3750, 32.7351, 160, 160, 160
L 335.7429, -615.3750, 32.7351,  335.5111, -601.6553, 29.6944, 160, 160, 160
L 335.5111, -601.6553, 29.6944,  338.2185, -590.4474, 26.5448, 160, 160, 160
L 338.2185, -590.4474, 26.5448,  342.8170, -587.6971, 25.6260, 160, 160, 160
L 342.8170, -587.6971, 25.6260,  346.2300, -586.6540, 25.7197, 160, 160, 160
L 346.2300, -586.6540, 25.7197,  363.2771, -587.6923, 29.9722, 160, 160, 160
L 293.7180, -462.1530, 0.6254,  279.8607, -489.6250, 0.6260, 160, 160, 160
L 279.8607, -489.6250, 0.6260,  293.6188, -531.2336, 0.6260, 160, 160, 160
L 294.1659, -462.6920, -36.8727,  335.7293, -434.3602, -29.3272, 160, 160, 160
L 335.7293, -434.3602, -29.3272,  363.4390, -489.8412, -27.9649, 160, 160, 160
L 363.4390, -489.8412, -27.9649,  349.5000, -531.7202, -32.8400, 160, 160, 160
L 349.5000, -531.7202, -40.2824,  349.4999, -572.9289, -40.2822, 160, 160, 160
L 349.4999, -572.9289, -39.7115,  362.9329, -587.3237, -37.7006, 160, 160, 160
L 362.9329, -587.3237, -37.7006,  377.4460, -601.8826, -33.8716, 160, 160, 160
L 377.4460, -601.8826, -33.8716,  375.4889, -615.5810, -34.1775, 160, 160, 160
L 375.4889, -615.5810, -34.1775,  372.6322, -620.3723, -34.6373, 160, 160, 160
L 372.5457, -620.5176, -34.6373,  370.6746, -622.3885, -34.9298, 160, 160, 160
L 370.6746, -622.3885, -34.9298,  367.4488, -624.5652, -35.3804, 160, 160, 160
L 367.4854, -625.4868, -35.9739,  349.9957, -629.3405, -38.1614, 160, 160, 160
L 349.9957, -629.3405, -38.1614,  341.8629, -633.3364, -37.2490, 160, 160, 160
L 341.8629, -633.3364, -37.2490,  333.8969, -633.3618, -38.4626, 160, 160, 160
L 333.8969, -633.3618, -38.4626,  322.2499, -629.4796, -40.2723, 160, 160, 160
L 321.7196, -616.1249, -40.2830,  336.2499, -616.1250, -38.3132, 160, 160, 160
L 336.2499, -616.1250, -40.2723,  336.2500, -601.8610, -40.2839, 160, 160, 160
L 336.2500, -601.8610, -40.2839,  338.2414, -590.8306, -39.9714, 160, 160, 160
L 338.2414, -590.8306, -39.9714,  336.2937, -573.2311, -39.4697, 160, 160, 160
L 336.2937, -573.2311, -39.4697,  322.6040, -559.4062, -36.1559, 160, 160, 160
L 322.6040, -559.4062, -36.2567,  308.3030, -559.4062, -38.1599, 160, 160, 160
L 308.3030, -559.4062, -38.1599,  293.3408, -573.7780, -38.2103, 160, 160, 160
L 293.3408, -573.7780, -40.2727,  307.5000, -587.9012, -38.2424, 160, 160, 160
L 307.5000, -587.9012, -38.2424,  307.4999, -601.9052, -38.2424, 160, 160, 160
L 307.4999, -601.9052, -40.2768,  321.7196, -616.1249, -38.3560, 160, 160, 160
L 322.2500, -629.4796, -40.2500,  294.2500, -601.5945, -40.2742, 160, 160, 160
L 294.2500, -601.5945, -40.2742,  294.2500, -588.1249, -40.2830, 160, 160, 160
L 294.2500, -588.1249, -40.2830,  280.2500, -573.6255, -40.2777, 160, 160, 160
L 280.2500, -573.6255, -40.2777,  280.2500, -559.9365, -40.2828, 160, 160, 160
L 280.2500, -559.9365, -40.2828,  294.2499, -545.6259, -40.2723, 160, 160, 160
L 294.2499, -545.6259, -40.2723,  294.2500, -531.7209, -40.2830, 160, 160, 160
L 294.2500, -532.6865, -40.2830,  294.1451, -531.4062, -40.1918, 160, 160, 160
L 294.2500, -531.7209, -40.2820,  280.2798, -489.8412, -40.2815, 160, 160, 160
L 280.2798, -489.8412, -40.2815,  294.2173, -462.3480, -36.8633, 160, 160, 160
L 378.5590, -616.1249, -30.9734,  391.4687, -616.1249, -30.9730, 160, 160, 160
L 391.4687, -616.1249, -30.9730,  391.4687, -629.7688, -38.2770, 160, 160, 160
L 391.4687, -629.3750, -38.2770,  377.4687, -629.3750, -39.9992, 160, 160, 160
L 377.9986, -629.3750, -39.9992,  375.2187, -626.5945, -38.1713, 160, 160, 160
L 375.2153, -627.9690, -38.1713,  375.2595, -620.3912, -34.1807, 160, 160, 160
L 375.4952, -620.3926, -34.1807,  378.5610, -616.1249, -30.9734, 160, 160, 160
L 378.5610, -616.1249, -27.3276,  375.1648, -616.1249, -27.3259, 160, 160, 160
L 375.4952, -620.3926, -26.8203,  372.6322, -620.3723, -26.8404, 160, 160, 160
L 367.4488, -624.5652, -27.3290,  367.5625, -627.4294, -27.3378, 160, 160, 160
L 364.2185, -626.1420, -26.9481,  364.2187, -629.9374, -26.9669, 160, 160, 160
L 364.2187, -629.9374, -30.8103,  364.2187, -643.3750, -39.9191, 160, 160, 160
L 364.2187, -643.3750, -39.9191,  377.4687, -643.3750, -40.5250, 160, 160, 160
L 377.4687, -643.3750, -40.5250,  377.4687, -629.3750, -30.7706, 160, 160, 160
L 377.4687, -629.8306, -30.7706,  374.9836, -627.9780, -28.8909, 160, 160, 160
L 375.2153, -627.9690, -28.8909,  367.5505, -627.1263, -28.9103, 160, 160, 160
L 367.5625, -627.4294, -28.9103,  364.2187, -629.9374, -30.7885, 160, 160, 160
L 349.4420, -377.8168, -25.7024,  321.6741, -419.4687, -30.8973, 160, 160, 160
L 349.4420, -377.8168, -24.2987,  335.6091, -350.1816, -28.2960, 160, 160, 160
L 335.6091, -350.1816, -28.2960,  294.7112, -336.5491, -35.9600, 160, 160, 160
L 279.5665, -447.5903, -43.1178,  252.5158, -474.6714, -41.3000, 160, 160, 160
L 252.5158, -474.6714, -41.3000,  266.1043, -406.7647, -37.6062, 160, 160, 160
L 279.8582, -489.3847, -31.9482,  252.3300, -475.6052, -27.3961, 160, 160, 160
L 266.2812, -405.6123, -41.2702,  266.2812, -350.1059, -41.2697, 160, 160, 160
L 266.2812, -350.1059, -41.2697,  280.1342, -224.9711, -36.7393, 160, 160, 160
L 280.1342, -224.9711, -36.7393,  363.4687, -210.3486, -39.2483, 160, 160, 160
L 363.4687, -210.3486, -39.2483,  362.2800, -224.7999, -41.2697, 160, 160, 160
L 362.2800, -224.7999, -41.2697,  307.4768, -265.9850, -43.2548, 160, 160, 160
L 307.4768, -265.9850, -43.2548,  292.3505, -336.2167, -43.7390, 160, 160, 160
L 292.3505, -336.2167, -43.7390,  335.6091, -350.1816, -28.2960, 160, 160, 160
L 293.3716, -420.1130, -43.2698,  321.6741, -419.4687, -30.9088, 160, 160, 160
L 279.5668, -447.5901, -43.2697,  293.3716, -420.1130, -43.2698, 160, 160, 160
L 279.5665, -447.5903, -43.2697,  294.1659, -462.6920, -36.8727, 160, 160, 160
L 378.2173, -222.5766, -33.8530,  433.7545, -209.3172, -40.6170, 160, 160, 160
L 433.7545, -209.3172, -40.6170,  461.2647, -168.8280, -37.6471, 160, 160, 160
L 461.2647, -168.8280, -37.6471,  462.2687, -167.8634, -43.2700, 160, 160, 160
L 462.2687, -167.8634, -43.2700,  476.1240, -181.4182, -43.2449, 160, 160, 160
L 476.1240, -181.4182, -43.2449,  503.4375, -167.4795, -37.7670, 160, 160, 160
L 503.4375, -167.4795, -37.7670,  503.4375, -139.5625, -43.2914, 160, 160, 160
L 503.4375, -139.5625, -43.2914,  517.4062, -139.5625, -35.2948, 160, 160, 160
L 517.4062, -139.5625, -35.2948,  545.4062, -139.5625, -35.2860, 160, 160, 160
L 545.4062, -139.5625, -35.2860,  559.4062, -123.5293, -34.2244, 160, 160, 160
L 559.4062, -123.5293, -34.2244,  559.4062, -112.1240, -35.3224, 160, 160, 160
L 559.4062, -112.1240, -35.3224,  545.6259, -98.3436, -35.3438, 160, 160, 160
L 545.6259, -98.3436, -35.3438,  517.9575, -98.3436, -31.6772, 160, 160, 160
L 517.9575, -98.3436, -31.6772,  517.4062, -98.3432, -41.9500, 160, 160, 160
L 517.4062, -98.3432, -41.9500,  504.1440, -98.3436, -43.3147, 160, 160, 160
L 504.1440, -98.3436, -43.3147,  476.1875, -98.3436, -38.6129, 160, 160, 160
L 476.1875, -98.3436, -38.6129,  462.1875, -112.1240, -35.3224, 160, 160, 160
L 462.1875, -112.1240, -35.3224,  462.1875, -125.7147, -35.3224, 160, 160, 160
L 461.6571, -126.3125, -41.2507,  434.1875, -126.3125, -41.2700, 160, 160, 160
L 434.1875, -126.3125, -41.2700,  434.1875, -153.6468, -36.1754, 160, 160, 160
L 434.1875, -153.6468, -36.1754,  434.3170, -154.4662, -43.2700, 160, 160, 160
L 434.3170, -154.4662, -43.2700,  420.2726, -195.8052, -43.2700, 160, 160, 160
L 420.2726, -195.8052, -43.2700,  378.2187, -210.1765, -41.2700, 160, 160, 160
L 378.2187, -210.2812, -41.2700,  378.2171, -223.5312, -38.9337, 160, 160, 160
L 378.2187, -210.2812, -35.3740,  374.2187, -210.2812, -35.3740, 160, 160, 160
L 374.2187, -210.2812, -35.3740,  374.2187, -212.2812, -35.3740, 160, 160, 160
L 374.2187, -212.2812, -35.3740,  371.4080, -212.2812, -35.3740, 160, 160, 160
L 371.4080, -212.2812, -35.3740,  371.4687, -210.2812, -35.3740, 160, 160, 160
L 371.4687, -210.2812, -35.3740,  370.2187, -210.2812, -35.3740, 160, 160, 160
L 370.2187, -210.2812, -35.3740,  370.2187, -212.2812, -35.3740, 160, 160, 160
L 370.2187, -212.2812, -35.3740,  367.4687, -212.2812, -35.3740, 160, 160, 160
L 367.4687, -212.2812, -35.3740,  367.4687, -210.2803, -35.3740, 160, 160, 160
L 367.4687, -210.2803, -35.3740,  363.4753, -210.2813, -35.3740, 160, 160, 160
L 362.1544, -223.5312, -35.3740,  367.4687, -223.5312, -35.3740, 160, 160, 160
L 367.4687, -223.5312, -35.3740,  367.4687, -221.5312, -35.3740, 160, 160, 160
L 367.4687, -221.5312, -35.3740,  370.2187, -221.5312, -35.3740, 160, 160, 160
L 370.2187, -221.5312, -35.3740,  370.2187, -233.5312, -35.3740, 160, 160, 160
L 370.2187, -233.5312, -35.3740,  371.4687, -233.5312, -35.3740, 160, 160, 160
L 371.4687, -233.5312, -35.3740,  371.4687, -221.5312, -35.3740, 160, 160, 160
L 371.4687, -221.5312, -35.3740,  374.2144, -221.5312, -35.3740, 160, 160, 160
L 374.2144, -221.5312, -35.3740,  374.2158, -223.5312, -35.3740, 160, 160, 160
L 374.2158, -223.5312, -35.3740,  378.2171, -223.5312, -35.3740, 160, 160, 160
L 392.1582, -671.3437, 0.6260,  405.4687, -671.3437, 0.6260, 160, 160, 160
L 405.4687, -671.3437, 0.6260,  405.4687, -657.5945, 0.6260, 160, 160, 160
L 391.7121, -616.1249, 0.5538,  405.8437, -602.2803, 0.6260, 160, 160, 160
L 405.8437, -602.2803, 0.6260,  419.5362, -615.9734, 0.6260, 160, 160, 160
L 425.9390, -628.1917, 1.6259,  435.6009, -632.6880, 2.6052, 160, 160, 160
L 435.6009, -632.6880, 2.6052,  449.4375, -645.9053, 3.6259, 160, 160, 160
L 449.4375, -645.9053, 3.6259,  449.4051, -661.8745, 4.6257, 160, 160, 160
L 449.4051, -661.8745, 4.6257,  445.4212, -681.7175, 5.6260, 160, 160, 160
L 445.4212, -681.7175, 5.6260,  439.4200, -701.5942, 6.5641, 160, 160, 160
L 439.4200, -701.5942, 6.5641,  421.6634, -721.3553, 7.6242, 160, 160, 160
L 421.6634, -721.3553, 7.6242,  425.3901, -739.4077, 16.5025, 160, 160, 160
L 425.3901, -739.4077, 16.5025,  417.5230, -765.8957, 9.6259, 160, 160, 160
L 417.5230, -765.8957, 9.6259,  425.4248, -785.6498, 9.6259, 160, 160, 160
L 425.4248, -785.6498, 9.6259,  415.6571, -801.2784, 9.6259, 160, 160, 160
L 415.6571, -801.2784, 9.6259,  423.2952, -817.4285, 16.6994, 160, 160, 160
L 423.2952, -817.4285, 16.6994,  397.3410, -823.6735, 10.6737, 160, 160, 160
L 397.3410, -823.6735, 10.6737,  387.4803, -835.8228, 2.6259, 160, 160, 160
L 387.4803, -835.8228, 2.6259,  389.4461, -861.3934, 2.6259, 160, 160, 160
L 389.4461, -861.3934, 2.6259,  371.6340, -867.6559, 2.6259, 160, 160, 160
L 371.6340, -867.6559, 2.6259,  354.1644, -855.4193, 2.6259, 160, 160, 160
L 354.1644, -855.4193, 2.6259,  348.2982, -835.7628, 2.6259, 160, 160, 160
L 348.2982, -835.7628, 2.6259,  359.9993, -824.3120, 2.6259, 160, 160, 160
L 359.9993, -824.3120, 2.6259,  373.7237, -824.3120, 2.6259, 160, 160, 160
L 373.7237, -824.3120, 2.6259,  384.2000, -814.6100, 10.5810, 160, 160, 160
L 384.2000, -814.6100, 10.5810,  370.1924, -773.5496, 9.6259, 160, 160, 160
L 370.1924, -773.5496, 9.6259,  364.2703, -765.6308, 14.8345, 160, 160, 160
L 364.2703, -765.6308, 14.8345,  350.8760, -767.2765, 22.6523, 160, 160, 160
L 350.8760, -767.2765, 22.6523,  349.1621, -783.8700, 29.5897, 160, 160, 160
L 349.1621, -783.8700, 29.5897,  339.7354, -793.2966, 32.7200, 160, 160, 160
L 339.7354, -793.2966, 32.7200,  320.4304, -791.3644, 33.7770, 160, 160, 160
L 312.2611, -779.5907, 30.9777,  314.2341, -759.8917, 27.5186, 160, 160, 160
L 320.4304, -791.3644, 33.5980,  312.2611, -779.5907, 31.4268, 160, 160, 160
L 314.2312, -759.8939, 27.5193,  327.9304, -750.1086, 24.7053, 160, 160, 160
L 327.9304, -750.1086, 24.7053,  343.6044, -755.9864, 24.7053, 160, 160, 160
L 343.6044, -755.9864, 24.7053,  367.8172, -756.6980, 16.7463, 160, 160, 160
L 367.8172, -756.6980, 16.7463,  381.7796, -760.5690, 9.6259, 160, 160, 160
L 381.7796, -760.5690, 9.6259,  404.7990, -759.9787, 9.6259, 160, 160, 160
L 404.7990, -759.9787, 9.6259,  410.1229, -740.9220, 15.5643, 160, 160, 160
L 410.1229, -740.9220, 15.5643,  406.3460, -721.3959, 8.6258, 160, 160, 160
L 406.3460, -721.3959, 8.6258,  386.1530, -719.3588, 9.6259, 160, 160, 160
L 386.1530, -719.3588, 9.6259,  381.7891, -715.3477, 10.6480, 160, 160, 160
L 381.7891, -715.3477, 10.6480,  367.7665, -721.3437, 16.5200, 160, 160, 160
L 367.7665, -721.3437, 16.5200,  351.9610, -721.3437, 10.5730, 160, 160, 160
L 351.9610, -721.3437, 10.5730,  326.5570, -703.3900, 13.6423, 160, 160, 160
L 326.5570, -703.3900, 13.6423,  311.6732, -701.3682, 13.3215, 160, 160, 160
L 311.6732, -701.3682, 13.3215,  283.8759, -705.3171, 13.6265, 160, 160, 160
L 283.8759, -705.3171, 13.6265,  257.6847, -695.3826, 13.8571, 160, 160, 160
L 257.6847, -695.3826, 13.8571,  230.3853, -701.2324, 13.2172, 160, 160, 160
L 230.3853, -701.2324, 13.2172,  202.3600, -701.3437, 23.6934, 160, 160, 160
L 202.3600, -701.3437, 23.6934,  184.2971, -691.4896, 24.6787, 160, 160, 160
L 184.2971, -691.4896, 24.6787,  182.3263, -663.9267, 21.4451, 160, 160, 160
L 182.3263, -663.9267, 21.4451,  188.2383, -636.1249, 15.4212, 160, 160, 160
L 188.2383, -636.1249, 15.4212,  196.2240, -588.1249, 16.3643, 160, 160, 160
L 196.2240, -588.1249, 16.3643,  195.1663, -587.1086, 14.5645, 160, 160, 160
L 195.1663, -587.1086, 14.5645,  166.2677, -577.4957, 18.5722, 160, 160, 160
L 166.2677, -577.4957, 18.5722,  148.3320, -556.7491, 26.8671, 160, 160, 160
L 148.3320, -556.7491, 26.8671,  140.5860, -525.9705, 36.4369, 160, 160, 160
L 140.5860, -525.9705, 36.4369,  142.2625, -502.5240, 37.2494, 160, 160, 160
L 142.2625, -502.5240, 37.2494,  154.1512, -484.1677, 39.7147, 160, 160, 160
L 154.1512, -484.1677, 39.7147,  154.3125, -461.9678, 34.6240, 160, 160, 160
L 154.3125, -461.9678, 34.6240,  168.9280, -448.1875, 34.3960, 160, 160, 160
L 168.9280, -448.1875, 34.3960,  181.7819, -448.1874, 34.6203, 160, 160, 160
L 181.7819, -448.1874, 34.6203,  195.5312, -461.9655, 36.3425, 160, 160, 160
L 195.5312, -461.9655, 36.3425,  195.5312, -479.6926, 37.8203, 160, 160, 160
L 195.5312, -479.6926, 37.8203,  185.7698, -494.3156, 36.5129, 160, 160, 160
L 185.7698, -494.3156, 36.5129,  189.5459, -501.8679, 33.7989, 160, 160, 160
L 237.4422, -531.8476, 15.6259,  223.7509, -518.1561, 15.6259, 160, 160, 160
L 223.7509, -518.1561, 15.6259,  209.7745, -518.1561, 15.6259, 160, 160, 160
L 223.7709, -559.3860, 15.6259,  237.5312, -545.6259, 15.6259, 160, 160, 160
L 237.5312, -545.6259, 15.6259,  237.5312, -531.9365, 15.6259, 160, 160, 160
L 223.5312, -559.8419, 14.4804,  223.4102, -588.1128, 17.6082, 160, 160, 160
L 223.4102, -588.1128, 17.6082,  209.6747, -636.1249, 15.6100, 160, 160, 160
L 209.6747, -636.1249, 15.6100,  219.7521, -656.1259, 15.6958, 160, 160, 160
L 219.7521, -656.1259, 15.6958,  236.1919, -672.2009, 14.6082, 160, 160, 160
L 236.1919, -672.2009, 14.6082,  267.7508, -682.6379, 15.1450, 160, 160, 160
L 267.7508, -682.6379, 15.1450,  284.2418, -692.6169, 12.6090, 160, 160, 160
L 284.2418, -692.6169, 12.6090,  305.6594, -690.1154, 11.6050, 160, 160, 160
L 305.6594, -690.1154, 11.6050,  310.2019, -669.9958, 11.6577, 160, 160, 160
L 310.2019, -669.9958, 11.6577,  300.5058, -652.1124, 12.6259, 160, 160, 160
L 300.5058, -652.1124, 12.6259,  298.2848, -641.8867, 13.6260, 160, 160, 160
L 298.2848, -641.8867, 13.6260,  288.3322, -633.6355, 21.5712, 160, 160, 160
L 288.3322, -633.6355, 21.5712,  273.7545, -643.3750, 27.4944, 160, 160, 160
L 273.5677, -643.8300, 27.4944,  269.7343, -653.1663, 30.8963, 160, 160, 160
L 269.7343, -653.1663, 30.8963,  256.4311, -643.6639, 28.6003, 160, 160, 160
L 256.4311, -643.6639, 28.6003,  273.5677, -643.8300, 28.6494, 160, 160, 160
L 256.2640, -643.5448, 28.4128,  251.6674, -653.3369, 35.4630, 160, 160, 160
L 251.6674, -653.3369, 35.4630,  238.2501, -651.4202, 33.6960, 160, 160, 160
L 238.2501, -651.4202, 33.6960,  236.3038, -631.9579, 28.7210, 160, 160, 160
L 236.3038, -631.9579, 28.7210,  254.2664, -621.9787, 28.7210, 160, 160, 160
L 253.8633, -622.2028, 28.7210,  254.2557, -621.8859, 27.7390, 160, 160, 160
L 254.2557, -621.8859, 27.7390,  260.1533, -608.1249, 26.9710, 160, 160, 160
L 260.1533, -608.1249, 26.9710,  285.6745, -608.1249, 25.6510, 160, 160, 160
L 285.6745, -608.1249, 25.6510,  293.6145, -620.1980, 25.6998, 160, 160, 160
L 293.6145, -620.1980, 25.6998,  307.5278, -633.9332, 14.6908, 160, 160, 160
L 307.5278, -633.9332, 14.6908,  311.7506, -652.1127, 12.6262, 160, 160, 160
L 311.7506, -652.1127, 12.6262,  331.6933, -664.1664, 11.6537, 160, 160, 160
L 331.6933, -664.1664, 11.6537,  341.4866, -679.8052, 12.5943, 160, 160, 160
L 341.4866, -679.8052, 12.5943,  341.5002, -699.7346, 13.6532, 160, 160, 160
L 341.5002, -699.7346, 13.6532,  352.1048, -710.9370, 9.8004, 160, 160, 160
L 352.1048, -710.9370, 9.8004,  361.6120, -710.9370, 13.9137, 160, 160, 160
L 361.6120, -710.9370, 13.9137,  382.8170, -704.9370, 9.8209, 160, 160, 160
L 382.8170, -704.9370, 9.8209,  391.6120, -704.9370, 9.6259, 160, 160, 160
L 391.6120, -704.9370, 9.6259,  394.2980, -708.9370, 8.6259, 160, 160, 160
L 394.2980, -708.9370, 8.6259,  414.3870, -708.1031, 7.6356, 160, 160, 160
L 414.3870, -708.1031, 7.6356,  422.8550, -702.5300, 6.6260, 160, 160, 160
L 422.8550, -702.5300, 6.6260,  434.1940, -681.7382, 5.6260, 160, 160, 160
L 434.1940, -681.7382, 5.6260,  438.1786, -665.6114, 4.6260, 160, 160, 160
L 438.1786, -665.6114, 4.6260,  436.2015, -645.8708, 3.6259, 160, 160, 160
L 436.2015, -645.8708, 3.6259,  431.6073, -641.2856, 1.6259, 160, 160, 160
L 431.6073, -641.2856, 1.6259,  425.7882, -639.3357, 1.6259, 160, 160, 160
L 419.8883, -643.1749, 0.6260,  419.4687, -657.4247, 6.5034, 160, 160, 160
L 419.4687, -657.4247, 6.5034,  419.4687, -663.3749, 8.5638, 160, 160, 160
L 419.4687, -663.3749, 8.5638,  419.4682, -665.3935, 10.5566, 160, 160, 160
L 419.4682, -665.3935, 10.5566,  419.4687, -671.3437, 11.7393, 160, 160, 160
L 419.4687, -671.3437, 11.7393,  419.4687, -679.6050, 18.9448, 160, 160, 160
L 419.4687, -679.6050, 18.9448,  415.6429, -685.3437, 20.5283, 160, 160, 160
L 415.6429, -685.3437, 20.5283,  405.6884, -685.3437, 20.5289, 160, 160, 160
L 405.9436, -685.3437, 20.5289,  405.4687, -685.5633, 17.8691, 160, 160, 160
L 405.6884, -685.3437, 17.8691,  391.6884, -699.3437, 17.8690, 160, 160, 160
L 419.8852, -643.2768, 0.6260,  425.7882, -639.3357, 0.6260, 160, 160, 160
L 392.1582, -671.3437, 0.6200,  405.9311, -657.8333, 0.6260, 160, 160, 160
L 392.8850, -616.3400, 0.6260,  392.1934, -629.8843, 0.6260, 160, 160, 160
L 392.1934, -629.8843, 0.6260,  405.9311, -657.8333, 0.6260, 160, 160, 160
L 405.4687, -657.5945, 0.6260,  419.8883, -643.1749, 0.6260, 160, 160, 160
L 419.4682, -657.4247, 6.5034,  405.7094, -659.3998, 6.4337, 160, 160, 160
L 391.8530, -671.9456, 23.6189,  406.2470, -672.1002, 20.6689, 160, 160, 160
L 406.2470, -672.1002, 16.5010,  405.8482, -657.2150, 0.6260, 160, 160, 160
L 391.6884, -699.3437, 17.8690,  363.8444, -699.1885, 21.4776, 160, 160, 160
L 363.8444, -699.1885, 21.4776,  350.2500, -685.5635, 25.5225, 160, 160, 160
L 350.2500, -685.5635, 25.5225,  350.2500, -671.7322, 29.6253, 160, 160, 160
L 350.2500, -671.7322, 29.6253,  336.3774, -657.7215, 32.6233, 160, 160, 160
L 336.3774, -657.7215, 32.6233,  334.1689, -653.5067, 31.6617, 160, 160, 160
L 322.2500, -643.5742, 31.6617,  322.2500, -630.2703, 31.6617, 160, 160, 160
L 322.2500, -630.2701, 31.6617,  322.2500, -587.8979, 29.6260, 160, 160, 160
L 322.2500, -587.8979, 29.6260,  335.9030, -573.3000, 29.6260, 160, 160, 160
L 256.2640, -643.5448, 28.4128,  254.2664, -621.9787, 27.7421, 160, 160, 160
L 230.3853, -701.2324, 13.2292,  236.1919, -672.2009, 14.6082, 160, 160, 160
L 182.4244, -663.2635, 16.6086,  220.3781, -656.7508, 15.6958, 160, 160, 160
L 188.2383, -636.1249, 15.4212,  209.6747, -636.1249, 15.6138, 160, 160, 160
L 196.2240, -588.1249, 16.3643,  223.4098, -588.1140, 17.6132, 160, 160, 160
L 170.4679, -500.7529, 33.7276,  157.6282, -513.5688, 33.7257, 160, 160, 160
L 157.6282, -513.5688, 33.7257,  153.5756, -529.6824, 33.7047, 160, 160, 160
L 153.5756, -529.6824, 33.7047,  153.6203, -530.1567, 30.8421, 160, 160, 160
L 153.6203, -530.1567, 30.8421,  156.1692, -542.1562, 22.3003, 160, 160, 160
L 156.1692, -542.1562, 22.3003,  159.9421, -542.1562, 19.6999, 160, 160, 160
L 159.9421, -542.1562, 19.6999,  168.1612, -532.1019, 17.1613, 160, 160, 160
L 168.1612, -532.1019, 17.1613,  168.3125, -531.4120, 22.5718, 160, 160, 160
L 168.3125, -531.4120, 22.5718,  168.3125, -515.8079, 22.5718, 160, 160, 160
L 189.9123, -502.2726, 19.3504,  209.7745, -518.1561, 16.4634, 160, 160, 160
L 170.4679, -500.7529, 36.5127,  168.3125, -515.8079, 32.9680, 160, 160, 160
L 188.2383, -636.1249, 15.4212,  209.6748, -636.1249, 15.6100, 160, 160, 160
L 257.6847, -695.3826, 13.8571,  267.7158, -682.5200, 15.1750, 160, 160, 160
L 284.2407, -705.2876, 12.6090,  284.2418, -692.6190, 12.6090, 160, 160, 160
L 311.3068, -701.4211, 11.3402,  305.6591, -690.1149, 11.6051, 160, 160, 160
L 331.6940, -664.1675, 11.6494,  310.2026, -669.9927, 11.6651, 160, 160, 160
L 311.7509, -652.1127, 12.6259,  300.5056, -652.1121, 12.6259, 160, 160, 160
L 307.6365, -634.4053, 13.6260,  298.2848, -641.8867, 13.6259, 160, 160, 160
L 288.3322, -633.6355, 21.5712,  293.7755, -620.1807, 25.6872, 160, 160, 160
L 341.7599, -700.1340, 11.5749,  325.8983, -703.3431, 13.6377, 160, 160, 160
L 352.1297, -721.3437, 9.7738,  352.9750, -710.9370, 9.8072, 160, 160, 160
L 361.6118, -710.9370, 13.9137,  368.1920, -721.2355, 14.6133, 160, 160, 160
L 382.2065, -704.9370, 9.6259,  382.2065, -715.5511, 9.6259, 160, 160, 160
L 394.2980, -708.9370, 8.6259,  386.4807, -719.4056, 8.6465, 160, 160, 160
L 406.4315, -721.3774, 7.6867,  414.1220, -707.9787, 7.5778, 160, 160, 160
L 414.3240, -707.8278, 6.6260,  421.9023, -721.9230, 6.6260, 160, 160, 160
L 421.5708, -721.3559, 7.6260,  406.3611, -721.4183, 7.7557, 160, 160, 160
L 410.1229, -740.9220, 15.5643,  425.3904, -739.4076, 16.5025, 160, 160, 160
L 415.6571, -801.2784, 9.6259,  378.1820, -795.5203, 9.6259, 160, 160, 160
L 397.3430, -823.6711, 10.6760,  384.1954, -813.5569, 9.7020, 160, 160, 160
L 373.7235, -824.3110, 2.6259,  387.4805, -835.8229, 2.6259, 160, 160, 160
L 364.2701, -765.6309, 14.8345,  367.5210, -756.6240, 16.7229, 160, 160, 160
L 350.8830, -767.2780, 22.6515,  343.6044, -755.9864, 24.7053, 160, 160, 160
L 422.4938, -701.3622, 5.6474,  439.5298, -701.3559, 5.6260, 160, 160, 160
L 434.2857, -681.3559, 4.6260,  445.5027, -681.3560, 4.6265, 160, 160, 160
L 438.1428, -665.2571, 3.7006,  449.4375, -661.4918, 3.6259, 160, 160, 160
L 435.9798, -645.3871, 2.6259,  448.9218, -645.3885, 2.6314, 160, 160, 160
L 431.6073, -641.2851, 1.6259,  435.3371, -631.9614, 1.6259, 160, 160, 160
L 425.4809, -639.5411, 0.6260,  425.4809, -627.8615, 0.6260, 160, 160, 160
L 425.4809, -627.8658, 0.6260,  419.5362, -615.9734, 0.6260, 160, 160, 160
L 545.3365, -98.5450, 39.6176,  531.2508, -83.9688, 39.6266, 160, 160, 160
L 531.2508, -83.9688, 39.6259,  545.4062, -69.8134, 39.6259, 160, 160, 160
L 545.4062, -69.8134, 39.6259,  545.4062, -42.2006, 39.6259, 160, 160, 160
L 545.4062, -42.2006, 39.6259,  517.6929, -28.3750, 39.6259, 160, 160, 160
L 517.6929, -28.3750, 39.6259,  503.9008, -28.3750, 39.6259, 160, 160, 160
L 503.9008, -28.3750, 39.6259,  476.1874, -42.2008, 39.6259, 160, 160, 160
L 476.1874, -42.2008, 39.6259,  476.1875, -69.8134, 39.6259, 160, 160, 160
L 476.1875, -69.8134, 39.6259,  490.3428, -83.9686, 39.6259, 160, 160, 160
L 490.3428, -83.9686, 39.6266,  476.4307, -97.8807, 39.6266, 160, 160, 160
L 476.4307, -97.8807, 39.6266,  503.7178, -97.8148, 39.6569, 160, 160, 160
L 545.3365, -98.5450, 39.6009,  517.6060, -97.9407, 39.6572, 160, 160, 160
L 517.6060, -97.9407, 39.6572,  517.7421, -139.8173, 39.6443, 160, 160, 160
L 517.7421, -139.8173, 39.6443,  545.3073, -140.4670, 39.6259, 160, 160, 160
L 503.7108, -97.8405, 39.6569,  503.7751, -140.3480, 39.6259, 160, 160, 160
L 503.7810, -140.4810, 39.6259,  476.1936, -139.8614, 39.6062, 160, 160, 160
L 476.1936, -139.8614, 39.6259,  490.9710, -167.6682, 39.6259, 160, 160, 160
L 490.9710, -167.6682, 39.6259,  503.9114, -175.5625, 39.6259, 160, 160, 160
L 503.9114, -175.5625, 39.6259,  506.1875, -175.5625, 39.6259, 160, 160, 160
L 545.2519, -140.1572, 39.6259,  531.4972, -167.6668, 39.6259, 160, 160, 160
L 531.4972, -167.6668, 39.6259,  517.6816, -175.5625, 39.6259, 160, 160, 160
L 517.6816, -175.5625, 39.6259,  515.4062, -175.5625, 39.6259, 160, 160, 160
L 515.4062, -175.5625, 39.6259,  515.4062, -178.3125, 39.6259, 160, 160, 160
L 515.4062, -178.3125, 39.6259,  527.4062, -178.3125, 39.6259, 160, 160, 160
L 527.4062, -178.3125, 39.6259,  527.4062, -179.5625, 39.6259, 160, 160, 160
L 527.4062, -179.5625, 39.6259,  515.4062, -179.5625, 39.6259, 160, 160, 160
L 515.4062, -179.5625, 39.6259,  515.4062, -182.3125, 39.6259, 160, 160, 160
L 515.4062, -182.3125, 39.6259,  517.1747, -182.3125, 39.6259, 160, 160, 160
L 517.1747, -182.3125, 39.6259,  503.3564, -209.9800, 39.6259, 160, 160, 160
L 503.3564, -209.9800, 39.6259,  517.7808, -224.4369, 39.6259, 160, 160, 160
L 517.7808, -224.4369, 39.6259,  531.9365, -210.2812, 39.6259, 160, 160, 160
L 531.9365, -210.2812, 39.6259,  545.5494, -210.2812, 39.6259, 160, 160, 160
L 545.5494, -210.2812, 39.6259,  559.3250, -237.8323, 39.6259, 160, 160, 160
L 559.3250, -237.8323, 39.6259,  545.5576, -251.5987, 39.6259, 160, 160, 160
L 545.5576, -251.5987, 39.6259,  517.4409, -265.7162, 39.6075, 160, 160, 160
L 517.4409, -265.7162, 39.6075,  503.8116, -279.3453, 35.7051, 160, 160, 160
L 506.1875, -175.5625, 39.6259,  506.1874, -178.3125, 39.6259, 160, 160, 160
L 506.1874, -178.3125, 39.6259,  504.1875, -178.3125, 39.6259, 160, 160, 160
L 504.1875, -178.3125, 39.6259,  504.1872, -179.5625, 39.6259, 160, 160, 160
L 504.1872, -179.5625, 39.6259,  506.1875, -179.5625, 39.6259, 160, 160, 160
L 506.1875, -179.5625, 39.6259,  506.1875, -182.3125, 39.6259, 160, 160, 160
L 506.1875, -182.3125, 39.6259,  504.4410, -182.3125, 39.6259, 160, 160, 160
L 504.4410, -182.3125, 39.6259,  490.1875, -209.9949, 39.6259, 160, 160, 160
L 490.1875, -209.9949, 39.6259,  490.1875, -223.7509, 39.6259, 160, 160, 160
L 490.1875, -223.7509, 39.6259,  504.1736, -237.8055, 39.6259, 160, 160, 160
L 504.1736, -237.8055, 39.6259,  504.1435, -252.8240, 39.6259, 160, 160, 160
L 504.1435, -252.8240, 39.6259,  489.9635, -266.2859, 35.6798, 160, 160, 160
L 503.5006, -279.5000, 36.9680,  476.1870, -279.5000, 29.7308, 160, 160, 160
L 476.1870, -279.5000, 29.7308,  434.1304, -265.6168, 18.5736, 160, 160, 160
L 434.1304, -265.6168, 18.5736,  419.8414, -251.3780, 13.7767, 160, 160, 160
L 419.8414, -251.3780, 12.6259,  405.4146, -265.8050, 12.6259, 160, 160, 160
L 405.4146, -265.8050, 11.6259,  419.3274, -307.5120, 11.6259, 160, 160, 160
L 419.3274, -307.5120, 11.6259,  377.3394, -349.8518, 40.9352, 160, 160, 160
L 420.2187, -42.1948, 19.6260,  420.2187, -14.1550, 19.6260, 160, 160, 160
L 420.2187, -14.1550, 19.6260,  434.7510, -0.2676, 19.6260, 160, 160, 160
L 447.3795, -0.9740, 19.6260,  461.2821, -14.0000, 19.6260, 160, 160, 160
L 461.2821, -14.0000, 19.6260,  447.4395, -27.9602, 19.6260, 160, 160, 160
L 447.4395, -27.9602, 19.6260,  447.4375, -55.8134, 19.6233, 160, 160, 160
L 447.4375, -55.8134, 19.6233,  419.4678, -84.1059, 17.6260, 160, 160, 160
L 419.4678, -84.1059, 17.6260,  419.4784, -98.5330, 17.6260, 160, 160, 160
L 419.4784, -98.5330, 17.6260,  433.4850, -112.1723, 16.6260, 160, 160, 160
L 433.4850, -112.1723, 16.6260,  461.3931, -181.9372, 15.6259, 160, 160, 160
L 461.3931, -181.9372, 15.6259,  447.3931, -209.9061, 14.6259, 160, 160, 160
L 447.3852, -0.8110, 19.6260,  433.9531, 0.3160, 19.6260, 160, 160, 160
L 447.5745, -210.2690, 13.6259,  420.6400, -210.2627, 13.6475, 160, 160, 160
L 419.3217, -251.8979, 12.6259,  405.8553, -238.4249, 12.6412, 160, 160, 160
L 349.1263, -266.2558, 15.6646,  285.1336, -266.2690, 15.6259, 160, 160, 160
L 341.7726, -275.1591, 14.6437,  283.5410, -271.2817, 14.6259, 160, 160, 160
L 330.8560, -283.1340, 13.6259,  279.3960, -276.2629, 13.6268, 160, 160, 160
L 324.3211, -289.1442, 12.6814,  274.4410, -282.2644, 12.6259, 160, 160, 160
L 319.8321, -297.1408, 11.6347,  265.8038, -292.2291, 11.6288, 160, 160, 160
L 307.1897, -306.1892, 10.6275,  265.1650, -303.2545, 10.6341, 160, 160, 160
L 300.4377, -313.9780, 9.6410,  267.1548, -311.2524, 9.6259, 160, 160, 160
L 289.8306, -316.1895, 8.6410,  267.3480, -315.2425, 8.6295, 160, 160, 160
L 377.3394, -349.8518, 42.5947,  418.9501, -391.4809, 42.5947, 160, 160, 160
L 418.9501, -391.4809, 42.5947,  419.5810, -406.1114, 49.6019, 160, 160, 160
L 419.5810, -406.1114, 49.6019,  433.8122, -420.3743, 55.5844, 160, 160, 160
L 433.8122, -420.3743, 55.6458,  447.4375, -406.7479, 55.6458, 160, 160, 160
L 447.4375, -405.9990, 64.5992,  461.2819, -419.8433, 67.8764, 160, 160, 160
L 461.2819, -419.8433, 67.8764,  447.4375, -433.6569, 64.5875, 160, 160, 160
L 447.4390, -433.9694, 60.7539,  461.2821, -447.8125, 63.2436, 160, 160, 160
L 461.2821, -447.8125, 63.2436,  447.6571, -461.4375, 60.8243, 160, 160, 160
L 447.6571, -461.4375, 60.8243,  433.6567, -461.4375, 59.5043, 160, 160, 160
L 433.6567, -461.4375, 58.7533,  419.4687, -475.6573, 62.2864, 160, 160, 160
L 419.4687, -475.6573, 63.5527,  419.4687, -489.9678, 62.5390, 160, 160, 160
L 419.4687, -489.9678, 62.5028,  446.9071, -517.4062, 62.5934, 160, 160, 160
L 446.9071, -517.4062, 62.5934,  433.5235, -545.5203, 51.6467, 160, 160, 160
L 433.5235, -545.5203, 51.6467,  406.5015, -568.5804, 40.7599, 160, 160, 160
L 406.5015, -568.5804, 38.9926,  405.3983, -574.9640, 37.8164, 160, 160, 160
L 405.3983, -574.9640, 37.6259,  412.9032, -575.1684, 37.6259, 160, 160, 160
L 412.9032, -575.1684, 38.7000,  429.4979, -567.3441, 43.1144, 160, 160, 160
L 391.7629, -405.4648, 43.5947,  420.1394, -433.5817, 55.6022, 160, 160, 160
L 420.1394, -433.5817, 55.6022,  420.2187, -447.6571, 56.9292, 160, 160, 160
L 420.2187, -447.6571, 56.9292,  406.2187, -461.9678, 62.2869, 160, 160, 160
L 406.2187, -461.9678, 62.2869,  406.2187, -475.6999, 64.9570, 160, 160, 160
L 406.2187, -475.6999, 64.9570,  399.2645, -486.8496, 62.7481, 160, 160, 160
L 399.2645, -486.8496, 62.7481,  405.9762, -503.1496, 61.4598, 160, 160, 160
L 405.9762, -503.1496, 61.4598,  420.3709, -517.7842, 62.5936, 160, 160, 160
L 420.3709, -517.7842, 58.8460,  406.1458, -532.9300, 51.7524, 160, 160, 160
L 406.1458, -532.9300, 52.8979,  377.9511, -560.3724, 41.2738, 160, 160, 160
L 377.9511, -560.3724, 41.2738,  371.2042, -572.9025, 37.6259, 160, 160, 160
L 371.2042, -572.9025, 37.6259,  369.2470, -584.6435, 37.6259, 160, 160, 160
L 369.2470, -584.6435, 37.6259,  383.3342, -597.6932, 37.6259, 160, 160, 160
L 383.3342, -597.6932, 37.6259,  378.9535, -604.2264, 37.6259, 160, 160, 160
L 378.9535, -604.2264, 37.6259,  377.9495, -613.3646, 37.6259, 160, 160, 160
L 377.9495, -613.3646, 37.6259,  389.6413, -612.3904, 37.6259, 160, 160, 160
L 389.6413, -612.3904, 37.6259,  394.4687, -605.6301, 37.6259, 160, 160, 160
L 394.4687, -605.6301, 37.6259,  394.4687, -597.3750, 37.6259, 160, 160, 160
L 394.4687, -597.3750, 37.6259,  405.8156, -597.3750, 37.6259, 160, 160, 160
L 405.8156, -597.3750, 37.6259,  432.8797, -593.3608, 47.2361, 160, 160, 160
L 432.8797, -593.3608, 45.5947,  448.3940, -601.4459, 45.5947, 160, 160, 160
L 448.3940, -601.4459, 45.6550,  462.1458, -615.5782, 48.5947, 160, 160, 160
L 462.1458, -615.5782, 48.5947,  462.1874, -643.5945, 48.5947, 160, 160, 160
L 462.1874, -643.5945, 48.5947,  475.9678, -657.3750, 48.5947, 160, 160, 160
L 475.9678, -657.3750, 48.5947,  489.6571, -657.3750, 48.5947, 160, 160, 160
L 489.6571, -657.3750, 48.5947,  503.4375, -643.5945, 48.5947, 160, 160, 160
L 503.4375, -643.5945, 48.5947,  503.4375, -629.3750, 48.5947, 160, 160, 160
L 503.4375, -629.3750, 48.5003,  517.6259, -629.3749, 45.5947, 160, 160, 160
L 517.6259, -629.3749, 45.5947,  531.7740, -615.9233, 38.9421, 160, 160, 160
L 531.7740, -615.9233, 38.9421,  531.4062, -615.5107, 41.5653, 160, 160, 160
L 531.4062, -615.5107, 41.5653,  531.4062, -601.7430, 37.6257, 160, 160, 160
L 531.6299, -601.9240, 37.6257,  539.5167, -597.4619, 36.9239, 160, 160, 160
L 539.5167, -597.4619, 36.9239,  545.3676, -587.7104, 35.3091, 160, 160, 160
L 545.3676, -587.7104, 35.3091,  541.4936, -577.8730, 33.5536, 160, 160, 160
L 541.4936, -577.8730, 33.5536,  531.7259, -574.1562, 33.9490, 160, 160, 160
L 531.7259, -574.1562, 33.9490,  517.8852, -574.1562, 33.9470, 160, 160, 160
L 517.8852, -574.1562, 33.9470,  508.6810, -580.4630, 34.4710, 160, 160, 160
L 508.6810, -580.4630, 34.4710,  504.2357, -587.7408, 35.3141, 160, 160, 160
L 504.2357, -587.7408, 35.3141,  509.5900, -596.4752, 36.7394, 160, 160, 160
L 509.5900, -596.4752, 36.7394,  517.8782, -601.3750, 37.5658, 160, 160, 160
L 517.8784, -601.3750, 37.5658,  518.7419, -602.1595, 38.7629, 160, 160, 160
L 518.2078, -601.5582, 38.7629,  516.1233, -610.9379, 41.4832, 160, 160, 160
L 516.1233, -610.9379, 43.6563,  512.2078, -614.8531, 45.4694, 160, 160, 160
L 512.2078, -614.8531, 45.4694,  503.8048, -616.1249, 48.5947, 160, 160, 160
L 503.8048, -616.1249, 48.5947,  475.7386, -602.1321, 48.5947, 160, 160, 160
L 475.7386, -602.1321, 48.5947,  461.4961, -587.9512, 45.5947, 160, 160, 160
L 461.4961, -587.9512, 45.5947,  461.4375, -559.8108, 45.5947, 160, 160, 160
L 461.4375, -559.8108, 45.5947,  475.8100, -545.2483, 47.9373, 160, 160, 160
L 475.8100, -545.2483, 49.6469,  489.9678, -559.4062, 51.4915, 160, 160, 160
L 489.9678, -559.4062, 51.4915,  503.6567, -559.4062, 53.2942, 160, 160, 160
L 503.6567, -559.4062, 53.2942,  517.4062, -545.6262, 55.1396, 160, 160, 160
L 517.4062, -545.6262, 55.1396,  517.4062, -517.9365, 55.1396, 160, 160, 160
L 517.4062, -517.9365, 55.1396,  503.6571, -504.1875, 53.2944, 160, 160, 160
L 503.6571, -504.1875, 53.2944,  489.9676, -504.1875, 51.4915, 160, 160, 160
L 489.9676, -504.1875, 51.4915,  475.9621, -518.1257, 49.5555, 160, 160, 160
L 475.9621, -518.1257, 49.5555,  448.8990, -532.6169, 45.6114, 160, 160, 160
L 448.8990, -532.6169, 45.6114,  430.7260, -567.5110, 45.5947, 160, 160, 160
L 430.7260, -567.5110, 45.5947,  413.5070, -575.9820, 37.7524, 160, 160, 160
L 420.2187, -447.6571, 56.9292,  433.3561, -461.7384, 58.6484, 160, 160, 160
L 391.7629, -405.4648, 44.5942,  363.4662, -419.6132, 44.5947, 160, 160, 160
L 322.2500, -615.6110, 36.4722,  335.7094, -615.3750, 32.7428, 160, 160, 160
L 349.4298, -629.5530, 31.4567,  341.4162, -633.5599, 32.8376, 160, 160, 160
L 341.4162, -633.5599, 32.3481,  349.5471, -657.9524, 33.8930, 160, 160, 160
L 349.5471, -657.9524, 32.5088,  363.8435, -672.2487, 29.6035, 160, 160, 160
L 363.8435, -672.2487, 22.6639,  378.3698, -657.7457, 18.6938, 160, 160, 160
L 334.2499, -653.5742, 31.6617,  334.2497, -634.2700, 31.6617, 160, 160, 160
L 334.2499, -653.5742, 32.6501,  322.2500, -643.5742, 31.6617, 160, 160, 160
L 333.8491, -634.1366, 31.6617,  341.5339, -633.9126, 32.3447, 160, 160, 160
L 322.2500, -630.2703, 31.6617,  334.2497, -634.2700, 32.6876, 160, 160, 160
L 336.2846, -657.5443, 31.8445,  349.4331, -657.6104, 33.8520, 160, 160, 160
L 363.4689, -671.8741, 29.5866,  350.3317, -671.8148, 29.6042, 160, 160, 160
L 364.3675, -643.7433, 10.4689,  378.3698, -657.7457, 10.4689, 160, 160, 160
L 377.7364, -658.3781, 10.4689,  377.7916, -643.9089, 6.1252, 160, 160, 160
L 364.3675, -643.7433, 10.4689,  377.7916, -643.9089, 7.8290, 160, 160, 160
L 378.2187, -657.7464, 18.6313,  405.3335, -657.7291, 18.6264, 160, 160, 160
L 405.3335, -657.7291, 18.6264,  391.5625, -671.4695, 22.5370, 160, 160, 160
L 364.3743, -671.7190, 22.6639,  375.9843, -683.8270, 26.1697, 160, 160, 160
L 375.9843, -683.8270, 26.1697,  388.9658, -674.7377, 23.6090, 160, 160, 160
L 388.9658, -674.7377, 23.6090,  391.5625, -671.4695, 22.6097, 160, 160, 160
L 375.7782, -683.6518, 26.1154,  377.8136, -686.2921, 25.4011, 160, 160, 160
L 363.8444, -699.1887, 21.4776,  378.1265, -685.9657, 23.5213, 160, 160, 160
L 377.8136, -686.2921, 23.5213,  391.5591, -671.9629, 23.6230, 160, 160, 160
L 405.4807, -685.3437, 17.8690,  406.2348, -671.6476, 16.8494, 160, 160, 160
L 406.2187, -671.5832, 16.7037,  419.4687, -671.3437, 11.7393, 160, 160, 160
L 406.2187, -667.2862, 10.5594,  419.4687, -665.3935, 10.5566, 160, 160, 160
L 406.2187, -663.3750, 8.5647,  419.4687, -663.3750, 8.5638, 160, 160, 160
L 419.4682, -657.4247, 6.5034,  405.8577, -659.3691, 6.5048, 160, 160, 160
L 363.2771, -587.6923, 29.9454,  349.6035, -573.3979, 26.6007, 160, 160, 160
L 517.8782, -601.3750, 37.5658,  531.6299, -601.9240, 37.4451, 160, 160, 160
L 405.3874, -657.6756, -3.3440,  391.4687, -629.7688, -8.2538, 160, 160, 160
L 404.9370, -658.1249, -40.5180,  377.8437, -685.1884, -21.4549, 160, 160, 160
L 377.8437, -685.1884, -21.4549,  364.3743, -671.7190, -30.6199, 160, 160, 160
L 364.3743, -671.7190, -30.6199,  377.9988, -658.1249, -40.5180, 160, 160, 160
L 377.9988, -658.1249, -40.5180,  404.9370, -658.1249, -40.5080, 160, 160, 160
L 404.9370, -658.1249, -40.5080,  377.8437, -685.1884, -21.4551, 160, 160, 160
L 447.3931, -209.9061, 13.6262,  461.4375, -238.3000, 13.6259, 160, 160, 160
L 461.4375, -238.3000, 13.6259,  461.4375, -251.6744, 16.7671, 160, 160, 160
L 461.4375, -251.6744, 16.7671,  475.4375, -266.6090, 26.4080, 160, 160, 160
L 475.4375, -266.6090, 26.4080,  489.9635, -266.2859, 33.3091, 160, 160, 160
L 42.5964, 55.9365, -0.3740,  82.8830, 82.7933, -0.3740, 160, 160, 160
L 42.5934, 55.6745, -0.3740,  0.1012, 69.5396, 0.6260, 160, 160, 160
L 376.1073, -614.9559, 30.7534,  377.4839, -613.5789, 30.7535, 160, 160, 160
L 377.4839, -613.5789, 30.7535,  378.4599, -603.8187, 32.7389, 160, 160, 160
L 378.4599, -603.8187, 32.7389,  377.8392, -602.5797, 33.1651, 160, 160, 160
L 377.8392, -602.5797, 33.1651,  376.1073, -614.9559, 30.7534, 160, 160, 160
P 510.3604, -38.3787, 42.7509, 204, 0, 204, 3, to_Jaggedpine_Forest
P -111.6317, 613.3677, 3.7509, 204, 0, 204, 3, to_Qeynos_Hills
P 222, -664, 0, 255, 255, 0, 2, Bren_Treeclimber
P 192, -68, 0, 255, 255, 0, 2, Corun_Finisc
P 74, 70, 0, 255, 255, 0, 2, Donka_Leafkeeper
P 7, -177, 0, 255, 255, 0, 2, Errin_Pinewhisper
P 303, 103, 0, 255, 255, 0, 2, Frenway_Marthank
P 396, 177, 0, 255, 255, 0, 2, Gerael_Woodone
P 36, -179, 0, 255, 255, 0, 2, Gillarian_Naelev
P 419, -143, 0, 255, 255, 0, 2, Gnoll_Poacher
P 60, 61, 0, 255, 255, 0, 2, Guaril_Leafkeeper
P 57, -269, 0, 255, 255, 0, 2, Gurrin_Nitestorm
P -84, -108, 0, 255, 255, 0, 2, Hager_Sureshot
P -0, -0, 0, 255, 255, 0, 2, JPETimer
P 477, 321, 0, 255, 255, 0, 2, Jhaya_Wyndrunner
P -82, -81, 0, 255, 255, 0, 2, Krystal_Aspen
P 18, -244, 0, 255, 255, 0, 2, Larsk_Juton
P 342, 13, 0, 255, 255, 0, 2, Lerian_Wyndrunner
P 201.0, -220.0, 0, 255, 128, 0, 2, Mammoth
P 70, -243, 0, 255, 128, 0, 2, Merdan_Fleetfoot
P 106, -138, 0, 255, 255, 0, 2, Merona_Castekin
P 27, -275, 0, 255, 255, 0, 2, Mikkai_Nomak
P 60, -180, 0, 255, 255, 0, 2, Narwkend_Falgon
P 193, -107, 0, 255, 128, 0, 2, Niera_Farbreeze
P 157.0, -220.0, 0, 255, 255, 0, 2, Poacher
P -147, 37, 0, 255, 255, 0, 2, Ran_Walker
P 437, 220, 0, 255, 255, 0, 2, Salmekia_Treherth
P 64, -118, 0, 255, 255, 0, 2, Sivina_Lutewhisper
P 176, -474, 0, 255, 255, 0, 2, Talym_Shoontar
P 441, 209, 0, 255, 255, 0, 2, TeAnara
P 10, -144, 0, 255, 255, 0, 2, Tralo_Songsword
P 302, 122, 0, 255, 255, 0, 2, Vesteri_Nomanoi
P 217, 676, 0, 0, 200, 255, 1, Spiken's_Maps_-_github.com/spik3n/EQL_Map_pack
