L 156.5038, -252.4063, 0.6260,  168.2076, -287.5000, 0.6260, 160, 160, 160
L 230.2187, -197.5862, 0.6260,  230.2187, -200.2343, 0.6260, 160, 160, 160
L 222.2187, -224.2187, 0.6260,  222.2187, -200.2343, 0.6260, 160, 160, 160
L 211.5937, -224.2187, 0.6260,  222.2187, -224.2187, 0.6260, 160, 160, 160
L 211.5937, -219.5937, 0.6260,  217.5937, -219.5937, 0.6260, 160, 160, 160
L 211.5937, -224.2187, 0.6260,  211.5937, -219.5937, 0.6260, 160, 160, 160
L 185.6250, 23.6875, 0.6260,  180.1663, 23.6875, 0.6260, 160, 160, 160
L 188.2500, 21.6875, 0.6260,  185.6093, 21.6875, 0.6260, 160, 160, 160
L 188.2500, 26.3278, 0.6260,  188.2500, 21.6875, 0.6260, 160, 160, 160
L 198.2187, 23.6875, 0.6260,  204.5620, 23.6875, 0.6260, 160, 160, 160
L 198.2187, 21.6875, 0.6260,  198.2187, 23.6875, 0.6260, 160, 160, 160
L 195.5937, 21.6875, 0.6260,  198.2187, 21.6875, 0.6260, 160, 160, 160
L 195.5937, 26.3125, 0.6260,  195.5937, 21.6875, 0.6260, 160, 160, 160
L 203.7769, 26.3125, 0.6260,  195.5937, 26.3125, 0.6260, 160, 160, 160
L 194.2500, 77.6561, 0.6260,  180.8880, 77.6561, 0.6260, 160, 160, 160
L 194.2500, 77.6561, 0.6260,  194.2500, 93.6406, 0.6260, 160, 160, 160
L 184.2500, 68.2813, 32.4307,  184.2498, 76.6148, 32.4307, 160, 160, 160
L 192.2500, 68.2811, 26.8832,  183.6110, 68.2813, 32.9920, 160, 160, 160
L 199.5773, 65.6561, 23.6260,  202.1168, 65.6563, 22.6261, 160, 160, 160
L 192.2500, 68.2811, 25.6738,  192.2500, 65.2596, 24.6260, 160, 160, 160
L 201.2040, 58.2813, 22.6260,  200.2038, 58.2813, 23.6267, 160, 160, 160
L 192.2500, 58.2813, 24.6260,  192.2500, 65.6055, 24.6260, 160, 160, 160
L 200.2202, 58.2813, 24.6260,  192.2500, 58.2813, 24.6260, 160, 160, 160
L 217.5937, 74.4250, 17.6260,  217.5937, 79.8276, 15.6259, 160, 160, 160
L 213.7057, 66.2664, 21.6260,  217.5937, 74.4250, 18.6260, 160, 160, 160
L 213.5937, 58.2809, 22.6260,  213.5937, 66.2827, 22.6260, 160, 160, 160
L 203.6084, 93.6561, 12.6259,  189.6234, 93.6561, 12.6259, 160, 160, 160
L 192.2500, 82.2813, 12.6259,  192.2500, 79.6247, 12.6259, 160, 160, 160
L 194.2500, 40.2813, 12.6259,  180.8890, 40.2813, 12.6259, 160, 160, 160
L 194.2500, 35.6987, 12.6259,  194.2500, 40.2813, 12.6259, 160, 160, 160
L 187.7858, 51.6561, 12.6259,  199.5781, 51.6561, 12.6259, 160, 160, 160
L 183.6250, 64.9820, 12.6259,  183.6250, 55.8171, 12.6259, 160, 160, 160
L 187.8079, 68.2811, 12.6259,  183.6250, 64.9820, 12.6259, 160, 160, 160
L 196.2187, 68.2813, 12.6259,  187.8079, 68.2811, 12.6259, 160, 160, 160
L 196.2187, 63.6561, 12.6259,  196.2187, 68.2813, 12.6259, 160, 160, 160
L 188.2500, 63.6561, 12.6259,  196.2187, 63.6561, 12.6259, 160, 160, 160
L 206.5030, 80.2664, 14.6259,  203.5838, 82.7330, 14.6259, 160, 160, 160
L 206.2187, 74.2664, 16.6261,  206.2187, 80.2828, 15.6294, 160, 160, 160
L 204.5952, 70.2785, 18.6260,  206.2187, 74.2664, 17.6260, 160, 160, 160
L 189.6397, 93.6561, 11.6259,  180.8890, 93.6561, 7.6260, 160, 160, 160
L 192.2500, 82.2813, 12.6259,  189.6304, 82.2813, 12.6259, 160, 160, 160
L 179.8080, 82.2813, 7.6260,  189.6397, 82.2813, 11.6259, 160, 160, 160
L 169.6046, 72.7890, 2.6259,  179.8080, 82.2813, 6.6260, 160, 160, 160
L 158.2500, 48.9850, 0.6260,  158.2500, 56.2117, 0.6260, 160, 160, 160
L 153.5622, 63.6561, 0.6260,  158.2657, 63.6561, 0.6260, 160, 160, 160
L 155.5625, 66.3436, 0.6260,  155.6296, 72.1248, 0.6260, 160, 160, 160
L 153.5629, 66.3436, 0.6260,  155.5625, 66.3436, 0.6260, 160, 160, 160
L 153.5629, 66.3436, 0.6260,  153.5622, 63.6561, 0.6260, 160, 160, 160
L 153.5625, 53.5938, 0.6260,  153.5625, 56.1976, 0.6260, 160, 160, 160
L 155.5625, 53.5938, 0.6260,  153.5625, 53.5938, 0.6260, 160, 160, 160
L 57.6561, -211.5312, -11.3740,  13.6873, -211.5312, -11.3740, 160, 160, 160
L 69.5938, -172.2663, 0.6260,  69.5938, -165.5625, 0.6260, 160, 160, 160
L 48.3436, -141.5625, 0.6260,  48.3436, -143.5625, 0.6260, 160, 160, 160
L 45.5938, -141.5625, 0.6260,  48.3436, -141.5625, 0.6260, 160, 160, 160
L 45.5938, -146.3125, 0.6260,  45.5938, -141.5625, 0.6260, 160, 160, 160
L 57.5938, -146.3125, 0.6260,  57.5936, -169.5625, 0.6260, 160, 160, 160
L 57.5938, -146.3125, 0.6260,  45.5938, -146.3125, 0.6260, 160, 160, 160
L 141.5625, -214.5312, -11.3740,  143.5625, -214.5312, -11.3740, 160, 160, 160
L 141.5625, -216.2812, -11.3740,  141.5625, -214.5312, -11.3740, 160, 160, 160
L 143.6671, -216.2812, -11.3740,  141.5625, -216.2812, -11.3740, 160, 160, 160
L 48.3436, -158.3125, 0.6260,  48.3436, -153.6091, 0.6260, 160, 160, 160
L 45.5938, -158.3125, 0.6260,  48.3436, -158.3125, 0.6260, 160, 160, 160
L 45.5938, -156.3121, 0.6260,  45.5938, -158.3125, 0.6260, 160, 160, 160
L 45.5938, -169.5625, 0.6260,  57.5936, -169.5625, 0.6260, 160, 160, 160
L 45.5938, -172.3125, 0.6260,  45.5938, -169.5625, 0.6260, 160, 160, 160
L 62.3436, -172.3125, 0.6260,  45.5938, -172.3125, 0.6260, 160, 160, 160
L 62.3438, -165.5625, 0.6260,  62.3436, -172.3125, 0.6260, 160, 160, 160
L 60.3436, -165.5625, 0.6260,  62.3438, -165.5625, 0.6260, 160, 160, 160
L 60.3438, -143.6093, 0.6260,  60.3436, -165.5625, 0.6260, 160, 160, 160
L 107.9416, -156.1084, 0.6260,  84.3436, -156.8680, 0.6260, 160, 160, 160
L 105.5936, -158.3125, 0.6260,  105.5938, -156.1063, 0.6260, 160, 160, 160
L 105.5936, -158.3125, 0.6260,  107.9483, -158.3125, 0.6260, 160, 160, 160
L 107.9761, -167.5625, 0.6260,  107.9416, -156.1084, 0.6260, 160, 160, 160
L 72.3436, -167.5625, 0.6260,  107.9761, -167.5625, 0.6260, 160, 160, 160
L 72.3436, -165.5625, 0.6260,  72.3436, -167.5625, 0.6260, 160, 160, 160
L 69.5938, -165.5625, 0.6260,  72.3436, -165.5625, 0.6260, 160, 160, 160
L 461.4449, 95.8944, -7.1197,  456.6739, 95.5763, -6.8600, 160, 160, 160
L 452.6863, 100.9010, -7.3739,  456.6739, 95.5763, -7.2699, 160, 160, 160
L 444.7291, 99.4235, -7.3994,  452.6863, 100.9010, -7.3739, 160, 160, 160
L 438.1684, 101.9844, -8.3648,  444.7291, 99.4235, -7.3994, 160, 160, 160
L 432.6834, 101.4566, -9.1816,  438.1684, 101.9844, -8.3648, 160, 160, 160
L 426.4180, 107.8409, -10.5441,  432.6834, 101.4566, -9.1816, 160, 160, 160
L 371.6714, 108.1606, -11.3740,  426.4180, 107.8409, -10.5441, 160, 160, 160
L 369.2282, 104.8199, -11.3740,  371.6714, 108.1606, -11.3740, 160, 160, 160
L 365.8994, 104.3766, -11.3740,  369.2282, 104.8199, -11.3740, 160, 160, 160
L 365.8004, 147.5534, -11.3740,  365.8994, 104.3766, -11.3740, 160, 160, 160
L 344.2370, 216.2812, -15.3740,  338.2028, 216.2812, -15.3740, 160, 160, 160
L 338.2500, 231.5312, -15.3740,  338.2499, 239.5781, -15.3740, 160, 160, 160
L 338.1666, 224.2812, -15.3740,  331.5634, 224.2812, -15.3740, 160, 160, 160
L 335.5000, 221.5312, -15.3740,  331.6281, 221.5312, -15.3740, 160, 160, 160
L 335.5000, 218.2812, -15.3740,  333.5000, 218.2812, -15.3740, 160, 160, 160
L 333.5000, 216.2812, -15.3740,  333.5000, 218.2812, -15.3740, 160, 160, 160
L 331.5000, 234.2812, -15.3740,  331.5000, 231.5312, -15.3740, 160, 160, 160
L 335.5000, 237.5312, -15.3740,  333.5468, 237.5312, -15.3740, 160, 160, 160
L 331.5000, 234.2812, -15.3740,  335.5000, 234.2812, -15.3740, 160, 160, 160
L 338.2500, 231.5312, -15.3740,  331.5000, 231.5312, -15.3740, 160, 160, 160
L 335.5000, 92.3439, -11.2753,  335.5000, 77.5938, -11.2753, 160, 160, 160
L 335.5000, 92.3439, -11.3740,  356.2187, 92.3436, -11.3740, 160, 160, 160
L 356.2187, 89.5938, -11.3740,  356.2187, 92.3436, -11.3740, 160, 160, 160
L 356.2187, 89.5938, -11.3740,  338.2500, 89.5936, -11.3740, 160, 160, 160
L 356.2187, 80.3436, -11.3740,  338.2500, 80.3436, -11.3740, 160, 160, 160
L 338.2500, 89.5936, -11.3740,  338.2500, 80.3436, -11.3740, 160, 160, 160
L 356.2187, 80.3436, -11.3740,  356.2187, 77.5936, -11.3740, 160, 160, 160
L 356.2187, 77.5936, -11.3740,  335.5000, 77.5938, -11.3740, 160, 160, 160
L 386.1711, 86.3436, -13.3740,  384.7540, 86.3436, -13.3740, 160, 160, 160
L 407.4687, 55.5938, -13.3740,  407.4687, 58.2058, -13.3740, 160, 160, 160
L 436.1875, 54.3436, -13.1681,  434.1874, 54.3436, -13.1681, 160, 160, 160
L 436.1875, 51.6377, -13.3740,  436.1875, 54.3436, -13.3740, 160, 160, 160
L 407.4687, 55.5938, -13.3740,  417.9900, 55.5936, -13.3740, 160, 160, 160
L 372.2187, 37.9517, -13.3740,  372.2187, 30.5542, -13.3740, 160, 160, 160
L 400.2187, 55.5938, -13.3740,  378.1700, 55.5936, -13.3740, 160, 160, 160
L 400.2187, 58.3438, -13.3740,  400.2187, 55.5938, -13.3740, 160, 160, 160
L 378.2187, 58.3436, -13.3740,  400.2187, 58.3438, -13.3740, 160, 160, 160
L 393.4687, 81.5936, -13.3740,  407.6884, 81.5938, -13.3740, 160, 160, 160
L 393.4687, 86.3436, -13.3740,  396.8780, 86.3436, -13.3740, 160, 160, 160
L 393.4687, 81.5936, -13.3740,  393.4687, 86.3436, -13.3740, 160, 160, 160
L 383.9984, 81.5938, -13.3740,  386.1720, 81.5938, -13.3740, 160, 160, 160
L 386.2187, -21.7283, -3.3740,  386.2187, -23.8752, -3.3740, 160, 160, 160
L 381.4687, -14.3750, -3.3740,  386.1718, -14.3750, -3.3740, 160, 160, 160
L 381.4687, -21.6250, -4.1060,  381.4687, -14.3750, -4.1060, 160, 160, 160
L 369.5020, -14.3750, -5.2774,  381.4687, -14.3750, -4.1060, 160, 160, 160
L 372.2180, -11.6250, -5.3739,  372.2187, 0.3750, -5.3739, 160, 160, 160
L 372.2187, 0.3750, -5.3739,  323.5000, 0.3750, -5.3739, 160, 160, 160
L 323.5000, 0.3750, -5.3739,  323.4999, -36.3750, -5.3739, 160, 160, 160
L 336.2500, -33.6250, -5.3739,  338.2500, -33.6250, -5.3739, 160, 160, 160
L 336.2499, -21.6250, -5.3739,  336.2500, -33.6250, -5.3739, 160, 160, 160
L 336.2499, -21.6250, -5.3739,  326.2493, -21.6250, -5.3739, 160, 160, 160
L 347.4678, -11.6250, -5.3739,  352.1718, -11.6250, -5.3739, 160, 160, 160
L 360.2187, -24.3750, -5.3739,  360.2187, -36.3290, -5.3739, 160, 160, 160
L 345.5000, -38.3750, -5.3739,  348.2499, -38.3750, -5.3739, 160, 160, 160
L 347.5000, -33.6250, -5.3739,  345.5000, -33.6250, -5.3739, 160, 160, 160
L 348.2500, -36.3750, -5.3739,  348.2499, -38.3750, -5.3739, 160, 160, 160
L 345.5000, -38.3750, -5.3739,  345.5000, -33.6250, -5.3739, 160, 160, 160
L 335.5000, -36.3750, -5.3730,  323.4999, -36.3750, -5.3621, 160, 160, 160
L 335.5000, -36.3748, -5.3719,  335.5000, -38.3588, -5.3730, 160, 160, 160
L 338.2500, -33.6250, -5.3739,  338.2500, -38.3220, -5.3739, 160, 160, 160
L 286.8350, -240.2812, 0.6260,  242.8770, -240.2812, 0.6260, 160, 160, 160
L 242.3021, -254.2812, 0.6260,  286.1514, -254.2812, 0.6260, 160, 160, 160
L 242.3020, -251.5312, 0.6260,  286.8080, -251.5312, 0.6260, 160, 160, 160
L 242.3021, -254.2812, 0.8198,  242.3020, -251.5312, 0.8351, 160, 160, 160
L 242.8770, -240.2812, 0.7268,  242.3750, -237.5312, 0.7123, 160, 160, 160
L 242.3750, -237.5312, 0.6260,  285.9963, -237.5312, 0.6260, 160, 160, 160
L 225.5312, -254.2240, 0.6260,  225.5312, -249.6688, 0.6260, 160, 160, 160
L 228.2812, -254.2100, 0.6260,  228.2812, -252.6150, 0.6260, 160, 160, 160
L 215.5312, -254.2812, 0.6260,  218.2343, -254.2812, 0.6260, 160, 160, 160
L 215.5312, -254.2812, 0.6260,  215.5312, -251.9944, 0.6260, 160, 160, 160
L 201.5781, -77.6080, 14.6283,  204.2343, -77.5918, 14.6259, 160, 160, 160
L 148.3125, -116.3438, 36.6259,  148.3125, -118.3125, 36.6259, 160, 160, 160
L 148.3125, -102.2828, 44.5947,  148.3125, -99.5957, 44.5947, 160, 160, 160
L 163.6870, -99.5938, 44.5947,  165.5625, -99.5936, 44.5947, 160, 160, 160
L 146.3122, -99.5938, 44.5947,  148.3125, -99.5957, 44.5947, 160, 160, 160
L 148.3125, -116.3315, 36.6259,  148.3125, -102.3315, 43.5947, 160, 160, 160
L 148.3125, -118.3125, 36.6259,  141.5625, -118.3125, 36.6259, 160, 160, 160
L 134.3125, -115.5951, 36.6259,  134.3125, -127.6093, 36.6259, 160, 160, 160
L 133.3122, -115.5938, 36.6259,  134.3125, -115.5951, 36.6259, 160, 160, 160
L 141.5625, -118.3125, 36.6259,  141.5625, -115.6881, 36.6259, 160, 160, 160
L 186.3002, -118.3125, 35.6259,  192.2502, -118.3125, 33.6259, 160, 160, 160
L 177.5625, -118.3126, 36.6259,  186.2155, -118.3125, 36.6259, 160, 160, 160
L 178.5625, -115.5938, 36.6259,  177.5625, -115.5936, 36.6259, 160, 160, 160
L 169.3121, -115.5938, 36.6259,  170.3125, -115.6458, 36.6259, 160, 160, 160
L 170.3125, -118.3125, 36.6259,  170.3125, -115.6458, 36.6259, 160, 160, 160
L 163.6167, -118.3125, 36.6259,  170.3125, -118.3125, 36.6259, 160, 160, 160
L 177.5625, -118.3126, 36.6259,  177.5625, -115.5936, 36.6259, 160, 160, 160
L 134.3122, -121.5625, 2.6259,  144.2646, -121.5625, 2.6259, 160, 160, 160
L 153.6648, -131.5625, 2.6259,  156.2656, -131.5625, 2.6259, 160, 160, 160
L 177.5625, -133.5625, 2.6259,  177.5625, -131.5625, 2.6259, 160, 160, 160
L 180.3126, -131.5625, 2.6259,  177.5625, -131.5625, 2.6259, 160, 160, 160
L 180.3122, -133.5625, 2.6259,  180.3126, -131.5625, 2.6259, 160, 160, 160
L 204.2812, -133.5625, 2.6259,  204.2812, -131.5625, 2.6259, 160, 160, 160
L 201.5312, -131.5625, 2.6259,  204.2812, -131.5625, 2.6259, 160, 160, 160
L 201.5312, -133.5625, 2.6259,  201.5312, -131.5625, 2.6259, 160, 160, 160
L 201.5781, -104.3436, 2.6259,  204.2342, -104.3436, 2.6259, 160, 160, 160
L 153.6093, -104.3436, 2.6259,  156.2564, -104.3438, 2.6259, 160, 160, 160
L 144.3125, -114.3438, 2.6259,  144.3125, -102.2968, 2.6259, 160, 160, 160
L 141.5625, -114.3436, 2.6259,  141.5625, -99.6444, 2.6259, 160, 160, 160
L 144.3125, -114.3438, 2.6259,  141.5625, -114.3436, 2.6259, 160, 160, 160
L 152.1767, -74.3436, 2.6259,  146.3125, -74.3438, 2.6259, 160, 160, 160
L 165.5625, -74.3438, 2.6259,  159.6117, -74.3436, 2.6259, 160, 160, 160
L 162.3125, -59.5938, -3.3740,  162.3125, -65.9124, -3.3740, 160, 160, 160
L 149.5625, -59.5938, -3.3750,  162.3125, -59.5938, -3.3750, 160, 160, 160
L 149.5625, -65.8131, -3.3740,  149.5625, -59.5938, -3.3740, 160, 160, 160
L 153.5625, 215.5312, -19.2119,  143.7997, 215.5312, -16.7481, 160, 160, 160
L 153.5623, 204.2810, -19.2119,  153.5625, 206.2343, -19.2119, 160, 160, 160
L 167.6864, 213.5312, -18.8590,  153.5625, 213.5312, -19.3739, 160, 160, 160
L 153.5625, 215.5312, -19.2119,  153.5625, 213.5312, -19.2119, 160, 160, 160
L 206.2343, 254.2812, -10.3740,  203.5781, 254.2812, -10.3740, 160, 160, 160
L 184.3125, 253.7510, -11.3740,  184.3125, 243.5781, -11.3740, 160, 160, 160
L 199.5808, 226.2812, -3.3740,  219.5781, 226.2812, -3.3740, 160, 160, 160
L 219.5312, 221.5312, -3.3740,  199.5903, 221.5311, -3.3740, 160, 160, 160
L 202.2430, 205.5312, 0.6260,  199.5312, 205.5312, 0.6260, 160, 160, 160
L 199.5312, 207.5846, 0.5970,  199.5312, 205.5312, 0.6260, 160, 160, 160
L 189.5625, 205.6571, 0.6260,  189.5625, 207.5312, 0.6260, 160, 160, 160
L 192.3125, 207.6023, 0.6100,  192.3125, 205.6663, 0.6260, 160, 160, 160
L 199.5312, 214.9280, -1.9892,  199.5312, 207.5846, -0.3474, 160, 160, 160
L 238.2812, 153.6072, 0.6260,  238.2812, 173.6093, 0.6260, 160, 160, 160
L 238.2812, 144.3125, 0.6260,  238.2812, 146.3954, 0.6260, 160, 160, 160
L 203.5312, 168.3123, 0.6260,  203.5312, 192.2426, 0.6260, 160, 160, 160
L 206.2812, 165.5625, 0.6260,  206.2812, 189.6093, 0.6260, 160, 160, 160
L 203.5312, 155.5625, 0.6260,  201.5312, 155.5625, 0.6260, 160, 160, 160
L 203.5312, 155.5625, 0.6260,  203.5312, 131.3734, 0.6260, 160, 160, 160
L 201.5312, 158.3125, 0.6260,  201.5312, 155.5625, 0.6260, 160, 160, 160
L 206.1862, 158.3125, 0.6260,  201.5312, 158.3125, 0.6260, 160, 160, 160
L 203.5312, 168.3125, 0.6260,  201.5312, 168.3125, 0.6260, 160, 160, 160
L 201.5312, 165.5625, 0.6260,  201.5312, 168.3125, 0.6260, 160, 160, 160
L 201.5312, 165.5625, 0.6260,  206.2812, 165.5625, 0.6260, 160, 160, 160
L 144.3125, 105.5938, 0.6260,  141.5625, 105.5938, 0.6260, 160, 160, 160
L 144.3125, 107.5938, 0.6260,  144.3125, 105.5938, 0.6260, 160, 160, 160
L 108.3438, 237.5792, -19.1000,  108.3423, 227.5781, -15.8622, 160, 160, 160
L 108.1239, 242.2812, -19.3739,  110.3436, 242.2812, -19.3739, 160, 160, 160
L 110.3436, 242.2812, -19.3739,  110.3438, 237.6300, -19.3739, 160, 160, 160
L 117.5625, 237.5312, -19.3739,  117.5625, 242.6650, -19.3739, 160, 160, 160
L 119.5625, 237.5312, -19.2119,  117.5625, 237.5312, -19.2119, 160, 160, 160
L 62.3436, 237.5312, -23.3739,  62.3438, 215.5930, -23.3739, 160, 160, 160
L 62.3436, 237.5312, -23.3739,  83.8546, 237.5312, -23.3739, 160, 160, 160
L 93.9847, 225.5312, -21.3739,  98.2729, 225.5312, -21.3739, 160, 160, 160
L 59.5938, 231.7509, -23.3739,  59.5938, 215.5816, -23.3739, 160, 160, 160
L 107.5938, 227.5312, -16.6036,  107.5938, 216.2812, -16.6036, 160, 160, 160
L 98.3436, 216.2812, -21.1707,  107.9767, 216.2812, -16.7214, 160, 160, 160
L 98.3436, 218.2812, -21.1707,  98.3436, 216.3901, -21.1707, 160, 160, 160
L 98.3436, 218.2812, -21.3739,  94.1036, 218.2812, -21.3739, 160, 160, 160
L 122.3125, 178.5747, -22.3739,  130.6370, 178.5747, -22.3739, 160, 160, 160
L 122.8800, 177.5747, -23.3739,  130.6180, 177.5746, -23.3739, 160, 160, 160
L 141.5625, 167.7617, -23.3739,  141.5625, 165.6197, -23.3739, 160, 160, 160
L 141.5622, 156.3125, -22.3734,  156.3125, 156.3125, -17.5093, 160, 160, 160
L 156.3125, 153.5625, -16.3752,  142.8810, 153.5625, -11.3740, 160, 160, 160
L 156.3125, 153.5625, -17.3739,  156.3125, 156.3125, -17.3739, 160, 160, 160
L 143.5625, 110.3435, -0.5453,  132.3125, 110.3436, -0.5455, 160, 160, 160
L 131.5625, 105.5938, 0.6260,  134.3125, 105.5938, 0.6260, 160, 160, 160
L 131.5625, 105.5938, 0.6260,  131.5625, 107.5938, 0.6260, 160, 160, 160
L 134.3125, 110.2968, 0.6260,  134.3125, 105.5938, 0.6260, 160, 160, 160
L 141.5625, 110.3405, 0.6260,  141.5625, 105.5938, 0.6260, 160, 160, 160
L 132.2656, 110.2968, -1.1467,  134.3125, 110.2968, -1.1467, 160, 160, 160
L 131.6184, 215.8308, -15.9990,  132.2655, 251.5781, -15.9990, 160, 160, 160
L 119.8777, 215.8234, -15.9990,  131.6184, 215.8308, -15.9990, 160, 160, 160
L 119.6093, 226.1278, -15.9990,  119.8777, 215.8234, -15.9990, 160, 160, 160
L 119.6093, 237.5781, -19.8556,  119.6093, 226.1278, -15.9990, 160, 160, 160
L 119.8015, 242.2343, -19.9989,  117.5625, 242.6650, -19.9989, 160, 160, 160
L 129.6093, 252.1019, -19.9989,  119.8015, 242.2343, -19.9989, 160, 160, 160
L 129.6931, 256.1329, -19.9989,  129.6093, 252.1019, -19.9989, 160, 160, 160
L 136.3086, 256.2343, -19.9989,  129.6931, 256.1329, -19.9989, 160, 160, 160
L 139.6093, 256.2343, -16.3480,  136.3086, 256.2343, -19.9989, 160, 160, 160
L 139.6093, 289.5468, -19.9989,  139.6093, 256.2343, -16.3480, 160, 160, 160
L 116.2968, 289.5468, -19.9989,  139.6093, 289.5468, -19.9989, 160, 160, 160
L 116.2968, 274.2031, -19.9989,  116.2968, 289.5468, -19.9989, 160, 160, 160
L 130.5170, 274.1825, -19.9989,  116.2968, 274.2031, -19.9989, 160, 160, 160
L 130.9970, 271.6209, -19.9989,  130.5170, 274.1825, -19.9989, 160, 160, 160
L 98.2968, 271.5781, -19.9989,  130.9970, 271.6209, -19.9989, 160, 160, 160
L 98.2968, 252.1272, -19.9989,  98.2968, 271.5781, -19.9989, 160, 160, 160
L 108.1046, 242.2342, -19.9989,  98.2968, 252.1272, -19.9989, 160, 160, 160
L 108.3438, 237.5792, -19.8556,  110.3438, 237.6300, -19.8744, 160, 160, 160
L 83.7441, 206.2343, -23.9989,  94.1036, 218.2812, -21.9989, 160, 160, 160
L 52.2969, 206.2343, -23.9989,  83.7441, 206.2343, -23.9989, 160, 160, 160
L 52.3770, 218.2050, -23.9989,  52.2969, 206.2343, -23.9989, 160, 160, 160
L 34.3280, 218.2343, -23.9989,  52.3770, 218.2050, -23.9989, 160, 160, 160
L 34.3280, 237.5781, -23.9989,  34.3280, 218.2343, -23.9989, 160, 160, 160
L 53.3466, 237.5781, -23.9989,  34.3280, 237.5781, -23.9989, 160, 160, 160
L 59.6407, 231.7702, -23.9989,  53.3466, 237.5781, -23.9989, 160, 160, 160
L 62.3438, 215.5930, -23.9989,  59.5938, 215.5816, -23.9989, 160, 160, 160
L 93.9847, 225.5312, -22.9000,  83.8546, 237.5312, -23.9989, 160, 160, 160
L 98.2968, 227.5781, -21.8189,  98.2729, 225.5312, -21.8293, 160, 160, 160
L 98.2968, 227.5781, -21.8189,  108.3423, 227.5781, -17.2055, 160, 160, 160
L 108.4020, 204.3389, -15.9990,  107.9767, 216.2812, -15.9990, 160, 160, 160
L 97.2266, 192.9342, -15.9990,  108.4020, 204.3389, -15.9990, 160, 160, 160
L 71.1638, 177.7121, -12.9020,  97.2266, 192.9342, -15.9990, 160, 160, 160
L 95.4171, 180.2860, -15.4779,  71.1638, 167.6146, -12.2910, 160, 160, 160
L 119.8289, 204.6540, -15.9990,  95.4171, 180.2860, -15.4779, 160, 160, 160
L 120.2656, 182.2656, -21.9302,  119.8289, 204.6540, -15.9990, 160, 160, 160
L 132.4300, 204.2600, -15.8976,  131.6093, 182.2656, -21.9302, 160, 160, 160
L 144.1469, 204.2343, -16.7070,  132.4300, 204.2600, -15.8976, 160, 160, 160
L 153.6093, 204.2340, -19.8556,  144.1469, 204.2343, -16.7070, 160, 160, 160
L 395.5156, 213.5920, -18.9989,  389.7647, 213.5963, -19.2040, 160, 160, 160
L 395.5156, 214.5920, -17.9989,  389.6768, 214.5920, -17.9989, 160, 160, 160
L 395.5156, 215.5920, -16.9989,  389.5396, 215.5945, -17.1210, 160, 160, 160
L 395.5156, 240.2199, -16.9983,  389.5441, 240.2203, -16.9986, 160, 160, 160
L 395.5154, 241.2203, -17.9986,  389.7049, 241.2204, -17.9989, 160, 160, 160
L 395.5156, 242.2202, -18.9988,  389.8657, 242.2204, -18.9989, 160, 160, 160
L 390.2620, 243.2190, -19.9948,  395.5156, 243.2199, -19.9988, 160, 160, 160
L 389.5156, 240.4220, -19.9989,  390.2620, 243.2190, -19.9948, 160, 160, 160
L 383.5156, 233.7681, -19.9989,  389.5156, 240.4220, -19.9989, 160, 160, 160
L 383.5362, 221.7913, -19.9989,  383.5156, 233.7681, -19.9989, 160, 160, 160
L 389.5156, 215.7702, -19.9989,  383.5362, 221.7913, -19.9989, 160, 160, 160
L 389.9508, 212.5920, -19.9989,  389.5156, 215.7702, -19.9989, 160, 160, 160
L 395.5156, 212.5920, -19.9989,  389.9508, 212.5920, -19.9989, 160, 160, 160
L 356.4021, 221.8750, -15.7050,  371.9556, 206.2343, -16.9895, 160, 160, 160
L 356.3856, 234.5640, -16.9177,  356.4021, 221.8750, -15.7050, 160, 160, 160
L 371.9386, 249.5579, -16.9963,  356.3856, 234.5640, -16.9177, 160, 160, 160
L 360.7155, 234.3351, -17.9962,  375.9597, 249.5781, -17.9988, 160, 160, 160
L 360.8596, 221.3100, -17.9537,  360.7155, 234.3351, -17.9962, 160, 160, 160
L 376.1465, 206.2343, -17.9989,  360.8596, 221.3100, -17.9537, 160, 160, 160
L 364.2388, 221.7610, -17.7042,  379.9246, 206.2681, -18.9957, 160, 160, 160
L 364.1576, 233.7475, -18.9985,  364.2388, 221.7610, -17.7042, 160, 160, 160
L 379.9596, 249.5781, -18.9986,  364.1576, 233.7475, -18.9985, 160, 160, 160
L 368.3815, 233.9998, -19.9988,  383.9336, 249.5519, -19.9988, 160, 160, 160
L 368.3824, 221.9065, -19.9989,  368.3815, 233.9998, -19.9988, 160, 160, 160
L 383.9597, 206.2343, -19.9988,  368.3824, 221.9065, -19.9989, 160, 160, 160
L 443.4843, 53.4228, -13.9990,  443.4843, 24.3280, -13.9990, 160, 160, 160
L 443.4843, 66.4170, -7.9989,  443.4843, 53.4228, -13.9990, 160, 160, 160
L 443.5423, 74.1552, -8.7240,  443.4843, 66.4170, -7.9989, 160, 160, 160
L 396.1718, 84.2968, -11.9990,  396.8780, 86.3436, -11.9990, 160, 160, 160
L 405.5156, 84.2968, -11.9990,  396.1718, 84.2968, -11.9990, 160, 160, 160
L 406.8587, 86.2971, -11.9990,  405.5156, 84.2968, -11.9990, 160, 160, 160
L 408.1718, 84.3572, -10.3449,  406.8587, 86.2971, -11.9990, 160, 160, 160
L 416.1718, 75.9659, -10.1738,  408.1718, 84.3572, -10.3449, 160, 160, 160
L 416.1718, 64.2968, -10.1737,  416.1718, 75.9659, -10.1738, 160, 160, 160
L 419.7443, 64.2968, -11.9322,  416.1718, 64.2968, -10.1737, 160, 160, 160
L 431.5652, 72.1984, -10.4367,  419.7443, 64.2968, -11.9322, 160, 160, 160
L 432.2636, 71.8001, -7.9999,  431.5652, 72.1984, -10.4367, 160, 160, 160
L 434.1406, 67.6743, -7.9989,  432.2636, 71.8001, -7.9999, 160, 160, 160
L 434.1406, 54.2969, -13.8164,  434.1406, 67.6743, -7.9989, 160, 160, 160
L 433.7153, 51.6548, -13.9990,  436.1875, 51.6377, -13.9990, 160, 160, 160
L 417.9900, 55.5936, -13.9990,  433.7153, 51.6548, -13.9990, 160, 160, 160
L 413.5156, 58.2967, -13.9990,  407.4687, 58.2058, -13.9990, 160, 160, 160
L 413.5156, 75.8328, -13.9990,  413.5156, 58.2967, -13.9990, 160, 160, 160
L 407.7078, 81.6406, -13.9990,  413.5156, 75.8328, -13.9990, 160, 160, 160
L 382.9540, 88.2804, -13.9990,  384.4640, 86.2968, -13.9990, 160, 160, 160
L 366.6738, 87.9435, -11.9990,  382.9540, 88.2804, -13.9990, 160, 160, 160
L 356.2187, 92.2757, -11.9990,  366.6738, 87.9435, -11.9990, 160, 160, 160
L 335.8509, 103.8922, -11.9882,  335.9590, 92.2968, -11.9990, 160, 160, 160
L 320.3197, 105.8418, -8.1053,  335.8509, 103.8922, -11.9882, 160, 160, 160
L 335.5962, 114.2356, -11.9245,  320.2038, 135.7350, -8.1536, 160, 160, 160
L 367.1288, 99.8996, -12.1510,  335.5962, 114.2356, -11.9245, 160, 160, 160
L 383.3792, 99.4523, -13.9990,  367.1288, 99.8996, -12.1510, 160, 160, 160
L 395.4739, 95.7390, -13.9990,  383.3792, 99.4523, -13.9990, 160, 160, 160
L 395.5156, 86.2968, -13.9990,  395.4739, 95.7390, -13.9990, 160, 160, 160
L 172.2400, 217.7792, -17.3739,  167.6864, 213.5312, -18.2091, 160, 160, 160
L 192.3125, 205.6663, 0.6260,  189.5625, 205.6571, 0.6260, 160, 160, 160
L 192.2975, 213.9652, -3.3740,  192.2632, 207.6024, 0.5511, 160, 160, 160
L 186.2656, 218.8180, -3.3740,  192.2975, 213.9652, -3.3740, 160, 160, 160
L 186.2656, 233.5781, -3.3740,  186.2656, 218.8180, -3.3740, 160, 160, 160
L 206.2343, 233.5781, -3.3740,  186.2656, 233.5781, -3.3740, 160, 160, 160
L 203.5781, 236.2343, -10.8407,  203.5781, 254.2812, -11.3740, 160, 160, 160
L 213.5781, 261.5781, -9.3740,  192.6970, 261.5745, -11.3740, 160, 160, 160
L 213.5781, 234.2201, -4.3730,  213.5781, 261.5781, -9.3740, 160, 160, 160
L 206.2343, 254.2812, -9.2385,  206.2343, 233.5781, -4.3739, 160, 160, 160
L 184.3125, 243.5781, -12.3740,  181.6234, 243.5781, -13.3740, 160, 160, 160
L 192.7330, 261.5781, -11.3740,  184.2656, 253.7702, -11.3740, 160, 160, 160
L 203.5774, 261.5781, -11.3740,  192.7330, 261.5781, -11.3740, 160, 160, 160
L 181.6233, 236.2343, -12.3217,  203.5780, 236.2341, -10.8407, 160, 160, 160
L 172.2656, 239.7703, -13.3740,  172.2569, 217.7287, -17.3739, 160, 160, 160
L 176.7330, 243.5782, -13.3740,  172.2656, 239.7703, -13.3740, 160, 160, 160
L 181.6234, 243.5781, -13.3740,  176.7330, 243.5782, -13.3740, 160, 160, 160
L 181.6093, 212.5500, -17.3739,  181.6233, 236.2343, -13.3740, 160, 160, 160
L 177.7618, 206.2343, -17.3739,  181.6093, 212.5500, -17.3739, 160, 160, 160
L 168.1193, 206.2343, -17.3739,  177.7618, 206.2343, -17.3739, 160, 160, 160
L 156.4904, 206.2343, -19.3739,  153.5625, 206.2343, -19.3739, 160, 160, 160
L 167.7367, 206.2343, -18.2091,  156.4904, 206.2343, -19.3739, 160, 160, 160
L 167.7367, 213.5778, -18.2091,  167.7367, 206.2343, -18.2091, 160, 160, 160
L 167.6093, 239.3867, -9.3740,  167.7188, 240.2343, -15.3740, 160, 160, 160
L 167.6092, 228.5912, -9.3740,  167.6093, 239.3867, -9.3740, 160, 160, 160
L 167.6092, 216.1300, -3.5245,  167.6092, 228.5912, -9.3740, 160, 160, 160
L 167.6092, 203.7570, -3.8336,  167.6092, 216.1300, -3.5245, 160, 160, 160
L 167.6093, 192.8043, -9.6310,  167.6092, 203.7570, -3.8336, 160, 160, 160
L 167.2595, 191.7236, -11.3740,  167.6093, 192.8043, -9.6310, 160, 160, 160
L 144.2980, 168.4939, -11.3740,  167.2595, 191.7236, -11.3740, 160, 160, 160
L 132.1840, 168.2657, -7.5548,  144.2980, 168.4939, -11.3740, 160, 160, 160
L 108.1946, 168.3452, -7.4406,  132.1840, 168.2657, -7.5548, 160, 160, 160
L 85.4770, 145.4806, -11.3740,  108.1946, 168.3452, -7.4406, 160, 160, 160
L 83.7874, 144.2202, -5.3768,  85.4770, 145.4806, -11.3740, 160, 160, 160
L 71.6891, 132.7555, 12.4156,  83.7874, 144.2202, -5.3768, 160, 160, 160
L 95.7189, 107.6159, 12.6080,  71.6891, 132.7555, 12.4156, 160, 160, 160
L 119.6093, 111.5811, 0.6795,  95.7189, 107.6159, 12.6080, 160, 160, 160
L 119.6634, 107.7882, 0.6260,  119.6093, 111.5811, 0.6795, 160, 160, 160
L 131.6093, 107.6406, 0.6260,  119.6634, 107.7882, 0.6260, 160, 160, 160
L 131.9890, 132.2615, -11.3740,  132.2656, 110.2968, -0.5217, 160, 160, 160
L 102.1046, 132.2656, -11.3740,  131.9890, 132.2615, -11.3740, 160, 160, 160
L 98.2968, 136.6348, -11.3740,  102.1046, 132.2656, -11.3740, 160, 160, 160
L 98.2968, 153.6093, -11.3740,  98.2968, 136.6348, -11.3740, 160, 160, 160
L 143.6460, 153.6092, -11.3740,  98.2968, 153.6093, -11.3740, 160, 160, 160
L 110.2968, 156.2656, -23.3739,  141.5622, 156.2656, -23.3739, 160, 160, 160
L 110.2968, 167.7840, -23.3739,  110.2968, 156.2656, -23.3739, 160, 160, 160
L 122.2066, 177.6234, -23.3739,  110.2968, 167.7840, -23.3739, 160, 160, 160
L 122.2386, 182.6790, -21.3447,  122.2066, 177.6234, -23.3739, 160, 160, 160
L 120.2656, 182.2656, -21.3052,  122.2386, 182.6790, -21.3447, 160, 160, 160
L 130.7150, 182.4668, -21.2651,  131.6093, 182.2653, -21.3052, 160, 160, 160
L 130.6120, 177.3166, -23.3739,  130.7150, 182.4668, -21.2651, 160, 160, 160
L 141.6093, 167.7838, -23.3739,  130.6120, 177.3166, -23.3739, 160, 160, 160
L 154.7742, 165.6092, -17.9372,  141.5625, 165.6197, -23.3739, 160, 160, 160
L 165.6093, 165.6093, -17.3739,  154.7742, 165.6092, -17.9372, 160, 160, 160
L 165.6093, 144.2653, -17.3739,  165.6093, 165.6093, -17.3739, 160, 160, 160
L 143.8102, 144.2400, -11.3740,  165.6093, 144.2653, -17.3739, 160, 160, 160
L 143.6093, 110.2968, -0.5215,  143.8102, 144.2400, -11.3740, 160, 160, 160
L 141.5625, 110.3405, -0.5403,  143.6093, 110.2968, -0.5215, 160, 160, 160
L 156.2423, 107.5832, 0.6260,  144.2656, 107.6406, 0.6260, 160, 160, 160
L 156.2656, 131.8016, 0.6260,  156.2423, 107.5832, 0.6260, 160, 160, 160
L 180.1470, 155.5506, 0.6260,  156.2656, 131.8016, 0.6260, 160, 160, 160
L 180.1239, 180.2151, 0.6260,  180.1470, 155.5506, 0.6260, 160, 160, 160
L 172.2656, 188.7330, 0.6260,  180.1239, 180.2151, 0.6260, 160, 160, 160
L 172.2656, 199.7702, 0.6260,  172.2656, 188.7330, 0.6260, 160, 160, 160
L 178.8820, 206.3866, 0.6260,  172.2656, 199.7702, 0.6260, 160, 160, 160
L 189.6093, 207.5781, 0.6260,  178.8820, 206.3866, 0.6260, 160, 160, 160
L 408.1041, -23.7752, -7.3739,  408.1041, -25.2070, -7.3739, 160, 160, 160
L 386.2187, -23.8752, -3.3740,  408.1041, -23.7752, -7.3739, 160, 160, 160
L 386.1718, -12.1518, -3.3740,  386.1718, -13.9696, -3.3740, 160, 160, 160
L 398.1718, -12.3718, -3.4906,  386.1718, -12.1518, -3.3740, 160, 160, 160
L 410.1718, -12.3459, -7.3739,  398.1718, -12.3718, -3.4906, 160, 160, 160
L 429.4843, -12.2919, -7.3739,  410.1718, -12.3459, -7.3739, 160, 160, 160
L 431.6820, -14.3280, -7.3739,  429.4843, -12.2919, -7.3739, 160, 160, 160
L 431.7701, -21.6719, -7.3739,  431.6820, -14.3280, -7.3739, 160, 160, 160
L 429.4843, -23.7613, -7.3739,  431.7701, -21.6719, -7.3739, 160, 160, 160
L 418.8741, -23.7613, -7.3739,  429.4843, -23.7613, -7.3739, 160, 160, 160
L 418.9148, -57.6405, -7.3739,  418.8741, -23.7613, -7.3739, 160, 160, 160
L 417.5156, -59.5623, -7.3739,  418.9148, -57.6405, -7.3739, 160, 160, 160
L 410.1718, -59.7023, -7.3739,  417.5156, -59.5623, -7.3739, 160, 160, 160
L 408.1852, -57.6405, -7.3739,  410.1718, -59.7023, -7.3739, 160, 160, 160
L 408.9940, -24.3657, -7.3739,  408.1852, -57.6405, -7.3739, 160, 160, 160
L 84.2813, -202.5781, 0.6260,  60.7730, -202.5781, 0.6260, 160, 160, 160
L 99.6406, -203.5782, 0.5036,  84.2968, -203.5781, 0.6233, 160, 160, 160
L 123.6234, -205.2343, -10.3740,  143.6234, -205.2343, -0.3740, 160, 160, 160
L 143.6234, -214.5781, -0.3740,  123.6234, -214.5781, -10.3740, 160, 160, 160
L 143.6234, -205.2343, -0.3740,  143.6234, -214.5781, -0.3740, 160, 160, 160
L 135.6237, -205.2343, -4.3739,  135.6340, -214.5781, -4.3739, 160, 160, 160
L 133.6234, -214.5781, -5.3739,  133.6234, -205.2343, -5.3739, 160, 160, 160
L 123.6234, -205.2343, -10.3740,  123.6234, -214.5781, -10.3740, 160, 160, 160
L 35.6636, -122.2500, -11.1874,  35.6719, -85.3585, -11.1914, 160, 160, 160
L 59.8958, -120.2656, -11.3740,  35.6640, -120.2656, -11.3740, 160, 160, 160
L 84.4650, -132.4793, -11.3740,  59.8958, -120.2656, -11.3740, 160, 160, 160
L 94.9252, -143.3580, -11.3740,  84.4650, -132.4793, -11.3740, 160, 160, 160
L 107.7955, -144.2656, -11.3740,  94.9252, -143.3580, -11.3740, 160, 160, 160
L 119.4197, -155.8831, -11.3740,  107.7955, -144.2656, -11.3740, 160, 160, 160
L 119.6572, -168.1081, -11.3740,  119.4197, -155.8831, -11.3740, 160, 160, 160
L 131.5697, -180.3380, -11.3740,  119.6572, -168.1081, -11.3740, 160, 160, 160
L 143.6093, -203.9821, -11.3740,  131.5697, -180.3380, -11.3740, 160, 160, 160
L 141.8722, -203.5877, -11.3740,  143.4062, -203.5781, -11.3740, 160, 160, 160
L 141.9028, -205.2324, -11.3740,  141.8722, -203.5877, -11.3740, 160, 160, 160
L 143.6093, -205.2343, -11.3740,  141.9028, -205.2324, -11.3740, 160, 160, 160
L 143.6093, -215.9604, -11.3740,  143.6093, -203.9821, -11.3740, 160, 160, 160
L 155.4822, -251.5781, -1.3936,  143.6093, -215.9604, -11.3740, 160, 160, 160
L 143.5696, -251.2346, -11.3740,  155.4822, -251.5781, -1.3936, 160, 160, 160
L 108.3014, -239.6715, -11.3740,  143.5696, -251.2346, -11.3740, 160, 160, 160
L 108.2968, -216.2343, -11.3740,  108.3014, -239.6715, -11.3740, 160, 160, 160
L 110.2811, -216.2333, -11.3740,  108.2968, -216.2343, -11.3740, 160, 160, 160
L 82.2827, -213.5781, -11.3735,  110.2813, -213.5781, -11.3740, 160, 160, 160
L 82.2818, -204.2343, -11.3704,  82.2827, -213.5781, -11.3735, 160, 160, 160
L -11.6719, -223.5781, -11.3740,  13.6719, -223.5781, -11.3740, 160, 160, 160
L -11.6719, -192.2652, -11.3740,  -11.6719, -223.5781, -11.3740, 160, 160, 160
L 13.6875, -192.2638, -6.5773,  -11.6719, -192.2652, -11.3740, 160, 160, 160
L 16.3280, -172.2656, -11.3740,  16.3280, -199.5937, -11.3740, 160, 160, 160
L 33.6873, -172.2656, -11.3740,  16.3280, -172.2656, -11.3740, 160, 160, 160
L 43.6405, -192.2656, -11.3740,  33.6875, -192.2656, -11.3740, 160, 160, 160
L 43.6405, -202.2187, -11.3740,  43.6405, -192.2656, -11.3740, 160, 160, 160
L 38.3280, -189.6093, -11.3740,  48.2811, -189.6348, -11.3740, 160, 160, 160
L 38.3280, -172.2656, -11.3740,  38.3280, -189.6093, -11.3740, 160, 160, 160
L 55.6561, -172.2656, -11.3740,  38.3280, -172.2656, -11.3740, 160, 160, 160
L 58.2969, -172.2656, -11.3740,  58.2967, -189.6250, -11.3740, 160, 160, 160
L 75.6561, -172.2656, -11.3740,  58.2969, -172.2656, -11.3740, 160, 160, 160
L 105.6406, -172.2632, -8.3411,  69.5938, -172.2663, -11.3740, 160, 160, 160
L 105.6406, -189.6250, -11.3740,  105.6406, -172.2632, -8.3411, 160, 160, 160
L 105.6423, -206.2187, -11.3740,  105.6406, -192.2500, -11.3740, 160, 160, 160
L 108.2460, -167.6142, -11.3740,  108.2968, -203.5781, -11.3740, 160, 160, 160
L 60.2967, -167.6093, -11.3740,  108.2460, -167.6142, -11.3740, 160, 160, 160
L 57.6561, -141.6584, -11.3740,  60.2811, -141.6023, -11.3740, 160, 160, 160
L 36.1360, -143.6093, -11.3740,  60.2813, -143.6093, -11.3740, 160, 160, 160
L 28.4046, -135.8780, -7.5579,  36.1360, -143.6093, -11.1914, 160, 160, 160
L 24.3281, -119.1855, -5.5195,  28.4046, -135.8780, -7.5579, 160, 160, 160
L 24.3280, -108.1625, -5.5195,  24.3281, -119.1855, -5.5195, 160, 160, 160
L 35.6719, -85.3586, -11.1914,  24.3280, -108.1625, -5.5195, 160, 160, 160
L 132.2644, -35.8907, 0.6260,  107.7622, -35.6799, 0.6260, 160, 160, 160
L 132.3173, -47.8211, -3.3469,  132.2644, -35.8907, 0.6260, 160, 160, 160
L 132.1129, -59.5409, -3.3751,  132.3173, -47.8211, -3.3469, 160, 160, 160
L 120.2656, -60.2969, -3.3740,  132.1129, -59.5409, -3.3751, 160, 160, 160
L 120.2656, -83.5340, -3.3740,  120.2656, -60.2969, -3.3740, 160, 160, 160
L 131.6093, -95.1765, 2.4529,  120.2656, -83.5340, -3.3740, 160, 160, 160
L 132.2538, -83.1882, 0.6716,  131.6093, -95.1765, 2.4529, 160, 160, 160
L 144.1830, -71.6406, 2.4529,  132.2538, -83.1882, 0.6716, 160, 160, 160
L 149.6093, -71.6406, 2.4529,  144.1830, -71.6406, 2.4529, 160, 160, 160
L 149.6092, -65.8789, -3.3740,  149.6093, -71.6406, 2.4529, 160, 160, 160
L 162.2656, -71.6406, 0.4688,  162.2656, -65.2049, -3.3740, 160, 160, 160
L 167.8234, -71.5431, 1.3129,  162.2656, -71.6406, 0.4688, 160, 160, 160
L 180.1204, -83.6877, 4.7930,  167.8234, -71.5431, 1.3129, 160, 160, 160
L 184.6133, -80.9038, 1.3018,  180.1204, -83.6877, 4.7930, 160, 160, 160
L 185.7547, -77.4745, -3.3740,  184.6133, -80.9038, 1.3018, 160, 160, 160
L 191.6092, -59.2929, -3.3757,  185.7547, -77.4745, -3.3740, 160, 160, 160
L 191.5511, -48.4720, -3.4049,  191.6092, -59.2929, -3.3757, 160, 160, 160
L 179.3807, -36.8850, 0.6048,  191.5511, -48.4720, -3.4049, 160, 160, 160
L 131.8017, -12.2989, 0.6260,  179.3807, -36.8850, 0.6048, 160, 160, 160
L 131.4081, -0.6980, 0.6260,  131.8017, -12.2989, 0.6260, 160, 160, 160
L 153.3660, 11.8896, 0.6260,  131.4081, -0.6980, 0.6260, 160, 160, 160
L 153.3910, 11.4979, 0.8866,  153.3660, 11.8896, 0.6260, 160, 160, 160
L 156.1596, 11.4519, 0.9091,  153.3910, 11.4979, 0.8866, 160, 160, 160
L 180.3565, -11.8429, 0.6260,  156.1596, 11.4519, 0.9091, 160, 160, 160
L 204.2343, -24.2817, 0.6260,  180.3565, -11.8429, 0.6260, 160, 160, 160
L 204.4387, -36.3308, 0.6260,  204.2343, -24.2817, 0.6260, 160, 160, 160
L 216.1750, -59.6623, 0.6260,  204.4387, -36.3308, 0.6260, 160, 160, 160
L 216.2734, -71.8718, 0.6260,  216.1750, -59.6623, 0.6260, 160, 160, 160
L 239.9572, -96.3051, 0.6260,  216.2734, -71.8718, 0.6260, 160, 160, 160
L 222.1650, -104.2128, 0.6260,  239.9572, -96.3051, 0.6260, 160, 160, 160
L 216.2343, -119.9972, 0.6260,  222.1650, -104.2128, 0.6260, 160, 160, 160
L 216.4440, -144.1410, 0.6260,  216.2343, -119.9972, 0.6260, 160, 160, 160
L 202.2343, -144.2656, 0.6260,  216.4440, -144.1410, 0.6260, 160, 160, 160
L 202.1834, -156.2707, 0.6260,  202.2343, -144.2656, 0.6260, 160, 160, 160
L 200.2343, -168.5510, 0.6260,  202.1834, -156.2707, 0.6260, 160, 160, 160
L 200.2343, -187.8016, 0.6260,  200.2343, -168.5510, 0.6260, 160, 160, 160
L 204.4220, -191.6093, 0.6260,  200.2343, -187.8016, 0.6260, 160, 160, 160
L 228.2343, -192.3103, 0.6260,  204.4220, -191.6093, 0.6260, 160, 160, 160
L 228.2343, -197.5781, 0.6260,  228.2343, -192.3103, 0.6260, 160, 160, 160
L 230.2187, -197.5862, 0.6260,  228.2343, -197.5781, 0.6260, 160, 160, 160
L 222.2187, -200.2343, 0.6260,  230.2187, -200.2343, 0.6260, 160, 160, 160
L 217.5781, -200.2341, 0.6260,  217.5781, -219.5781, 0.6260, 160, 160, 160
L 206.2343, -200.2343, 0.6260,  217.5781, -200.2341, 0.6260, 160, 160, 160
L 206.2343, -239.7524, 0.6260,  206.2343, -200.2343, 0.6260, 160, 160, 160
L 218.2343, -249.9048, 0.6260,  206.2343, -239.7524, 0.6260, 160, 160, 160
L 218.2343, -254.2812, 0.6260,  218.2343, -249.9048, 0.6260, 160, 160, 160
L 203.4148, -239.6741, 0.6260,  215.5312, -251.9944, 0.6260, 160, 160, 160
L 203.5781, -216.6997, 0.6260,  203.4148, -239.6741, 0.6260, 160, 160, 160
L 191.7629, -228.1939, 0.6260,  203.5781, -216.6997, 0.6260, 160, 160, 160
L 167.7975, -220.2067, 0.6260,  191.7629, -228.1939, 0.6260, 160, 160, 160
L 155.6218, -203.8163, 0.6260,  167.7975, -220.2067, 0.6260, 160, 160, 160
L 179.8408, -191.3970, -1.9875,  155.6218, -203.8163, 0.6260, 160, 160, 160
L 191.5663, -167.9462, -3.2488,  179.8408, -191.3970, -1.9875, 160, 160, 160
L 179.8305, -144.4573, -1.3221,  191.5663, -167.9462, -3.2488, 160, 160, 160
L 167.9562, -136.3447, 0.6249,  179.8305, -144.4573, -1.3221, 160, 160, 160
L 144.3460, -138.2664, 0.6260,  167.9562, -136.3447, 0.6249, 160, 160, 160
L 132.5754, -132.6233, 0.6260,  144.3460, -138.2664, 0.6260, 160, 160, 160
L 107.8328, -108.2968, 0.6260,  132.5754, -132.6233, 0.6260, 160, 160, 160
L 84.4261, -108.4278, 0.6260,  107.8328, -108.2968, 0.6260, 160, 160, 160
L 59.6405, -95.9017, 0.6260,  84.4261, -108.4278, 0.6260, 160, 160, 160
L 59.9189, -83.5544, 0.6260,  59.6405, -95.9017, 0.6260, 160, 160, 160
L 71.7080, -72.4026, 0.6260,  59.9189, -83.5544, 0.6260, 160, 160, 160
L 95.7182, -59.7271, 0.6260,  71.7080, -72.4026, 0.6260, 160, 160, 160
L 107.7622, -35.6799, 0.6260,  95.7182, -59.7271, 0.6260, 160, 160, 160
L 323.8426, 346.2932, -2.7646,  314.3512, 350.3780, -1.8285, 160, 160, 160
L 340.1232, 328.2500, -6.7981,  323.8426, 346.2932, -2.7646, 160, 160, 160
L 336.1062, 311.5609, -11.3740,  340.1232, 328.2500, -6.7981, 160, 160, 160
L 312.1566, 271.7377, -11.3740,  336.1062, 311.5609, -11.3740, 160, 160, 160
L 288.4152, 251.9292, 2.1777,  312.1566, 271.7377, -11.3740, 160, 160, 160
L 288.2808, 215.9156, -11.3740,  288.4152, 251.9292, 2.1777, 160, 160, 160
L 275.7563, 205.6002, -9.3740,  288.2808, 215.9156, -11.3740, 160, 160, 160
L 271.5534, 217.7949, -5.7396,  275.7563, 205.6002, -9.3740, 160, 160, 160
L 261.7538, 227.5946, -3.4428,  271.5534, 217.7949, -5.7396, 160, 160, 160
L 243.3271, 252.6059, -9.2311,  261.7538, 227.5946, -3.4428, 160, 160, 160
L 239.7761, 263.2590, -9.5086,  243.3271, 252.6059, -9.2311, 160, 160, 160
L 215.7666, 283.1385, -11.3740,  239.7761, 263.2590, -9.5086, 160, 160, 160
L 193.9340, 275.9153, -11.3740,  215.7666, 283.1385, -11.3740, 160, 160, 160
L 167.5643, 251.5781, -15.3740,  193.9340, 275.9153, -11.3740, 160, 160, 160
L 133.7413, 251.5781, -15.3740,  167.5643, 251.5781, -15.3740, 160, 160, 160
L 119.7096, 251.5781, -6.4512,  133.7413, 251.5781, -15.3740, 160, 160, 160
L 96.2006, 251.5781, -9.3895,  119.7096, 251.5781, -6.4512, 160, 160, 160
L 92.2670, 247.7406, -13.4498,  96.2006, 251.5781, -9.3895, 160, 160, 160
L 72.5622, 228.3550, -5.4198,  92.2670, 247.7406, -13.4498, 160, 160, 160
L 72.4159, 204.9825, -10.8173,  72.5622, 228.3550, -5.4198, 160, 160, 160
L 60.4226, 180.1112, -11.3740,  72.4159, 204.9825, -10.8173, 160, 160, 160
L 36.4012, 163.8108, -11.3740,  60.4226, 180.1112, -11.3740, 160, 160, 160
L 36.1811, 155.5658, -10.8505,  36.4012, 163.8108, -11.3740, 160, 160, 160
L 24.3280, 131.8600, -9.5560,  36.1811, 155.5658, -10.8505, 160, 160, 160
L 24.3280, 108.3038, -7.3971,  24.3280, 131.8600, -9.5560, 160, 160, 160
L 59.9540, 72.4475, -3.3711,  24.3280, 108.3038, -7.3971, 160, 160, 160
L 72.2485, 48.1430, 0.6260,  59.9540, 72.4475, -3.3711, 160, 160, 160
L 71.9042, 23.6008, 0.6260,  72.2485, 48.1430, 0.6260, 160, 160, 160
L 47.6846, 11.6717, 0.6260,  71.9042, 23.6008, 0.6260, 160, 160, 160
L 24.3743, 11.6277, 0.6260,  47.6846, 11.6717, 0.6260, 160, 160, 160
L 0.6157, 23.3252, 0.6260,  24.3743, 11.6277, 0.6260, 160, 160, 160
L -1.3495, 23.2042, 0.6260,  0.6157, 23.3252, 0.6260, 160, 160, 160
L -36.1022, 11.6717, 0.6260,  -1.3495, 23.2042, 0.6260, 160, 160, 160
L -48.8633, 12.1925, 0.6260,  -36.1022, 11.6717, 0.6260, 160, 160, 160
L -60.1751, 23.4454, 0.6260,  -48.8633, 12.1925, 0.6260, 160, 160, 160
L -60.2969, 83.8328, 0.6260,  -60.1751, 23.4454, 0.6260, 160, 160, 160
L -73.4352, 95.6406, 0.6260,  -60.2969, 83.8328, 0.6260, 160, 160, 160
L 287.1931, 370.9196, 2.1884,  322.7266, 370.6952, 2.1884, 160, 160, 160
L 322.7266, 370.6952, 2.1884,  322.7264, 360.1918, 2.1884, 160, 160, 160
L 322.7264, 360.1918, 2.1884,  334.5312, 345.6766, -1.3487, 160, 160, 160
L 334.5312, 345.6766, -1.3487,  348.9735, 338.9431, -3.1425, 160, 160, 160
L 348.9735, 338.9431, -3.1425,  353.5156, 327.6308, -7.4170, 160, 160, 160
L 353.5156, 327.6308, -7.4170,  353.5156, 320.8100, -8.8325, 160, 160, 160
L 353.5156, 320.8100, -8.8325,  347.5468, 311.8797, -10.3704, 160, 160, 160
L 347.5468, 311.8797, -10.3704,  347.7740, 261.4162, -11.2181, 160, 160, 160
L 347.7740, 261.4162, -11.2181,  377.4039, 261.5781, -13.2129, 160, 160, 160
L 377.4039, 261.5781, -13.2129,  390.8068, 252.2341, -9.4200, 160, 160, 160
L 390.8068, 252.2341, -9.4200,  348.2028, 252.2343, -9.3700, 160, 160, 160
L 348.2028, 252.2343, -9.3700,  335.7391, 240.2343, -7.9874, 160, 160, 160
L 335.7391, 240.2343, -7.9874,  311.8333, 239.8975, -11.3740, 160, 160, 160
L 311.8333, 239.8975, -11.3740,  333.5468, 239.5781, -15.3740, 160, 160, 160
L 333.5468, 239.5781, -15.3740,  333.5468, 237.5312, -15.3740, 160, 160, 160
L 335.5468, 237.5781, -15.3740,  335.5468, 234.2343, -15.3740, 160, 160, 160
L 338.2499, 239.5781, -15.3740,  343.6521, 239.5781, -15.3740, 160, 160, 160
L 343.6521, 239.5781, -15.3740,  348.1209, 249.5781, -15.3740, 160, 160, 160
L 348.1209, 249.5781, -15.3740,  371.6222, 249.5781, -15.3933, 160, 160, 160
L 371.6222, 249.5781, -15.3933,  395.4805, 249.5781, -19.3739, 160, 160, 160
L 395.4805, 249.5781, -19.3739,  395.5156, 243.2202, -19.3735, 160, 160, 160
L 395.5156, 243.2202, -19.3735,  395.5584, 231.7384, -15.3740, 160, 160, 160
L 395.5584, 231.7384, -15.3740,  398.9660, 231.6657, -15.3740, 160, 160, 160
L 398.9660, 231.6657, -15.3740,  398.1718, 243.5461, -15.3740, 160, 160, 160
L 398.1718, 243.5461, -15.3740,  429.4843, 243.5781, -13.3081, 160, 160, 160
L 429.4843, 243.5781, -13.3081,  429.4843, 226.2343, -13.1987, 160, 160, 160
L 429.4843, 226.2343, -13.1987,  410.1718, 226.2343, -12.4536, 160, 160, 160
L 410.1718, 226.2343, -12.4536,  410.1378, 236.1620, -15.3740, 160, 160, 160
L 410.1378, 236.1620, -15.3740,  407.6908, 236.1965, -15.3740, 160, 160, 160
L 407.6908, 236.1965, -15.3740,  407.5156, 219.9137, -15.3740, 160, 160, 160
L 407.5156, 219.9137, -15.3740,  429.4843, 219.5781, -15.3740, 160, 160, 160
L 429.4843, 219.5781, -15.3740,  429.4843, 200.2343, -15.3740, 160, 160, 160
L 429.4843, 200.2343, -15.3740,  410.1718, 200.2343, -13.3633, 160, 160, 160
L 410.1718, 200.2343, -13.3633,  409.7413, 212.3187, -15.3740, 160, 160, 160
L 409.7413, 212.3187, -15.3740,  398.1743, 212.2343, -15.3740, 160, 160, 160
L 398.1743, 212.2343, -15.3740,  398.6860, 224.1451, -15.3740, 160, 160, 160
L 398.6860, 224.1451, -15.3740,  395.6641, 224.1809, -15.3740, 160, 160, 160
L 395.6641, 224.1809, -15.3740,  395.5156, 206.2343, -19.3739, 160, 160, 160
L 395.5156, 206.2343, -19.3739,  348.9710, 206.2343, -15.3740, 160, 160, 160
L 348.9710, 206.2343, -15.3740,  344.2370, 216.2812, -15.3740, 160, 160, 160
L 338.2028, 216.2812, -15.3740,  338.1666, 224.2812, -15.3740, 160, 160, 160
L 331.5634, 224.2812, -15.3740,  331.6281, 221.5312, -15.3740, 160, 160, 160
L 335.5468, 221.5781, -15.3740,  335.5468, 218.2343, -15.3740, 160, 160, 160
L 333.5468, 216.2343, -15.3740,  313.4246, 215.7505, -11.3740, 160, 160, 160
L 313.4246, 215.7505, -11.3740,  335.9515, 215.3656, -7.9882, 160, 160, 160
L 335.9515, 215.3656, -7.9882,  347.8280, 204.2343, -7.9882, 160, 160, 160
L 347.8280, 204.2343, -7.9882,  336.6657, 204.1423, -11.3740, 160, 160, 160
L 336.6657, 204.1423, -11.3740,  311.6815, 202.1881, -11.3740, 160, 160, 160
L 311.6815, 202.1881, -11.3740,  288.2031, 190.4678, -11.3740, 160, 160, 160
L 288.2031, 190.4678, -11.3740,  275.5471, 175.9534, -9.1534, 160, 160, 160
L 275.5471, 175.9534, -9.1534,  283.6241, 155.5758, -3.2787, 160, 160, 160
L 283.6241, 155.5758, -3.2787,  288.5364, 139.6092, 0.4752, 160, 160, 160
L 288.5364, 139.6092, 0.4752,  299.7980, 139.6092, -2.1642, 160, 160, 160
L 299.7980, 139.6092, -2.1642,  320.4556, 135.7625, -8.6007, 160, 160, 160
L 320.4556, 135.7625, -8.6007,  336.1721, 143.6460, -11.3740, 160, 160, 160
L 336.1721, 143.6460, -11.3740,  366.4934, 147.8248, -11.3740, 160, 160, 160
L 366.4934, 147.8248, -11.3740,  368.1718, 148.7734, -11.3740, 160, 160, 160
L 368.1718, 148.7734, -11.3740,  372.3390, 151.9687, -11.9900, 160, 160, 160
L 372.3390, 151.9687, -11.9900,  376.3115, 155.6093, -10.5894, 160, 160, 160
L 376.3115, 155.6093, -10.5894,  378.6419, 156.1644, -11.3740, 160, 160, 160
L 378.6419, 156.1644, -11.3740,  384.7740, 161.7072, -11.2339, 160, 160, 160
L 384.7740, 161.7072, -11.2339,  384.1716, 167.6093, -11.3740, 160, 160, 160
L 384.1716, 167.6093, -11.3740,  431.7411, 167.6063, -11.3740, 160, 160, 160
L 431.7411, 167.6063, -11.3740,  442.4227, 162.2655, -11.3740, 160, 160, 160
L 442.4227, 162.2655, -11.3740,  445.6551, 159.6494, -6.4043, 160, 160, 160
L 445.6551, 159.6494, -6.4043,  447.7764, 159.5096, -6.3734, 160, 160, 160
L 447.7764, 159.5096, -6.3734,  449.9451, 157.5242, -7.3739, 160, 160, 160
L 449.9451, 157.5242, -7.3739,  455.8491, 155.6077, -7.3354, 160, 160, 160
L 455.8491, 155.6077, -7.3354,  459.8381, 155.4476, -6.3761, 160, 160, 160
L 459.8381, 155.4476, -6.3761,  461.4843, 153.6414, -7.1914, 160, 160, 160
L 461.4843, 153.6414, -7.1914,  461.4893, 95.8927, -7.2160, 160, 160, 160
L 461.4893, 95.8927, -7.2160,  467.3722, 84.1154, -7.3739, 160, 160, 160
L 467.3722, 84.1154, -7.3739,  455.8467, 78.3528, -7.3739, 160, 160, 160
L 455.8467, 78.3528, -7.3739,  443.8111, 74.3162, -7.4053, 160, 160, 160
L 443.4843, 24.3280, -13.3740,  416.6220, 24.3586, -13.3740, 160, 160, 160
L 416.6220, 24.3586, -13.3740,  407.9008, 46.2920, -13.3740, 160, 160, 160
L 407.9008, 46.2920, -13.3740,  393.6190, 46.2477, -13.3740, 160, 160, 160
L 393.6190, 46.2477, -13.3740,  399.5156, 37.8903, -13.3740, 160, 160, 160
L 399.5156, 37.8903, -13.3740,  399.5156, 30.1358, -13.3740, 160, 160, 160
L 399.5156, 30.1358, -13.3740,  396.1503, 26.7706, -13.3740, 160, 160, 160
L 396.1503, 26.7706, -13.3740,  375.4800, 26.8277, -13.3740, 160, 160, 160
L 375.4800, 26.8277, -13.3740,  372.2187, 30.5542, -13.3740, 160, 160, 160
L 372.2187, 37.9517, -13.3740,  378.1983, 45.9836, -13.3740, 160, 160, 160
L 378.1983, 45.9836, -13.3740,  378.1700, 55.5936, -9.8900, 160, 160, 160
L 378.1718, 58.2969, -13.3740,  378.1807, 75.8418, -13.3740, 160, 160, 160
L 378.1807, 75.8418, -13.3740,  383.9791, 81.6406, -13.3740, 160, 160, 160
L 386.1720, 81.5938, -13.3740,  386.1711, 86.3436, -13.3740, 160, 160, 160
L 384.4640, 86.2968, -13.3740,  382.9322, 88.2848, -13.3740, 160, 160, 160
L 382.9322, 88.2848, -13.3740,  366.7866, 87.9376, -11.3740, 160, 160, 160
L 366.7866, 87.9376, -11.3740,  382.1687, 87.8601, -11.3740, 160, 160, 160
L 382.1687, 87.8601, -11.3740,  383.5206, 86.2630, -11.7400, 160, 160, 160
L 383.5206, 86.2630, -11.7400,  383.5156, 84.3072, -10.9062, 160, 160, 160
L 383.5156, 84.3072, -10.9062,  376.1116, 76.7006, -10.9504, 160, 160, 160
L 376.1116, 76.7006, -10.9504,  375.5156, 72.2420, -10.1899, 160, 160, 160
L 375.5156, 72.2420, -10.1899,  375.5156, 62.7608, -10.1899, 160, 160, 160
L 375.5156, 62.7608, -10.1899,  371.1374, 66.6888, -11.3740, 160, 160, 160
L 371.1374, 66.6888, -11.3740,  366.1718, 69.2891, -11.3740, 160, 160, 160
L 366.1718, 69.2891, -11.3740,  366.1018, 72.2849, -11.3740, 160, 160, 160
L 366.1018, 72.2849, -11.3740,  335.9868, 77.4449, -11.3740, 160, 160, 160
L 335.9868, 77.4449, -11.3740,  319.9669, 106.2968, -7.3101, 160, 160, 160
L 319.9669, 106.2968, -7.3101,  300.2031, 114.2146, -3.4350, 160, 160, 160
L 300.2031, 114.2146, -3.4350,  287.6111, 108.3586, 0.6260, 160, 160, 160
L 287.6111, 108.3586, 0.6260,  287.2450, 71.8023, 0.6260, 160, 160, 160
L 287.2450, 71.8023, 0.6260,  263.3725, 47.7742, 0.6260, 160, 160, 160
L 263.3725, 47.7742, 0.6260,  239.6331, -23.7815, 0.6260, 160, 160, 160
L 239.6331, -23.7815, 0.6260,  239.6156, -59.2976, 0.6260, 160, 160, 160
L 239.6156, -59.2976, 0.6260,  264.1428, -72.3465, 0.6260, 160, 160, 160
L 264.1428, -72.3465, 0.6260,  288.1598, -72.1479, 0.6260, 160, 160, 160
L 288.1598, -72.1479, 0.6260,  312.5108, -47.6798, -5.3739, 160, 160, 160
L 312.5108, -47.6798, -5.3739,  312.2031, -0.1920, -5.3739, 160, 160, 160
L 312.2031, -0.1920, -5.3739,  319.1232, 11.7744, -5.3739, 160, 160, 160
L 319.1232, 11.7744, -5.3739,  331.4791, 23.1864, -5.3739, 160, 160, 160
L 331.4791, 23.1864, -5.3739,  383.5962, 23.6718, -5.3739, 160, 160, 160
L 383.5962, 23.6718, -5.3739,  418.6739, 12.3850, -10.8115, 160, 160, 160
L 418.6739, 12.3850, -10.8115,  395.5052, -0.3504, -5.3739, 160, 160, 160
L 395.5052, -0.3504, -5.3739,  389.5788, -11.6719, -5.3739, 160, 160, 160
L 389.5788, -11.6719, -5.3739,  372.1718, -11.6719, -5.3739, 160, 160, 160
L 335.5000, -38.3588, -5.3739,  338.2500, -38.3220, -5.3739, 160, 160, 160
L 326.2031, -21.6719, -5.3739,  326.2029, -2.3281, -5.3739, 160, 160, 160
L 326.2029, -2.3281, -5.3739,  369.5156, -2.3281, -5.3739, 160, 160, 160
L 369.5156, -2.3281, -5.3739,  369.5020, -14.3750, -5.3739, 160, 160, 160
L 386.1718, -14.3750, -3.3740,  386.1718, -12.4789, -3.3740, 160, 160, 160
L 395.4070, -12.2719, -3.3740,  395.5156, -12.3202, -3.3740, 160, 160, 160
L 386.2187, -21.7283, -3.3740,  352.1718, -21.6719, -5.3739, 160, 160, 160
L 352.1718, -21.6719, -5.3739,  352.1718, -11.6250, -5.3739, 160, 160, 160
L 347.4678, -11.6250, -5.3739,  347.5468, -33.6719, -5.3739, 160, 160, 160
L 348.2031, -36.3280, -5.3739,  360.2187, -36.3290, -5.3739, 160, 160, 160
L 360.1648, -24.3280, -5.3703,  382.9064, -24.3281, -5.3739, 160, 160, 160
L 382.9064, -24.3281, -5.3739,  371.7961, -47.1777, -5.3739, 160, 160, 160
L 371.7961, -47.1777, -5.3739,  347.3004, -72.1681, 0.6260, 160, 160, 160
L 347.3004, -72.1681, 0.6260,  335.6634, -83.9710, 0.6260, 160, 160, 160
L 335.6634, -83.9710, 0.6260,  311.7819, -119.5258, 0.6260, 160, 160, 160
L 311.7819, -119.5258, 0.6260,  288.1695, -131.7230, 0.6260, 160, 160, 160
L 288.1695, -131.7230, 0.6260,  265.3045, -132.5400, 0.5739, 160, 160, 160
L 265.3045, -132.5400, 0.5739,  287.4325, -132.2656, -2.8689, 160, 160, 160
L 287.4325, -132.2656, -2.8689,  263.6331, -180.1402, 0.6260, 160, 160, 160
L 263.6331, -180.1402, 0.6260,  251.7250, -216.2090, 0.6260, 160, 160, 160
L 251.7250, -216.2090, 0.6260,  251.5467, -263.6270, 0.6260, 160, 160, 160
L 251.5467, -263.6270, 0.6260,  227.2774, -288.2722, 0.6260, 160, 160, 160
L 227.2774, -288.2722, 0.6260,  227.5826, -311.5468, 0.6260, 160, 160, 160
L 227.5826, -311.5468, 0.6260,  215.4588, -311.2844, 0.6260, 160, 160, 160
L 215.4588, -311.2844, 0.6260,  204.2684, -305.6892, 0.6260, 160, 160, 160
L 204.2684, -305.6892, 0.6260,  192.2082, -287.6895, 0.6260, 160, 160, 160
L 192.2082, -287.6895, 0.6260,  168.7267, -287.5468, 0.6260, 160, 160, 160
L 35.6719, -85.3609, 0.6260,  48.1105, -60.4189, 0.6260, 160, 160, 160
L 48.1105, -60.4189, 0.6260,  48.2817, -47.8419, 0.6260, 160, 160, 160
L 48.2817, -47.8419, 0.6260,  24.6300, -35.5424, 0.6260, 160, 160, 160
L 24.6300, -35.5424, 0.6260,  0.2053, -11.7439, 0.6260, 160, 160, 160
L 0.2053, -11.7439, 0.6260,  -72.4430, -11.4602, 0.6260, 160, 160, 160
L -72.4430, -11.4602, 0.6260,  -83.6406, 0.1947, 0.6260, 160, 160, 160
L -83.6406, 0.1947, 0.6260,  -83.6406, 59.1968, 0.6260, 160, 160, 160
L -83.6406, 59.1968, 0.6260,  -73.1737, 95.6406, 0.6260, 160, 160, 160
L 314.1612, 350.1139, -1.8095,  312.2110, 359.8364, 0.6258, 160, 160, 160
L 312.2110, 359.8364, 0.6258,  276.2031, 360.1718, 0.6260, 160, 160, 160
L 276.2031, 360.1718, 0.6260,  288.5020, 371.5156, 0.6260, 160, 160, 160
L 260.2604, 119.9124, 0.6260,  270.1260, 139.4184, 0.6260, 160, 160, 160
L 270.1260, 139.4184, 0.6260,  267.7504, 156.9937, -3.6728, 160, 160, 160
L 267.7504, 156.9937, -3.6728,  258.1367, 176.3683, -9.3740, 160, 160, 160
L 258.1367, 176.3683, -9.3740,  254.4875, 192.4595, -9.3740, 160, 160, 160
L 254.4875, 192.4595, -9.3740,  260.1729, 205.6948, -9.3740, 160, 160, 160
L 260.1729, 205.6948, -9.3740,  249.2373, 229.8020, -3.6627, 160, 160, 160
L 249.2373, 229.8020, -3.6627,  225.7452, 254.5312, -10.6047, 160, 160, 160
L 225.7452, 254.5312, -10.6047,  216.1011, 264.1702, -11.3582, 160, 160, 160
L 216.1011, 264.1702, -11.3582,  190.6628, 263.3804, -11.8213, 160, 160, 160
L 190.6628, 263.3804, -11.8213,  167.6271, 240.2343, -15.3740, 160, 160, 160
L 167.6271, 240.2343, -15.3740,  143.8771, 240.1310, -14.9648, 160, 160, 160
L 143.8771, 240.1310, -14.9648,  143.7997, 215.5312, -15.3740, 160, 160, 160
L 184.2656, 253.7702, -11.3740,  192.7310, 261.5781, -11.3740, 160, 160, 160
L 192.7310, 261.5781, -11.3740,  203.5920, 261.5781, -11.3740, 160, 160, 160
L 203.5920, 261.5781, -11.3740,  213.5781, 261.5781, -9.3740, 160, 160, 160
L 213.5781, 261.5781, -9.3740,  213.5781, 234.2202, -4.3738, 160, 160, 160
L 213.5781, 234.2202, -4.3738,  219.5781, 231.6697, -3.3740, 160, 160, 160
L 219.5781, 231.6697, -3.3740,  219.5781, 226.2812, -3.3740, 160, 160, 160
L 199.5808, 226.2812, -3.3740,  199.5903, 221.5311, -3.3740, 160, 160, 160
L 219.5781, 221.5781, -3.3740,  219.5781, 218.4180, -3.3740, 160, 160, 160
L 219.5781, 218.4180, -3.3740,  215.7702, 214.2343, -3.3740, 160, 160, 160
L 215.7702, 214.2343, -3.3740,  199.5312, 214.9280, -3.3740, 160, 160, 160
L 202.2430, 205.5312, 0.6260,  202.2341, 207.5781, 0.6260, 160, 160, 160
L 202.2341, 207.5781, 0.6260,  215.7673, 207.5449, 0.6260, 160, 160, 160
L 215.7673, 207.5449, 0.6260,  227.2493, 192.2655, 0.6260, 160, 160, 160
L 227.2493, 192.2655, 0.6260,  203.5312, 192.2426, 0.6260, 160, 160, 160
L 206.2812, 189.6093, 0.6260,  235.5781, 189.6093, 0.6260, 160, 160, 160
L 235.5781, 189.6093, 0.6260,  235.4967, 153.6459, 0.6260, 160, 160, 160
L 235.4967, 153.6459, 0.6260,  238.2812, 153.6072, 0.6260, 160, 160, 160
L 238.2812, 173.6093, 3.5739,  251.5781, 173.6093, 0.6260, 160, 160, 160
L 251.5781, 173.6093, 0.6260,  251.5781, 144.2656, 0.6260, 160, 160, 160
L 251.5781, 144.2656, 0.6260,  238.2343, 144.2656, 0.6260, 160, 160, 160
L 238.2812, 146.3954, 0.6260,  206.2343, 146.2656, 0.6260, 160, 160, 160
L 206.2343, 146.2656, 0.6260,  206.1862, 158.3125, 0.6260, 160, 160, 160
L 203.5312, 131.3734, 0.6260,  227.6528, 119.6972, 0.6260, 160, 160, 160
L 227.6528, 119.6972, 0.6260,  251.9550, 83.5391, 0.6260, 160, 160, 160
L 251.9550, 83.5391, 0.6260,  264.1374, 83.7359, 0.6260, 160, 160, 160
L 264.1374, 83.7359, 0.6260,  264.1600, 108.3185, 0.6260, 160, 160, 160
L 264.1600, 108.3185, 0.6260,  260.3050, 120.1300, 0.6260, 160, 160, 160
L 260.3050, 120.1300, 0.6260,  256.2343, 132.1322, 4.5598, 160, 160, 160
L 256.2343, 132.1322, 4.5598,  256.2699, 156.2771, 4.5525, 160, 160, 160
L 256.2699, 156.2771, 4.5525,  258.1503, 175.8000, 4.1410, 160, 160, 160
L 228.2343, 71.8898, 0.6260,  228.2346, 47.6921, 0.6260, 160, 160, 160
L 228.2346, 47.6921, 0.6260,  204.5620, 23.6875, 0.6260, 160, 160, 160
L 203.7704, 26.3280, 0.6260,  225.5782, 48.1047, 0.6260, 160, 160, 160
L 225.5782, 48.1047, 0.6260,  225.5781, 71.8328, 0.6260, 160, 160, 160
L 225.5781, 71.8328, 0.6260,  203.7703, 93.6406, 0.6260, 160, 160, 160
L 203.7703, 93.6406, 0.6260,  194.2500, 93.6406, 0.6260, 160, 160, 160
L 180.8880, 77.6561, 0.6260,  174.2656, 71.8328, 0.6260, 160, 160, 160
L 174.2656, 71.8328, 0.6260,  174.2656, 48.1047, 0.6260, 160, 160, 160
L 174.2656, 48.1047, 0.6260,  180.7320, 42.2969, 0.6260, 160, 160, 160
L 180.7320, 42.2969, 0.6260,  203.7702, 42.2967, 0.6260, 160, 160, 160
L 203.7702, 42.2967, 0.6260,  209.5781, 48.1045, 0.6260, 160, 160, 160
L 209.5781, 48.1045, 0.6260,  209.5781, 71.8328, 0.6260, 160, 160, 160
L 209.5781, 71.8328, 0.6260,  203.7702, 77.6406, 0.6260, 160, 160, 160
L 203.7702, 77.6406, 0.6260,  201.8158, 77.6510, 0.6260, 160, 160, 160
L 201.8158, 77.6510, 0.6260,  201.7625, 82.2639, 0.6260, 160, 160, 160
L 201.7625, 82.2639, 0.6260,  203.9222, 82.2968, 0.6260, 160, 160, 160
L 203.9222, 82.2968, 0.6260,  214.2343, 71.8285, 0.6260, 160, 160, 160
L 214.2343, 71.8285, 0.6260,  214.2348, 47.8385, 0.6260, 160, 160, 160
L 214.2348, 47.8385, 0.6260,  203.6577, 37.5893, 0.6260, 160, 160, 160
L 203.6577, 37.5893, 0.6260,  179.7240, 37.7503, 0.6260, 160, 160, 160
L 179.7240, 37.7503, 0.6260,  169.8737, 47.5690, 0.6260, 160, 160, 160
L 169.8737, 47.5690, 0.6260,  169.6046, 72.7890, 0.6260, 160, 160, 160
L 169.6092, 71.6546, 0.6260,  158.2656, 71.6546, 0.6260, 160, 160, 160
L 158.2656, 71.6546, 0.6260,  158.2657, 63.6561, 0.6260, 160, 160, 160
L 155.6296, 72.1248, 0.6260,  179.6915, 96.1869, 0.6260, 160, 160, 160
L 179.6915, 96.1869, 0.6260,  203.6347, 96.2968, 0.6260, 160, 160, 160
L 203.6347, 96.2968, 0.6260,  228.2343, 71.8264, 0.6260, 160, 160, 160
L 155.6093, 53.6405, 0.6260,  155.6115, 47.9314, 0.6260, 160, 160, 160
L 155.6115, 47.9314, 0.6260,  180.1663, 23.6875, 0.6260, 160, 160, 160
L 185.6093, 23.6719, 0.6260,  185.6093, 21.6875, 0.6260, 160, 160, 160
L 188.2500, 26.3278, 0.6260,  180.7330, 26.3280, 0.6260, 160, 160, 160
L 180.7330, 26.3280, 0.6260,  158.2656, 48.1049, 0.6260, 160, 160, 160
L 158.2500, 56.2117, 0.6260,  153.5625, 56.1976, 0.6260, 160, 160, 160
L 38.3612, -141.6250, 0.6260,  38.3280, -153.6093, 0.6260, 160, 160, 160
L 38.3280, -153.6093, 0.6260,  48.3436, -153.6091, 0.6260, 160, 160, 160
L 45.6405, -156.2656, 0.6260,  38.3280, -156.2656, 0.6260, 160, 160, 160
L 38.3280, -156.2656, 0.6260,  38.3280, -213.5781, 0.6260, 160, 160, 160
L 38.3280, -213.5781, 0.6260,  60.2828, -213.5781, -0.3739, 160, 160, 160
L 60.2828, -213.5781, -0.3739,  60.2180, -202.5781, -0.2673, 160, 160, 160
L 99.6406, -203.5781, 0.5036,  99.6406, -172.2656, 0.5036, 160, 160, 160
L 48.2967, -143.6093, 0.6260,  60.3438, -143.6093, 0.6260, 160, 160, 160
L 57.6405, -120.4663, 0.6260,  38.5748, -120.6731, 0.6260, 160, 160, 160
L 62.2744, -204.2343, -1.3492,  62.2828, -213.5781, -1.3735, 160, 160, 160
L 64.2781, -204.2343, -2.3597,  64.2827, -213.5781, -2.3736, 160, 160, 160
L 66.2805, -204.2343, -3.3662,  66.2828, -213.5781, -3.3740, 160, 160, 160
L 68.2800, -204.2343, -4.3647,  68.2827, -213.5781, -4.3735, 160, 160, 160
L 70.2827, -213.5781, -5.3738,  70.2746, -204.2343, -5.3498, 160, 160, 160
L 72.2827, -213.5781, -6.3733,  72.2818, -204.2343, -6.3707, 160, 160, 160
L 74.2828, -204.2343, -7.3738,  74.2827, -213.5781, -7.3738, 160, 160, 160
L 76.2827, -213.5781, -8.3739,  76.2828, -204.2343, -8.3740, 160, 160, 160
L 78.2826, -213.5781, -9.3733,  78.2643, -204.2343, -9.3262, 160, 160, 160
L 80.2828, -204.2343, -10.3739,  80.2828, -213.5767, -10.3740, 160, 160, 160
L 59.7646, -213.5781, 0.6260,  82.2827, -213.5781, -11.3740, 160, 160, 160
L 82.2683, -204.2343, -11.3350,  60.2518, -204.2343, -0.3029, 160, 160, 160
L 123.6234, -205.2343, -10.3740,  123.6234, -214.5781, -10.3740, 160, 160, 160
L 125.6234, -205.2343, -9.3740,  125.6233, -214.5781, -9.3740, 160, 160, 160
L 131.6281, -205.2392, -6.3739,  131.6353, -214.5781, -11.3740, 160, 160, 160
L 127.6308, -214.5781, -8.3740,  127.6242, -205.2343, -8.3740, 160, 160, 160
L 129.6466, -214.5781, -7.3739,  129.6382, -205.2343, -7.3739, 160, 160, 160
L 137.6219, -214.5781, -3.3791,  137.6333, -205.2343, -3.3757, 160, 160, 160
L 139.6234, -214.5781, -2.3740,  139.6266, -205.2343, -2.3740, 160, 160, 160
L 141.6231, -214.5781, -1.3740,  141.6226, -205.2343, -1.3811, 160, 160, 160
L 124.2656, -215.2343, -11.3740,  124.1572, -216.1500, -11.3740, 160, 160, 160
L 124.1572, -216.1500, -11.3740,  121.8329, -216.2172, -11.3740, 160, 160, 160
L 121.8329, -216.2172, -11.3740,  121.8706, -203.5850, -11.3740, 160, 160, 160
L 121.8706, -203.5850, -11.3740,  123.7820, -203.5287, -11.3740, 160, 160, 160
L 123.7820, -203.5287, -11.3740,  124.2652, -204.5781, -11.3740, 160, 160, 160
L 124.2652, -204.5781, -11.3740,  126.1111, -204.5781, -11.3740, 160, 160, 160
L 126.1111, -204.5781, -11.3740,  126.3579, -205.1545, -11.3740, 160, 160, 160
L 124.2656, -215.2343, -11.3740,  126.9060, -215.2347, -11.3740, 160, 160, 160
L 126.9060, -215.2347, -11.3740,  126.5210, -214.5508, -11.3740, 160, 160, 160
L 228.2343, -288.1100, -32.9219,  252.3700, -264.2393, -47.3427, 160, 160, 160
L 252.3700, -264.2393, -47.3427,  252.2343, -215.9594, -47.3427, 160, 160, 160
L 252.2343, -215.9594, -47.3427,  264.1519, -180.2376, -47.3427, 160, 160, 160
L 264.1519, -180.2376, -47.3427,  288.1188, -132.1836, -47.3427, 160, 160, 160
L 288.1188, -132.1836, -47.3427,  312.1392, -120.1320, -47.3427, 160, 160, 160
L 312.1392, -120.1320, -47.3427,  336.1342, -84.1735, -47.3427, 160, 160, 160
L 336.1342, -84.1735, -47.3427,  348.3697, -71.9376, -47.8590, 160, 160, 160
L 348.3697, -71.9376, -47.8590,  371.6716, -48.6052, -35.8149, 160, 160, 160
L 371.6716, -48.6052, -35.8149,  384.2606, -24.3280, -35.3740, 160, 160, 160
L 384.2606, -24.3280, -35.3740,  390.2158, -11.9893, -35.3549, 160, 160, 160
L 390.2158, -11.9893, -35.3549,  396.8800, -0.2452, -30.2168, 160, 160, 160
L 396.8800, -0.2452, -30.2168,  419.7432, 11.5829, -25.4220, 160, 160, 160
L 419.7432, 11.5829, -25.4220,  431.5711, 7.7337, -26.7234, 160, 160, 160
L 431.5711, 7.7337, -26.7234,  443.2862, -0.4360, -30.1286, 160, 160, 160
L 443.2862, -0.4360, -30.1286,  455.5320, -11.7048, -35.2306, 160, 160, 160
L 455.5320, -11.7048, -35.2306,  467.3215, -23.9731, -35.3740, 160, 160, 160
L 467.3215, -23.9731, -35.3740,  503.4843, -36.2361, -19.7532, 160, 160, 160
L 503.4843, -36.2361, -19.7532,  503.4843, -47.7109, -19.7532, 160, 160, 160
L 503.4843, -47.7109, -19.7532,  491.6249, -71.6102, -24.9418, 160, 160, 160
L 491.6249, -71.6102, -24.9418,  466.6023, -96.7134, -35.3740, 160, 160, 160
L 466.6023, -96.7134, -35.3740,  443.7219, -119.5641, -35.3740, 160, 160, 160
L 443.7219, -119.5641, -35.3740,  431.5160, -167.7700, -35.3740, 160, 160, 160
L 431.5160, -167.7700, -35.3740,  419.7108, -179.5817, -35.3740, 160, 160, 160
L 419.7108, -179.5817, -35.3740,  407.6145, -177.3194, -35.3740, 160, 160, 160
L 407.6145, -177.3194, -35.3740,  396.3081, -167.8974, -35.3740, 160, 160, 160
L 396.3081, -167.8974, -35.3740,  371.4508, -143.3546, -35.9217, 160, 160, 160
L 371.4508, -143.3546, -35.9217,  347.6458, -143.7024, -47.3427, 160, 160, 160
L 347.6458, -143.7024, -47.3427,  336.9300, -155.2553, -47.3427, 160, 160, 160
L 336.9300, -155.2553, -47.3427,  312.3030, -155.6093, -47.3427, 160, 160, 160
L 312.3030, -155.6093, -47.3427,  287.4264, -180.1057, -47.3427, 160, 160, 160
L 287.4264, -180.1057, -47.3427,  275.6567, -215.5235, -47.3427, 160, 160, 160
L 275.6567, -215.5235, -47.3427,  275.6589, -252.3027, -47.3427, 160, 160, 160
L 275.6589, -252.3027, -47.3427,  299.8710, -263.8792, -47.3427, 160, 160, 160
L 299.8710, -263.8792, -47.3427,  335.5428, -300.6800, -25.6118, 160, 160, 160
L 335.5428, -300.6800, -25.6118,  335.5468, -347.3206, -25.6097, 160, 160, 160
L 335.5468, -347.3206, -25.6097,  299.8514, -371.4651, -47.2721, 160, 160, 160
L 299.8514, -371.4651, -47.2721,  252.7960, -347.9526, -47.3427, 160, 160, 160
L 252.7960, -347.9526, -47.3427,  228.2343, -311.7755, -32.9219, 160, 160, 160
L 228.2343, -311.7755, -32.9219,  228.2343, -288.1100, -32.9219, 160, 160, 160
L 300.7733, -371.4130, -0.4931,  317.9300, -369.4492, 0.5693, 160, 160, 160
L 317.9300, -369.4492, 0.5693,  329.4286, -363.6999, 0.5691, 160, 160, 160
L 329.4286, -363.6999, 0.5691,  335.3080, -349.1714, -1.3243, 160, 160, 160
L 335.3080, -349.1714, -1.3243,  301.8211, -371.2966, -0.4276, 160, 160, 160
L 336.4461, -343.5350, 0.6170,  347.5724, -311.7414, 0.6260, 160, 160, 160
L 347.5724, -311.7414, 0.6260,  371.7040, -299.4929, 0.6260, 160, 160, 160
L 371.7040, -299.4929, 0.6260,  395.3695, -264.5654, 1.3210, 160, 160, 160
L 395.3695, -264.5654, 1.3210,  372.8616, -299.3725, 21.1722, 160, 160, 160
L 372.8616, -299.3725, 21.1722,  443.2443, -287.6370, 14.3876, 160, 160, 160
L 443.2443, -287.6370, 14.3876,  420.4739, -264.2773, 0.6260, 160, 160, 160
L 420.4739, -264.2773, 0.6260,  444.4408, -287.8215, 0.6260, 160, 160, 160
L 444.4408, -287.8215, 0.6260,  468.4685, -300.3641, 0.6260, 160, 160, 160
L 468.4685, -300.3641, 0.6260,  444.5900, -288.3917, 14.9414, 160, 160, 160
L 444.5900, -288.3917, 14.9414,  432.2361, -359.3061, 22.5350, 160, 160, 160
L 432.2361, -359.3061, 22.5350,  437.8193, -363.5473, 18.6804, 160, 160, 160
L 437.8193, -363.5473, 18.6804,  454.8664, -360.8150, 8.4482, 160, 160, 160
L 454.8664, -360.8150, 8.4482,  467.5299, -336.5581, 0.8220, 160, 160, 160
L 467.5299, -336.5581, 0.8220,  456.6340, -360.8170, 0.6260, 160, 160, 160
L 456.6340, -360.8170, 0.6260,  442.6100, -390.1344, -3.3580, 160, 160, 160
L 442.6100, -390.1344, -3.3580,  419.1496, -420.2810, -3.3740, 160, 160, 160
L 419.1496, -420.2810, -3.3740,  419.5151, -386.8330, -5.2805, 160, 160, 160
L 419.5151, -386.8330, -5.2805,  417.7536, -386.3544, -5.3254, 160, 160, 160
L 417.7536, -386.3544, -5.3254,  418.1420, -381.3319, -5.3739, 160, 160, 160
L 418.1420, -381.3319, -5.3739,  419.8655, -381.3570, -5.3739, 160, 160, 160
L 419.8655, -381.3570, -5.3739,  429.4843, -371.7081, -5.3739, 160, 160, 160
L 429.4843, -371.7081, -5.3739,  429.3976, -359.8929, -5.3739, 160, 160, 160
L 429.3976, -359.8929, -5.3739,  419.3845, -350.2031, -5.3739, 160, 160, 160
L 419.3845, -350.2031, -5.3739,  393.4289, -350.2035, -5.3739, 160, 160, 160
L 393.4289, -350.2035, -5.3739,  393.5147, -332.2031, -5.3739, 160, 160, 160
L 393.5147, -332.2031, -5.3739,  370.1718, -332.2031, -5.3739, 160, 160, 160
L 370.1718, -332.2031, -5.3739,  370.1716, -359.5156, -5.3739, 160, 160, 160
L 370.1716, -359.5156, -5.3739,  397.8661, -359.5163, -5.3739, 160, 160, 160
L 397.8661, -359.5163, -5.3739,  398.1718, -371.5912, -5.3739, 160, 160, 160
L 398.1718, -371.5912, -5.3739,  408.1052, -381.5156, -5.3739, 160, 160, 160
L 408.1052, -381.5156, -5.3739,  410.1951, -381.8976, -5.3739, 160, 160, 160
L 410.1951, -381.8976, -5.3739,  410.1718, -385.8408, -5.3735, 160, 160, 160
L 410.1718, -385.8408, -5.3735,  408.1718, -386.1718, -5.3426, 160, 160, 160
L 408.1718, -386.1718, -5.3426,  408.1718, -407.6988, -3.3243, 160, 160, 160
L 408.1718, -407.6988, -3.3243,  408.6990, -420.8150, -3.3740, 160, 160, 160
L 408.6990, -420.8150, -3.3740,  398.1718, -420.1718, -7.2427, 160, 160, 160
L 398.1718, -420.1718, -7.2427,  398.1533, -421.9522, -7.2495, 160, 160, 160
L 398.1533, -421.9522, -7.2495,  393.9078, -422.1718, -7.3739, 160, 160, 160
L 393.9078, -422.1718, -7.3739,  393.5156, -419.9793, -7.3739, 160, 160, 160
L 393.5156, -419.9793, -7.3739,  383.4107, -410.1718, -7.3739, 160, 160, 160
L 383.4107, -410.1718, -7.3739,  371.6152, -410.7920, -7.3739, 160, 160, 160
L 371.6152, -410.7920, -7.3739,  371.5156, -388.1718, -7.3739, 160, 160, 160
L 371.5156, -388.1718, -7.3739,  340.2031, -388.1718, -7.3739, 160, 160, 160
L 340.2031, -388.1718, -7.3739,  340.2022, -409.5156, -7.3739, 160, 160, 160
L 340.2022, -409.5156, -7.3739,  362.9660, -409.5145, -7.3739, 160, 160, 160
L 362.9660, -409.5145, -7.3739,  362.1718, -419.4320, -7.3739, 160, 160, 160
L 362.1718, -419.4320, -7.3739,  372.7466, -419.7321, -7.3739, 160, 160, 160
L 372.7466, -419.7321, -7.3739,  372.1716, -441.4843, -7.3739, 160, 160, 160
L 372.1716, -441.4843, -7.3739,  383.8940, -441.2982, -7.3739, 160, 160, 160
L 383.8940, -441.2982, -7.3739,  393.5156, -431.6766, -7.3739, 160, 160, 160
L 393.5156, -431.6766, -7.3739,  393.8842, -429.4843, -7.3739, 160, 160, 160
L 393.8842, -429.4843, -7.3739,  398.1634, -429.7389, -7.2458, 160, 160, 160
L 398.1634, -429.7389, -7.2458,  398.1716, -431.4843, -7.2427, 160, 160, 160
L 398.1716, -431.4843, -7.2427,  407.1961, -431.4843, -3.9150, 160, 160, 160
L 407.1961, -431.4843, -3.9150,  420.1365, -431.5151, -3.3740, 160, 160, 160
L 420.1365, -431.5151, -3.3740,  420.1712, -441.4843, -3.3740, 160, 160, 160
L 420.1712, -441.4843, -3.3740,  421.9026, -441.4897, -3.3740, 160, 160, 160
L 421.9026, -441.4897, -3.3740,  422.4700, -446.9840, -3.5499, 160, 160, 160
L 422.4700, -446.9840, -3.5499,  419.9796, -446.1406, -3.5577, 160, 160, 160
L 419.9796, -446.1406, -3.5577,  410.1718, -455.9483, -5.3739, 160, 160, 160
L 410.1718, -455.9483, -5.3739,  410.1709, -481.8358, -5.3739, 160, 160, 160
L 410.1709, -481.8358, -5.3739,  380.1718, -482.1406, -5.3739, 160, 160, 160
L 380.1718, -482.1406, -5.3739,  380.1709, -511.4531, -5.3739, 160, 160, 160
L 380.1709, -511.4531, -5.3739,  409.5156, -511.4531, -5.3739, 160, 160, 160
L 409.5156, -511.4531, -5.3739,  409.5280, -491.7232, -5.3739, 160, 160, 160
L 409.5280, -491.7232, -5.3739,  419.5156, -491.4843, -5.3739, 160, 160, 160
L 419.5156, -491.4843, -5.3739,  419.7751, -481.4916, -5.3739, 160, 160, 160
L 419.7751, -481.4916, -5.3739,  441.4843, -481.4843, -5.3739, 160, 160, 160
L 441.4843, -481.4843, -5.3739,  441.4843, -455.9479, -5.3739, 160, 160, 160
L 441.4843, -455.9479, -5.3739,  431.6159, -446.1406, -3.5577, 160, 160, 160
L 431.6159, -446.1406, -3.5577,  429.8118, -446.1406, -3.5577, 160, 160, 160
L 429.8118, -446.1406, -3.5577,  429.4843, -442.5480, -3.3740, 160, 160, 160
L 429.4843, -442.5480, -3.3740,  431.4843, -441.4843, -3.3740, 160, 160, 160
L 431.4843, -441.4843, -3.3740,  431.4843, -431.8516, -3.3740, 160, 160, 160
L 431.4843, -431.8516, -3.3740,  441.8127, -419.3797, -3.8720, 160, 160, 160
L 441.8127, -419.3797, -3.8720,  455.7067, -419.4855, 0.6032, 160, 160, 160
L 455.7067, -419.4855, 0.6032,  467.5507, -407.5910, 0.6260, 160, 160, 160
L 467.5507, -407.5910, 0.6260,  491.2746, -336.4350, 0.6260, 160, 160, 160
L 491.2746, -336.4350, 0.6260,  491.5185, -287.5692, 0.6260, 160, 160, 160
L 491.5185, -287.5692, 0.6260,  515.8461, -251.2616, 0.6260, 160, 160, 160
L 515.8461, -251.2616, 0.6260,  528.3066, -264.6520, 0.6260, 160, 160, 160
L 528.3066, -264.6520, 0.6260,  540.3572, -288.5011, 0.6260, 160, 160, 160
L 540.3572, -288.5011, 0.6260,  540.1094, -311.1644, 0.6260, 160, 160, 160
L 540.1094, -311.1644, 0.6260,  552.3730, -335.5468, 0.6260, 160, 160, 160
L 552.3730, -335.5468, 0.6260,  588.3220, -335.1286, 0.6260, 160, 160, 160
L 588.3220, -335.1286, 0.6260,  600.6887, -322.6206, 0.6260, 160, 160, 160
L 600.6887, -322.6206, 0.6260,  623.1775, -311.7943, 0.6260, 160, 160, 160
L 623.1775, -311.7943, 0.6260,  623.4217, -293.9666, 0.6260, 160, 160, 160
L 623.4217, -293.9666, 0.6260,  635.6771, -279.4130, 0.6260, 160, 160, 160
L 635.6771, -279.4130, 0.6260,  645.4701, -265.7332, 0.6260, 160, 160, 160
L 645.4701, -265.7332, 0.6260,  650.2016, -265.6442, 0.4186, 160, 160, 160
L 650.2016, -265.6442, 0.4186,  653.7618, -271.3326, -1.3614, 160, 160, 160
L 653.7618, -271.3326, -1.3614,  673.3904, -265.6234, -1.3740, 160, 160, 160
L 673.3904, -265.6234, -1.3740,  673.3860, -250.1488, -1.3740, 160, 160, 160
L 673.3860, -250.1488, -1.3740,  653.9787, -244.3229, -1.3740, 160, 160, 160
L 653.9787, -244.3229, -1.3740,  650.7710, -250.6900, 0.4808, 160, 160, 160
L 650.7710, -250.6900, 0.4808,  645.9570, -250.2343, 0.6260, 160, 160, 160
L 645.9570, -250.2343, 0.6260,  635.7806, -244.3074, 0.6260, 160, 160, 160
L 635.7806, -244.3074, 0.6260,  612.8140, -244.2343, 0.6260, 160, 160, 160
L 612.8140, -244.2343, 0.6260,  600.7800, -256.4210, 0.6260, 160, 160, 160
L 600.7800, -256.4210, 0.6260,  601.3627, -281.2370, 0.6260, 160, 160, 160
L 601.3627, -281.2370, 0.6260,  614.1840, -293.6863, 0.6260, 160, 160, 160
L 614.1840, -293.6863, 0.6260,  614.7800, -299.8287, 0.6260, 160, 160, 160
L 614.7800, -299.8287, 0.6260,  600.2180, -312.7400, 0.6260, 160, 160, 160
L 600.2180, -312.7400, 0.6260,  563.6387, -324.2239, 0.6260, 160, 160, 160
L 563.6387, -324.2239, 0.6260,  551.3074, -311.7354, 0.6260, 160, 160, 160
L 551.3074, -311.7354, 0.6260,  551.4529, -288.1406, 0.6260, 160, 160, 160
L 551.4529, -288.1406, 0.6260,  539.5674, -264.2121, 0.6260, 160, 160, 160
L 539.5674, -264.2121, 0.6260,  539.2603, -252.1250, 0.6260, 160, 160, 160
L 539.2603, -252.1250, 0.6260,  515.5760, -240.1624, 0.6260, 160, 160, 160
L 515.5760, -240.1624, 0.6260,  503.1815, -215.5517, 0.6260, 160, 160, 160
L 503.1815, -215.5517, 0.6260,  479.3951, -179.8717, 0.6260, 160, 160, 160
L 479.3951, -179.8717, 0.6260,  479.5239, -107.5682, 0.6111, 160, 160, 160
L 479.5239, -107.5682, 0.6111,  491.1598, -72.8868, -7.5609, 160, 160, 160
L 491.1598, -72.8868, -7.5609,  467.7189, -96.5156, 0.6260, 160, 160, 160
L 467.7189, -96.5156, 0.6260,  444.4762, -119.9067, 0.6260, 160, 160, 160
L 444.4762, -119.9067, 0.6260,  456.6234, -180.8242, 0.6260, 160, 160, 160
L 456.6234, -180.8242, 0.6260,  468.4406, -204.7030, 0.6260, 160, 160, 160
L 468.4406, -204.7030, 0.6260,  480.6113, -216.7701, 0.6260, 160, 160, 160
L 480.6113, -216.7701, 0.6260,  492.3236, -240.3428, 0.6260, 160, 160, 160
L 492.3236, -240.3428, 0.6260,  467.4660, -264.2740, 0.6260, 160, 160, 160
L 467.4660, -264.2740, 0.6260,  443.3779, -263.9354, 0.6260, 160, 160, 160
L 443.3779, -263.9354, 0.6260,  419.4764, -240.2343, 0.6260, 160, 160, 160
L 419.4764, -240.2343, 0.6260,  396.2221, -240.2343, 0.6260, 160, 160, 160
L 396.2221, -240.2343, 0.6260,  348.3398, -252.1538, 0.6260, 160, 160, 160
L 348.3398, -252.1538, 0.6260,  323.6258, -228.2343, 0.6260, 160, 160, 160
L 323.6258, -228.2343, 0.6260,  299.5500, -228.8510, 0.6260, 160, 160, 160
L 299.5500, -228.8510, 0.6260,  276.4447, -216.5579, 0.6260, 160, 160, 160
L 276.4447, -216.5579, 0.6260,  276.2789, -251.5781, 0.6260, 160, 160, 160
L 276.2789, -251.5781, 0.6260,  300.3496, -263.7586, 0.6260, 160, 160, 160
L 300.3496, -263.7586, 0.6260,  336.5659, -300.3460, 0.6260, 160, 160, 160
L 336.5659, -300.3460, 0.6260,  336.4461, -343.5350, 0.6260, 160, 160, 160
L 286.1514, -254.2812, 0.6260,  286.8080, -251.5312, 0.6260, 160, 160, 160
L 286.8350, -240.2812, 0.6260,  285.9963, -237.5312, 0.6260, 160, 160, 160
L 251.1110, -216.2343, 0.6260,  240.2343, -216.2343, 0.6260, 160, 160, 160
L 240.2343, -216.2343, 0.6260,  240.2343, -239.8847, 0.6260, 160, 160, 160
L 240.2343, -239.8847, 0.6260,  228.2343, -252.4210, 0.6260, 160, 160, 160
L 228.2812, -254.2100, 0.6260,  225.5312, -254.2240, 0.6260, 160, 160, 160
L 225.5312, -249.6688, 0.6260,  237.5781, -239.7300, 0.6260, 160, 160, 160
L 237.5781, -239.7300, 0.6260,  237.5781, -198.4026, 0.6260, 160, 160, 160
L 237.5781, -198.4026, 0.6260,  237.5781, -184.1596, 0.6260, 160, 160, 160
L 237.5781, -184.1596, 0.6260,  226.8523, -179.3477, 0.6260, 160, 160, 160
L 226.8523, -179.3477, 0.6260,  215.7006, -168.1958, 0.6260, 160, 160, 160
L 215.7006, -168.1958, 0.6260,  215.6757, -154.9857, 0.6260, 160, 160, 160
L 215.6757, -154.9857, 0.6260,  231.8936, -165.5426, 0.6260, 160, 160, 160
L 231.8936, -165.5426, 0.6260,  241.4798, -168.3311, 0.6260, 160, 160, 160
L 241.4798, -168.3311, 0.6260,  262.4409, -180.2770, 0.6260, 160, 160, 160
L 262.4409, -180.2770, 0.6260,  251.1110, -216.2343, 0.6260, 160, 160, 160
L 192.2500, 79.6247, 12.6259,  180.6980, 79.6372, 12.6259, 160, 160, 160
L 180.6980, 79.6372, 12.6259,  172.7320, 71.6406, 12.6259, 160, 160, 160
L 172.2656, 71.8328, 12.6259,  172.2656, 48.1047, 12.6259, 160, 160, 160
L 172.2656, 48.1047, 12.6259,  180.8890, 40.2813, 12.6259, 160, 160, 160
L 194.2500, 35.6987, 12.6259,  179.8843, 35.6741, 12.6259, 160, 160, 160
L 179.8843, 35.6741, 12.6259,  167.6411, 47.8277, 12.6259, 160, 160, 160
L 167.6411, 47.8277, 12.6259,  167.6093, 71.6406, 12.6259, 160, 160, 160
L 172.7320, 71.6406, 12.6259,  158.2656, 71.6406, 12.6259, 160, 160, 160
L 158.2656, 71.6406, 12.6259,  158.2656, 48.1049, 12.6259, 160, 160, 160
L 158.2656, 48.1049, 12.6259,  180.8530, 26.3280, 12.6259, 160, 160, 160
L 180.8530, 26.3280, 12.6259,  199.5781, 26.3280, 12.6259, 160, 160, 160
L 199.5781, 26.3280, 12.6259,  199.5781, 51.6561, 12.6259, 160, 160, 160
L 187.7858, 51.6561, 12.6259,  183.6250, 55.8171, 12.6259, 160, 160, 160
L 188.2656, 63.6405, 12.6259,  188.2656, 56.2969, 12.6259, 160, 160, 160
L 188.2656, 56.2969, 12.6259,  199.5781, 56.2969, 12.6259, 160, 160, 160
L 199.5781, 56.2969, 12.6259,  199.8915, 72.6814, 12.6259, 160, 160, 160
L 199.8915, 72.6814, 12.6259,  203.5819, 80.6390, 12.6259, 160, 160, 160
L 204.4279, 70.2784, 19.6405,  202.1168, 65.6563, 21.6674, 160, 160, 160
L 199.5773, 65.6561, 24.7559,  199.5781, 75.6406, 26.6260, 160, 160, 160
L 199.5781, 75.6406, 26.6260,  191.4593, 75.5836, 27.2370, 160, 160, 160
L 191.4593, 75.5836, 27.2370,  184.4245, 76.5741, 32.2997, 160, 160, 160
L 184.4245, 76.5741, 32.2997,  175.2999, 67.7903, 33.7961, 160, 160, 160
L 175.2999, 67.7903, 33.7961,  176.2656, 61.9791, 38.6255, 160, 160, 160
L 176.2656, 61.9791, 38.6255,  176.2656, 52.6069, 38.6259, 160, 160, 160
L 176.2656, 52.6069, 38.6259,  184.4799, 44.2969, 38.6259, 160, 160, 160
L 184.4799, 44.2969, 38.6259,  191.4987, 44.2969, 38.6259, 160, 160, 160
L 191.4987, 44.2969, 38.6259,  191.5886, 51.8795, 38.6259, 160, 160, 160
L 191.5886, 51.8795, 38.6259,  183.5783, 61.9241, 38.6259, 160, 160, 160
L 183.5783, 61.9241, 38.6259,  183.6110, 68.2813, 33.6920, 160, 160, 160
L 201.2185, 58.2971, 22.6260,  213.5781, 58.2972, 22.6260, 160, 160, 160
L 217.5937, 79.8276, 15.6259,  214.9600, 83.1496, 13.6259, 160, 160, 160
L 214.9600, 83.1496, 13.6259,  203.5920, 93.6406, 12.6259, 160, 160, 160
L 180.8890, 93.6561, 6.6260,  165.7618, 79.3290, 1.6259, 160, 160, 160
L 165.7618, 79.3290, 1.6259,  158.3288, 71.8960, 1.6080, 160, 160, 160
L 158.3288, 71.8960, 1.6080,  158.2655, 71.6546, 0.6260, 160, 160, 160
L 169.6234, 83.1906, 1.6259,  169.6234, 72.2078, 1.6259, 160, 160, 160
L 171.6234, 74.1233, 2.6259,  171.6304, 85.1975, 2.6467, 160, 160, 160
L 173.6234, 87.1906, 3.6259,  173.4436, 75.9389, 3.6259, 160, 160, 160
L 175.6234, 78.1186, 4.6260,  175.6366, 89.2039, 4.6623, 160, 160, 160
L 177.6234, 91.1906, 5.6260,  177.6234, 80.1186, 5.6260, 160, 160, 160
L 179.6234, 82.1210, 6.6260,  179.6262, 93.1935, 6.6349, 160, 160, 160
L 181.6231, 93.6406, 7.6260,  181.6349, 82.2968, 7.6585, 160, 160, 160
L 183.6702, 82.2968, 8.7218,  183.6234, 93.6406, 8.6259, 160, 160, 160
L 185.6234, 93.6406, 9.6259,  185.6254, 82.2968, 9.6326, 160, 160, 160
L 187.6234, 82.2968, 10.6259,  187.6234, 93.6406, 10.6259, 160, 160, 160
L 189.6234, 93.6561, 11.6259,  189.6304, 82.2813, 11.6466, 160, 160, 160
L 203.5920, 93.6406, 12.6259,  203.5819, 80.6390, 12.6259, 160, 160, 160
L 215.1281, 82.2827, 13.6259,  204.3400, 82.2827, 13.6262, 160, 160, 160
L 217.1280, 80.2827, 14.6259,  206.2187, 80.2828, 14.6259, 160, 160, 160
L 206.2343, 78.2828, 15.6259,  217.5781, 78.2827, 15.6266, 160, 160, 160
L 217.5781, 76.2826, 16.6265,  206.2343, 76.1837, 16.7790, 160, 160, 160
L 206.2343, 74.2828, 17.6260,  217.5781, 74.2827, 17.6265, 160, 160, 160
L 216.6964, 72.2827, 18.6265,  205.4156, 72.2536, 18.6938, 160, 160, 160
L 204.4279, 70.2784, 19.6396,  215.6964, 70.2827, 19.6261, 160, 160, 160
L 214.6964, 68.2828, 20.6261,  203.4271, 68.2770, 20.6436, 160, 160, 160
L 202.4277, 66.2781, 21.6403,  213.6964, 66.2827, 21.6264, 160, 160, 160
L 201.2182, 65.6406, 22.6327,  201.2185, 58.2969, 22.6321, 160, 160, 160
L 200.2202, 58.2969, 23.6266,  200.2204, 65.6406, 23.6260, 160, 160, 160
L 152.2656, -61.6642, -2.3464,  159.6093, -61.6546, -2.3740, 160, 160, 160
L 159.6093, -63.6546, -1.3740,  152.2656, -63.6563, -1.3685, 160, 160, 160
L 152.2656, -65.6680, -0.3372,  159.6092, -65.6546, -0.3740, 160, 160, 160
L 159.6093, -67.6546, 0.6260,  152.2656, -67.6640, 0.6529, 160, 160, 160
L 152.2656, -69.6681, 1.6629,  159.6093, -69.6546, 1.6259, 160, 160, 160
L 159.6093, -61.6546, -2.3740,  159.6093, -71.3113, 2.6259, 160, 160, 160
L 159.6093, -71.3113, 2.6259,  159.6117, -74.3436, 2.6259, 160, 160, 160
L 165.6093, -74.2967, 2.6259,  165.6831, -92.1761, 2.6259, 160, 160, 160
L 165.6831, -92.1761, 2.6259,  170.4310, -92.2794, 2.6259, 160, 160, 160
L 170.4310, -92.2794, 2.6259,  170.2655, -76.7608, 2.6259, 160, 160, 160
L 170.2655, -76.7608, 2.6259,  177.6093, -84.1046, 2.6259, 160, 160, 160
L 177.6093, -84.1046, 2.6259,  177.6093, -99.6406, 2.6259, 160, 160, 160
L 177.6093, -99.6406, 2.6259,  141.5625, -99.6444, 2.6259, 160, 160, 160
L 144.3125, -102.2968, 2.6259,  153.6093, -102.2968, 2.6259, 160, 160, 160
L 153.6093, -102.2968, 2.6259,  153.6093, -104.3436, 2.6259, 160, 160, 160
L 156.2564, -104.3438, 2.6259,  156.2656, -102.2968, 2.6259, 160, 160, 160
L 156.2656, -102.2968, 2.6259,  177.6093, -102.2967, 2.6259, 160, 160, 160
L 177.6093, -102.2967, 2.6259,  177.6114, -104.5600, 2.6259, 160, 160, 160
L 177.6114, -104.5600, 2.6259,  180.2640, -104.1400, 2.6259, 160, 160, 160
L 180.2640, -104.1400, 2.6259,  180.2656, -102.2968, 2.6259, 160, 160, 160
L 180.2656, -102.2968, 2.6259,  201.5781, -102.2965, 2.6259, 160, 160, 160
L 201.5781, -102.2965, 2.6259,  201.5781, -104.3436, 2.6259, 160, 160, 160
L 204.2342, -104.3436, 2.6259,  204.2343, -100.2827, 2.6261, 160, 160, 160
L 204.2343, -100.2827, 2.6261,  204.2343, -77.5918, 13.6260, 160, 160, 160
L 201.5781, -77.6080, 15.6259,  201.5781, -100.1278, 24.6260, 160, 160, 160
L 201.5781, -100.1278, 24.6260,  201.5781, -103.6546, 24.6260, 160, 160, 160
L 201.5781, -103.6546, 24.6260,  201.5781, -120.6187, 32.6259, 160, 160, 160
L 201.5781, -120.6187, 32.6259,  201.5781, -127.6093, 32.6259, 160, 160, 160
L 201.5781, -127.6093, 32.6259,  192.2495, -127.6093, 32.6326, 160, 160, 160
L 192.2495, -127.6093, 32.6326,  185.5372, -127.6093, 36.6259, 160, 160, 160
L 185.5372, -127.6093, 36.6259,  134.3125, -127.6093, 36.6259, 160, 160, 160
L 133.2653, -115.6406, 36.6259,  133.2656, -88.2968, 36.6259, 160, 160, 160
L 133.2656, -88.2968, 36.6259,  142.6093, -88.2967, 36.6259, 160, 160, 160
L 142.6093, -88.2967, 36.6259,  142.6093, -115.6406, 36.6259, 160, 160, 160
L 142.6093, -115.6406, 36.6259,  141.5625, -115.6881, 36.6259, 160, 160, 160
L 146.2653, -99.6406, 44.5947,  146.2656, -90.2987, 44.5947, 160, 160, 160
L 146.2656, -90.2987, 44.5947,  165.6093, -90.2968, 44.5947, 160, 160, 160
L 165.6093, -90.2968, 44.5947,  165.6093, -99.6406, 44.5947, 160, 160, 160
L 163.6870, -99.5938, 44.5947,  163.6092, -101.1779, 44.5947, 160, 160, 160
L 163.6092, -101.1779, 44.5947,  163.6093, -116.2827, 36.6259, 160, 160, 160
L 163.6093, -116.2827, 36.6259,  148.2656, -116.2827, 36.6259, 160, 160, 160
L 148.3125, -114.2828, 37.6259,  163.6093, -114.2830, 37.6259, 160, 160, 160
L 163.6093, -112.2810, 38.6321,  148.2656, -112.2827, 38.6265, 160, 160, 160
L 148.2656, -110.2716, 39.6263,  163.6093, -110.2715, 39.6259, 160, 160, 160
L 163.6092, -108.2827, 40.5951,  148.2656, -108.2827, 40.5951, 160, 160, 160
L 148.2656, -106.2828, 41.5949,  163.6093, -106.2828, 41.5947, 160, 160, 160
L 163.6093, -104.2827, 42.5949,  148.2656, -104.2828, 42.5947, 160, 160, 160
L 148.2656, -102.2828, 43.5947,  163.6093, -102.2827, 43.5953, 160, 160, 160
L 163.6093, -116.2827, 36.6259,  163.6167, -118.3125, 36.6259, 160, 160, 160
L 169.2652, -115.6406, 36.6259,  169.2656, -82.2968, 36.6259, 160, 160, 160
L 169.2656, -82.2968, 36.6259,  178.6093, -82.2968, 36.6259, 160, 160, 160
L 178.6093, -82.2968, 36.6259,  178.6093, -115.6406, 36.6259, 160, 160, 160
L 192.2502, -118.3125, 32.6311,  192.2653, -103.6552, 24.6282, 160, 160, 160
L 192.2653, -103.6552, 24.6282,  192.2656, -96.1183, 24.6260, 160, 160, 160
L 192.2656, -96.1183, 24.6260,  192.2656, -77.6546, 14.6259, 160, 160, 160
L 192.2656, -77.6546, 14.6259,  192.2656, -68.2968, 14.6259, 160, 160, 160
L 192.2656, -68.2968, 14.6259,  213.5781, -68.2968, 14.6259, 160, 160, 160
L 213.5781, -68.2968, 14.6259,  213.5781, -77.6460, 14.6259, 160, 160, 160
L 213.5781, -77.6460, 14.6259,  213.5781, -102.2160, 2.6259, 160, 160, 160
L 213.5781, -102.2160, 2.6259,  213.5781, -133.6093, 2.6259, 160, 160, 160
L 213.5781, -133.6093, 2.6259,  204.2343, -133.6093, 2.6259, 160, 160, 160
L 201.5781, -133.6093, 2.6259,  180.2656, -133.6093, 2.6259, 160, 160, 160
L 177.6093, -133.6093, 2.6259,  156.2656, -133.6093, 2.6259, 160, 160, 160
L 156.2656, -133.6093, 2.6259,  156.2656, -131.5625, 2.6259, 160, 160, 160
L 153.6648, -131.5625, 2.6259,  153.6093, -133.6093, 2.6259, 160, 160, 160
L 153.6093, -133.6093, 2.6259,  144.2656, -133.6093, 2.6259, 160, 160, 160
L 144.2656, -133.6093, 2.6259,  144.2646, -121.5625, 2.6259, 160, 160, 160
L 134.2653, -121.6093, 2.6259,  134.2656, -84.1046, 2.6259, 160, 160, 160
L 134.2656, -84.1046, 2.6259,  141.6093, -76.7608, 2.6259, 160, 160, 160
L 141.6093, -76.7608, 2.6259,  141.6092, -91.9461, 2.6259, 160, 160, 160
L 141.6092, -91.9461, 2.6259,  146.4201, -91.9551, 2.6259, 160, 160, 160
L 146.4201, -91.9551, 2.6259,  146.5036, -74.2968, 2.6259, 160, 160, 160
L 152.1767, -74.3436, 2.6259,  152.2656, -71.3015, 2.6259, 160, 160, 160
L 152.2656, -71.3015, 2.6259,  152.2656, -59.5938, -2.3740, 160, 160, 160
L 159.6092, -61.6546, -2.3740,  159.6168, -59.6544, -3.3748, 160, 160, 160
L 204.2343, -100.4177, 2.6259,  213.5781, -100.2830, 2.6259, 160, 160, 160
L 213.5781, -98.2827, 3.6265,  204.2343, -98.2827, 3.6265, 160, 160, 160
L 204.2343, -96.2828, 4.6261,  213.5781, -96.2827, 4.6265, 160, 160, 160
L 213.5781, -94.2830, 5.6260,  204.2343, -94.2828, 5.6260, 160, 160, 160
L 204.2343, -92.2828, 6.6261,  213.5781, -92.2826, 6.6269, 160, 160, 160
L 213.5781, -90.2827, 7.6261,  204.2343, -90.2827, 7.6265, 160, 160, 160
L 204.2343, -88.2828, 8.6260,  213.5781, -88.2830, 8.6259, 160, 160, 160
L 213.5781, -86.2827, 9.6260,  204.2343, -86.2828, 9.6260, 160, 160, 160
L 204.2343, -84.2828, 10.6260,  213.5781, -84.2828, 10.6259, 160, 160, 160
L 213.5781, -82.2814, 11.6308,  204.2343, -82.2830, 11.6259, 160, 160, 160
L 204.2343, -80.2828, 12.6260,  213.5781, -80.2827, 12.6266, 160, 160, 160
L 213.5781, -78.2826, 13.6268,  204.2343, -78.2828, 13.6259, 160, 160, 160
L 201.5781, -79.6546, 15.6259,  192.2656, -79.6826, 15.6920, 160, 160, 160
L 192.2656, -81.6546, 16.6260,  201.5781, -81.6546, 16.6260, 160, 160, 160
L 201.5781, -83.6546, 17.6260,  192.2656, -83.6706, 17.6685, 160, 160, 160
L 192.2656, -85.6556, 18.6292,  201.5781, -85.6546, 18.6260, 160, 160, 160
L 201.5781, -87.6546, 19.6260,  192.2656, -87.6735, 19.6744, 160, 160, 160
L 192.2656, -89.6556, 20.6292,  201.5781, -89.6546, 20.6260, 160, 160, 160
L 201.5781, -91.6546, 21.6260,  192.2656, -91.8014, 21.8135, 160, 160, 160
L 192.2655, -93.6546, 22.6261,  201.5781, -93.6546, 22.6260, 160, 160, 160
L 201.5780, -95.6546, 23.6260,  192.2656, -95.6559, 23.6301, 160, 160, 160
L 192.2656, -103.6554, 24.6285,  201.5781, -103.6546, 24.6260, 160, 160, 160
L 201.5781, -105.6546, 25.6260,  192.2656, -105.6752, 25.6779, 160, 160, 160
L 192.2656, -107.6559, 26.6301,  201.5781, -107.6544, 26.6260, 160, 160, 160
L 201.5781, -109.6546, 27.6260,  192.2656, -109.6706, 27.6685, 160, 160, 160
L 192.2655, -111.6556, 28.6295,  201.5781, -111.6546, 28.6260, 160, 160, 160
L 201.5781, -113.6546, 29.6260,  192.2656, -113.7088, 29.7316, 160, 160, 160
L 192.2656, -115.6556, 30.6294,  201.5781, -115.6546, 30.6260, 160, 160, 160
L 201.5781, -117.6234, 31.6260,  192.2656, -117.6287, 31.6424, 160, 160, 160
L 192.2514, -118.2938, 32.6259,  192.2513, -127.6093, 32.6259, 160, 160, 160
L 190.2514, -127.6093, 33.6259,  190.2076, -118.2656, 33.7175, 160, 160, 160
L 188.2497, -118.2656, 34.6317,  188.2513, -127.6093, 34.6266, 160, 160, 160
L 186.2514, -127.6093, 35.6261,  186.2153, -118.2656, 35.7058, 160, 160, 160
L 71.1638, 167.6146, -8.8740,  71.1638, 177.7121, -8.8740, 160, 160, 160
L 108.2810, -203.5937, -11.3740,  110.2811, -203.5937, -11.3740, 160, 160, 160
L 110.2811, -203.5937, -11.3740,  110.2813, -206.2187, -11.3740, 160, 160, 160
L 110.2813, -206.2187, -11.3740,  105.6423, -206.2187, -11.3740, 160, 160, 160
L 110.2813, -213.5781, -11.3740,  110.2811, -216.2333, -11.3740, 160, 160, 160
L 86.2811, -201.5937, -11.3740,  86.2813, -204.2187, -11.3740, 160, 160, 160
L 86.2813, -204.2187, -11.3740,  82.2818, -204.2187, -11.3740, 160, 160, 160
L 86.2811, -201.5937, -11.3740,  57.6561, -201.5937, -11.3740, 160, 160, 160
L 57.6561, -211.5312, -11.3740,  57.6561, -201.5937, -11.3740, 160, 160, 160
L 48.2813, -202.2187, -11.3740,  48.2811, -189.6348, -11.3740, 160, 160, 160
L 48.2813, -202.2187, -11.3740,  43.6405, -202.2187, -11.3740, 160, 160, 160
L 33.6875, -192.2656, -11.3740,  33.6873, -172.2656, -11.3740, 160, 160, 160
L 36.3125, -202.2187, -11.3740,  36.3125, -199.5937, -11.3740, 160, 160, 160
L 36.3125, -199.5937, -11.3740,  16.3280, -199.5937, -11.3740, 160, 160, 160
L 36.3125, -202.2187, -11.3740,  13.6875, -202.2187, -11.3740, 160, 160, 160
L 13.6875, -202.2187, -11.3740,  13.6875, -192.2638, -11.3740, 160, 160, 160
L 13.6876, -223.5937, -11.3740,  13.6873, -211.5312, -11.3740, 160, 160, 160
L 68.2811, -189.6250, -11.3740,  58.2967, -189.6250, -11.3740, 160, 160, 160
L 68.2811, -189.6250, -11.3740,  68.2813, -192.2500, -11.3740, 160, 160, 160
L 68.2813, -192.2500, -11.3740,  55.6561, -192.2500, -11.3740, 160, 160, 160
L 55.6561, -192.2500, -11.3740,  55.6561, -172.2656, -11.3740, 160, 160, 160
L 75.6563, -192.2500, -11.3740,  75.6561, -172.2656, -11.3740, 160, 160, 160
L 78.2811, -192.2500, -11.3740,  78.2813, -172.2656, -11.3740, 160, 160, 160
L 78.2811, -192.2500, -11.3740,  75.6563, -192.2500, -11.3740, 160, 160, 160
L 85.6561, -192.2500, -11.3740,  85.6561, -189.6250, -11.3740, 160, 160, 160
L 85.6561, -189.6250, -11.3740,  105.6406, -189.6250, -11.3740, 160, 160, 160
L 85.6561, -192.2500, -11.3740,  105.6406, -192.2500, -11.3740, 160, 160, 160
L 84.2813, -203.5937, 0.6236,  84.2813, -202.5781, 0.6236, 160, 160, 160
L 57.6561, -141.6250, 0.6260,  59.8218, -141.6250, 0.6260, 160, 160, 160
L 59.8267, -143.9441, 0.6260,  59.7757, -119.6250, 0.6260, 160, 160, 160
L 59.7811, -122.2500, 0.6260,  57.6561, -122.2500, 0.6260, 160, 160, 160
L 57.6561, -122.2500, 0.6260,  57.6561, -119.6250, 0.6260, 160, 160, 160
L 57.6561, -143.6250, 0.6260,  57.6561, -141.6250, 0.6260, 160, 160, 160
L 36.3344, -141.6250, 0.6260,  36.3791, -119.6250, 0.6260, 160, 160, 160
L 36.5294, -122.2500, 0.6260,  38.3125, -122.2500, 0.6260, 160, 160, 160
L 38.3125, -122.2500, 0.6260,  38.3125, -119.6250, 0.6260, 160, 160, 160
L 36.4853, -141.6250, 0.6260,  38.3612, -141.6250, 0.6260, 160, 160, 160
L 36.3791, -119.6250, 0.6260,  38.3125, -119.6250, 0.6260, 160, 160, 160
L 57.6561, -119.6250, 0.6260,  59.8772, -119.6250, 0.6260, 160, 160, 160
L 60.2811, -143.6093, -11.3740,  60.2811, -141.6023, -11.3740, 160, 160, 160
L 60.2813, -143.6093, -11.3740,  60.2811, -167.6250, -11.3740, 160, 160, 160
L 57.6561, -141.6584, -11.3740,  57.6561, -143.6250, -11.3740, 160, 160, 160
L 38.3125, -143.6250, -11.3740,  38.3125, -141.6250, -11.3740, 160, 160, 160
L 38.3125, -141.6250, -11.3740,  35.6875, -141.6250, -11.3740, 160, 160, 160
L 35.6875, -141.6250, -11.1992,  35.6875, -143.1829, -11.1992, 160, 160, 160
L 38.3125, -120.2500, -11.3740,  38.3125, -122.2500, -11.3740, 160, 160, 160
L 38.3125, -122.2500, -11.3740,  35.6636, -122.2500, -11.3740, 160, 160, 160
L 57.6561, -120.2497, -11.3740,  57.6561, -122.2500, -11.3740, 160, 160, 160
L 57.6561, -122.2500, -11.3740,  60.2811, -122.2500, -11.3740, 160, 160, 160
L 60.2811, -122.2500, -11.3740,  60.2813, -120.4431, -11.3740, 160, 160, 160
L 84.2813, -155.6306, 0.6260,  81.6561, -155.6237, 0.6260, 160, 160, 160
L 81.6561, -155.6237, 0.6260,  81.6561, -158.2500, 0.6260, 160, 160, 160
L 81.6561, -158.2500, 0.6260,  84.2813, -158.2500, 0.6260, 160, 160, 160
L 84.2813, -158.2500, 0.6260,  84.2813, -155.6306, 0.6260, 160, 160, 160
L 83.9360, -146.2500, 0.6260,  81.6561, -146.2500, 0.6260, 160, 160, 160
L 81.6561, -146.2500, 0.6260,  81.6563, -143.9150, 0.6260, 160, 160, 160
L 83.9313, -155.6250, 0.6260,  83.9371, -143.9121, 0.6260, 160, 160, 160
L 83.9371, -143.9121, 0.6260,  57.6405, -143.9472, 0.6260, 160, 160, 160
P -71.4591, 62.6020, 0.1000, 204, 0, 204, 3, to_Misty_Thicket
P 284.0000, 365.0000, 0.1000, 204, 0, 204, 3, to_Kithicor_Forest
P 295, 432, 0, 0, 200, 255, 1, Spiken's_Maps_-_github.com/spik3n/EQL_Map_pack
