P 349.8100, -501.7633, 125.1100,  0, 127, 0,  2,  6-Evians
P -1108.0000, -516.0000, -15.2926,  0, 0, 127,  2,  2-Swords
P -306.1557, 749.3102, 767.6650,  99, 0, 255,  2,  7-Swarm
P 491.8852, 479.3287, 1005.2204,  0, 0, 0,  2,  DA_Jump_to_island_3
P -839.0000, -1419.0000, 0.0000,  0, 0, 127,  2,  2-Swords
P -533.0000, -1612.0000, 0.0000,  64, 64, 64,  2,  Quest_Room
P -370.0000, -1360.0000, 0.0000,  127, 0, 0,  2,  3-Misplaced
P -547.0000, -1415.0000, 0.0000,  0, 0, 0,  3,  X
P -1171.0000, -454.0000, 0.0000,  127, 0, 0,  2,  3-Misplaced
P 580.0000, 460.0000, 0.0000,  0, 127, 127,  2,  4-Misfortune
P 434.0000, 103.0000, 0.0000,  127, 0, 0,  2,  3-Misplaced
P -231.0000, -189.0000, 0.0000,  127, 64, 0,  2,  5-Beasts
P -1089.0000, 884.0000, 408.7744,  0, 127, 0,  2,  6-Evians
P -729.0000, 193.0000, 0.0000,  96, 0, 255,  2,  7-_Swarm
P -410.0000, 1181.0000, 0.0000,  255, 53, 0,  2,  8-Scale
P 1340.3395, 714.3033, 1007.2078,  0, 0, 0,  2,  9-Veeshan
P -320.0000, -564.0000, -58.8406,  0, 127, 127,  2,  4-Misfortune
P 781.0000, -1185.0000, 126.6080,  127, 64, 0,  2,  5-Beasts
P -559.9914, -1296.9843, -766.5031,  0, 0, 0,  1,  Charm_of_Sacrifice(GS)Ench1.0)
P 471.0000, 984.0000, 1009.2146,  255, 53, 0,  2,  8-Scale
P 1294.0000, 262.0000, 1217.9619,  0, 0, 0,  2,  9-Veeshan
P -608.8857, -1371.2843, -663.6644,  0, 0, 127,  2,  a_thunder_spirit_princess(Ncr1.0)
P -654.9678, -1304.3721, -769.6851,  0, 0, 127,  2,  Test_of_Power(Ncr1.0)
P -653.5959, -1466.8195, -769.6851,  0, 0, 127,  2,  Kihun_Solstin(Mag1.0)
P -294.1061, -665.7200, -58.5292,  0, 0, 127,  2,  Gkzzallk(Ncr1.0)
P -605.1511, -1341.8190, -765.6205,  127, 0, 0,  2,  Master_of_the_Elements(Mag_epic)
P -564.8636, -1339.9821, -769.6851,  0, 0, 127,  2,  Dason_Goldblade(Pal_Epic)
P 554.4267, -767.9329, 171.8482,  0, 0, 127,  2,  Inte_Akera(Pal2.0)
P -614.0000, -1415.0000, -666.7475,  0, 0, 240,  2,  an_epic_request_(Mnk)
