P 142.0000, -711.0000, -55.9677,  0, 0, 0,  1,  Pottery_Wheel
P 148.0000, -713.0000, -55.9677,  0, 0, 0,  1,  Kiln
P -156.5010, -773.5013, -27.9989,  0, 0, 0,  1,  Loom
P 913.3502, -1250.5430, -31.7981,  0, 0, 0,  1,  Brew_Barrel
P 829.0000, -1279.0000, -39.1216,  162, 64, 0,  3,  Ak`Anon_Zoo
P 607.1130, -1207.8921, -41.6542,  127, 64, 0,  3,  Asset_of_Deep_Musing
P 526.1331, -1231.1261, -37.6854,  0, 0, 127,  2,  Lewis_Reldnok(Pal2.0)
P 516.6236, -2027.1808, -183.7290,  0, 0, 127,  2,  Clockwork_VIIX(Ench1.0)
P 579.0000, -2024.0000, -183.9364,  0, 0, 127,  2,  Rilgor_(GM)(Ench1.0)
P 261.4257, -2012.2228, -194.3497,  0, 0, 127,  2,  Silox_Azrix(Drd1.0)
P 381.0503, -1314.9734, -80.4243,  0, 0, 127,  2,  Clockwork_XIIC
P 174.5940, -762.5977, -55.9667,  0, 0, 127,  2,  Clockwork_XXVIC
P 387.1343, -1775.6482, -125.9354,  0, 0, 127,  2,  Clockwork_XXVIIC*
P 258.5895, -1992.5907, -125.9354,  0, 0, 0,  1,  old_Silver_Coin_(GS)
P 353.0833, -2045.6969, -181.9354,  0, 0, 127,  2,  Clockwork_XVIIC
P 44.6125, -238.2197, 10.0020,  0, 0, 127,  2,  Clockwork_XVIIC
P 395.7173, -728.5198, -27.9980,  127, 0, 0,  2,  Duster_V*
P 385.1301, -1767.2697, -125.9354,  127, 0, 0,  2,  Duster_X*
P 533.1124, -1467.1753, -77.4513,  240, 0, 0,  3,  X
P 866.4108, -1386.8810, -38.4448,  0, 0, 127,  2,  Gilipus
P 597.6554, -1240.0159, -54.3693,  0, 127, 127,  2,  Welno_Tanlonikan_(24th)
