P 467.7265, -3030.2532, 591.0532,  240, 0, 0,  2,  Lorekeeper_Fandrel
P 701.9261, -27.6299, 603.1458,  240, 0, 0,  2,  The_Mountain_Cryptid
P -637.7905, -698.1291, -327.3709,  240, 0, 0,  2,  Rimeclaw*
P -1320.5282, -2147.6558, 427.4640,  240, 0, 0,  2,  Mortimus
P -139.8105, -1230.8495, 690.4835,  240, 0, 0,  2,  Underboss_Lazam
P 1417.0497, -1145.9009, 297.3955,  240, 0, 0,  2,  Uncia_the_Snowstalker
P -870.1511, -1955.6403, 376.2852,  240, 0, 0,  2,  Chef_Goremand
P -684.9991, -1422.9120, -280.4206,  240, 0, 0,  2,  Ankexfen_Experiment
P -220.7494, -1127.9491, 416.7068,  240, 0, 0,  2,  Guard_Captain_Krizad
P -1200.3434, -2076.1238, 426.8852,  240, 0, 0,  2,  Mortimus
P 792.5809, 123.5849, 571.9077,  240, 0, 0,  2,  The_Mountain
P 621.0712, 155.6659, 633.4507,  240, 0, 0,  2,  The_Mountain_(alpine_dweller)
P 1295.7500, -1194.5824, 321.2620,  240, 0, 0,  2,  Uncia
P 1421.3147, -965.9449, 372.0363,  240, 0, 0,  2,  Uncia_(frost-paw_skulker)
P 378.8188, -3001.8848, 592.2587,  240, 0, 0,  2,  Lorekeeper
P 352.9297, -3097.0452, 592.2549,  240, 0, 0,  2,  Lorekeeper
P 447.6989, -3128.3865, 592.3566,  240, 0, 0,  2,  Lorekeeper
P 1200.6620, -1389.0458, 329.3399,  240, 0, 0,  2,  Uncia
P 1760.7046, -1419.4092, 293.9328,  240, 0, 0,  2,  Uncia
P -255.2739, -1178.8816, 416.7072,  240, 0, 0,  2,  Guard_Captain
P -191.2093, -1225.6056, 416.7046,  240, 0, 0,  2,  Guard_Captain
P -178.7780, -1309.6686, 416.7107,  240, 0, 0,  2,  Guard_Captain
P -107.2564, -1152.1990, 416.8557,  240, 0, 0,  2,  Guard_Captain
P -1114.3213, -1944.6415, 439.1016,  240, 0, 0,  2,  Mortimus
P -1472.8356, -1988.9795, 426.8000,  240, 0, 0,  2,  Mortimus
P -1396.3954, -2213.4805, 417.3753,  240, 0, 0,  2,  Mortimus
P -875.6592, -1917.1178, 369.8802,  240, 0, 0,  2,  Chef
P -908.2370, -1988.7549, 358.6897,  240, 0, 0,  2,  Chef_*_(workhand)
P -661.2703, -1854.8644, -279.9671,  240, 0, 0,  2,  Ankexfen_Experiment
P -662.9911, -2310.2471, -247.6929,  240, 0, 0,  2,  Ankexfen_Experiment*
P -650.1354, -2573.5188, -237.0986,  240, 0, 0,  2,  Ankexfen_Experiment
P -746.1896, -2799.6858, -247.7350,  240, 0, 0,  2,  Ankexfen_Experiment
P -448.6936, -652.5851, -337.4035,  240, 0, 0,  2,  Rimeclaw
P -588.9825, -72.5224, -457.9086,  240, 0, 0,  2,  Rimeclaw
P -611.2234, -529.6589, -355.7165,  240, 0, 0,  2,  Rimeclaw*
P -1435.0645, -2026.7155, 417.1745,  240, 0, 0,  2,  Stablemaster*
P -1681.8289, -1472.7941, 450.3073,  240, 0, 0,  2,  Stablemaster_Magna
P -1756.4496, -1506.4788, 440.3893,  240, 0, 0,  2,  Stablemaster
P -1456.6559, -1559.5923, 442.8784,  240, 0, 0,  2,  Stablemaster*
P -1486.2124, -1707.4447, 439.6359,  240, 0, 0,  2,  Stablemaster