P 1454.9330, -1889.6663, 275.6592,  0, 0, 127,  3,  Ghoul
P -454.4456, -2125.4341, 331.6775,  0, 0, 0,  2,  Explore_the_area
P 367.8439, -2952.0645, 507.7128,  0, 0, 127,  2,  Homer
P -687.6973, -2559.2964, -244.5253,  0, 0, 0,  2,  Oozes
P -1624.2134, -1769.8405, 442.0512,  0, 0, 127,  2,  Patches
P 162.0365, -1222.1497, 477.9493,  127, 64, 0,  2,  Buildings_of_Ankexfen_#4
P 657.8622, -2900.5066, 515.6265,  127, 64, 0,  2,  Buildings_of_Ankexfen_#5
P -1483.9917, -1678.8451, 439.1113,  127, 64, 0,  2,  Buildings_of_Ankexfen_#1
P -1084.8075, -1525.6934, 438.8516,  127, 64, 0,  2,  Buildings_of_Anfexfen_#2
P -533.5776, -1220.3805, 439.9123,  127, 64, 0,  2,  Buildings_of_Ankexfen_#3
P 107.1499, -739.3982, 454.7235,  0, 0, 0,  2,  Leopards
P -972.3879, -1919.0275, 360.9612,  0, 0, 0,  2,  Smoked_Dwarf_Jerky_(AU)
P -1288.2134, -2565.6526, 416.6817,  0, 0, 0,  2,  Evidence_of_bear_activity_/peer
P -398.8858, -2074.5911, 330.8608,  0, 0, 0,  2,  Spider_cave
P -393.1158, -1795.0901, 365.9816,  0, 0, 127,  2,  Herald_of_Brell
P -79.0645, -1158.0309, 416.4458,  0, 0, 127,  2,  Minzi_Woggins
P -171.3959, -1161.3528, 415.9357,  0, 0, 127,  2,  Brawny_Mudsnout
P -147.2006, -1250.0923, 415.9307,  0, 0, 127,  2,  Aarrwan_Fernfoot
P -936.2744, -1950.2345, 356.5728,  0, 0, 0,  2,  Kitchen
P -1256.1038, -1800.3145, 350.3745,  0, 0, 0,  2,  Captain_Claws
P 146.7505, -994.6360, 496.3224,  0, 0, 0,  2,  Spike
P -31.5412, -1101.1205, 479.2115,  0, 0, 0,  2,  Bruiser
P -83.5635, -1218.8152, 446.5081,  0, 0, 127,  2,  Delfina_Feykin
P -284.7779, -1191.5779, 446.5068,  0, 0, 127,  2,  Siffle_Mudsnout
P -294.3454, -1220.7820, 446.7689,  0, 0, 127,  2,  Skull_Crusher
P -192.1232, -1336.3622, 446.8608,  0, 0, 127,  2,  Tawny_Stout
P -225.2708, -1276.1581, 446.7951,  0, 0, 127,  2,  Ferian_Caladune
P -201.8635, -1192.2029, 446.8597,  0, 0, 127,  2,  Alliza_Mai
P -170.3377, -1161.6780, 447.3949,  0, 0, 127,  2,  Geller_Mickwiggum_(Information)
P -83.3849, -1219.9412, 415.9355,  0, 0, 127,  2,  Grizal_(Kobold_Prisoner)
P 94.0665, 134.6627, 33.1879,  0, 0, 127,  2,  Glax