P -1724.5713, -1419.9081, 1035.2166,  127, 64, 0,  2,  Manasheen_Groove
P -2233.7930, 143.6900, 1625.5402,  127, 64, 0,  2,  Magicl_Storm_
P -2122.7366, 106.4156, 1422.6055,  0, 0, 0,  2,  an_airshard
P -2140.1038, -18.6229, 1422.5315,  127, 0, 0,  2,  an_airwarden
P -959.7963, -1187.4025, 502.5674,  127, 0, 0,  2,  an_echo_hunter
P -1157.2516, -1383.4657, 514.1542,  127, 0, 0,  2,  an_echo_hunter
P -976.0060, -1370.8268, 515.1595,  127, 0, 0,  2,  an_echo_hunter
P -191.2438, -1154.5392, -280.3181,  0, 0, 0,  2,  fiery_emberfang
P -1625.7195, 884.0727, 1777.3571,  0, 0, 0,  2,  Charged_Runic_Storm
P -1880.4058, 772.8552, 1774.6952,  0, 0, 0,  2,  Charged_Stony_Storm
P -1850.4811, 1074.9861, 1807.1764,  127, 0, 0,  2,  a_waterwarden
P -1764.6637, 1025.9994, 1791.4811,  127, 0, 0,  2,  a_nullforge_titan_*
P -1844.2964, 1065.0973, 1812.5829,  0, 0, 0,  2,  a_watershard
P -84.5282, -145.6000, 63.9495,  0, 0, 0,  2,  a_fireshard
P -93.4015, -150.9327, 65.9870,  127, 0, 0,  2,  a_firewarden
P -1119.3274, -1986.9098, 598.5483,  0, 0, 0,  2,  an_earthshard
P -1118.6404, -1973.9041, 590.3932,  127, 0, 0,  2,  an_earthwarden
