P -1766.6891, -1425.0342, 1035.2975,  240, 0, 0,  2,  a_manasheen
P -1721.0674, -1258.7776, 1036.3765,  240, 0, 0,  2,  a_manasheen
P -1652.9700, -1265.1996, 1036.0918,  240, 0, 0,  2,  a_manasheen
P -1635.2588, -1142.4949, 1037.0519,  240, 0, 0,  2,  a_manasheen
P -329.7386, -639.5104, 100.3780,  240, 0, 0,  2,  Ash_Harbinger
P 53.1017, -135.3253, 72.2339,  240, 0, 0,  2,  Ash_Harbinger
P 51.4515, -744.4402, 109.1810,  240, 0, 0,  2,  Ash_Harbinger
P -423.4895, -427.8110, 101.3079,  240, 0, 0,  2,  Ash_Harbinger
P -2002.2300, 963.2231, 1787.2129,  240, 0, 0,  2,  Broj_*
P -1291.6985, 919.8439, 1815.3622,  240, 0, 0,  2,  Broj_*
P -1199.7710, 303.9762, 1775.0270,  240, 0, 0,  2,  Broj_*
P -2464.7527, 682.6791, 1421.6337,  240, 0, 0,  2,  Broj
P -2770.9507, 440.4441, 1454.0127,  240, 0, 0,  2,  Broj_*
P -823.9742, -1700.4677, 597.0878,  240, 0, 0,  2,  Dravok
P -955.7977, -1876.3279, 601.1691,  240, 0, 0,  2,  Dravok
P -1221.9518, -1762.5485, 606.4493,  240, 0, 0,  2,  Dravok
P -1846.4231, -1509.9041, 1059.9340,  240, 0, 0,  2,  Dravok
P -68.6050, -494.0636, 90.3200,  240, 0, 0,  2,  Fire_Maw
P -333.3057, -574.1913, 104.1149,  240, 0, 0,  2,  Fire_Maw
P -430.5324, -830.2693, 151.7857,  240, 0, 0,  2,  Fire_Maw
P -7.1173, -840.3401, 100.1637,  240, 0, 0,  2,  Fire_Maw
P -2339.6829, -235.9766, 1422.6509,  240, 0, 0,  2,  Irdrath
P -2503.1143, 433.3826, 1422.9081,  240, 0, 0,  2,  Irdrath
P -2145.2227, 219.4214, 1586.7842,  240, 0, 0,  2,  Irdrath
P -2206.2505, -2.0189, 1542.6537,  240, 0, 0,  2,  Irdrath
P -2023.8628, -1215.6316, 1021.2588,  240, 0, 0,  2,  Orvain
P -497.1729, -1250.1150, -287.3905,  240, 0, 0,  2,  Orvain_*
P -1922.5873, -1341.4368, 1020.2078,  240, 0, 0,  2,  Orvain
P -1049.0414, -1930.7073, 603.8575,  240, 0, 0,  2,  Orvain
P -175.8348, -1172.9843, -244.2487,  240, 0, 0,  2,  Velith
P -587.0955, -855.3981, 135.8141,  240, 0, 0,  2,  Velith
P -104.9099, -338.5205, 76.4268,  240, 0, 0,  2,  Velith
P -277.3281, -424.4618, 82.2569,  240, 0, 0,  2,  Velith
P -2415.5449, 232.1339, 1422.6427,  240, 0, 0,  2,  Idrath
