P 590.6969, 173.1052, -33.8304,  240, 0, 0,  2,  aerialist
P 1086.8899, -208.6937, -79.3379,  240, 0, 0,  2,  aerialist
P -246.7763, -100.9110, 110.5679,  240, 0, 0,  2,  quartermaster
P -95.5657, -135.6614, 110.1441,  240, 0, 0,  2,  quatermaster
P 27.9087, -164.1693, 0.8686,  240, 0, 0,  2,  watcher
P 93.0891, -5.6375, 0.9099,  240, 0, 0,  2,  watcher*
P 128.4420, -152.4812, 0.8804,  240, 0, 0,  2,  trainer
P 203.4482, 152.9373, -0.7995,  240, 0, 0,  2,  trainer
P 206.8627, 34.2045, -0.8299,  240, 0, 0,  2,  trainer
P -32.8123, -231.1724, 109.8556,  240, 0, 0,  2,  driver
P 267.2626, 78.8560, 106.8930,  240, 0, 0,  2,  driver
P -372.8197, 68.9721, -0.1443,  240, 0, 0,  2,  manager
P -96.2543, 107.9751, 1.0367,  240, 0, 0,  2,  manager
P -376.9348, 201.1268, 110.8988,  240, 0, 0,  2,  director
P -108.5010, 146.9321, 110.4623,  240, 0, 0,  2,  director
P -419.3663, -52.5920, 109.2995,  240, 0, 0,  2,  marshal
P -332.3526, -213.3973, 109.2995,  240, 0, 0,  2,  marshal
P 416.5486, 64.1625, 0.9072,  240, 0, 0,  2,  trainer
