L -70.4966, -79.5031, 109.8556,  -59.4943, -79.4991, 109.8556,  127, 64, 0
L -59.4921, 69.5034, 109.8556,  -70.4968, 69.4991, 109.8556,  127, 64, 0
L -70.4967, -210.1228, -0.1443,  -49.8822, -210.0800, -0.1443,  0, 0, 0
L -70.4966, -170.9396, -0.1443,  -49.8489, -170.9716, -0.1443,  0, 0, 0
L -70.4964, -166.2318, -0.1443,  -74.3697, -166.2325, -0.1443,  0, 0, 0
L 648.6613, -340.1699, 111.0000,  650.7735, -331.5945, 111.0000,  0, 0, 0
L 650.7735, -331.5945, 111.0000,  632.2493, -310.0526, 111.0000,  0, 0, 0
L 1092.9181, -273.4943, 111.0000,  1086.1642, -271.8768, 111.0000,  63, 63, 63
L 1599.0181, -22.0020, 111.0000,  1599.0181, -27.0034, 111.0000,  0, 0, 0
L 1599.0181, -27.0034, 111.0000,  1589.5973, -27.0019, 111.0000,  0, 0, 0
L 1589.5973, -27.0019, 111.0000,  1580.6626, -23.6481, 111.0000,  0, 0, 0
L 1599.0181, -22.0020, 111.0000,  1601.5658, -22.0031, 111.0000,  0, 0, 0
L 1601.5658, -22.0031, 111.0000,  1601.5658, 7.0035, 111.0000,  255, 0, 255
L 1601.5658, 7.0035, 111.0000,  1599.0154, 7.0030, 111.0000,  0, 0, 0
L 1599.0154, 7.0030, 111.0000,  1599.0181, 12.0037, 111.0000,  0, 0, 0
L 1599.0181, 12.0037, 111.0000,  1589.6133, 12.0044, 111.0000,  0, 0, 0
L 1589.6133, 12.0044, 111.0000,  1580.6653, 8.6480, 111.0000,  0, 0, 0
L 1580.6626, -23.6481, 111.0000,  1584.0182, -32.5872, 111.0000,  0, 0, 0
L 1584.0182, -32.5872, 111.0000,  1584.0188, -42.4789, 111.0000,  0, 0, 0
L 1584.0188, -42.4789, 111.0000,  1580.3174, -46.3681, 111.0000,  0, 0, 0
L 1580.3174, -46.3681, 111.0000,  1578.7096, -63.9311, 111.0000,  0, 0, 0
L 1578.7096, -63.9311, 111.0000,  1564.2909, -71.1282, 111.0000,  0, 0, 0
L 1564.2909, -71.1282, 111.0000,  1562.0219, -71.3063, 111.0000,  0, 0, 0
L 1562.0219, -71.3063, 111.0000,  1560.4629, -76.4219, 111.0000,  0, 0, 0
L 1560.4629, -76.4219, 111.0000,  1555.3025, -74.4273, 111.0000,  0, 0, 0
L 1555.3025, -74.4273, 111.0000,  1539.5105, -83.2138, 111.0000,  0, 0, 0
L 1539.5105, -83.2138, 111.0000,  1542.1808, -107.1673, 111.0000,  0, 0, 0
L 1542.1808, -107.1673, 111.0000,  1541.5381, -109.9736, 111.0000,  0, 0, 0
L 1541.5381, -109.9736, 111.0000,  1531.9733, -101.6525, 111.0000,  0, 0, 0
L 1531.9733, -101.6525, 111.0000,  1524.3029, -103.8008, 111.0000,  0, 0, 0
L 1524.3029, -103.8008, 111.0000,  1522.2970, -95.4667, 111.0000,  0, 0, 0
L 1522.2970, -95.4667, 111.0000,  1521.1598, -95.2628, 111.0000,  0, 0, 0
L 1521.1598, -95.2628, 111.0000,  1503.1211, -86.5604, 111.0000,  0, 0, 0
L 1503.1211, -86.5604, 111.0000,  1479.6730, -92.1885, 111.0000,  0, 0, 0
L 1479.6730, -92.1885, 111.0000,  1478.2577, -98.6652, 111.0000,  0, 0, 0
L 1478.2577, -98.6652, 111.0000,  1471.8196, -95.7154, 111.0000,  0, 0, 0
L 1471.8196, -95.7154, 111.0000,  1452.4368, -109.3227, 111.0000,  0, 0, 0
L 1452.4368, -109.3227, 111.0000,  1449.1576, -122.5048, 111.0000,  0, 0, 0
L 1449.1576, -122.5048, 111.0000,  1453.1167, -131.2794, 111.0000,  0, 0, 0
L 1453.1167, -131.2794, 111.0000,  1447.4933, -128.9188, 111.0000,  0, 0, 0
L 1447.4933, -128.9188, 111.0000,  1429.4396, -133.7670, 111.0000,  0, 0, 0
L 1429.4396, -133.7670, 111.0000,  1427.6283, -138.8952, 111.0000,  0, 0, 0
L 1427.6283, -138.8952, 111.0000,  1422.2090, -136.7295, 111.0000,  0, 0, 0
L 1422.2090, -136.7295, 111.0000,  1407.6309, -148.0972, 111.0000,  0, 0, 0
L 1407.6309, -148.0972, 111.0000,  1407.3234, -150.5960, 111.0000,  0, 0, 0
L 1407.3234, -150.5960, 111.0000,  1401.8904, -146.2886, 111.0000,  0, 0, 0
L 1401.8904, -146.2886, 111.0000,  1395.4253, -148.3526, 111.0000,  0, 0, 0
L 1395.4253, -148.3526, 111.0000,  1393.5719, -141.7990, 111.0000,  0, 0, 0
L 1393.5719, -141.7990, 111.0000,  1370.4225, -134.0748, 111.0000,  0, 0, 0
L 1370.4225, -134.0748, 111.0000,  1347.0464, -143.0061, 111.0000,  0, 0, 0
L 1347.0464, -143.0061, 111.0000,  1346.2311, -150.0778, 111.0000,  0, 0, 0
L 1346.2311, -150.0778, 111.0000,  1339.4480, -147.0750, 111.0000,  0, 0, 0
L 1339.4480, -147.0750, 111.0000,  1320.5038, -163.5129, 111.0000,  0, 0, 0
L 1320.5038, -163.5129, 111.0000,  1317.7610, -181.4010, 111.0000,  0, 0, 0
L 1317.7610, -181.4010, 111.0000,  1304.7145, -180.7049, 111.0000,  0, 0, 0
L 1304.7145, -180.7049, 111.0000,  1289.2156, -192.0504, 111.0000,  0, 0, 0
L 1289.2156, -192.0504, 111.0000,  1290.4209, -197.1391, 111.0000,  0, 0, 0
L 1290.4209, -197.1391, 111.0000,  1284.6410, -197.1080, 111.0000,  0, 0, 0
L 1284.6410, -197.1080, 111.0000,  1275.5365, -211.5303, 111.0000,  0, 0, 0
L 1275.5365, -211.5303, 111.0000,  1274.9336, -208.2501, 111.0000,  0, 0, 0
L 1274.9336, -208.2501, 111.0000,  1251.7006, -197.3693, 111.0000,  0, 0, 0
L 1251.7006, -197.3693, 111.0000,  1226.5459, -204.9212, 111.0000,  0, 0, 0
L 1226.5459, -204.9212, 111.0000,  1224.7793, -212.1378, 111.0000,  0, 0, 0
L 1224.7793, -212.1378, 111.0000,  1217.1548, -208.7071, 111.0000,  0, 0, 0
L 1217.1548, -208.7071, 111.0000,  1197.4668, -223.1418, 111.0000,  0, 0, 0
L 1197.4668, -223.1418, 111.0000,  1192.0066, -242.7590, 111.0000,  0, 0, 0
L 1192.0066, -242.7590, 111.0000,  1191.4618, -242.2163, 111.0000,  0, 0, 0
L 1191.4618, -242.2163, 111.0000,  1171.2111, -243.9751, 111.0000,  0, 0, 0
L 1171.2111, -243.9751, 111.0000,  1169.4191, -248.3444, 111.0000,  0, 0, 0
L 1169.4191, -248.3444, 111.0000,  1165.0569, -245.0671, 111.0000,  0, 0, 0
L 1165.0569, -245.0671, 111.0000,  1147.9778, -253.3159, 111.0000,  0, 0, 0
L 1147.9778, -253.3159, 111.0000,  1142.5309, -267.1489, 111.0000,  0, 0, 0
L 1142.5309, -267.1489, 111.0000,  1140.2804, -261.7412, 111.0000,  0, 0, 0
L 1140.2804, -261.7412, 111.0000,  1114.9352, -255.1916, 111.0000,  0, 0, 0
L 1114.9352, -255.1916, 111.0000,  1093.8013, -266.0510, 111.0000,  0, 0, 0
L 1093.8013, -266.0510, 111.0000,  1092.9135, -273.5253, 111.0000,  0, 0, 0
L 1086.1642, -271.8768, 111.0000,  1068.6420, -288.8085, 111.0000,  0, 0, 0
L 1068.6420, -288.8085, 111.0000,  1067.6626, -294.5827, 111.0000,  0, 0, 0
L 1067.6626, -294.5827, 111.0000,  1065.3135, -297.5420, 111.0000,  0, 0, 0
L 1065.3135, -297.5420, 111.0000,  1061.7941, -293.8134, 111.0000,  0, 0, 0
L 1061.7941, -293.8134, 111.0000,  1044.0320, -297.2640, 111.0000,  0, 0, 0
L 1044.0320, -297.2640, 111.0000,  1031.8655, -312.9716, 111.0000,  0, 0, 0
L 1031.8655, -312.9716, 111.0000,  1032.8700, -318.9629, 111.0000,  0, 0, 0
L 1032.8700, -318.9629, 111.0000,  1027.8976, -320.9800, 111.0000,  0, 0, 0
L 1027.8976, -320.9800, 111.0000,  1026.8722, -317.6966, 111.0000,  0, 0, 0
L 1026.8722, -317.6966, 111.0000,  1004.8069, -307.3000, 111.0000,  0, 0, 0
L 1004.8069, -307.3000, 111.0000,  979.9913, -311.1594, 111.0000,  0, 0, 0
L 979.9913, -311.1594, 111.0000,  976.5748, -317.5684, 111.0000,  0, 0, 0
L 976.5748, -317.5684, 111.0000,  969.9133, -313.7226, 111.0000,  0, 0, 0
L 969.9133, -313.7226, 111.0000,  948.3918, -327.0635, 111.0000,  0, 0, 0
L 948.3918, -327.0635, 111.0000,  940.0795, -350.6903, 111.0000,  0, 0, 0
L 940.0795, -350.6903, 111.0000,  943.2415, -356.0930, 111.0000,  0, 0, 0
L 943.2415, -356.0930, 111.0000,  938.6866, -353.9904, 111.0000,  0, 0, 0
L 938.6866, -353.9904, 111.0000,  921.7092, -357.1050, 111.0000,  0, 0, 0
L 921.7092, -357.1050, 111.0000,  919.5634, -362.2574, 111.0000,  0, 0, 0
L 919.5634, -362.2574, 111.0000,  915.5176, -359.7834, 111.0000,  0, 0, 0
L 915.5176, -359.7834, 111.0000,  899.1143, -367.9843, 111.0000,  0, 0, 0
L 899.1143, -367.9843, 111.0000,  897.8827, -370.6313, 111.0000,  0, 0, 0
L 897.8827, -370.6313, 111.0000,  879.7507, -364.3066, 111.0000,  0, 0, 0
L 879.7507, -364.3066, 111.0000,  873.3429, -367.3911, 111.0000,  0, 0, 0
L 873.3429, -367.3911, 111.0000,  869.0781, -361.6168, 111.0000,  0, 0, 0
L 869.0781, -361.6168, 111.0000,  843.1248, -363.3658, 111.0000,  0, 0, 0
L 843.1248, -363.3658, 111.0000,  824.0674, -378.2781, 111.0000,  0, 0, 0
L 824.0674, -378.2781, 111.0000,  824.5703, -385.4798, 111.0000,  0, 0, 0
L 824.5703, -385.4798, 111.0000,  822.3581, -385.7424, 111.0000,  0, 0, 0
L 822.3581, -385.7424, 111.0000,  812.4778, -380.3951, 111.0000,  0, 0, 0
L 812.4778, -380.3951, 111.0000,  796.2280, -381.5453, 111.0000,  0, 0, 0
L 796.2280, -381.5453, 111.0000,  794.0768, -385.6214, 111.0000,  0, 0, 0
L 794.0768, -385.6214, 111.0000,  790.2690, -382.3517, 111.0000,  0, 0, 0
L 790.2690, -382.3517, 111.0000,  776.9818, -389.4222, 111.0000,  0, 0, 0
L 776.9818, -389.4222, 111.0000,  762.3492, -374.9239, 111.0000,  0, 0, 0
L 762.3492, -374.9239, 111.0000,  754.0638, -376.4646, 111.0000,  0, 0, 0
L 754.0638, -376.4646, 111.0000,  752.9595, -368.5302, 111.0000,  0, 0, 0
L 752.9595, -368.5302, 111.0000,  726.9648, -356.9480, 111.0000,  0, 0, 0
L 726.9648, -356.9480, 111.0000,  699.1807, -364.2794, 111.0000,  0, 0, 0
L 699.1807, -364.2794, 111.0000,  696.7755, -371.7840, 111.0000,  0, 0, 0
L 696.7755, -371.7840, 111.0000,  688.8157, -368.6759, 111.0000,  0, 0, 0
L 688.8157, -368.6759, 111.0000,  678.7260, -375.5722, 111.0000,  0, 0, 0
L 678.7260, -375.5722, 111.0000,  676.2623, -371.8320, 111.0000,  0, 0, 0
L 676.2623, -371.8320, 111.0000,  663.8169, -370.0810, 111.0000,  0, 0, 0
L 663.8169, -370.0810, 111.0000,  656.3639, -342.6707, 111.0000,  0, 0, 0
L 656.3639, -342.6707, 111.0000,  648.6613, -340.1699, 111.0000,  0, 0, 0
L 632.2493, -310.0526, 111.0000,  603.6821, -304.4928, 111.0000,  0, 0, 0
L 603.6821, -304.4928, 111.0000,  598.8455, -310.2688, 111.0000,  0, 0, 0
L 598.8455, -310.2688, 111.0000,  592.3707, -302.6724, 111.0000,  0, 0, 0
L 592.3707, -302.6724, 111.0000,  591.0771, -303.4205, 111.0000,  0, 0, 0
L 591.0771, -303.4205, 111.0000,  576.8273, -289.7615, 111.0000,  0, 0, 0
L 576.8273, -289.7615, 111.0000,  570.9520, -291.0090, 111.0000,  0, 0, 0
L 570.9520, -291.0090, 111.0000,  569.9127, -285.6486, 111.0000,  0, 0, 0
L 569.9127, -285.6486, 111.0000,  557.5120, -279.9296, 111.0000,  0, 0, 0
L 557.5120, -279.9296, 111.0000,  561.6066, -268.7819, 111.0000,  0, 0, 0
L 561.6066, -268.7819, 111.0000,  552.9933, -241.5132, 111.0000,  0, 0, 0
L 552.9933, -241.5132, 111.0000,  544.9133, -238.9795, 111.0000,  0, 0, 0
L 544.9133, -238.9795, 111.0000,  546.8241, -231.2277, 111.0000,  0, 0, 0
L 546.8241, -231.2277, 111.0000,  528.2661, -210.3936, 111.0000,  0, 0, 0
L 528.2661, -210.3936, 111.0000,  517.8160, -207.8047, 111.0000,  0, 0, 0
L 517.8160, -207.8047, 111.0000,  530.1064, -188.8792, 111.0000,  63, 63, 63
L 521.3502, -188.8792, 111.0000,  542.3475, -188.8791, 111.0000,  0, 0, 0
L 542.3475, -188.8791, 111.0000,  542.3473, -167.8862, 111.0000,  0, 0, 0
L 542.3473, -167.8862, 111.0000,  521.3563, -167.8874, 111.0000,  0, 0, 0
L 531.3281, -167.8868, 111.0000,  531.3276, -109.8791, 111.0000,  63, 63, 63
L 524.7344, -109.8793, 111.0000,  545.7286, -109.8788, 111.0000,  0, 0, 0
L 545.7286, -109.8788, 111.0000,  545.7281, -88.8856, 111.0000,  0, 0, 0
L 545.7283, -95.4966, 111.0000,  570.1017, -95.4282, 111.0000,  63, 63, 63
L 570.1017, -95.4282, 111.0000,  662.3143, -59.8411, 111.0000,  127, 127, 127
L 662.3143, -59.8411, 111.0000,  662.3140, 49.8420, 111.0000,  127, 127, 127
L 662.3140, 49.8420, 111.0000,  569.9041, 85.4979, 111.0000,  127, 127, 127
L 569.9041, 85.4979, 111.0000,  545.7287, 85.4964, 111.0000,  63, 63, 63
L 545.7281, 78.8849, 111.0000,  545.7298, 99.8803, 111.0000,  0, 0, 0
L 545.7298, 99.8803, 111.0000,  524.7311, 99.8778, 111.0000,  0, 0, 0
L 531.3282, 99.8786, 111.0000,  531.3278, 157.8865, 111.0000,  63, 63, 63
L 521.3542, 157.8866, 111.0000,  542.3477, 157.8863, 111.0000,  0, 0, 0
L 542.3477, 157.8863, 111.0000,  542.3483, 178.8717, 111.0000,  0, 0, 0
L 542.3483, 178.8717, 111.0000,  521.3516, 178.9196, 111.0000,  0, 0, 0
L 545.7281, 78.8849, 111.0000,  524.7311, 78.8833, 111.0000,  0, 0, 0
L 524.7311, 78.8833, 111.0000,  524.7311, 99.8778, 111.0000,  0, 0, 0
L 521.3542, 157.8866, 111.0000,  521.3516, 178.9196, 111.0000,  0, 0, 0
L 497.2379, -205.8307, 111.0000,  515.8574, -209.0486, 111.0000,  0, 0, 0
L 515.8574, -209.0486, 111.0000,  517.8147, -207.8049, 111.0000,  0, 0, 0
L 545.7281, -88.8856, 111.0000,  524.7358, -88.8854, 111.0000,  0, 0, 0
L 524.7358, -88.8854, 111.0000,  524.7344, -109.8793, 111.0000,  0, 0, 0
L 521.3563, -167.8874, 111.0000,  521.3502, -188.8792, 111.0000,  0, 0, 0
L 530.1426, 178.8798, 111.0000,  516.6639, 199.5773, 111.0000,  63, 63, 63
L 497.4216, 195.7476, 111.0000,  526.2990, 201.4950, 111.0000,  0, 0, 0
L 526.2990, 201.4950, 111.0000,  544.9839, 223.4069, 111.0000,  0, 0, 0
L 544.9839, 223.4069, 111.0000,  542.9915, 231.4592, 111.0000,  0, 0, 0
L 542.9915, 231.4592, 111.0000,  551.3209, 233.4995, 111.0000,  0, 0, 0
L 551.3209, 233.4995, 111.0000,  560.2021, 261.1134, 111.0000,  0, 0, 0
L 560.2021, 261.1134, 111.0000,  558.0555, 268.3417, 111.0000,  0, 0, 0
L 558.0555, 268.3417, 111.0000,  569.7889, 272.9253, 111.0000,  0, 0, 0
L 569.7889, 272.9253, 111.0000,  571.3638, 278.5395, 111.0000,  0, 0, 0
L 571.3638, 278.5395, 111.0000,  577.6885, 277.5058, 111.0000,  0, 0, 0
L 577.6885, 277.5058, 111.0000,  590.7389, 291.2271, 111.0000,  0, 0, 0
L 590.7389, 291.2271, 111.0000,  598.3827, 296.0671, 111.0000,  0, 0, 0
L 598.3827, 296.0671, 111.0000,  604.2533, 291.6284, 111.0000,  0, 0, 0
L 604.2533, 291.6284, 111.0000,  632.7919, 298.6873, 111.0000,  0, 0, 0
L 632.7919, 298.6873, 111.0000,  650.1803, 320.0685, 111.0000,  0, 0, 0
L 650.1803, 320.0685, 111.0000,  648.8838, 327.8301, 111.0000,  0, 0, 0
L 648.8838, 327.8301, 111.0000,  656.5297, 331.1138, 111.0000,  0, 0, 0
L 656.5297, 331.1138, 111.0000,  661.8846, 350.8815, 111.0000,  0, 0, 0
L 661.8846, 350.8815, 111.0000,  663.0002, 360.2462, 111.0000,  0, 0, 0
L 663.0002, 360.2462, 111.0000,  676.4794, 360.8049, 111.0000,  0, 0, 0
L 676.4794, 360.8049, 111.0000,  678.3689, 363.3452, 111.0000,  0, 0, 0
L 678.3689, 363.3452, 111.0000,  688.5034, 355.9125, 111.0000,  0, 0, 0
L 688.5034, 355.9125, 111.0000,  696.2797, 358.5745, 111.0000,  0, 0, 0
L 696.2797, 358.5745, 111.0000,  699.3517, 351.3036, 111.0000,  0, 0, 0
L 699.3517, 351.3036, 111.0000,  726.8575, 344.3062, 111.0000,  0, 0, 0
L 726.8575, 344.3062, 111.0000,  753.2076, 356.5467, 111.0000,  0, 0, 0
L 753.2076, 356.5467, 111.0000,  754.1625, 364.1745, 111.0000,  0, 0, 0
L 754.1625, 364.1745, 111.0000,  762.5464, 362.2514, 111.0000,  0, 0, 0
L 762.5464, 362.2514, 111.0000,  776.9911, 377.2458, 111.0000,  0, 0, 0
L 776.9911, 377.2458, 111.0000,  790.1406, 370.4148, 111.0000,  0, 0, 0
L 790.1406, 370.4148, 111.0000,  794.1158, 373.5164, 111.0000,  0, 0, 0
L 794.1158, 373.5164, 111.0000,  796.2808, 368.9084, 111.0000,  0, 0, 0
L 796.2808, 368.9084, 111.0000,  813.1033, 367.4843, 111.0000,  0, 0, 0
L 813.1033, 367.4843, 111.0000,  821.8795, 373.5417, 111.0000,  0, 0, 0
L 821.8795, 373.5417, 111.0000,  824.4679, 373.2465, 111.0000,  0, 0, 0
L 824.4679, 373.2465, 111.0000,  824.8007, 366.3096, 111.0000,  0, 0, 0
L 824.8007, 366.3096, 111.0000,  844.1395, 350.9207, 111.0000,  0, 0, 0
L 844.1395, 350.9207, 111.0000,  869.7603, 350.0405, 111.0000,  0, 0, 0
L 869.7603, 350.0405, 111.0000,  874.1724, 355.0923, 111.0000,  0, 0, 0
L 874.1724, 355.0923, 111.0000,  880.5800, 350.8087, 111.0000,  0, 0, 0
L 880.5800, 350.8087, 111.0000,  900.5287, 358.7612, 111.0000,  0, 0, 0
L 900.5287, 358.7612, 111.0000,  915.7245, 348.6945, 111.0000,  0, 0, 0
L 915.7245, 348.6945, 111.0000,  919.9169, 351.3698, 111.0000,  0, 0, 0
L 919.9169, 351.3698, 111.0000,  921.7104, 346.4306, 111.0000,  0, 0, 0
L 921.7104, 346.4306, 111.0000,  941.3301, 344.0007, 111.0000,  0, 0, 0
L 941.3301, 344.0007, 111.0000,  942.7205, 344.6974, 111.0000,  0, 0, 0
L 942.7205, 344.6974, 111.0000,  938.9587, 338.7242, 111.0000,  0, 0, 0
L 938.9587, 338.7242, 111.0000,  948.6678, 315.2710, 111.0000,  0, 0, 0
L 948.6678, 315.2710, 111.0000,  970.5170, 302.9740, 111.0000,  0, 0, 0
L 970.5170, 302.9740, 111.0000,  977.0118, 306.6227, 111.0000,  0, 0, 0
L 977.0118, 306.6227, 111.0000,  979.8821, 298.9698, 111.0000,  0, 0, 0
L 979.8821, 298.9698, 111.0000,  1005.4153, 294.6268, 111.0000,  0, 0, 0
L 1005.4153, 294.6268, 111.0000,  1027.2411, 306.0525, 111.0000,  0, 0, 0
L 1027.2411, 306.0525, 111.0000,  1027.9700, 309.2094, 111.0000,  0, 0, 0
L 1027.9700, 309.2094, 111.0000,  1032.8694, 306.8150, 111.0000,  0, 0, 0
L 1032.8694, 306.8150, 111.0000,  1031.7046, 301.8508, 111.0000,  0, 0, 0
L 1031.7046, 301.8508, 111.0000,  1043.2632, 286.5561, 111.0000,  0, 0, 0
L 1043.2632, 286.5561, 111.0000,  1061.7936, 282.5403, 111.0000,  0, 0, 0
L 1061.7936, 282.5403, 111.0000,  1065.8036, 286.2384, 111.0000,  0, 0, 0
L 1065.8036, 286.2384, 111.0000,  1066.6144, 285.5829, 111.0000,  0, 0, 0
L 1066.6144, 285.5829, 111.0000,  1068.0640, 276.5313, 111.0000,  0, 0, 0
L 1068.0640, 276.5313, 111.0000,  1085.7327, 259.4008, 111.0000,  0, 0, 0
L 1085.7327, 259.4008, 111.0000,  1092.6023, 260.8969, 111.0000,  0, 0, 0
L 1092.6023, 260.8969, 111.0000,  1093.3489, 254.2581, 111.0000,  0, 0, 0
L 1093.3489, 254.2581, 111.0000,  1115.4800, 243.0846, 111.0000,  0, 0, 0
L 1115.4800, 243.0846, 111.0000,  1140.4097, 248.7066, 111.0000,  0, 0, 0
L 1140.4097, 248.7066, 111.0000,  1141.9485, 255.0022, 111.0000,  0, 0, 0
L 1141.9485, 255.0022, 111.0000,  1143.8250, 252.7309, 111.0000,  0, 0, 0
L 1143.8250, 252.7309, 111.0000,  1149.7157, 241.4202, 111.0000,  0, 0, 0
L 1149.7157, 241.4202, 111.0000,  1165.8677, 234.3000, 111.0000,  0, 0, 0
L 1165.8677, 234.3000, 111.0000,  1169.7566, 236.5139, 111.0000,  0, 0, 0
L 1169.7566, 236.5139, 111.0000,  1172.3003, 232.5203, 111.0000,  0, 0, 0
L 1172.3003, 232.5203, 111.0000,  1191.2771, 230.7576, 111.0000,  0, 0, 0
L 1191.2771, 230.7576, 111.0000,  1196.9148, 211.8282, 111.0000,  0, 0, 0
L 1196.9148, 211.8282, 111.0000,  1210.3213, 201.7945, 111.0000,  0, 0, 0
L 1210.3213, 201.7945, 111.0000,  1219.4987, 198.3663, 111.0000,  0, 0, 0
L 1219.4987, 198.3663, 111.0000,  1225.0077, 199.6550, 111.0000,  0, 0, 0
L 1225.0077, 199.6550, 111.0000,  1226.8512, 192.9765, 111.0000,  0, 0, 0
L 1226.8512, 192.9765, 111.0000,  1251.2526, 185.1210, 111.0000,  0, 0, 0
L 1251.2526, 185.1210, 111.0000,  1275.2831, 194.6725, 111.0000,  0, 0, 0
L 1275.2831, 194.6725, 111.0000,  1276.8383, 200.6102, 111.0000,  0, 0, 0
L 1276.8383, 200.6102, 111.0000,  1285.2670, 185.3231, 111.0000,  0, 0, 0
L 1285.2670, 185.3231, 111.0000,  1290.6084, 185.0481, 111.0000,  0, 0, 0
L 1290.6084, 185.0481, 111.0000,  1290.0342, 179.5421, 111.0000,  0, 0, 0
L 1290.0342, 179.5421, 111.0000,  1304.0602, 168.3254, 111.0000,  0, 0, 0
L 1304.0602, 168.3254, 111.0000,  1317.5546, 167.1329, 111.0000,  0, 0, 0
L 1317.5546, 167.1329, 111.0000,  1318.7863, 163.4401, 111.0000,  0, 0, 0
L 1318.7863, 163.4401, 111.0000,  1320.6376, 151.4147, 111.0000,  0, 0, 0
L 1320.6376, 151.4147, 111.0000,  1339.7533, 136.1743, 111.0000,  0, 0, 0
L 1339.7533, 136.1743, 111.0000,  1346.3456, 138.1279, 111.0000,  0, 0, 0
L 1346.3456, 138.1279, 111.0000,  1347.5016, 130.8929, 111.0000,  0, 0, 0
L 1347.5016, 130.8929, 111.0000,  1370.6786, 122.0419, 111.0000,  0, 0, 0
L 1370.6786, 122.0419, 111.0000,  1394.3821, 130.9430, 111.0000,  0, 0, 0
L 1394.3821, 130.9430, 111.0000,  1395.3362, 136.3597, 111.0000,  0, 0, 0
L 1395.3362, 136.3597, 111.0000,  1401.8705, 134.1737, 111.0000,  0, 0, 0
L 1401.8705, 134.1737, 111.0000,  1407.1686, 138.3974, 111.0000,  0, 0, 0
L 1407.1686, 138.3974, 111.0000,  1407.8606, 135.5450, 111.0000,  0, 0, 0
L 1407.8606, 135.5450, 111.0000,  1423.9408, 124.5482, 111.0000,  0, 0, 0
L 1423.9408, 124.5482, 111.0000,  1427.9468, 126.9900, 111.0000,  0, 0, 0
L 1427.9468, 126.9900, 111.0000,  1428.9784, 120.6078, 111.0000,  0, 0, 0
L 1428.9784, 120.6078, 111.0000,  1449.0248, 117.5035, 111.0000,  0, 0, 0
L 1449.0248, 117.5035, 111.0000,  1452.9878, 119.1018, 111.0000,  0, 0, 0
L 1452.9878, 119.1018, 111.0000,  1449.8228, 106.0761, 111.0000,  0, 0, 0
L 1449.8228, 106.0761, 111.0000,  1452.5768, 97.2021, 111.0000,  0, 0, 0
L 1452.5768, 97.2021, 111.0000,  1467.0055, 87.3168, 111.0000,  0, 0, 0
L 1467.0055, 87.3168, 111.0000,  1471.8920, 83.9341, 111.0000,  0, 0, 0
L 1471.8920, 83.9341, 111.0000,  1478.5276, 86.6086, 111.0000,  0, 0, 0
L 1478.5276, 86.6086, 111.0000,  1479.9358, 79.5861, 111.0000,  0, 0, 0
L 1479.9358, 79.5861, 111.0000,  1502.6558, 73.8466, 111.0000,  0, 0, 0
L 1502.6558, 73.8466, 111.0000,  1524.6808, 83.0874, 111.0000,  0, 0, 0
L 1524.6808, 83.0874, 111.0000,  1526.0856, 89.2578, 111.0000,  0, 0, 0
L 1526.0856, 89.2578, 111.0000,  1532.9478, 87.6370, 111.0000,  0, 0, 0
L 1532.9478, 87.6370, 111.0000,  1544.9236, 99.3598, 111.0000,  0, 0, 0
L 1544.9236, 99.3598, 111.0000,  1543.5376, 89.3942, 111.0000,  0, 0, 0
L 1543.5376, 89.3942, 111.0000,  1552.7654, 76.0641, 111.0000,  0, 0, 0
L 1552.7654, 76.0641, 111.0000,  1556.6250, 76.7320, 111.0000,  0, 0, 0
L 1556.6250, 76.7320, 111.0000,  1556.1355, 71.7262, 111.0000,  0, 0, 0
L 1556.1355, 71.7262, 111.0000,  1569.7439, 64.0407, 111.0000,  0, 0, 0
L 1569.7439, 64.0407, 111.0000,  1579.1332, 64.8446, 111.0000,  0, 0, 0
L 1579.1332, 64.8446, 111.0000,  1585.3140, 61.1659, 111.0000,  0, 0, 0
L 1585.3140, 61.1659, 111.0000,  1577.7748, 55.4319, 111.0000,  0, 0, 0
L 1577.7748, 55.4319, 111.0000,  1582.2953, 32.3497, 111.0000,  0, 0, 0
L 1582.2953, 32.3497, 111.0000,  1584.0198, 22.9381, 111.0000,  0, 0, 0
L 1584.0198, 22.9381, 111.0000,  1584.0188, 17.5899, 111.0000,  0, 0, 0
L 1584.0188, 17.5899, 111.0000,  1580.6653, 8.6480, 111.0000,  0, 0, 0
L -119.5051, -19.4975, 109.8556,  -119.4967, -30.6678, 109.8556,  127, 64, 0
L -119.5083, 9.4993, 109.8556,  -119.4966, 20.0238, 109.8556,  127, 64, 0
L -119.4967, -30.6678, 111.0000,  -70.4960, -30.6873, 111.0000,  255, 0, 255
L -119.4966, 20.0238, 111.0000,  -70.4965, 19.9845, 111.0000,  255, 0, 255
L -119.5040, -30.6678, 111.0000,  -119.5037, -79.5038, 111.0000,  255, 0, 255
L -119.5037, -79.5038, 111.0000,  -70.4966, -79.5033, 111.0000,  255, 0, 255
L -70.4966, -79.5031, 111.0000,  -70.4960, -30.6873, 111.0000,  255, 0, 255
L -70.4965, 19.9845, 111.0000,  -70.4968, 69.5033, 111.0000,  255, 0, 255
L -70.4968, 69.5033, 111.0000,  -119.5032, 69.5047, 111.0000,  255, 0, 255
L -119.5032, 69.5047, 111.0000,  -119.5035, 20.0238, 111.0000,  255, 0, 255
L -119.5173, -30.6678, -0.1444,  -70.4960, -30.6873, -0.1444,  255, 0, 255
L -119.5005, 20.0238, -0.1444,  -70.4965, 19.9845, -0.1443,  255, 0, 255
L -119.5040, -30.6678, -0.1443,  -119.5037, -79.5038, -0.1444,  255, 0, 255
L -119.5037, -79.5038, -0.1444,  -70.4966, -79.5033, -0.1444,  255, 0, 255
L -70.4966, -79.5033, -0.1444,  -70.4960, -30.6873, -0.1443,  255, 0, 255
L -70.4965, 19.9845, -0.1443,  -70.4968, 69.5033, -0.1444,  255, 0, 255
L -70.4968, 69.5033, -0.1444,  -119.5032, 69.5047, -0.1444,  255, 0, 255
L -119.5032, 69.5047, -0.1444,  -119.5035, 20.0238, -0.1443,  255, 0, 255
L -70.4968, -30.6873, -0.1444,  -70.5686, -24.5659, -0.1442,  0, 0, 0
L -119.5173, -30.6678, -0.1443,  -119.4485, -24.5851, -0.1443,  0, 0, 0
L -70.4968, 19.9845, -0.1443,  -70.4966, 14.3011, -0.1443,  0, 0, 0
L -119.5005, 20.0238, -0.1443,  -119.5039, 14.3010, -0.1443,  0, 0, 0
L 492.0927, -223.0199, 109.8557,  494.2379, -210.0196, 109.8557,  127, 64, 0
L 494.2379, -210.0196, 109.8557,  499.0393, -203.3154, 109.8557,  127, 64, 0
L 499.0393, -203.3154, 109.8557,  499.0387, -175.1590, 109.8557,  127, 64, 0
L 499.0387, -175.1590, 109.8557,  494.5247, -166.0188, 109.8557,  127, 64, 0
L 494.5247, -166.0188, 109.8557,  490.9407, -143.9015, 109.8557,  127, 64, 0
L 490.9407, -143.9015, 109.8557,  496.2477, -124.9117, 109.8557,  127, 64, 0
L 496.2477, -124.9117, 109.8557,  505.3475, -117.6493, 109.8557,  127, 64, 0
L 505.3475, -117.6493, 109.8557,  505.3461, -80.1990, 109.8557,  127, 64, 0
L 505.3461, -80.1990, 109.8557,  496.1904, -70.9373, 109.8557,  127, 64, 0
L 496.1904, -70.9373, 109.8557,  491.2191, -50.0673, 109.8557,  127, 64, 0
L 491.2191, -50.0673, 109.8557,  503.8551, -32.5056, 109.8557,  127, 64, 0
L 503.8551, -32.5056, 109.8557,  519.4476, -24.5992, 109.8557,  127, 64, 0
L 519.4476, -24.5992, 109.8557,  519.4473, 14.8110, 109.8557,  127, 64, 0
L 519.4473, 14.8110, 109.8557,  504.1553, 21.9910, 109.8557,  127, 64, 0
L 504.1553, 21.9910, 109.8557,  491.2121, 40.1953, 109.8557,  127, 64, 0
L 491.2121, 40.1953, 109.8557,  496.5137, 60.4889, 109.8557,  127, 64, 0
L 496.5137, 60.4889, 109.8557,  505.3478, 70.0381, 109.8557,  127, 64, 0
L 505.3478, 70.0381, 109.8557,  505.3467, 107.0094, 109.8557,  127, 64, 0
L 505.3467, 107.0094, 109.8557,  496.2490, 114.3280, 109.8557,  127, 64, 0
L 496.2490, 114.3280, 109.8557,  491.2563, 133.7732, 109.8557,  127, 64, 0
L 491.2563, 133.7732, 109.8557,  494.6107, 154.9705, 109.8557,  127, 64, 0
L 494.6107, 154.9705, 109.8557,  499.0391, 164.6792, 109.8557,  127, 64, 0
L 499.0391, 164.6792, 109.8557,  499.0382, 193.8063, 109.8557,  127, 64, 0
L 499.0382, 193.8063, 109.8557,  493.9429, 199.9254, 109.8557,  127, 64, 0
L 493.9429, 199.9254, 109.8557,  491.8885, 215.6473, 109.8557,  127, 64, 0
L 1092.9181, -273.4943, -70.1801,  1086.1642, -271.8768, -67.5482,  63, 63, 63
L -104.1415, 1.3495, 111.4056,  -104.1415, 1.3495, 111.4056,  0, 0, 0
L -435.3201, 9.5034, 109.8551,  -435.3207, -19.5036, 109.8556,  127, 64, 0
L -435.3204, -19.5035, 109.8556,  -364.3011, -19.5040, 109.8557,  127, 64, 0
L -364.3038, -24.2994, 109.8557,  -364.2989, -15.6984, 109.8557,  127, 64, 0
L -364.2989, -15.6984, 109.8557,  -355.6992, -15.6985, 109.8557,  127, 64, 0
L -355.6992, -15.6985, 109.8557,  -355.6977, -24.3014, 109.8557,  127, 64, 0
L -355.6977, -24.3014, 109.8557,  -364.3038, -24.2994, 109.8557,  127, 64, 0
L -359.5035, -24.3005, 109.8557,  -359.5038, -40.4973, 109.8557,  127, 64, 0
L -359.5038, -40.4973, 109.8557,  -370.4976, -40.4970, 109.8557,  127, 64, 0
L -370.4976, -40.4970, 109.8557,  -370.4958, -30.4967, 109.8557,  127, 64, 0
L -370.4958, -30.4967, 109.8557,  -439.4985, -30.4960, 109.8557,  127, 64, 0
L -439.4985, -30.4960, 109.8557,  -439.5412, -129.5039, 109.8556,  127, 64, 0
L -439.5412, -129.5039, 109.8556,  -370.4964, -129.5037, 109.8556,  127, 64, 0
L -370.4964, -129.5037, 109.8556,  -370.4973, -79.5019, 109.8556,  127, 64, 0
L -359.5024, -79.5032, 109.8556,  -370.4973, -79.5019, 109.8556,  127, 64, 0
L -359.5024, -79.5032, 109.8556,  -359.5006, -140.4968, 109.8556,  127, 64, 0
L -359.5006, -140.4968, 109.8556,  -449.5035, -140.4963, 109.8556,  127, 64, 0
L -449.5035, -140.4963, 109.8556,  -449.5021, -210.2485, 109.8556,  127, 64, 0
L -449.5021, -210.2485, 109.8556,  -488.5136, -239.5046, 109.8556,  127, 64, 0
L -488.5136, -239.5046, 109.8556,  -310.4966, -239.5033, 109.8556,  127, 64, 0
L -310.4966, -239.5033, 109.8556,  -310.4958, -24.3013, 109.8556,  127, 64, 0
L -305.7000, -24.3035, 109.8556,  -314.3006, -24.2995, 109.8556,  127, 64, 0
L -314.3006, -24.2995, 109.8556,  -314.3018, -15.7018, 109.8556,  127, 64, 0
L -314.3018, -15.7018, 109.8556,  -305.6984, -15.6975, 109.8556,  127, 64, 0
L -305.6984, -15.6975, 109.8556,  -305.7000, -24.3035, 109.8556,  127, 64, 0
L -305.6991, -19.5037, 109.8556,  -204.3013, -19.5032, 109.8556,  127, 64, 0
L -204.3013, -24.2980, 109.8556,  -204.3013, -15.6973, 109.8556,  127, 64, 0
L -204.3013, -15.6973, 109.8556,  -195.7019, -15.6987, 109.8556,  127, 64, 0
L -195.7019, -15.6987, 109.8556,  -195.6972, -24.3027, 109.8556,  127, 64, 0
L -195.6972, -24.3027, 109.8556,  -204.3013, -24.2980, 109.8556,  127, 64, 0
L -199.5035, -24.3006, 109.8556,  -199.5024, -40.4974, 109.8557,  127, 64, 0
L -199.5024, -40.4974, 109.8557,  -210.1052, -40.4843, 109.8577,  127, 64, 0
L -299.5030, -139.4949, 113.4348,  -299.5029, -30.5047, 113.4606,  127, 64, 0
L -210.4921, -139.5123, 114.5365,  -299.5030, -139.4949, 114.3548,  127, 64, 0
L -210.4921, -139.5123, 114.2149,  -210.5007, -79.5137, 113.9394,  127, 64, 0
L -299.5029, -30.5047, 113.6428,  -210.1264, -30.4916, 113.6534,  127, 64, 0
L -210.1052, -40.4843, 110.9283,  -210.1264, -30.4916, 111.5510,  127, 64, 0
L -210.5007, -79.5137, 109.8556,  -199.5031, -79.5015, 109.8556,  127, 64, 0
L -199.5031, -79.5015, 109.8557,  -199.5019, -160.4968, 109.8556,  127, 64, 0
L -199.5019, -160.4968, 109.8556,  -210.4968, -160.4967, 109.8556,  127, 64, 0
L -210.4968, -160.4967, 109.8556,  -210.4965, -150.4964, 109.8556,  127, 64, 0
L -210.4965, -150.4964, 109.8556,  -299.5033, -150.4966, 109.8556,  127, 64, 0
L -299.5033, -150.4966, 109.8556,  -299.5043, -239.5034, 109.8556,  127, 64, 0
L -299.5043, -239.5034, 109.8556,  -150.4967, -239.5032, 109.8556,  127, 64, 0
L -150.4967, -239.5032, 109.8556,  -150.4959, -220.4967, 109.8556,  127, 64, 0
L -150.4959, -220.4967, 109.8556,  -180.4970, -220.4953, 109.8556,  127, 64, 0
L -180.4970, -220.4953, 109.8556,  -180.4964, -209.5032, 109.8556,  127, 64, 0
L -180.4964, -209.5032, 109.8556,  -139.5168, -209.5033, 109.8556,  127, 64, 0
L -139.5168, -209.5033, 109.8564,  -139.4805, -239.4942, 109.8557,  127, 64, 0
L -70.4971, -239.5037, 109.8557,  -139.4805, -239.4942, 109.8557,  127, 64, 0
L -70.4971, -239.5037, 109.8557,  -70.4961, -170.4964, 109.8557,  127, 64, 0
L -70.4961, -170.4964, 109.8557,  -139.5035, -170.4959, 109.8557,  127, 64, 0
L -139.5035, -170.4959, 109.8557,  -139.5035, -180.4939, 109.8557,  127, 64, 0
L -139.5035, -180.4939, 109.8557,  -150.4966, -180.5002, 109.8557,  127, 64, 0
L -150.4966, -180.5002, 109.8557,  -150.4982, -149.5027, 109.8557,  127, 64, 0
L -150.4982, -149.5027, 109.8557,  -139.5035, -149.5030, 109.8557,  127, 64, 0
L -139.5035, -149.5030, 109.8557,  -139.5013, -159.5037, 109.8557,  127, 64, 0
L -139.5013, -159.5037, 109.8557,  -70.4966, -159.5044, 109.8557,  127, 64, 0
L -70.4966, -159.5044, 109.8557,  -70.4960, -90.4966, 109.8557,  127, 64, 0
L -70.4960, -90.4966, 109.8557,  -150.4966, -90.4995, 109.8557,  127, 64, 0
L -150.4966, -90.4995, 109.8557,  -150.4963, -24.3008, 109.8557,  127, 64, 0
L -145.7010, -24.3004, 109.8557,  -154.3033, -24.3011, 109.8557,  127, 64, 0
L -154.3010, -15.7016, 109.8557,  -154.3033, -24.3011, 109.8557,  127, 64, 0
L -154.3010, -15.7016, 109.8557,  -145.6970, -15.6973, 109.8557,  127, 64, 0
L -145.6970, -15.6973, 109.8557,  -145.7010, -24.3004, 109.8557,  127, 64, 0
L -145.6988, -19.5034, 109.8557,  -119.5051, -19.4975, 109.8557,  127, 64, 0
L -59.4943, -79.4991, 109.8557,  -59.5035, -259.5033, 109.8556,  127, 64, 0
L -59.5035, -259.5033, 109.8556,  450.9856, -259.5031, 109.8577,  127, 64, 0
L 450.9856, -259.5031, 109.8577,  455.9091, -243.4593, 109.8557,  127, 64, 0
L 455.9091, -243.4593, 109.8557,  470.4671, -229.6637, 109.8557,  127, 64, 0
L 470.4671, -229.6637, 109.8557,  492.0927, -223.0199, 109.8569,  127, 64, 0
L -59.4921, 69.5034, 109.8556,  -59.5040, 249.5035, 109.8556,  127, 64, 0
L 454.9877, 234.9307, 109.8557,  468.9232, 221.9083, 109.8560,  127, 64, 0
L 468.9232, 221.9083, 109.8560,  488.8864, 215.6205, 109.8565,  127, 64, 0
L 488.8864, 215.6205, 109.8565,  491.8885, 215.6473, 109.8557,  127, 64, 0
L 454.5441, 235.8299, 109.8561,  450.3438, 249.5035, 109.8573,  127, 64, 0
L 450.3438, 249.5035, 109.8573,  -59.5036, 249.5033, 109.8556,  127, 64, 0
L -119.5083, 9.4993, 109.8556,  -175.6990, 9.5035, 109.8556,  127, 64, 0
L -175.6997, 14.2991, 109.8556,  -175.6984, 5.6980, 109.8556,  127, 64, 0
L -184.2988, 5.6987, 109.8556,  -175.6984, 5.6980, 109.8556,  127, 64, 0
L -184.2988, 5.6987, 109.8556,  -184.3032, 14.3024, 109.8556,  127, 64, 0
L -184.3032, 14.3024, 109.8556,  -175.6997, 14.2991, 109.8556,  127, 64, 0
L -180.4963, 14.3009, 109.8556,  -180.4975, 20.4970, 109.8556,  127, 64, 0
L -180.4975, 20.4970, 109.8556,  -130.4965, 20.4960, 109.8556,  127, 64, 0
L -130.4965, 20.4960, 109.8556,  -130.4966, 69.5035, 109.8556,  127, 64, 0
L -130.4966, 69.5035, 109.8556,  -299.5034, 69.5033, 109.8556,  127, 64, 0
L -299.5034, 69.5033, 109.8556,  -299.5036, 20.4968, 109.8556,  127, 64, 0
L -299.5036, 20.4968, 109.8556,  -209.5030, 20.5007, 109.8556,  127, 64, 0
L -209.5030, 20.5007, 109.8556,  -209.5036, 14.3009, 109.8556,  127, 64, 0
L -214.3068, 14.2999, 109.8556,  -205.6988, 14.3017, 109.8556,  127, 64, 0
L -205.6988, 14.3017, 109.8556,  -205.6979, 5.7009, 109.8556,  127, 64, 0
L -205.6979, 5.7009, 109.8556,  -214.2966, 5.6975, 109.8556,  127, 64, 0
L -214.2966, 5.6975, 109.8556,  -214.3068, 14.2999, 109.8556,  127, 64, 0
L -214.3011, 9.5038, 109.8556,  -305.6986, 9.5032, 109.8556,  127, 64, 0
L -305.6972, 14.2991, 109.8556,  -305.6996, 5.6986, 109.8556,  127, 64, 0
L -305.6996, 5.6986, 109.8556,  -314.3021, 5.6983, 109.8556,  127, 64, 0
L -314.3021, 5.6983, 109.8556,  -314.3014, 14.3022, 109.8556,  127, 64, 0
L -314.3014, 14.3022, 109.8556,  -305.6972, 14.2991, 109.8556,  127, 64, 0
L -310.4962, 14.3009, 109.8556,  -310.4956, 80.4967, 109.8556,  127, 64, 0
L -310.4956, 80.4967, 109.8556,  -70.4963, 80.4964, 109.8556,  127, 64, 0
L -70.4963, 80.4964, 109.8556,  -70.4967, 239.5034, 109.8556,  127, 64, 0
L -70.4967, 239.5034, 109.8556,  -199.5034, 239.5033, 109.8556,  127, 64, 0
L -199.5034, 239.5033, 109.8556,  -199.4975, 109.5027, 109.8556,  127, 64, 0
L -199.4975, 109.5027, 109.8556,  -330.4958, 109.5031, 109.8556,  127, 64, 0
L -330.4958, 109.5031, 109.8556,  -330.4993, 120.4967, 109.8556,  127, 64, 0
L -330.4993, 120.4967, 109.8556,  -210.4964, 120.4967, 109.8556,  127, 64, 0
L -210.4964, 120.4967, 109.8556,  -210.4960, 239.5036, 109.8555,  127, 64, 0
L -210.4960, 239.5036, 109.8555,  -478.8026, 239.5040, 109.8556,  127, 64, 0
L -478.8026, 239.5040, 109.8556,  -449.4966, 210.2018, 109.8556,  127, 64, 0
L -449.4966, 210.2018, 109.8556,  -449.5037, 160.4961, 109.8554,  127, 64, 0
L -449.5037, 160.4961, 109.8554,  -359.5028, 160.4994, 109.8556,  127, 64, 0
L -359.5028, 160.4994, 109.8556,  -359.5008, 79.5017, 109.8556,  127, 64, 0
L -359.5008, 79.5017, 109.8556,  -370.4947, 79.5008, 109.8556,  127, 64, 0
L -370.4947, 79.5008, 109.8556,  -370.4962, 149.5035, 109.8556,  127, 64, 0
L -370.4962, 149.5035, 109.8556,  -449.5034, 149.5040, 109.8556,  127, 64, 0
L -449.5034, 149.5040, 109.8556,  -449.5037, 20.4963, 109.8555,  127, 64, 0
L -449.5037, 20.4963, 109.8555,  -370.4962, 20.4963, 109.8556,  127, 64, 0
L -370.4962, 20.4963, 109.8556,  -370.4995, 50.4970, 109.8556,  127, 64, 0
L -370.4995, 50.4970, 109.8556,  -359.5027, 50.4965, 109.8556,  127, 64, 0
L -359.5027, 50.4965, 109.8556,  -359.5034, 14.3011, 109.8556,  127, 64, 0
L -364.3020, 14.3039, 109.8556,  -355.7016, 14.2989, 109.8556,  127, 64, 0
L -355.7016, 14.2989, 109.8556,  -355.6963, 5.6996, 109.8556,  127, 64, 0
L -355.6963, 5.6996, 109.8556,  -364.3000, 5.6979, 109.8556,  127, 64, 0
L -364.3000, 5.6979, 109.8556,  -364.3020, 14.3039, 109.8556,  127, 64, 0
L -364.3009, 9.5038, 109.8556,  -435.3206, 9.5040, 109.8556,  127, 64, 0
L -388.5300, -19.5037, -0.1443,  -388.5288, 9.5034, -0.1443,  255, 0, 255
L 1599.0181, -22.0020, -182.4328,  1599.0181, -27.0034, -182.4316,  0, 0, 0
L 1599.0181, -27.0034, -182.4316,  1589.5973, -27.0019, -182.4330,  0, 0, 0
L 1589.5973, -27.0019, -182.4330,  1580.6626, -23.6481, -182.4330,  0, 0, 0
L 1599.0181, -22.0020, -182.4328,  1601.5658, -22.0031, -182.4317,  0, 0, 0
L 1601.5658, -22.0031, -182.4317,  1601.5658, 7.0035, -182.4313,  255, 0, 255
L 1601.5658, 7.0035, -182.4313,  1599.0154, 7.0030, -182.4328,  0, 0, 0
L 1599.0154, 7.0030, -182.4328,  1599.0181, 12.0037, -182.4313,  0, 0, 0
L 1599.0181, 12.0037, -182.4313,  1589.6133, 12.0044, -182.4328,  0, 0, 0
L 1589.6133, 12.0044, -182.4328,  1580.6653, 8.6480, -182.4328,  0, 0, 0
L 1580.6626, -23.6481, -182.4330,  1584.0182, -32.5872, -182.4330,  0, 0, 0
L 1584.0182, -32.5872, -182.4330,  1584.0188, -42.4789, -180.5873,  0, 0, 0
L 1584.0188, -42.4789, -180.5873,  1580.3174, -46.3681, -177.8534,  0, 0, 0
L 1580.3174, -46.3681, -177.8534,  1578.7096, -63.9311, -168.6545,  0, 0, 0
L 1578.7096, -63.9311, -168.6545,  1564.2909, -71.1282, -169.2801,  0, 0, 0
L 1564.2909, -71.1282, -169.2801,  1562.0219, -71.3063, -163.7596,  0, 0, 0
L 1562.0219, -71.3063, -163.7596,  1560.4629, -76.4219, -159.6104,  0, 0, 0
L 1560.4629, -76.4219, -159.6104,  1555.3025, -74.4273, -155.7118,  0, 0, 0
L 1555.3025, -74.4273, -155.7118,  1539.5105, -83.2138, -140.2569,  0, 0, 0
L 1539.5105, -83.2138, -140.2569,  1542.1808, -107.1673, -154.8441,  0, 0, 0
L 1542.1808, -107.1673, -154.8441,  1541.5381, -109.9736, -152.6262,  0, 0, 0
L 1541.5381, -109.9736, -152.6262,  1531.9733, -101.6525, -140.8008,  0, 0, 0
L 1531.9733, -101.6525, -140.8008,  1524.3029, -103.8008, -139.0752,  0, 0, 0
L 1524.3029, -103.8008, -139.0752,  1522.2970, -95.4667, -133.6039,  0, 0, 0
L 1522.2970, -95.4667, -133.6039,  1521.1598, -95.2628, -133.4999,  0, 0, 0
L 1521.1598, -95.2628, -133.4999,  1503.1211, -86.5604, -133.1475,  0, 0, 0
L 1503.1211, -86.5604, -133.1475,  1479.6730, -92.1885, -145.3205,  0, 0, 0
L 1479.6730, -92.1885, -145.3205,  1478.2577, -98.6652, -146.8184,  0, 0, 0
L 1478.2577, -98.6652, -146.8184,  1471.8196, -95.7154, -147.3896,  0, 0, 0
L 1471.8196, -95.7154, -147.3896,  1452.4368, -109.3227, -143.8791,  0, 0, 0
L 1452.4368, -109.3227, -143.8791,  1449.1576, -122.5048, -136.3746,  0, 0, 0
L 1449.1576, -122.5048, -136.3746,  1453.1167, -131.2794, -132.1814,  0, 0, 0
L 1453.1167, -131.2794, -132.1814,  1447.4933, -128.9188, -134.0030,  0, 0, 0
L 1447.4933, -128.9188, -134.0030,  1429.4396, -133.7670, -131.7723,  0, 0, 0
L 1429.4396, -133.7670, -131.7723,  1427.6283, -138.8952, -130.1277,  0, 0, 0
L 1427.6283, -138.8952, -130.1277,  1422.2090, -136.7295, -127.1514,  0, 0, 0
L 1422.2090, -136.7295, -127.1514,  1407.6309, -148.0972, -130.8001,  0, 0, 0
L 1407.6309, -148.0972, -130.8001,  1407.3234, -150.5960, -132.3515,  0, 0, 0
L 1407.3234, -150.5960, -132.3515,  1401.8904, -146.2886, -127.9633,  0, 0, 0
L 1401.8904, -146.2886, -127.9633,  1395.4253, -148.3526, -126.9600,  0, 0, 0
L 1395.4253, -148.3526, -126.9600,  1393.5719, -141.7990, -122.6539,  0, 0, 0
L 1393.5719, -141.7990, -122.6539,  1370.4225, -134.0748, -114.3510,  0, 0, 0
L 1370.4225, -134.0748, -114.3510,  1347.0464, -143.0061, -112.1521,  0, 0, 0
L 1347.0464, -143.0061, -112.1521,  1346.2311, -150.0778, -111.0251,  0, 0, 0
L 1346.2311, -150.0778, -111.0251,  1339.4480, -147.0750, -112.9518,  0, 0, 0
L 1339.4480, -147.0750, -112.9518,  1320.5038, -163.5129, -108.9048,  0, 0, 0
L 1320.5038, -163.5129, -108.9048,  1317.7610, -181.4010, -107.9984,  0, 0, 0
L 1317.7610, -181.4010, -107.9984,  1304.7145, -180.7049, -104.1871,  0, 0, 0
L 1304.7145, -180.7049, -104.1871,  1289.2156, -192.0504, -100.2321,  0, 0, 0
L 1289.2156, -192.0504, -100.2321,  1290.4209, -197.1391, -104.2700,  0, 0, 0
L 1290.4209, -197.1391, -104.2700,  1284.6410, -197.1080, -101.4460,  0, 0, 0
L 1284.6410, -197.1080, -101.4460,  1275.5365, -211.5303, -102.4541,  0, 0, 0
L 1275.5365, -211.5303, -102.4541,  1274.9336, -208.2501, -100.0055,  0, 0, 0
L 1274.9336, -208.2501, -100.0055,  1251.7006, -197.3693, -101.0521,  0, 0, 0
L 1251.7006, -197.3693, -101.0521,  1226.5459, -204.9212, -91.3575,  0, 0, 0
L 1226.5459, -204.9212, -91.3575,  1224.7793, -212.1378, -89.9672,  0, 0, 0
L 1224.7793, -212.1378, -89.9672,  1217.1548, -208.7071, -90.1606,  0, 0, 0
L 1217.1548, -208.7071, -90.1606,  1197.4668, -223.1418, -87.7969,  0, 0, 0
L 1197.4668, -223.1418, -87.7969,  1192.0066, -242.7590, -88.2236,  0, 0, 0
L 1192.0066, -242.7590, -88.2236,  1191.4618, -242.2163, -87.5802,  0, 0, 0
L 1191.4618, -242.2163, -87.5802,  1171.2111, -243.9751, -84.6033,  0, 0, 0
L 1171.2111, -243.9751, -84.6033,  1169.4191, -248.3444, -87.5475,  0, 0, 0
L 1169.4191, -248.3444, -87.5475,  1165.0569, -245.0671, -79.5848,  0, 0, 0
L 1165.0569, -245.0671, -79.5848,  1147.9778, -253.3159, -81.0874,  0, 0, 0
L 1147.9778, -253.3159, -81.0874,  1142.5309, -267.1489, -86.8902,  0, 0, 0
L 1142.5309, -267.1489, -86.8902,  1140.2804, -261.7412, -80.4258,  0, 0, 0
L 1140.2804, -261.7412, -80.4258,  1114.9352, -255.1916, -78.4221,  0, 0, 0
L 1114.9352, -255.1916, -78.4221,  1093.8013, -266.0510, -71.0396,  0, 0, 0
L 1093.8013, -266.0510, -71.0396,  1092.9135, -273.5253, -70.2159,  0, 0, 0
L 1086.1642, -271.8768, -67.7426,  1068.6420, -288.8085, -69.8155,  0, 0, 0
L 1068.6420, -288.8085, -69.8155,  1067.6626, -294.5827, -72.6730,  0, 0, 0
L 1067.6626, -294.5827, -72.6730,  1065.3135, -297.5420, -73.3001,  0, 0, 0
L 1065.3135, -297.5420, -73.3001,  1061.7941, -293.8134, -71.4733,  0, 0, 0
L 1061.7941, -293.8134, -71.4733,  1044.0320, -297.2640, -70.0348,  0, 0, 0
L 1044.0320, -297.2640, -70.0348,  1031.8655, -312.9716, -74.5248,  0, 0, 0
L 1031.8655, -312.9716, -74.5248,  1032.8700, -318.9629, -83.0890,  0, 0, 0
L 1032.8700, -318.9629, -83.0890,  1027.8976, -320.9800, -82.0805,  0, 0, 0
L 1027.8976, -320.9800, -82.0805,  1026.8722, -317.6966, -75.0619,  0, 0, 0
L 1026.8722, -317.6966, -75.0619,  1004.8069, -307.3000, -60.6252,  0, 0, 0
L 1004.8069, -307.3000, -60.6252,  979.9913, -311.1594, -64.8195,  0, 0, 0
L 979.9913, -311.1594, -64.8195,  976.5748, -317.5684, -68.7603,  0, 0, 0
L 976.5748, -317.5684, -68.7603,  969.9133, -313.7226, -70.0798,  0, 0, 0
L 969.9133, -313.7226, -70.0798,  948.3918, -327.0635, -65.6431,  0, 0, 0
L 948.3918, -327.0635, -65.6431,  940.0795, -350.6903, -60.7396,  0, 0, 0
L 940.0795, -350.6903, -60.7396,  943.2415, -356.0930, -63.7870,  0, 0, 0
L 943.2415, -356.0930, -63.7870,  938.6866, -353.9904, -62.1166,  0, 0, 0
L 938.6866, -353.9904, -62.1166,  921.7092, -357.1050, -62.9630,  0, 0, 0
L 921.7092, -357.1050, -62.9630,  919.5634, -362.2574, -64.3452,  0, 0, 0
L 919.5634, -362.2574, -64.3452,  915.5176, -359.7834, -62.8958,  0, 0, 0
L 915.5176, -359.7834, -62.8958,  899.1143, -367.9843, -59.6454,  0, 0, 0
L 899.1143, -367.9843, -59.6454,  897.8827, -370.6313, -60.1176,  0, 0, 0
L 897.8827, -370.6313, -60.1176,  879.7507, -364.3066, -56.0254,  0, 0, 0
L 879.7507, -364.3066, -56.0254,  873.3429, -367.3911, -58.0077,  0, 0, 0
L 873.3429, -367.3911, -58.0077,  869.0781, -361.6168, -56.1616,  0, 0, 0
L 869.0781, -361.6168, -56.1616,  843.1248, -363.3658, -58.2646,  0, 0, 0
L 843.1248, -363.3658, -58.2646,  824.0674, -378.2781, -65.6349,  0, 0, 0
L 824.0674, -378.2781, -65.6349,  824.5703, -385.4798, -64.4129,  0, 0, 0
L 824.5703, -385.4798, -64.4129,  822.3581, -385.7424, -63.1356,  0, 0, 0
L 822.3581, -385.7424, -63.1356,  812.4778, -380.3951, -62.7689,  0, 0, 0
L 812.4778, -380.3951, -62.7689,  796.2280, -381.5453, -56.2013,  0, 0, 0
L 796.2280, -381.5453, -56.2013,  794.0768, -385.6214, -52.2708,  0, 0, 0
L 794.0768, -385.6214, -52.2708,  790.2690, -382.3517, -53.5714,  0, 0, 0
L 790.2690, -382.3517, -53.5714,  776.9818, -389.4222, -53.6758,  0, 0, 0
L 776.9818, -389.4222, -53.6758,  762.3492, -374.9239, -47.7832,  0, 0, 0
L 762.3492, -374.9239, -47.7832,  754.0638, -376.4646, -44.9302,  0, 0, 0
L 754.0638, -376.4646, -44.9302,  752.9595, -368.5302, -45.9909,  0, 0, 0
L 752.9595, -368.5302, -45.9909,  726.9648, -356.9480, -39.6775,  0, 0, 0
L 726.9648, -356.9480, -39.6775,  699.1807, -364.2794, -41.0102,  0, 0, 0
L 699.1807, -364.2794, -41.0102,  696.7755, -371.7840, -41.9832,  0, 0, 0
L 696.7755, -371.7840, -41.9832,  688.8157, -368.6759, -42.4098,  0, 0, 0
L 688.8157, -368.6759, -42.4098,  678.7260, -375.5722, -48.1635,  0, 0, 0
L 678.7260, -375.5722, -48.1635,  676.2623, -371.8320, -49.1284,  0, 0, 0
L 676.2623, -371.8320, -49.1284,  663.8169, -370.0810, -39.8911,  0, 0, 0
L 663.8169, -370.0810, -39.8911,  656.3639, -342.6707, -40.5511,  0, 0, 0
L 656.3639, -342.6707, -40.5511,  648.6613, -340.1699, -34.1291,  0, 0, 0
L 648.6613, -340.1699, -34.1291,  650.7735, -331.5945, -42.0600,  0, 0, 0
L 650.7735, -331.5945, -42.0600,  632.2493, -310.0526, -41.4273,  0, 0, 0
L 632.2493, -310.0526, -41.4273,  603.6821, -304.4928, -24.9059,  0, 0, 0
L 603.6821, -304.4928, -24.9059,  598.8455, -310.2688, -20.2327,  0, 0, 0
L 598.8455, -310.2688, -20.2327,  592.3707, -302.6724, -26.2983,  0, 0, 0
L 592.3707, -302.6724, -26.2983,  591.0771, -303.4205, -25.8164,  0, 0, 0
L 591.0771, -303.4205, -25.8164,  576.8273, -289.7615, -24.6063,  0, 0, 0
L 576.8273, -289.7615, -24.6063,  570.9520, -291.0090, -25.6734,  0, 0, 0
L 570.9520, -291.0090, -25.6734,  569.9127, -285.6486, -24.4560,  0, 0, 0
L 569.9127, -285.6486, -24.4560,  557.5120, -279.9296, -25.9398,  0, 0, 0
L 557.5120, -279.9296, -25.9398,  561.6066, -268.7819, -27.8861,  0, 0, 0
L 561.6066, -268.7819, -27.8861,  552.9933, -241.5132, -28.2820,  0, 0, 0
L 552.9933, -241.5132, -28.2820,  544.9133, -238.9795, -23.1140,  0, 0, 0
L 544.9133, -238.9795, -23.1140,  546.8241, -231.2277, -26.5333,  0, 0, 0
L 546.8241, -231.2277, -26.5333,  528.2661, -210.3936, -30.0158,  0, 0, 0
L 528.2661, -210.3936, -30.0158,  517.8160, -207.8047, -30.3139,  0, 0, 0
L 517.8160, -207.8047, -30.3139,  530.1064, -188.8792, -37.7624,  63, 63, 63
L 521.3502, -188.8792, -37.7624,  542.3475, -188.8791, -41.0297,  0, 0, 0
L 542.3475, -188.8791, -40.7947,  542.3473, -167.8862, -39.0191,  0, 0, 0
L 542.3473, -167.8862, -39.0210,  521.3563, -167.8874, -40.3700,  0, 0, 0
L 531.3281, -167.8868, -40.3700,  531.3276, -109.8791, -36.4941,  63, 63, 63
L 524.7344, -109.8793, -36.4941,  545.7286, -109.8788, -34.8501,  0, 0, 0
L 545.7286, -109.8788, -34.5756,  545.7281, -88.8856, -34.2109,  0, 0, 0
L 545.7283, -95.4966, -34.2109,  570.1017, -95.4282, -32.9449,  63, 63, 63
L 570.1017, -95.4282, -32.9449,  662.3143, -59.8411, -34.5461,  127, 127, 127
L 662.3143, -59.8411, -34.7978,  662.3140, 49.8420, -35.2523,  127, 127, 127
L 662.3140, 49.8420, -35.0002,  569.9041, 85.4979, -33.1945,  127, 127, 127
L 569.9041, 85.4979, -33.5775,  545.7287, 85.4964, -34.0847,  63, 63, 63
L 545.7281, 78.8849, -34.0847,  545.7298, 99.8803, -34.1876,  0, 0, 0
L 545.7298, 99.8803, -34.3132,  524.7311, 99.8778, -35.9894,  0, 0, 0
L 531.3282, 99.8786, -35.9894,  531.3278, 157.8865, -35.5029,  63, 63, 63
L 521.3542, 157.8866, -35.5029,  542.3477, 157.8863, -38.7081,  0, 0, 0
L 542.3477, 157.8863, -38.6320,  542.3483, 178.8717, -39.5245,  0, 0, 0
L 542.3483, 178.8717, -40.1630,  521.3516, 178.9196, -41.3676,  0, 0, 0
L 545.7281, 78.8849, -0.1443,  524.7311, 78.8833, -0.1443,  0, 0, 0
L 524.7311, 78.8833, -0.1443,  524.7311, 99.8778, -0.1443,  0, 0, 0
L 521.3542, 157.8866, -0.1443,  521.3516, 178.9196, -0.1443,  0, 0, 0
L 515.5273, 201.3227, -0.1443,  500.4954, 198.7278, -0.1433,  0, 0, 0
L 500.4954, 198.7278, -0.1433,  500.4973, 9.5079, -0.1718,  0, 0, 0
L 500.4975, -19.5011, -0.1718,  500.4965, -206.3939, -0.1425,  0, 0, 0
L 500.4965, -206.3939, -0.1425,  515.8574, -209.0486, -0.1432,  0, 0, 0
L 515.8574, -209.0486, -0.1432,  517.8147, -207.8049, -30.3136,  0, 0, 0
L 545.7281, -88.8856, -0.1443,  524.7358, -88.8854, -0.1443,  0, 0, 0
L 524.7358, -88.8854, -0.1443,  524.7344, -109.8793, -0.1443,  0, 0, 0
L 521.3563, -167.8874, -0.1443,  521.3502, -188.8792, -0.1443,  0, 0, 0
L 500.4975, -19.5011, -0.1713,  314.3008, -19.5210, -0.1536,  0, 0, 0
L 500.4973, 9.5079, -0.1713,  314.3010, 9.3541, -0.1443,  0, 0, 0
L 314.3004, 14.3009, -0.1443,  314.3015, 5.6985, -0.1443,  0, 0, 0
L 314.2996, -15.7030, -0.1443,  314.3022, -24.3044, -0.1443,  0, 0, 0
L 314.2996, -15.7030, -0.1443,  305.6971, -15.6761, 2.1872,  0, 0, 0
L 314.3015, 5.6985, -0.1443,  305.7013, 5.6986, -0.1443,  0, 0, 0
L 305.7013, 5.6986, -0.1443,  305.6975, 14.3022, -0.1443,  0, 0, 0
L 305.6975, 14.3022, -0.1443,  314.3004, 14.3009, -0.1443,  0, 0, 0
L 309.5037, 14.3011, -0.1443,  309.5030, 100.4959, -0.1443,  0, 0, 0
L 309.5030, 100.4959, -0.1443,  340.4943, 100.5000, -0.1443,  0, 0, 0
L 340.4943, 100.5000, -0.1443,  340.4986, 89.5002, -0.1443,  0, 0, 0
L 340.4986, 89.5002, -0.1443,  320.4964, 89.5039, -0.1443,  0, 0, 0
L 320.4964, 89.5039, -0.1443,  320.4964, 20.4966, -0.1443,  0, 0, 0
L 320.4964, 20.4966, -0.1443,  479.5036, 20.4965, -0.1443,  0, 0, 0
L 479.5036, 20.4965, -0.1443,  479.5035, 129.5036, -0.1443,  0, 0, 0
L 479.5035, 129.5036, -0.1443,  390.4966, 129.5038, -0.1443,  0, 0, 0
L 390.4966, 129.5038, -0.1443,  390.4968, 89.5031, -0.1443,  0, 0, 0
L 390.4968, 89.5031, -0.1443,  379.5034, 89.5018, -0.1443,  0, 0, 0
L 379.5034, 89.5018, -0.1443,  379.5005, 140.4969, -0.1443,  0, 0, 0
L 379.5005, 140.4969, -0.1443,  479.5037, 140.4964, -0.1443,  0, 0, 0
L 479.5037, 140.4964, -0.1443,  479.5036, 169.7561, -0.1443,  0, 0, 0
L 479.5036, 169.7561, -0.1443,  389.7795, 239.5035, -0.1443,  0, 0, 0
L 389.7795, 239.5035, -0.1443,  320.4960, 239.5036, -0.1443,  0, 0, 0
L 320.4960, 239.5036, -0.1443,  320.4962, 140.4966, -0.1443,  0, 0, 0
L 340.4971, 140.4974, -0.1443,  340.5017, 129.5040, -0.1443,  0, 0, 0
L 340.4971, 140.4974, -0.1443,  320.4964, 140.4961, -0.1443,  0, 0, 0
L 340.5017, 129.5040, -0.1443,  309.5007, 129.5003, -0.1443,  0, 0, 0
L 309.5007, 129.5003, -0.1443,  309.5035, 239.5037, -0.1443,  0, 0, 0
L 309.5035, 239.5037, -0.1443,  270.4945, 239.5131, -0.1443,  0, 0, 0
L 270.4945, 239.5131, -0.1443,  270.5039, 234.9172, -0.1443,  0, 0, 0
L 270.5039, 234.9172, -0.1443,  261.5343, 234.9067, -0.1443,  0, 0, 0
L 261.5343, 234.9067, -0.1443,  261.5263, 239.5227, -0.1443,  0, 0, 0
L 261.5263, 239.5227, -0.1443,  190.0537, 239.5226, -0.1443,  0, 0, 0
L 190.0537, 239.5226, -0.1443,  190.0572, 234.9033, -0.1443,  0, 0, 0
L 190.0572, 234.9033, -0.1446,  181.0851, 234.9285, -0.1443,  0, 0, 0
L 181.0851, 234.9285, -0.1443,  181.0865, 239.5226, -0.1443,  0, 0, 0
L 181.0865, 239.5226, -0.1443,  130.1217, 239.5081, -0.1443,  0, 0, 0
L 130.1217, 239.5081, -0.1443,  130.1230, 236.6405, -0.1443,  0, 0, 0
L 130.1230, 236.6405, -0.1443,  120.5216, 236.6315, -0.1444,  0, 0, 0
L 120.5216, 236.6315, -0.1444,  120.4974, 223.9129, -0.1443,  0, 0, 0
L 120.4974, 223.9129, -0.1443,  130.0960, 223.9225, -0.1443,  0, 0, 0
L 130.0960, 223.9225, -0.1443,  130.0968, 216.9981, -0.1443,  0, 0, 0
L 130.0968, 216.9981, -0.1443,  120.4962, 216.9884, -0.1444,  0, 0, 0
L 120.4962, 216.9884, -0.1444,  120.4968, 215.3594, -0.1443,  0, 0, 0
L 120.4968, 215.3594, -0.1443,  113.6079, 195.2690, -0.1443,  0, 0, 0
L 113.6079, 195.2690, -0.1443,  113.6149, 184.6877, -0.1443,  0, 0, 0
L 113.6149, 184.6877, -0.1443,  120.4974, 164.8458, -0.1443,  0, 0, 0
L 120.4974, 164.8458, -0.1443,  120.4963, 163.0418, -0.1444,  0, 0, 0
L 120.4963, 163.0418, -0.1444,  130.0975, 163.0501, -0.1443,  0, 0, 0
L 130.0975, 163.0501, 0.1940,  130.0938, 156.1265, -0.1423,  0, 0, 0
L 130.0938, 156.1265, -0.1443,  120.4964, 156.1176, -0.1444,  0, 0, 0
L 120.4964, 156.1176, -0.1444,  120.4962, 143.3708, -0.1445,  0, 0, 0
L 120.4962, 143.3708, -0.1445,  130.0955, 143.3779, -0.1443,  0, 0, 0
L 130.0955, 143.3779, -0.1443,  130.0958, 140.4962, -0.1443,  0, 0, 0
L 130.0958, 140.4962, -0.1443,  181.0869, 140.4964, -0.1443,  0, 0, 0
L 181.0869, 140.4964, -0.1443,  181.0862, 145.1070, -0.1443,  0, 0, 0
L 181.0862, 145.1070, -0.1443,  190.0573, 145.1210, -0.1443,  0, 0, 0
L 190.0573, 145.1210, -0.1443,  190.0537, 140.4965, -0.1443,  0, 0, 0
L 190.0537, 140.4965, -0.1443,  261.5281, 140.4957, 2.2174,  0, 0, 0
L 261.5281, 140.4957, 2.2174,  261.5336, 145.1201, -0.1443,  0, 0, 0
L 261.5336, 145.1201, -0.1443,  270.4948, 145.0983, -0.1443,  0, 0, 0
L 270.4948, 145.0983, -0.1443,  270.4976, 69.4812, -0.1443,  0, 0, 0
L 270.4976, 69.4812, -0.1443,  259.5029, 69.4747, -0.1443,  0, 0, 0
L 259.5029, 69.4747, -0.1443,  259.5036, 129.4804, -0.1443,  0, 0, 0
L 259.5036, 129.4804, -0.1443,  120.4988, 129.4799, -0.1441,  0, 0, 0
L 120.4988, 129.4799, -0.1441,  120.4965, 20.4962, -0.1443,  0, 0, 0
L 120.4965, 20.4962, -0.1443,  259.5036, 20.4727, -0.1445,  0, 0, 0
L 259.4901, 20.4731, -0.1463,  259.5222, 40.4660, -0.1443,  0, 0, 0
L 259.5222, 40.4660, -0.1443,  270.4989, 40.4988, -0.1443,  0, 0, 0
L 270.4989, 40.4988, -0.1443,  270.4976, 14.3016, -0.1443,  0, 0, 0
L 274.3015, 14.3014, -0.1443,  265.6901, 14.3019, -0.1443,  0, 0, 0
L 274.3015, 14.3014, -0.1443,  274.3015, 5.7059, -0.1443,  0, 0, 0
L 274.3015, 5.7059, -0.1443,  265.7012, 5.6954, -0.1443,  0, 0, 0
L 265.7012, 5.6954, -0.1443,  265.6901, 14.3019, -0.1443,  0, 0, 0
L 265.6962, 9.5032, -0.1443,  114.2996, 9.4974, -0.1443,  0, 0, 0
L 114.2945, 14.3009, -0.1443,  114.3036, 5.6982, -0.1443,  0, 0, 0
L 114.3036, 5.6982, -0.1443,  105.6996, 5.6983, -0.1443,  0, 0, 0
L 105.6996, 5.6983, -0.1443,  105.6978, 14.3018, -0.1443,  0, 0, 0
L 114.2945, 14.3009, -0.1443,  105.6978, 14.3018, -0.1443,  0, 0, 0
L 109.5039, 14.3011, -0.1443,  109.5034, 239.5036, -0.1443,  0, 0, 0
L 109.5034, 239.5036, -0.1443,  82.7274, 239.5039, -0.1443,  0, 0, 0
L 82.7274, 239.5039, -0.1443,  -59.5034, 239.5032, -0.1443,  0, 0, 0
L -59.5034, 239.5032, -0.1443,  -59.5036, 170.4960, -0.1443,  0, 0, 0
L -59.5036, 170.4960, -0.1443,  70.4971, 170.4970, -0.1443,  0, 0, 0
L 70.4971, 170.4970, -0.1443,  70.4976, 119.5036, -0.1443,  0, 0, 0
L 70.4976, 119.5036, -0.1443,  59.5017, 119.4981, -0.1443,  0, 0, 0
L 59.5017, 119.4981, -0.1443,  59.5045, 159.5026, -0.1443,  0, 0, 0
L 59.5045, 159.5026, -0.1443,  -59.5038, 159.5036, -0.1443,  0, 0, 0
L -59.5038, 159.5036, -0.1443,  -59.5038, 80.4997, -0.1443,  0, 0, 0
L -59.5038, 80.4997, -0.1443,  59.5051, 80.4966, -0.1443,  0, 0, 0
L 59.5051, 80.4966, -0.1443,  59.5015, 90.4989, -0.1443,  0, 0, 0
L 70.4927, 90.4952, -0.1443,  70.5002, 69.5024, -0.1443,  0, 0, 0
L 70.4927, 90.4952, -0.1443,  59.5015, 90.4989, -0.1443,  0, 0, 0
L 70.5002, 69.5024, -0.1443,  -59.5034, 69.5036, -0.1428,  0, 0, 0
L -59.5034, 69.5036, -0.1428,  -59.5036, 20.4859, -0.1444,  0, 0, 0
L -59.5036, 20.4859, -0.1444,  40.4967, 20.4970, -0.1443,  0, 0, 0
L 40.4967, 20.4970, -0.1443,  40.4966, 14.3027, -0.1443,  0, 0, 0
L 44.2953, 14.3007, -0.1443,  35.6992, 14.3053, -0.1443,  0, 0, 0
L 44.2953, 14.3007, -0.1443,  44.3057, 5.7009, -0.1443,  0, 0, 0
L 44.3057, 5.7009, -0.1443,  35.6995, 5.6968, -0.1443,  0, 0, 0
L 35.6995, 5.6968, -0.1443,  35.6992, 14.3053, -0.1443,  0, 0, 0
L 35.6994, 9.5034, -0.1443,  -65.6988, 9.5039, -0.1443,  0, 0, 0
L -65.6983, 14.3030, -0.1443,  -65.6993, 5.7002, -0.1443,  0, 0, 0
L -65.6993, 5.7002, -0.1443,  -74.2983, 5.6976, -0.1443,  0, 0, 0
L -74.3026, 14.2991, -0.1443,  -74.2983, 5.6976, -0.1443,  0, 0, 0
L -74.3026, 14.2991, -0.1443,  -65.6983, 14.3030, -0.1443,  0, 0, 0
L -124.3017, 14.3021, -0.1443,  -115.6997, 14.3002, -0.1443,  0, 0, 0
L -115.6997, 14.3002, -0.1443,  -115.6980, 5.6989, -0.1443,  0, 0, 0
L -115.6980, 5.6989, -0.1443,  -124.3004, 5.6985, -0.1443,  0, 0, 0
L -124.3004, 5.6985, -0.1443,  -124.3017, 14.3021, -0.1443,  0, 0, 0
L -124.3010, 9.5045, -0.1443,  -235.6988, 9.5210, -0.1443,  0, 0, 0
L -235.6999, 14.2984, -0.1443,  -235.6979, 5.6961, -0.1443,  0, 0, 0
L -235.6979, 5.6961, -0.1443,  -244.3011, 5.6990, -0.1443,  0, 0, 0
L -244.3011, 5.6990, -0.1443,  -244.3016, 14.3030, -0.1443,  0, 0, 0
L -244.3016, 14.3030, -0.1443,  -235.6999, 14.2984, -0.1443,  0, 0, 0
L -240.4962, 14.3010, -0.1443,  -240.4969, 30.4964, -0.1443,  0, 0, 0
L -240.4969, 30.4964, -0.1443,  -229.5011, 30.5001, -0.1443,  0, 0, 0
L -229.5011, 30.5001, -0.1443,  -229.5037, 20.4962, -0.1443,  0, 0, 0
L -229.5037, 20.4962, -0.1443,  -130.4967, 20.4964, -0.1443,  0, 0, 0
L -130.4967, 20.4964, -0.1443,  -130.4977, 80.4968, -0.1443,  0, 0, 0
L -130.4977, 80.4968, -0.1443,  -70.4965, 80.4967, -0.1443,  0, 0, 0
L -70.4965, 80.4967, -0.1443,  -70.4959, 239.5036, -0.1443,  0, 0, 0
L -70.4959, 239.5036, -0.1443,  -488.5553, 239.5042, -0.1443,  0, 0, 0
L -488.5553, 239.5042, -0.1443,  -399.5029, 170.2464, -0.1443,  0, 0, 0
L -399.5029, 170.2464, -0.1443,  -399.5033, 150.4966, -0.1443,  0, 0, 0
L -399.5033, 150.4966, -0.1443,  -149.5034, 150.4980, -0.1443,  0, 0, 0
L -149.5034, 150.4980, -0.1443,  -149.5010, 139.5025, -0.1443,  0, 0, 0
L -149.5010, 139.5025, -0.1443,  -399.5034, 139.5034, -0.1443,  0, 0, 0
L -399.5034, 139.5034, -0.1443,  -399.5034, 20.4964, -0.1443,  0, 0, 0
L -399.5034, 20.4964, -0.1443,  -290.4963, 20.4962, -0.1443,  0, 0, 0
L -290.4963, 20.4962, -0.1443,  -290.4975, 30.4995, -0.1443,  0, 0, 0
L -279.4950, 30.4965, -0.1443,  -290.4975, 30.4995, -0.1443,  0, 0, 0
L -279.4950, 30.4965, -0.1443,  -279.5032, 14.3014, -0.1443,  0, 0, 0
L -284.3014, 14.3004, -0.1443,  -275.6998, 14.3022, -0.1443,  0, 0, 0
L -275.6998, 14.3022, -0.1443,  -275.6978, 5.6969, -0.1443,  0, 0, 0
L -275.6978, 5.6969, -0.1443,  -284.3002, 5.6992, -0.1443,  0, 0, 0
L -284.3002, 5.6992, -0.1443,  -284.3014, 14.3004, -0.1443,  0, 0, 0
L -284.3008, 9.5035, -0.1443,  -388.5288, 9.5034, -0.1443,  0, 0, 0
L -388.5300, -19.5037, -0.1443,  -284.3009, -19.5039, -0.1443,  0, 0, 0
L -284.3001, -24.3002, -0.1443,  -284.3016, -15.7024, -0.1443,  0, 0, 0
L -284.3016, -15.7024, -0.1443,  -275.6983, -15.6969, -0.1443,  0, 0, 0
L -275.6983, -15.6969, -0.1443,  -275.6983, -24.3016, -0.1443,  0, 0, 0
L -275.6983, -24.3016, -0.1443,  -284.3001, -24.3002, -0.1443,  0, 0, 0
L -279.5038, -24.3010, -0.1443,  -279.5036, -40.4960, -0.1443,  0, 0, 0
L -279.5036, -40.4960, -0.1443,  -290.4971, -40.4992, -0.1443,  0, 0, 0
L -290.4971, -40.4992, -0.1443,  -290.4962, -30.4963, -0.1443,  0, 0, 0
L -290.4962, -30.4963, -0.1443,  -399.5038, -30.4962, -0.1443,  0, 0, 0
L -399.5038, -30.4962, -0.1443,  -399.5037, -79.4875, -0.1443,  0, 0, 0
L -399.5037, -79.4875, -0.1443,  -395.6850, -79.4854, -0.1443,  0, 0, 0
L -395.6850, -79.4854, -0.1443,  -395.7038, -86.9135, -0.1443,  0, 0, 0
L -395.7038, -86.9135, -0.1443,  -399.5036, -86.9132, -0.1443,  0, 0, 0
L -399.5036, -86.9132, -0.1443,  -399.5033, -158.8054, -0.1443,  0, 0, 0
L -399.5033, -158.8054, -0.1443,  -395.6767, -158.8105, -0.1443,  0, 0, 0
L -395.6767, -158.8105, -0.1443,  -395.6961, -166.1898, -0.1443,  0, 0, 0
L -395.6961, -166.1898, -0.1443,  -399.5036, -166.1889, -0.1443,  0, 0, 0
L -399.5036, -166.1889, -0.1443,  -399.5028, -180.2660, -0.1443,  0, 0, 0
L -399.5028, -180.2660, -0.1690,  -488.3630, -239.5045, -0.1443,  0, 0, 0
L -488.3630, -239.5045, -0.1443,  -400.6336, -239.5044, -0.1771,  0, 0, 0
L -400.6336, -239.5044, -0.1771,  -400.6317, -233.1325, -0.4278,  0, 0, 0
L -400.6317, -233.1325, -0.5997,  -395.6942, -233.1308, -0.5998,  0, 0, 0
L -395.6942, -233.1308, -0.3976,  -395.6972, -239.5034, -0.1752,  0, 0, 0
L -395.6972, -239.5034, -0.1752,  -324.1507, -239.5038, -0.1443,  0, 0, 0
L -324.1507, -239.5038, -0.1443,  -324.1513, -233.1320, -0.1443,  0, 0, 0
L -324.1513, -233.1320, -0.1443,  -315.7912, -233.1311, -0.1443,  0, 0, 0
L -315.7912, -233.1311, -0.1443,  -315.7942, -239.5033, -0.1443,  0, 0, 0
L -315.7942, -239.5033, -0.1443,  -244.2475, -239.5046, -0.1746,  0, 0, 0
L -244.2475, -239.5046, -0.1746,  -244.2462, -233.1317, -0.3311,  0, 0, 0
L -244.2462, -233.1317, -0.3391,  -225.8015, -233.1345, -0.2100,  0, 0, 0
L -240.4967, -233.1323, -0.2100,  -240.4959, -166.2316, -0.2121,  0, 0, 0
L -225.8027, -166.2291, -0.2121,  -244.2629, -166.2323, -0.3475,  0, 0, 0
L -244.2629, -166.2323, -0.7322,  -244.2509, -158.7693, -0.7315,  0, 0, 0
L -244.2509, -158.7693, -0.3368,  -225.7838, -158.7708, -0.2100,  0, 0, 0
L -240.4966, -158.7696, -0.2100,  -240.4961, -86.8775, -0.1443,  0, 0, 0
L -240.4961, -86.8775, -0.1443,  -244.2630, -86.8768, -0.1443,  0, 0, 0
L -244.2630, -86.8768, -0.1443,  -244.2518, -80.4964, -0.1444,  0, 0, 0
L -244.2518, -80.4964, -0.1444,  -290.4970, -80.4978, -0.1443,  0, 0, 0
L -290.4970, -80.4978, -0.1443,  -290.4971, -69.5037, -0.1443,  0, 0, 0
L -290.4971, -69.5037, -0.1443,  -229.5030, -69.5030, -0.1443,  0, 0, 0
L -315.7752, -79.4880, -0.1443,  -324.1562, -79.4849, -0.1443,  0, 0, 0
L -324.1562, -79.4849, -0.1443,  -324.1474, -86.8488, -0.1443,  0, 0, 0
L -324.1474, -86.8488, -0.1443,  -315.8068, -86.8599, -0.1443,  0, 0, 0
L -315.8068, -86.8599, -0.1443,  -315.7752, -79.4880, -0.1443,  0, 0, 0
L -229.5030, -69.5030, -0.1443,  -229.5040, -89.4944, -0.1443,  0, 0, 0
L -229.5040, -89.4944, -0.1443,  -225.7953, -89.4942, -0.1443,  0, 0, 0
L -225.7953, -89.4942, -0.1443,  -225.8078, -96.9246, -0.1444,  0, 0, 0
L -225.8078, -96.9246, -0.1443,  -229.5034, -96.9197, -0.1443,  0, 0, 0
L -229.5034, -96.9197, -0.1443,  -229.5036, -158.8055, -0.1443,  0, 0, 0
L -225.7838, -158.7708, -0.1443,  -225.8027, -166.2291, -0.1443,  0, 0, 0
L -229.5035, -166.1885, -0.1444,  -229.5035, -233.1324, -0.1443,  0, 0, 0
L -225.8015, -233.1345, -0.1443,  -225.8047, -239.5033, -0.1443,  0, 0, 0
L -225.8047, -239.5033, -0.1443,  -154.2576, -239.5038, -0.1443,  0, 0, 0
L -154.2576, -239.5038, -0.1443,  -154.2571, -233.1320, -0.1443,  0, 0, 0
L -154.2571, -233.1320, -0.1443,  -145.8965, -233.1317, -0.1443,  0, 0, 0
L -145.8965, -233.1317, -0.1443,  -145.9004, -239.5038, -0.1444,  0, 0, 0
L -145.9004, -239.5038, -0.1444,  -74.3537, -239.5037, -0.1444,  0, 0, 0
L -74.3537, -239.5037, -0.1444,  -74.3549, -233.1301, -0.1443,  0, 0, 0
L -74.3549, -233.1301, -0.1443,  -70.4967, -233.1332, -0.1443,  0, 0, 0
L -70.4967, -233.1332, -0.1443,  -70.4966, -166.2315, -0.1443,  0, 0, 0
L -74.3697, -166.2325, -0.1443,  -74.3581, -158.7926, -0.1443,  0, 0, 0
L -74.3581, -158.7926, -0.1443,  -70.4967, -158.7705, -0.1443,  0, 0, 0
L -70.4967, -158.7705, -0.1443,  -70.4965, -96.8845, -0.1443,  0, 0, 0
L -70.4965, -96.8845, -0.1443,  -74.3489, -96.8822, -0.1443,  0, 0, 0
L -74.3489, -96.8822, -0.1443,  -74.3563, -90.4968, -0.1444,  0, 0, 0
L -74.3563, -90.4968, -0.1444,  -130.4977, -90.4965, -0.1443,  0, 0, 0
L -145.8888, -89.4920, -0.1443,  -145.9074, -96.8579, -0.1443,  0, 0, 0
L -145.9074, -96.8579, -0.1443,  -154.2539, -96.8595, -0.1443,  0, 0, 0
L -154.2539, -96.8595, -0.1443,  -154.2630, -89.4941, -0.1443,  0, 0, 0
L -154.2630, -89.4941, -0.1443,  -145.8888, -89.4920, -0.1443,  0, 0, 0
L -154.2626, -158.8186, -0.1443,  -145.8864, -158.8191, -0.1443,  0, 0, 0
L -145.8864, -158.8191, -0.1443,  -145.9080, -166.1828, -0.1443,  0, 0, 0
L -145.9080, -166.1828, -0.1443,  -154.2529, -166.1841, -0.1443,  0, 0, 0
L -154.2529, -166.1841, -0.1443,  -154.2626, -158.8186, -0.1443,  0, 0, 0
L -130.4977, -90.4965, -0.1443,  -130.4954, -30.4968, -0.1443,  0, 0, 0
L -130.4954, -30.4968, -0.1443,  -229.5052, -30.4968, -0.1443,  0, 0, 0
L -229.5052, -30.4968, -0.1443,  -229.5442, -40.4962, -0.1443,  0, 0, 0
L -229.5442, -40.4962, -0.1443,  -240.4970, -40.4978, -0.1443,  0, 0, 0
L -240.4970, -40.4978, -0.1443,  -240.4960, -24.3011, -0.1443,  0, 0, 0
L -235.7011, -24.3011, -0.1443,  -244.3003, -24.3011, -0.1443,  0, 0, 0
L -244.3003, -24.3011, -0.1443,  -244.3020, -15.6981, -0.1443,  0, 0, 0
L -244.3020, -15.6981, -0.1443,  -235.6988, -15.6986, -0.1443,  0, 0, 0
L -235.6988, -15.6986, -0.1443,  -235.7011, -24.3011, -0.1443,  0, 0, 0
L -235.6998, -19.5033, -0.1443,  -124.3013, -19.5039, -0.1443,  0, 0, 0
L -124.3018, -24.2977, -0.1443,  -124.3008, -15.6989, -0.1443,  0, 0, 0
L -124.3008, -15.6989, -0.1443,  -115.6976, -15.6983, -0.1443,  0, 0, 0
L -115.6976, -15.6983, -0.1443,  -115.6981, -24.3037, -0.1443,  0, 0, 0
L -115.6981, -24.3037, -0.1443,  -124.3018, -24.2977, -0.1443,  0, 0, 0
L -119.5039, -24.3010, -0.1443,  -119.5041, -24.3014, -0.1443,  0, 0, 0
L -65.7014, -24.3040, -0.1443,  -74.3005, -24.2989, -0.1443,  0, 0, 0
L -74.3005, -24.2989, -0.1443,  -74.3019, -15.6965, -0.1443,  0, 0, 0
L -74.3019, -15.6965, -0.1443,  -65.6973, -15.6993, -0.1443,  0, 0, 0
L -65.6973, -15.6993, -0.1443,  -65.7014, -24.3040, -0.1443,  0, 0, 0
L -65.6991, -19.5038, -0.1443,  65.6987, -19.5045, -0.1443,  0, 0, 0
L 65.6989, -24.2920, -0.1443,  65.6985, -15.6996, -0.1443,  0, 0, 0
L 65.6985, -15.6996, -0.1443,  74.3020, -15.6980, -0.1443,  0, 0, 0
L 74.3020, -15.6980, -0.1443,  74.3016, -24.3066, -0.1443,  0, 0, 0
L 74.3016, -24.3066, -0.1443,  65.6989, -24.2920, -0.1443,  0, 0, 0
L 70.4967, -24.3002, -0.1443,  70.4966, -40.4802, -0.1443,  0, 0, 0
L 70.4966, -40.4802, -0.1443,  59.5026, -40.4815, -0.1443,  0, 0, 0
L 59.5026, -40.4815, -0.1443,  59.5044, -30.4967, -0.1443,  0, 0, 0
L 59.5044, -30.4967, -0.1443,  5.2035, -30.5041, -0.1423,  0, 0, 0
L 5.2035, -30.5041, -0.1423,  5.1720, -33.1087, -0.1443,  0, 0, 0
L 5.1720, -33.1087, -0.1443,  -5.4383, -33.1062, -0.1443,  0, 0, 0
L -5.4383, -33.1062, -0.1443,  -5.4487, -30.4964, -0.1443,  0, 0, 0
L -5.4487, -30.4964, -0.1443,  -49.9653, -30.4958, -0.1443,  0, 0, 0
L -49.9653, -30.4958, -0.1443,  -49.9527, -32.9236, -0.1443,  0, 0, 0
L -49.9527, -32.9236, -0.1443,  -59.5037, -32.9277, -0.1444,  0, 0, 0
L -59.5037, -32.9277, -0.1444,  -59.5037, -53.9570, -0.1443,  0, 0, 0
L -59.5037, -53.9570, -0.1443,  -55.3809, -53.9466, -0.1443,  0, 0, 0
L -55.3809, -53.9466, -0.1443,  -55.3819, -60.8661, -0.1443,  0, 0, 0
L -55.3819, -60.8661, -0.1443,  -59.5037, -60.8765, -0.1444,  0, 0, 0
L -59.5037, -60.8765, -0.1444,  -59.5045, -99.6951, -0.1443,  0, 0, 0
L -59.5045, -99.6951, -0.1443,  -55.3887, -99.6865, -0.1443,  0, 0, 0
L -55.3887, -99.6865, -0.1443,  -55.3877, -106.6050, -0.1443,  0, 0, 0
L -55.3877, -106.6050, -0.1443,  -59.5035, -106.6156, -0.1432,  0, 0, 0
L -59.5035, -106.6156, -0.1432,  -59.5044, -119.8907, -0.1443,  0, 0, 0
L -59.5044, -119.8907, -0.1443,  -57.8325, -119.8796, -0.1443,  0, 0, 0
L -57.8325, -119.8796, -0.1443,  -57.8260, -129.5035, -0.1444,  0, 0, 0
L -57.8260, -129.5035, -0.1444,  -5.4394, -129.5101, -0.1442,  0, 0, 0
L -5.4394, -129.5101, -0.1442,  -5.4115, -126.9141, -0.1443,  0, 0, 0
L -5.4115, -126.9141, -0.1443,  5.2002, -126.9158, -0.1443,  0, 0, 0
L 5.2002, -126.9158, -0.1443,  5.2122, -129.5036, -0.1444,  0, 0, 0
L 5.2122, -129.5036, -0.1444,  59.5034, -129.5041, -0.1443,  0, 0, 0
L 59.5034, -129.5041, -0.1443,  59.5040, -69.5020, -0.1443,  0, 0, 0
L 59.5040, -69.5020, -0.1443,  70.4975, -69.5038, -0.1443,  0, 0, 0
L 70.4975, -69.5038, -0.1443,  70.4968, -140.4934, -0.1443,  0, 0, 0
L 70.4968, -140.4934, -0.1443,  68.0443, -140.5077, -0.1444,  0, 0, 0
L 68.0443, -140.5077, -0.1444,  68.0210, -150.1123, -0.1443,  0, 0, 0
L 68.0210, -150.1123, -0.1443,  57.4008, -150.1093, -0.1443,  0, 0, 0
L 57.4008, -150.1093, -0.1443,  57.3914, -140.5016, -0.1444,  0, 0, 0
L 57.3914, -140.5016, -0.1444,  5.2067, -140.4981, -0.1444,  0, 0, 0
L 5.2067, -140.4981, -0.1444,  5.1820, -150.1022, -0.1443,  0, 0, 0
L 5.1820, -150.1022, -0.1443,  -5.4402, -150.0978, -0.1443,  0, 0, 0
L -5.4402, -150.0978, -0.1443,  -5.4493, -140.4983, -0.1443,  0, 0, 0
L -5.4493, -140.4983, -0.1443,  -49.9260, -140.4965, -0.1444,  0, 0, 0
L -49.9260, -140.4965, -0.1444,  -49.9148, -150.0992, -0.1443,  0, 0, 0
L -49.9148, -150.0992, -0.1443,  -59.5034, -150.1015, -0.1444,  0, 0, 0
L -59.5034, -150.1015, -0.1444,  -59.5037, -164.0795, -0.1443,  0, 0, 0
L -59.5037, -164.0795, -0.1443,  -49.8303, -164.0694, -0.1443,  0, 0, 0
L -49.8303, -164.0694, -0.1443,  -49.8834, -183.8261, -0.1443,  0, 0, 0
L -49.8834, -183.8261, -0.1443,  -33.8656, -183.8056, -0.1443,  0, 0, 0
L -52.0141, -173.5941, 6.4395,  -63.3090, -173.5933, 6.4395,  127, 0, 0
L -63.3090, -173.5933, 6.4395,  -63.3092, -207.4938, 6.4395,  127, 0, 0
L -63.3092, -207.4938, 6.4395,  -52.0137, -207.4948, 6.4395,  127, 0, 0
L -49.8817, -216.7312, -0.1443,  -49.8831, -197.4110, -0.1443,  0, 0, 0
L -49.8831, -197.4110, -0.1443,  -33.8686, -197.4119, -0.1443,  0, 0, 0
L -33.8686, -197.4119, -0.1443,  -33.8656, -183.8056, -0.1443,  0, 0, 0
L -52.0140, -185.9558, 4.5959,  -35.9987, -185.9565, 4.5273,  127, 0, 0
L -35.9987, -185.9565, 4.5273,  -35.9988, -195.2798, 4.6282,  127, 0, 0
L -35.9988, -195.2798, 4.6282,  -52.0139, -195.2816, 4.6020,  127, 0, 0
L -52.0139, -195.2816, 4.5110,  -52.0137, -207.4948, 4.4751,  127, 0, 0
L -52.0140, -185.9558, 4.6149,  -52.0141, -173.5941, 4.5273,  127, 0, 0
L -49.8817, -216.7312, -0.1443,  -59.5038, -216.7398, -0.1444,  0, 0, 0
L -59.5038, -216.7398, -0.1444,  -59.5039, -230.3706, -0.1445,  0, 0, 0
L -59.5039, -230.3706, -0.1445,  -49.8980, -230.3592, -0.1443,  0, 0, 0
L -49.8980, -230.3592, -0.1443,  -49.8911, -239.5036, -0.1444,  0, 0, 0
L -49.8911, -239.5036, -0.1444,  -5.4435, -239.5048, -0.1444,  0, 0, 0
L -5.4435, -239.5048, -0.1444,  -5.4792, -229.9082, -0.1443,  0, 0, 0
L -5.4792, -229.9082, -0.1443,  5.2049, -229.9100, -0.1443,  0, 0, 0
L 5.2049, -229.9100, -0.1443,  5.2144, -239.4700, -0.1444,  0, 0, 0
L 5.2144, -239.4700, -0.1443,  57.3893, -239.5068, -0.1442,  0, 0, 0
L 57.3893, -239.5068, -0.1442,  57.4137, -229.9072, -0.1443,  0, 0, 0
L 57.4137, -229.9072, -0.1443,  68.0330, -229.9110, -0.1443,  0, 0, 0
L 68.0330, -229.9110, -0.1443,  68.0415, -239.5055, -0.1444,  0, 0, 0
L 68.0415, -239.5055, -0.1444,  109.5034, -239.5035, -0.1443,  0, 0, 0
L 109.5034, -239.5035, -0.1443,  109.5039, -24.3010, -0.1443,  0, 0, 0
L 114.3009, -24.3000, -0.1443,  105.6975, -24.3018, -0.1443,  0, 0, 0
L 105.6975, -24.3018, -0.1443,  105.6985, -15.6960, -0.1443,  0, 0, 0
L 105.6985, -15.6960, -0.1443,  114.3005, -15.6990, -0.1443,  0, 0, 0
L 114.3005, -15.6990, -0.1443,  114.3009, -24.3000, -0.1443,  0, 0, 0
L 114.3007, -19.5036, -0.1443,  265.6989, -19.5036, -0.1443,  0, 0, 0
L 265.6985, -24.3027, -0.1443,  265.6992, -15.6997, -0.1443,  0, 0, 0
L 265.6992, -15.6997, -0.1443,  274.3016, -15.6982, -0.1443,  0, 0, 0
L 274.3016, -15.6982, -0.1443,  274.3014, -24.2996, -0.1443,  0, 0, 0
L 274.3014, -24.2996, -0.1443,  265.6985, -24.3027, -0.1443,  0, 0, 0
L 270.4961, -24.3010, -0.1443,  270.4964, -40.4965, -0.1443,  0, 0, 0
L 270.4964, -40.4965, -0.1443,  259.5032, -40.4978, -0.1443,  0, 0, 0
L 259.5032, -40.4978, -0.1443,  259.5037, -30.4962, -0.1443,  0, 0, 0
L 259.5037, -30.4962, -0.1443,  120.4967, -30.4957, -0.1443,  0, 0, 0
L 120.4967, -30.4957, -0.1443,  120.4957, -129.5033, -0.1443,  0, 0, 0
L 120.4957, -129.5033, -0.1443,  259.5032, -129.5045, -0.1443,  0, 0, 0
L 259.5032, -129.5045, -0.1443,  259.5030, -69.5031, -0.1443,  0, 0, 0
L 259.5030, -69.5031, -0.1443,  270.4987, -69.5025, -0.1443,  0, 0, 0
L 270.4987, -69.5025, -0.1443,  270.4973, -140.5040, -0.1443,  0, 0, 0
L 270.4955, -168.6490, -0.1443,  266.1904, -168.6496, -0.1443,  0, 0, 0
L 266.1904, -168.6496, -0.1443,  266.1914, -140.4967, -0.1443,  0, 0, 0
L 252.4775, -140.4959, -0.1443,  252.4779, -168.6489, -0.1443,  0, 0, 0
L 252.4779, -168.6489, -0.1443,  248.1735, -168.6492, -0.1443,  0, 0, 0
L 248.1735, -168.6492, -0.1443,  248.1766, -140.4963, -0.1443,  0, 0, 0
L 234.8011, -140.4963, -0.1443,  234.8021, -168.6484, -0.1443,  0, 0, 0
L 234.8021, -168.6484, -0.1443,  230.4478, -168.6494, -0.1443,  0, 0, 0
L 230.4478, -168.6494, -0.1443,  230.4484, -140.4963, -0.1443,  0, 0, 0
L 216.3502, -140.4963, -0.1443,  216.3491, -168.6491, -0.1443,  0, 0, 0
L 212.0488, -168.6488, -0.1443,  216.3491, -168.6491, -0.1443,  0, 0, 0
L 212.0488, -168.6488, -0.1443,  212.0499, -140.4966, -0.1443,  0, 0, 0
L 198.8777, -140.4963, -0.1443,  198.8783, -168.6483, -0.1443,  0, 0, 0
L 198.8783, -168.6483, -0.1443,  194.5031, -168.6501, -0.1443,  0, 0, 0
L 194.5031, -168.6501, -0.1443,  194.5038, -140.4962, -0.1443,  0, 0, 0
L 180.4354, -140.4957, -0.1443,  180.4360, -168.6486, -0.1443,  0, 0, 0
L 180.4360, -168.6486, -0.1443,  176.1337, -168.6494, -0.1443,  0, 0, 0
L 176.1337, -168.6494, -0.1443,  176.1344, -140.4962, -0.1443,  0, 0, 0
L 161.3107, -140.4962, -0.1443,  161.3111, -168.6491, -0.1443,  0, 0, 0
L 161.3111, -168.6491, -0.1443,  157.0030, -168.6496, -0.1443,  0, 0, 0
L 157.0030, -168.6496, -0.1443,  157.0042, -140.4965, -0.1443,  0, 0, 0
L 142.7689, -140.4962, -0.1443,  142.7685, -168.6490, -0.1443,  0, 0, 0
L 142.7685, -168.6490, -0.1443,  138.4676, -168.6493, -0.1443,  0, 0, 0
L 138.4676, -168.6493, -0.1443,  138.4680, -140.4964, -0.1443,  0, 0, 0
L 270.4968, -140.5040, -0.1443,  120.4968, -140.4953, -0.1443,  0, 0, 0
L 120.4968, -140.4953, -0.1443,  120.4960, -239.5036, -0.1443,  0, 0, 0
L 120.4960, -239.5036, -0.1443,  309.5033, -239.5046, -0.1443,  0, 0, 0
L 138.4680, -239.5037, -0.1443,  138.4583, -211.5024, -0.1443,  0, 0, 0
L 138.4583, -211.5024, -0.1443,  142.7694, -211.5036, -0.1443,  0, 0, 0
L 142.7694, -211.5036, -0.1443,  142.7688, -239.5037, -0.1443,  0, 0, 0
L 157.0033, -239.5036, -0.1443,  157.0034, -211.5031, -0.1443,  0, 0, 0
L 157.0034, -211.5031, -0.1443,  161.3119, -211.5024, -0.1443,  0, 0, 0
L 161.3119, -211.5024, -0.1443,  161.3105, -239.5034, -0.1443,  0, 0, 0
L 176.1342, -239.5040, -0.1443,  176.1339, -211.5028, -0.1443,  0, 0, 0
L 180.4355, -211.5030, -0.1443,  176.1339, -211.5028, -0.1443,  0, 0, 0
L 180.4355, -211.5030, -0.1443,  180.4345, -239.5033, -0.1443,  0, 0, 0
L 194.5035, -239.5033, -0.1443,  194.5028, -211.4988, -0.1443,  0, 0, 0
L 194.5028, -211.4988, -0.1443,  198.8781, -211.5058, -0.1443,  0, 0, 0
L 198.8781, -211.5058, -0.1443,  198.8769, -239.5034, -0.1443,  0, 0, 0
L 212.0490, -239.5044, -0.1443,  212.0432, -211.5036, -0.1443,  0, 0, 0
L 212.0432, -211.5036, -0.1443,  216.3505, -211.5021, -0.1443,  0, 0, 0
L 216.3505, -211.5021, -0.1443,  216.3492, -239.5032, -0.1443,  0, 0, 0
L 234.8019, -211.4693, -0.1443,  234.8002, -239.5032, -0.1443,  0, 0, 0
L 248.1762, -239.5041, -0.1443,  248.1768, -211.5038, -0.1443,  0, 0, 0
L 252.4776, -211.5019, -0.1443,  248.1768, -211.5038, -0.1443,  0, 0, 0
L 234.8019, -211.4693, -0.1443,  230.4475, -211.5496, -0.1443,  0, 0, 0
L 230.4475, -211.5496, -0.1443,  230.4489, -239.5035, -0.1443,  0, 0, 0
L 252.4776, -211.5019, -0.1443,  252.4768, -239.5034, -0.1443,  0, 0, 0
L 266.1908, -239.5040, -0.1443,  266.1893, -211.5027, -0.1443,  0, 0, 0
L 266.1893, -211.5027, -0.1443,  270.4962, -211.5013, -0.1443,  0, 0, 0
L 270.4962, -211.5013, -0.1443,  270.4956, -239.5032, -0.1443,  0, 0, 0
L 309.5033, -239.5046, -0.1443,  309.5037, -129.5016, -0.1443,  0, 0, 0
L 270.4968, -140.5040, -0.1443,  270.4955, -168.6490, -0.1443,  0, 0, 0
L 309.5037, -129.5016, -0.1443,  340.4971, -129.5039, -0.1443,  0, 0, 0
L 340.4971, -129.5039, -0.1443,  340.4963, -140.4970, -0.1443,  0, 0, 0
L 340.4963, -140.4970, -0.1443,  320.4968, -140.4954, -0.1443,  0, 0, 0
L 320.4968, -140.4954, -0.1443,  320.4961, -239.5035, -0.1443,  0, 0, 0
L 320.4961, -239.5035, -0.1443,  379.8334, -239.5040, -0.1443,  0, 0, 0
L 379.8334, -239.5040, -0.1443,  479.5036, -169.7131, -0.1443,  0, 0, 0
L 479.5036, -169.7131, -0.1443,  479.5033, -100.4966, -0.1443,  0, 0, 0
L 479.5033, -100.4966, -0.1443,  390.4959, -100.4965, -0.1443,  0, 0, 0
L 390.4959, -100.4965, -0.1443,  390.4972, -140.4954, -0.1443,  0, 0, 0
L 390.4972, -140.4954, -0.1443,  379.5049, -140.5002, -0.1443,  0, 0, 0
L 379.5049, -140.5002, -0.1443,  379.4992, -89.5038, -0.1443,  0, 0, 0
L 379.4992, -89.5038, -0.1443,  479.5037, -89.5025, -0.1443,  0, 0, 0
L 479.5037, -89.5025, -0.1443,  479.5034, -30.4963, -0.1443,  0, 0, 0
L 479.5034, -30.4963, -0.1443,  320.4963, -30.4963, -0.1443,  0, 0, 0
L 320.4963, -30.4963, -0.1443,  320.4964, -89.5038, -0.1443,  0, 0, 0
L 320.4964, -89.5038, -0.1443,  340.4984, -89.5024, -0.1443,  0, 0, 0
L 340.4984, -89.5024, -0.1443,  340.4942, -100.4971, -0.1443,  0, 0, 0
L 340.4942, -100.4971, -0.1443,  309.5026, -100.5000, -0.1443,  0, 0, 0
L 309.5026, -100.5000, -0.1443,  309.5037, -24.3011, -0.1427,  0, 0, 0
L 314.3022, -24.3044, -0.1427,  305.7017, -24.2985, -0.1443,  0, 0, 0
L 305.7017, -24.2985, -0.1443,  305.6971, -15.6761, -0.1443,  0, 0, 0
L 530.1426, 178.8798, -41.3625,  515.5273, 201.3227, -34.0247,  63, 63, 63
L 516.6641, 199.5774, -34.0247,  526.2990, 201.4950, -34.5414,  0, 0, 0
L 526.2990, 201.4950, -34.5414,  544.9839, 223.4069, -19.1301,  0, 0, 0
L 544.9839, 223.4069, -19.1301,  542.9915, 231.4592, -16.2421,  0, 0, 0
L 542.9915, 231.4592, -16.2421,  551.3209, 233.4995, -22.4710,  0, 0, 0
L 551.3209, 233.4995, -22.4710,  560.2021, 261.1134, -24.6463,  0, 0, 0
L 560.2021, 261.1134, -24.6463,  558.0555, 268.3417, -32.2840,  0, 0, 0
L 558.0555, 268.3417, -32.2840,  569.7889, 272.9253, -29.4247,  0, 0, 0
L 569.7889, 272.9253, -29.4247,  571.3638, 278.5395, -33.7730,  0, 0, 0
L 571.3638, 278.5395, -33.7730,  577.6885, 277.5058, -31.7452,  0, 0, 0
L 577.6885, 277.5058, -31.7452,  590.7389, 291.2271, -31.0286,  0, 0, 0
L 590.7389, 291.2271, -31.0286,  598.3827, 296.0671, -30.6544,  0, 0, 0
L 598.3827, 296.0671, -30.6544,  604.2533, 291.6284, -26.8978,  0, 0, 0
L 604.2533, 291.6284, -26.8978,  632.7919, 298.6873, -26.3761,  0, 0, 0
L 632.7919, 298.6873, -26.3761,  650.1803, 320.0685, -31.0894,  0, 0, 0
L 650.1803, 320.0685, -31.0894,  648.8838, 327.8301, -34.2746,  0, 0, 0
L 648.8838, 327.8301, -34.2746,  656.5297, 331.1138, -36.6972,  0, 0, 0
L 656.5297, 331.1138, -36.6972,  661.8846, 350.8815, -47.2676,  0, 0, 0
L 661.8846, 350.8815, -47.2676,  663.0002, 360.2462, -55.4295,  0, 0, 0
L 663.0002, 360.2462, -55.4295,  676.4794, 360.8049, -55.9077,  0, 0, 0
L 676.4794, 360.8049, -55.9077,  678.3689, 363.3452, -54.1028,  0, 0, 0
L 678.3689, 363.3452, -54.1028,  688.5034, 355.9125, -50.1851,  0, 0, 0
L 688.5034, 355.9125, -50.1851,  696.2797, 358.5745, -48.7521,  0, 0, 0
L 696.2797, 358.5745, -48.7521,  699.3517, 351.3036, -43.2159,  0, 0, 0
L 699.3517, 351.3036, -43.2159,  726.8575, 344.3062, -43.3095,  0, 0, 0
L 726.8575, 344.3062, -43.3095,  753.2076, 356.5467, -45.7475,  0, 0, 0
L 753.2076, 356.5467, -45.7475,  754.1625, 364.1745, -44.9176,  0, 0, 0
L 754.1625, 364.1745, -44.9176,  762.5464, 362.2514, -49.3216,  0, 0, 0
L 762.5464, 362.2514, -49.3216,  776.9911, 377.2458, -52.5946,  0, 0, 0
L 776.9911, 377.2458, -52.5946,  790.1406, 370.4148, -50.5177,  0, 0, 0
L 790.1406, 370.4148, -50.5177,  794.1158, 373.5164, -51.1766,  0, 0, 0
L 794.1158, 373.5164, -51.1766,  796.2808, 368.9084, -51.3541,  0, 0, 0
L 796.2808, 368.9084, -51.3541,  813.1033, 367.4843, -53.3254,  0, 0, 0
L 813.1033, 367.4843, -53.3254,  821.8795, 373.5417, -62.5451,  0, 0, 0
L 821.8795, 373.5417, -62.5451,  824.4679, 373.2465, -63.3648,  0, 0, 0
L 824.4679, 373.2465, -63.3648,  824.8007, 366.3096, -56.7754,  0, 0, 0
L 824.8007, 366.3096, -56.7754,  844.1395, 350.9207, -50.0479,  0, 0, 0
L 844.1395, 350.9207, -50.0479,  869.7603, 350.0405, -58.0684,  0, 0, 0
L 869.7603, 350.0405, -58.0684,  874.1724, 355.0923, -63.7254,  0, 0, 0
L 874.1724, 355.0923, -63.7254,  880.5800, 350.8087, -67.9651,  0, 0, 0
L 880.5800, 350.8087, -67.9651,  900.5287, 358.7612, -77.0618,  0, 0, 0
L 900.5287, 358.7612, -77.0618,  915.7245, 348.6945, -72.2562,  0, 0, 0
L 915.7245, 348.6945, -72.2562,  919.9169, 351.3698, -75.5964,  0, 0, 0
L 919.9169, 351.3698, -75.5964,  921.7104, 346.4306, -72.1075,  0, 0, 0
L 921.7104, 346.4306, -72.1075,  941.3301, 344.0007, -74.0535,  0, 0, 0
L 941.3301, 344.0007, -74.0535,  942.7205, 344.6974, -74.9455,  0, 0, 0
L 942.7205, 344.6974, -74.9455,  938.9587, 338.7242, -70.2890,  0, 0, 0
L 938.9587, 338.7242, -70.2890,  948.6678, 315.2710, -58.8746,  0, 0, 0
L 948.6678, 315.2710, -58.8746,  970.5170, 302.9740, -58.3247,  0, 0, 0
L 970.5170, 302.9740, -58.3247,  977.0118, 306.6227, -58.8999,  0, 0, 0
L 977.0118, 306.6227, -58.8999,  979.8821, 298.9698, -59.4205,  0, 0, 0
L 979.8821, 298.9698, -59.4205,  1005.4153, 294.6268, -66.8571,  0, 0, 0
L 1005.4153, 294.6268, -66.8571,  1027.2411, 306.0525, -80.2121,  0, 0, 0
L 1027.2411, 306.0525, -80.2121,  1027.9700, 309.2094, -82.9485,  0, 0, 0
L 1027.9700, 309.2094, -82.9485,  1032.8694, 306.8150, -83.0874,  0, 0, 0
L 1032.8694, 306.8150, -83.0874,  1031.7046, 301.8508, -82.0850,  0, 0, 0
L 1031.7046, 301.8508, -82.0850,  1043.2632, 286.5561, -78.1701,  0, 0, 0
L 1043.2632, 286.5561, -78.1701,  1061.7936, 282.5403, -80.3366,  0, 0, 0
L 1061.7936, 282.5403, -80.3366,  1065.8036, 286.2384, -84.9547,  0, 0, 0
L 1065.8036, 286.2384, -84.9547,  1066.6144, 285.5829, -85.5807,  0, 0, 0
L 1066.6144, 285.5829, -85.5807,  1068.0640, 276.5313, -77.3322,  0, 0, 0
L 1068.0640, 276.5313, -77.3322,  1085.7327, 259.4008, -72.0685,  0, 0, 0
L 1085.7327, 259.4008, -72.0685,  1092.6023, 260.8969, -74.8806,  0, 0, 0
L 1092.6023, 260.8969, -74.8806,  1093.3489, 254.2581, -72.0388,  0, 0, 0
L 1093.3489, 254.2581, -72.0388,  1115.4800, 243.0846, -77.1177,  0, 0, 0
L 1115.4800, 243.0846, -77.1177,  1140.4097, 248.7066, -88.6574,  0, 0, 0
L 1140.4097, 248.7066, -88.6574,  1141.9485, 255.0022, -88.8766,  0, 0, 0
L 1141.9485, 255.0022, -88.8766,  1143.8250, 252.7309, -89.1465,  0, 0, 0
L 1143.8250, 252.7309, -89.1465,  1149.7157, 241.4202, -88.7488,  0, 0, 0
L 1149.7157, 241.4202, -88.7488,  1165.8677, 234.3000, -91.6207,  0, 0, 0
L 1165.8677, 234.3000, -91.6207,  1169.7566, 236.5139, -90.5666,  0, 0, 0
L 1169.7566, 236.5139, -90.5666,  1172.3003, 232.5203, -94.8193,  0, 0, 0
L 1172.3003, 232.5203, -94.8193,  1191.2771, 230.7576, -95.8807,  0, 0, 0
L 1191.2771, 230.7576, -95.8807,  1196.9148, 211.8282, -85.4709,  0, 0, 0
L 1196.9148, 211.8282, -85.4709,  1210.3213, 201.7945, -82.6376,  0, 0, 0
L 1210.3213, 201.7945, -82.6376,  1219.4987, 198.3663, -82.0908,  0, 0, 0
L 1219.4987, 198.3663, -82.0908,  1225.0077, 199.6550, -87.2806,  0, 0, 0
L 1225.0077, 199.6550, -87.2806,  1226.8512, 192.9765, -86.7710,  0, 0, 0
L 1226.8512, 192.9765, -86.7710,  1251.2526, 185.1210, -101.4436,  0, 0, 0
L 1251.2526, 185.1210, -101.4436,  1275.2831, 194.6725, -112.8314,  0, 0, 0
L 1275.2831, 194.6725, -112.8314,  1276.8383, 200.6102, -115.2805,  0, 0, 0
L 1276.8383, 200.6102, -115.2805,  1285.2670, 185.3231, -106.5483,  0, 0, 0
L 1285.2670, 185.3231, -106.5483,  1290.6084, 185.0481, -106.4933,  0, 0, 0
L 1290.6084, 185.0481, -106.4933,  1290.0342, 179.5421, -102.7023,  0, 0, 0
L 1290.0342, 179.5421, -102.7023,  1304.0602, 168.3254, -97.7152,  0, 0, 0
L 1304.0602, 168.3254, -97.7152,  1317.5546, 167.1329, -107.7885,  0, 0, 0
L 1317.5546, 167.1329, -107.7885,  1318.7863, 163.4401, -107.2766,  0, 0, 0
L 1318.7863, 163.4401, -107.2766,  1320.6376, 151.4147, -110.2836,  0, 0, 0
L 1320.6376, 151.4147, -110.2836,  1339.7533, 136.1743, -104.9467,  0, 0, 0
L 1339.7533, 136.1743, -104.9467,  1346.3456, 138.1279, -107.3620,  0, 0, 0
L 1346.3456, 138.1279, -107.3620,  1347.5016, 130.8929, -107.7938,  0, 0, 0
L 1347.5016, 130.8929, -107.7938,  1370.6786, 122.0419, -114.2371,  0, 0, 0
L 1370.6786, 122.0419, -114.2371,  1394.3821, 130.9430, -123.8014,  0, 0, 0
L 1394.3821, 130.9430, -123.8014,  1395.3362, 136.3597, -125.0040,  0, 0, 0
L 1395.3362, 136.3597, -125.0040,  1401.8705, 134.1737, -128.4308,  0, 0, 0
L 1401.8705, 134.1737, -128.4308,  1407.1686, 138.3974, -130.5940,  0, 0, 0
L 1407.1686, 138.3974, -130.5940,  1407.8606, 135.5450, -130.4799,  0, 0, 0
L 1407.8606, 135.5450, -130.4799,  1423.9408, 124.5482, -127.6741,  0, 0, 0
L 1423.9408, 124.5482, -127.6741,  1427.9468, 126.9900, -134.6662,  0, 0, 0
L 1427.9468, 126.9900, -134.6662,  1428.9784, 120.6078, -127.5726,  0, 0, 0
L 1428.9784, 120.6078, -127.5726,  1449.0248, 117.5035, -136.8884,  0, 0, 0
L 1449.0248, 117.5035, -136.8884,  1452.9878, 119.1018, -132.9686,  0, 0, 0
L 1452.9878, 119.1018, -132.9686,  1449.8228, 106.0761, -133.8168,  0, 0, 0
L 1449.8228, 106.0761, -133.8168,  1452.5768, 97.2021, -141.3452,  0, 0, 0
L 1452.5768, 97.2021, -141.3452,  1467.0055, 87.3168, -142.6096,  0, 0, 0
L 1467.0055, 87.3168, -142.6096,  1471.8920, 83.9341, -143.6997,  0, 0, 0
L 1471.8920, 83.9341, -143.6997,  1478.5276, 86.6086, -141.7078,  0, 0, 0
L 1478.5276, 86.6086, -141.7078,  1479.9358, 79.5861, -142.6956,  0, 0, 0
L 1479.9358, 79.5861, -142.6956,  1502.6558, 73.8466, -144.3636,  0, 0, 0
L 1502.6558, 73.8466, -144.3636,  1524.6808, 83.0874, -154.4132,  0, 0, 0
L 1524.6808, 83.0874, -154.4132,  1526.0856, 89.2578, -159.5681,  0, 0, 0
L 1526.0856, 89.2578, -159.5681,  1532.9478, 87.6370, -163.7785,  0, 0, 0
L 1532.9478, 87.6370, -163.7785,  1544.9236, 99.3598, -177.8738,  0, 0, 0
L 1544.9236, 99.3598, -177.8738,  1543.5376, 89.3942, -171.2569,  0, 0, 0
L 1543.5376, 89.3942, -171.2569,  1552.7654, 76.0641, -166.2443,  0, 0, 0
L 1552.7654, 76.0641, -166.2443,  1556.6250, 76.7320, -168.4287,  0, 0, 0
L 1556.6250, 76.7320, -168.4287,  1556.1355, 71.7262, -164.7117,  0, 0, 0
L 1556.1355, 71.7262, -164.7117,  1569.7439, 64.0407, -174.8128,  0, 0, 0
L 1569.7439, 64.0407, -174.8128,  1579.1332, 64.8446, -180.8969,  0, 0, 0
L 1579.1332, 64.8446, -180.8969,  1585.3140, 61.1659, -167.2095,  0, 0, 0
L 1585.3140, 61.1659, -167.2095,  1577.7748, 55.4319, -172.7579,  0, 0, 0
L 1577.7748, 55.4319, -172.7579,  1582.2953, 32.3497, -154.0847,  0, 0, 0
L 1582.2953, 32.3497, -154.0847,  1584.0198, 22.9381, -176.9644,  0, 0, 0
L 1584.0198, 22.9381, -176.9644,  1584.0188, 17.5899, -181.3059,  0, 0, 0
L 1584.0188, 17.5899, -181.3059,  1580.6653, 8.6480, -182.3864,  0, 0, 0
L -600.0000, -6.0000, 1.3729,  -388.5294, -6.0000, 1.3727,  255, 0, 255
L -600.0000, -6.0000, 109.8556,  -435.3204, -6.0000, 109.8556,  255, 0, 255
L 336.5363, 107.3402, 105.8557,  57.4110, 107.3417, 105.8557,  127, 127, 127
L 57.4110, 107.3417, 105.8557,  57.4103, -117.3403, 105.8557,  127, 127, 127
L 57.4103, -117.3403, 105.8557,  336.5363, -117.3399, 105.8557,  127, 127, 127
L 336.5363, -117.3399, 105.8557,  336.5363, 107.3402, 105.8557,  127, 127, 127
L 395.2825, 163.9390, 107.8557,  9.9517, 163.9396, 107.8557,  127, 127, 127
L 9.9517, 163.9396, 107.8557,  9.9507, -173.9387, 107.8557,  127, 127, 127
L 9.9507, -173.9387, 107.8557,  395.2822, -174.0239, 107.8556,  127, 127, 127
L 395.2822, -174.0239, 107.8556,  395.2836, 163.9385, 107.8557,  127, 127, 127
L 1601.5652, -7.3354, -182.4328,  1630.3484, -7.3354, -182.4329,  255, 0, 255
P 1630.3484, -7.3354, -182.4329,  0, 127, 0,  3,  to_Theater_of_Eternity
P 777.0892, 500.0000, 0.0000,  0, 0, 0,  2,  Map_by_Goodurden_L:100_H:100
P -600.0000, -6.0000, 109.8556,  0, 127, 0,  3,  to_The_Gilded_Spire
P -600.0000, -6.0000, 1.3729,  0, 127, 0,  3,  to_The_Harbinger's_Cradle
P 777.0892, 550.0000, 0.0000,  127, 0, 0,  2,  Zone_Repop_Time:00:09:40
