P -137.5372, 26.9074, 109.8556,  0, 0, 0,  2,  (GS)_MSD
P -94.9261, -4.8401, 0.7816,  255, 0, 255,  2,  Elevators
P -94.1948, -16.4592, 109.8556,  255, 0, 255,  2,  Elevator
P 447.3748, -25.6073, 111.3952,  0, 0, 0,  2,  (GS)_Partially_Empowered_Dodecahedron
P 454.8474, 113.6970, 111.3891,  0, 0, 0,  2,  (GS)_PED
P 446.9923, -81.0502, 111.3725,  0, 0, 0,  2,  (GS)_PED
P 453.0707, -201.6650, 111.3722,  0, 0, 0,  2,  (GS)_PED
P -85.6653, -110.7149, 110.8312,  0, 0, 0,  2,  (GS)_Magic_Storage_Device
P -252.6732, -112.6000, 110.9385,  127, 0, 0,  2,  craftsman_for_something_useful
P 319.1985, -84.4190, 106.9091,  127, 0, 0,  2,  Observer*
P 71.2018, 110.2844, 0.2420,  127, 0, 0,  2,  Artificers
P 89.9328, -134.7224, 0.8994,  127, 0, 0,  2,  Inspectors
P 745.5602, 20.5588, -38.4948,  127, 0, 0,  2,  Observer
P 1370.0000, 20.0000, -141.4772,  0, 0, 0,  1,  Succor
