P -93.3020, 54.6000, -3.4910,  240, 0, 0,  1,  Trap
P -467.7352, 183.4654, -155.5400,  0, 0, 0,  2,  water_edge
P 75.9145, 2.4319, -227.6402,  0, 0, 0,  1,  Silver_Ring(GS)
P 127.4309, -262.9402, -37.8817,  0, 0, 127,  2,  commander
P 343.8758, -24.2901, -23.9980,  0, 0, 127,  2,  commander
P 207.5779, -41.1498, 1.6919,  0, 127, 127,  2,  leather_cord
P 175.0163, -83.1401, 1.6878,  0, 127, 127,  2,  leather_cord
P 284.0716, -110.2592, 1.7655,  0, 127, 127,  2,  leather_cord
P 192.6190, -135.9821, 1.6900,  0, 127, 127,  2,  leather_cord
P 192.6004, -85.1684, 1.5953,  0, 127, 127,  2,  Clue_(25th)
