P -187.3940, 890.8550, 65.8730,  0, 0, 0,  1,  Wind_Stones
P 1050.9209, -328.8759, 25.2890,  0, 0, 0,  1,  Dirtdiggers
P 1489.7007, -568.3318, 30.6400,  0, 0, 0,  1,  Dirtdiggers
P 1217.3610, -297.2339, 37.5300,  0, 0, 0,  1,  Pillars
P 742.8780, -1282.2190, 66.1000,  0, 0, 0,  1,  Pillars
P 634.7240, -1278.3716, 32.5300,  0, 0, 0,  1,  Stone_Dervishes
P 1288.2111, -1201.9269, 51.8920,  127, 64, 0,  2,  Dragon_Statue_-_Desert
P 1466.1747, -959.3179, 67.8900,  0, 0, 0,  1,  Pillars
P 1324.5889, -1341.2466, 84.7720,  0, 0, 0,  1,  Pillars
P 973.9709, -1522.8040, 43.9849,  0, 0, 0,  1,  Dirtdiggers
P -1481.9109, -632.3329, 15.9510,  127, 64, 0,  2,  Dragon_Statue_-_Ice
P -1236.8959, -496.7559, 20.6960,  0, 0, 0,  1,  Frostfang_Drakes
P -1175.9408, -305.3300, 39.2939,  0, 0, 0,  1,  Frostflakes
P -1674.3589, -1228.4900, 2.5689,  127, 64, 0,  1,  Waterfall
P -867.5818, 1001.3500, 19.3359,  127, 0, 0,  1,  Brood_Drones
P 527.5909, 1002.7328, 78.6269,  0, 0, 0,  1,  a_decaying_corpse
P 839.5789, -841.5679, 33.3239,  0, 0, 0,  1,  Earth_Stone
P 586.5589, 1043.2588, 71.9309,  0, 0, 0,  1,  Fire_Stones
P -1275.4159, -548.1960, 25.9790,  0, 0, 0,  1,  Water_Stones
P 1178.0221, 1249.0833, 81.8874,  127, 64, 0,  2,  1st_Lava_Snails_Keeper
P 669.7877, 777.3878, 78.6424,  127, 64, 0,  2,  2nd_Lava_Snails_Keeper
P 740.0768, 593.6169, 82.1339,  127, 64, 0,  2,  3rd_Lava_Snails_Keeper
P 1045.4225, -305.2295, 26.3590,  127, 64, 0,  2,  4th_Lava_Snails_Keeper
P 939.5935, 951.2626, 71.2361,  240, 0, 0,  3,  2
P 880.7927, 311.8052, 119.0572,  240, 0, 0,  3,  3
P 1293.7299, -415.6248, 33.3613,  240, 0, 0,  3,  4
P 1132.6460, 1052.5509, 83.5119,  240, 0, 0,  3,  1
