L -69.3170, 114.8413, 42.6891,  -44.2531, 87.3018, 41.2043,  0, 0, 0
L 63.5915, 67.3700, 60.2080,  78.3144, 80.4325, 64.1910,  0, 0, 0
L 78.3144, 80.4325, 64.1910,  114.6612, 72.1448, 47.4264,  0, 0, 0
L 114.6612, 72.1448, 47.4264,  131.8958, 73.7458, 38.3132,  0, 0, 0
P -1399.8196, 302.4000, 22.3500,  127, 0, 0,  2,  The_Broodqueen
P -1528.8853, 1569.4618, 16.8866,  240, 0, 0,  2,  Viridix
P -1415.3893, 227.9282, 27.2713,  240, 0, 0,  2,  The_Jungle_Walker
P 1192.2688, -584.1088, 62.2221,  240, 0, 0,  2,  Stone-Gazing_Basilisk*
P -983.8495, -720.1940, 17.8962,  240, 0, 0,  2,  Snowclaw*
P -1168.1150, -675.5947, 20.0643,  240, 0, 0,  2,  Snowbrow*
P -1082.3456, -635.8125, 19.2002,  127, 0, 0,  2,  Grel_Strongboom*
P -623.9510, 537.1332, 6.8547,  240, 0, 0,  2,  Snowbrow+
P 1014.7010, -765.4222, 50.9537,  240, 0, 0,  2,  Sandrender_Xigazn*
P 1201.7948, -1093.6978, 68.9193,  240, 0, 0,  2,  Sandpaw*
P -1466.2229, 800.7123, 23.9429,  240, 0, 0,  2,  Greentooth
P -1318.6829, -408.7819, 39.8883,  240, 0, 0,  2,  Frostfoot*
P -1276.8853, -652.5920, 34.8786,  240, 0, 0,  2,  Frostblind*
P 901.4344, 987.4885, 75.1945,  240, 0, 0,  2,  Flamefist*
P 585.3940, 932.8837, 85.9255,  240, 0, 0,  2,  Firefang*
P 301.9076, 171.1944, -64.8100,  240, 0, 0,  2,  Aqualung*
P -1335.0707, -588.2430, 54.2507,  240, 0, 0,  2,  Chillwing??
P 834.6326, 1057.4701, 71.7886,  240, 0, 0,  2,  Lavawalker_Spider*_'young
P 823.3427, 885.1111, 77.6859,  240, 0, 0,  2,  Smokestorm_(darkclaw_drake)
P -1665.6919, 725.0655, 7.3905,  240, 0, 0,  2,  x
P -1555.3949, 936.8166, 30.2552,  240, 0, 0,  2,  x
