P -1123.7389, -1159.9806, -203.8183,  127, 64, 0,  2,  Forest_Giant_Fort
P 1105.1670, 858.3895, -604.1064,  127, 64, 0,  2,  Meteor
P 709.6230, 70.1919, -641.5217,  0, 0, 127,  2,  Fiella_Fallstine
P 3640.1973, 369.6129, -345.7952,  127, 0, 0,  2,  Nezekezena
P 3503.5774, 860.6678, -294.3330,  127, 0, 0,  2,  Nezekezena
P 2551.6897, 480.8800, -373.7409,  127, 0, 0,  2,  Nezekezena
P 3946.3438, 1215.1123, -54.8881,  0, 0, 127,  2,  a_sarnak_imitator(Ench1.0)
P -2862.4678, -3238.3992, -158.8757,  0, 0, 127,  2,  Telin_Darkforest(Drd/Rng1.0)
P 0.4669, -3001.1133, -260.3616,  127, 0, 0,  2,  a_crippled_wurm(Druid2.0)
P -1266.5242, 2039.5514, -380.8521,  127, 0, 0,  2,  Ixiblat_Fer(Cle1.0)
P -548.4940, 215.1976, -381.0344,  0, 127, 127,  2,  Nore*_(BD)
P -1444.6270, 736.4914, -378.9762,  0, 127, 127,  2,  Oaken_treants
P -13.7010, 1753.8195, -379.5824,  0, 127, 127,  2,  Oaken_treants
P -1010.3676, -1195.2382, -203.0820,  0, 127, 127,  2,  Kromdul_Metal_Hoops
P 1108.6283, 857.5280, -602.4606,  0, 0, 0,  1,  Char_one_of_the_Fresh_Oak
