P 1122.9384, 676.4008, -563.5480,  127, 0, 0,  2,  Slixin_Klex
P 2826.9131, 536.2874, -373.7674,  240, 0, 0,  2,  Phurzikon*
P 4007.7361, -6372.4297, -234.4660,  0, 0, 0,  2,  Atheling_Plague
P -1192.6084, -1101.1283, -205.2350,  127, 0, 0,  2,  Gorgash
P 2355.6702, -1709.3202, -256.9272,  127, 0, 0,  2,  Nadira*
P 3948.2852, 1145.3152, -52.3980,  240, 0, 0,  2,  Korasal_Klyseer
P -1167.5790, -902.6404, -270.2667,  240, 0, 0,  2,  Gorgul_Paclock
P -828.8066, -66.6864, -379.7694,  240, 0, 0,  2,  Gullerback
P -1201.1990, -220.1641, -379.6510,  240, 0, 0,  2,  Gullerback
P -865.5001, -170.4600, -379.7049,  240, 0, 0,  2,  Gullerback
