P -2660.02, -21.795, -3.9290,  0, 0, 240,  2,  Felen_(M)
P 414.98, -2687.795, -2.3790,  0, 0, 240,  2,  Kaila_(Smith)
P 394.98, -2716.795, -2.3790,  0, 0, 240,  2,  Ayen_(Smith)
P 658.98, -2610.795, 8.5930,  0, 0, 240,  2,  Gamin_(M)
P 681.98, -2609.795, -2.5500,  0, 0, 240,  2,  Nalda_(Smith)
P 621.98, -2698.795, 8.4879,  0, 0, 240,  2,  Iglan_(M)
P 600.98, -2686.795, -2.1600,  0, 0, 240,  2,  Urazun_(Baking)
P 399.98, -2729.795, 8.2699,  0, 0, 240,  2,  Inudul_(Brewer)
P 1689.98, 1389.205, -2.9870,  0, 0, 240,  2,  Izbal_(Pottery)
P 1711.98, 1411.205, -1.9550,  0, 0, 240,  2,  Gand_(Armorer)
P 1674.98, 1287.205, -2.5600,  0, 0, 240,  2,  Alga_(Tailor)
P -2286.02, 2185.205, -3.9289,  0, 0, 240,  2,  Ellona_(Spells)
P -3153.02, 1602.205, -3.6880,  0, 0, 240,  2,  Fugan_(Tailor)
P -3094.02, -1357.795, -3.2959,  0, 0, 240,  2,  Parn_(M)
P 1973.249, 2300.173, 47.9401,  0, 0, 240,  2,  Horgram
P -3162.675, -1007.508, 0.9907,  0, 0, 240,  2,  Firin_McYorth
P 2639.63, 1315.95, 2.7947,  0, 0, 240,  2,  Savil_Tranquilsong(Mi)'Willing
P -2994.481, -1313.486, -0.7960,  0, 0, 240,  2,  Siltria_Marwind
P -78.262, -2854.03, -2.6882,  0, 0, 240,  2,  Dandelek(M)
P 2210.822, 1224.569, -1.8493,  0, 0, 240,  2,  Xyzelaune(Adv)
P 2221.282, 1249.149, -1.8628,  0, 0, 240,  2,  Glopruk(R)
P 2242.668, 1220.896, -1.8628,  0, 0, 240,  2,  Soulbinder
P 2210.174, 1184.456, -1.8554,  0, 0, 240,  2,  Kriggl(R)
P 2131.891, 1176.805, -1.8663,  0, 0, 240,  2,  Alinai(R)
P 2120.329, 1205.476, -1.8635,  0, 0, 240,  2,  Jelqtan(Adv_M)
P -3287.112, -1084.83, 9.4852,  240, 240, 240,  2,  Agent_of_Change_(R)_Timorous
