P 83.5559, -49.9194, -1.9990,  0, 0, 0,  1,  Loom
P 315.8711, -219.9071, -1.9990,  0, 0, 0,  1,  Forge
P 34.8211, 377.6646, 0.1000,  0, 0, 0,  1,  Forge
P 12.6280, -685.5522, -1.9990,  0, 0, 0,  1,  Brew_Barrel
P -147.5141, -522.2187, 2.9000,  0, 0, 0,  1,  Oven
P 195.1629, -232.4903, -1.9990,  0, 0, 0,  1,  Pottery_Wheel
P 218.6513, -259.5941, -1.9990,  0, 0, 0,  1,  Kiln
P 25.5625, 531.6330, 55.9697,  0, 0, 0,  1,  Forge
P -115.5764, -460.9777, 1.2000,  0, 0, 127,  2,  Tikesh
P 50.4669, -247.3632, 1.2000,  0, 0, 127,  2,  Zreksan
P 275.5785, -1004.9579, 29.5340,  0, 127, 127,  2,  Tezrisz_Sirrik
P 293.0000, -1149.0000, -27.9981,  127, 0, 0,  2,  Vessel_Drozlin_(Ench1.0)Spells)
P 452.0632, -944.6542, -27.9980,  0, 0, 240,  2,  an_epic_request_(Enc)
P 90.1628, -875.8066, 15.7396,  0, 0, 127,  2,  a_naive_iksar*Anniversary
P 236.9139, -415.5933, 16.1343,  0, 0, 127,  2,  Half_Elf_Maiden
P 340.9087, -384.6820, 15.5503,  0, 0, 0,  2,  key_(GS)
P -134.5867, -553.9816, 3.7797,  0, 127, 127,  2,  Cabilis_Habanero_Extract_(GS)
P 40.6404, -691.2855, -0.2174,  0, 127, 127,  2,  Cabilis_Serrano_Extract_(GS)
