L 82.9412, -832.8184, 1.5728,  82.9412, -832.8184, 1.5728,  0, 0, 0
P 28.0000, 620.0000, 0.1000,  0, 0, 240,  2,  Ygen_(Weapons)
P 7.0000, 639.0000, 0.1000,  0, 0, 240,  2,  Phlegyl_(Armor)
P 133.0000, -53.0000, -1.5555,  0, 0, 240,  2,  Scaznar_(Armor)
P 97.3700, -1134.0000, -27.9989,  0, 0, 127,  3,  Vizaroth_(Spells)
P 105.0000, -1000.0000, 41.9697,  0, 0, 127,  3,  Gristle_(Spells)
P 260.0000, -1126.0000, -27.9976,  0, 0, 127,  3,  Grazik_(Spells)
P 266.0000, -1000.0000, 41.9697,  0, 0, 127,  3,  Rygle_(Spells)
P 189.0000, -1026.0000, 55.9697,  0, 0, 127,  3,  Zreezas_(Spells)
P -8.0000, 512.0000, 55.9697,  0, 0, 240,  2,  Zern_(Smith)
P 7.0000, 525.0000, 55.9697,  0, 0, 240,  2,  Qag_(Weapons)
P -21.0000, 541.0000, 55.9697,  0, 0, 240,  2,  Xzatik_(Smith)
P -37.0000, 527.0000, 55.9697,  0, 0, 240,  2,  Bashdyn_(Armor)
P 311.0000, 508.0000, 28.1000,  0, 0, 240,  2,  Granthrow_(Weapons)
P 242.0000, 596.0000, 0.1000,  0, 0, 240,  2,  Kobl_(M)
P 202.0000, 437.0000, 0.1000,  0, 0, 240,  2,  Krikt_(Smith)
P 215.0000, 427.0000, 0.1000,  0, 0, 240,  2,  Vyx_(Smith)
P 33.0000, 432.0000, 0.1000,  0, 0, 240,  2,  Grugl_(Weapons)
P 8.0000, -58.0000, -1.5169,  0, 0, 240,  2,  Vednir_(M)
P 9.0000, -128.0000, -1.5555,  0, 0, 240,  2,  Stitch_(Tailor)
P 19.0000, -142.0000, -1.7574,  0, 0, 240,  2,  Tempar_(Armor)
P 127.0000, -129.0000, -1.9990,  0, 0, 240,  2,  Ephmir_(M)
P 204.0000, -143.0000, -1.5555,  0, 0, 240,  2,  Gogon_(Fletcher)
P 201.0000, -123.0000, -1.5555,  0, 0, 240,  2,  Foxmyr_(M)
P 197.0000, -51.0000, -1.5555,  0, 0, 240,  2,  Dytar_(M)
P 298.0000, -93.0000, -1.5555,  0, 0, 240,  2,  Wartol_(Tailor)
P 303.0000, -190.0000, -1.5555,  0, 0, 240,  2,  Toren_(Smith)
P 290.0000, -239.0000, -1.9990,  0, 0, 240,  2,  Nalgoz_(Smith)
P 275.0000, -239.0000, -1.5555,  0, 0, 240,  2,  Grots_(Pottery)
P 202.0000, -253.0000, -1.5555,  0, 0, 240,  2,  Hoga_(Pottery)
P 469.0000, -450.0000, -0.5555,  0, 0, 240,  2,  Wyga_(M)
P 215.0000, -386.0000, 2.9000,  0, 0, 240,  2,  Klok_Mugruk_(Q)_(Amor)
P -48.0000, -351.0000, 1.9000,  0, 0, 240,  2,  Chronicler_(M)
P -11.0000, -348.0000, 1.9000,  0, 0, 240,  2,  Rastok_(Weapons)
P -159.0000, -551.0000, 2.9000,  0, 0, 240,  2,  Sweetzie_(Baking)
P -162.0000, -531.0000, 2.9000,  0, 0, 240,  2,  Unlar_(Baking)
P -158.0000, -593.0000, 2.9000,  0, 0, 240,  2,  Gritchit_(Baking)
P -157.0000, -638.0000, 2.9000,  0, 0, 240,  2,  Oxmod_(Jewelry)
P -156.0000, -659.0000, 2.9000,  0, 0, 240,  2,  Ixmid_(Gems)
P -45.0000, -708.0000, -13.9990,  0, 0, 240,  2,  Margar_(B)
P -64.0000, -707.0000, -13.9990,  0, 0, 240,  2,  Rakra_(B)
P 26.0000, -678.0000, -1.9990,  0, 0, 240,  2,  Prixal_(Brewer)
P 38.0000, -667.0000, -1.5555,  0, 0, 240,  2,  Sass_(Brewer)
P 27.0000, -720.0000, 0.1000,  0, 0, 240,  2,  Shakar_(Soulbinder)
P 214.2292, -1032.1122, 15.9000,  0, 0, 127,  3,  Spell_Merchants
P 403.8870, -747.1165, 1.5954,  0, 0, 240,  2,  Exterminator_Sahizz_(Q)
P 399.1573, -1211.1906, 1.5506,  0, 0, 240,  2,  Trooper_Shestar_(Q)
P 73.4100, -877.5229, 16.0057,  0, 0, 240,  2,  Clerk_Doval_(Q)_9am
P -30.6873, 454.1158, 57.5246,  0, 0, 240,  2,  Drill_Master_Vygan_(Q)
P 34.0345, -825.2017, 2.5424,  0, 0, 240,  2,  The_Toilmaster_(Q)
P 177.8975, -1052.5392, 18.5193,  0, 0, 240,  2,  Hierophant_Oxyn_(Q)
P 88.0234, 227.7203, 1.5580,  0, 0, 127,  2,  Trooper_Fryp
P 481.6529, 104.1163, -0.4453,  0, 0, 127,  2,  Trooper_Nishnish
