P 1299.2096, 2359.1946, -123.4899,  127, 64, 0,  2,  Fungal_creatures
P 507.7040, -1501.2466, 89.0712,  127, 64, 0,  2,  Solusek_encampment
P 718.7558, -548.4630, 156.4297,  127, 64, 0,  2,  Candle_creatures
P -151.6697, 9.7556, -47.9183,  0, 0, 0,  2,  Gnolls
P 66.0668, 1074.7820, -90.1625,  0, 0, 0,  2,  Gnolls
P -267.8829, 388.8816, -5.5735,  0, 0, 0,  2,  Kobolds
P 246.2624, 1250.3888, -110.4142,  0, 0, 0,  2,  Kobolds
P 963.3047, -1156.9330, 176.2828,  0, 0, 0,  2,  Clockworks
P -265.1747, -1069.4170, 79.6322,  0, 0, 0,  2,  Clockworks
P 1476.4976, 589.1642, -51.9504,  0, 0, 0,  2,  Clockworks
P -185.4830, -1775.2582, 44.3608,  127, 64, 0,  2,  Solusek_creation
P 185.6036, -1812.7068, 100.6350,  127, 64, 0,  2,  Solusek_creation
P 67.1874, -1323.8948, 20.0375,  127, 64, 0,  2,  Solusek_creation
P 880.5564, -14.9537, -9.9786,  0, 0, 0,  2,  Soft_Wax_(SW)
P 1015.7137, 218.0242, -19.8594,  0, 0, 0,  2,  SW
P 1116.6918, 1199.6764, -58.4470,  0, 0, 0,  2,  SW
P 956.4858, 683.1083, -19.4131,  0, 0, 0,  2,  SW
P 1179.8810, 1207.5956, -55.2934,  0, 0, 0,  2,  SW
P 733.2186, 1219.4679, -1.0905,  0, 0, 0,  2,  SW
P 774.9832, 1128.1692, -18.0038,  0, 0, 0,  2,  SW
P 907.8546, 1109.7240, -37.0484,  0, 0, 0,  2,  SW
P 1258.2594, 1126.1150, -45.3139,  0, 0, 0,  2,  SW
P 777.6750, 1002.2950, -48.5482,  0, 0, 0,  2,  SW
P 801.7939, -2.4143, 15.0568,  0, 0, 0,  2,  SW
P 924.2428, 468.5807, -23.0550,  0, 0, 0,  2,  SW
P 917.0823, 221.8859, -21.4829,  0, 0, 0,  2,  SW
P 970.2244, 269.1414, -33.3464,  0, 0, 0,  2,  SW
P 966.9728, 27.0269, -19.5861,  0, 0, 0,  2,  SW
P 1121.6565, 1038.9485, -37.0538,  0, 0, 0,  2,  SW
P 768.0790, 1213.7444, -2.3635,  0, 0, 0,  2,  CW
P 692.8774, 1160.1924, -3.3324,  0, 0, 0,  2,  CW
P 743.4512, 160.2423, -8.6035,  0, 0, 0,  2,  SW
P 990.4406, 343.8235, -38.2891,  0, 0, 0,  2,  CandleWick_(CW)
P 1070.3964, 223.6431, -23.1117,  0, 0, 0,  2,  CW
P 1613.1443, 20.0322, -25.8571,  0, 0, 0,  2,  broken_drone
P -502.7062, 432.9650, 16.7341,  0, 0, 0,  2,  broken_drone
P 769.4028, -1190.6071, 165.2564,  0, 0, 0,  2,  broken_drone
P 1003.6729, 1872.7322, -128.3291,  0, 0, 0,  2,  broken_drone
P 268.8900, -443.4446, 177.3989,  0, 0, 0,  2,  broken_drone
P 658.8438, 347.7760, -21.1347,  0, 0, 0,  2,  broken_drone
P 1578.3438, 2516.0564, -127.4843,  0, 0, 0,  2,  broken_drone
P 494.3983, 1939.6238, -121.8514,  0, 0, 0,  2,  broken_drone
P -273.9944, 1055.8926, -69.4173,  0, 0, 0,  2,  broken_drone
P 1680.6139, 643.3451, -25.9822,  0, 0, 0,  2,  broken_drone
P -59.1865, -624.6050, 60.7091,  0, 0, 0,  2,  broken_drone
P 46.2748, -1014.2289, 90.7523,  0, 0, 0,  2,  broken_drone
P -350.3990, -1388.4734, 14.9542,  0, 0, 0,  2,  broken_drone
P 1378.3130, -840.2762, 40.0301,  0, 0, 0,  2,  broken_drone
P 147.0251, -31.4811, -34.6298,  0, 0, 0,  2,  broken_drone
P 1063.3251, 1335.1836, -70.2316,  0, 0, 0,  2,  broken_drone
P 981.0315, 1447.6852, -136.2260,  0, 0, 0,  2,  a_liquid_wax_pool
P 214.3402, 550.4028, -55.6404,  0, 0, 0,  2,  Underbulks
P 488.3703, -151.2368, 151.6081,  0, 0, 0,  2,  Slugs
P 921.3626, 607.7776, -19.2352,  0, 0, 0,  2,  CW
P 1032.8313, 733.9479, -26.9435,  0, 0, 0,  2,  CW
P 1159.2954, 1180.7709, -52.4569,  0, 0, 0,  2,  CW
P 1113.5905, 1161.5144, -52.9341,  0, 0, 0,  2,  CW
P 175.8868, -1077.0883, 79.6912,  0, 0, 0,  2,  Underbulks
