P 2141.3787, 745.1169, 152.9868,  127, 64, 0,  1,  Orc_Camp
P 738.3290, 889.8160, -432.5658,  0, 0, 0,  1,  Rod(Spoke_of_Tarton's_Wheel_-_Dena)
P 939.8177, 1752.1304, 146.9569,  0, 0, 127,  2,  Llara
P 573.9990, 1600.3079, 58.1377,  0, 0, 127,  2,  Corrallia_Moru
P -209.3442, 1596.5088, 179.2057,  0, 0, 127,  2,  Treanik_Ireblade(Ber1.0)
P -346.3238, 333.6770, 58.8755,  0, 0, 127,  2,  Brysell_Geogo
P -114.6484, -427.8523, 74.7754,  0, 0, 127,  2,  Sigan
P -98.2896, -413.2350, 73.1376,  0, 0, 127,  2,  Ghilanbiddle
P -86.2730, -419.1607, 74.6992,  0, 0, 127,  2,  Nyrien
P -89.7985, -445.9769, 74.1209,  0, 0, 127,  2,  Elmion
P 2025.3799, 468.3550, 57.9849,  0, 0, 127,  2,  Jinalis_Andir(Mag1.0)
P 974.5882, 393.1027, 97.6521,  0, 0, 240,  2,  Grimpl
P 946.7532, 368.5224, 98.7980,  0, 0, 127,  2,  Gundalthur
P 771.3582, 346.3888, 106.5493,  0, 0, 127,  2,  Nisha_Lightbrook'I_am_ready
P 1133.8119, 585.1666, 4.5647,  0, 0, 127,  2,  Hrellmoor
P 1005.9004, 1010.2432, -297.5930,  0, 0, 0,  1,  Old_Pipe(GS)Wiz
P 1243.0098, 1667.5972, 235.9591,  0, 0, 127,  1,  Henai_Silentwalker(LDoN)
