P 321.5930, 858.1434, -270.3890,  0, 0, 0,  1,  Chardok_Historical_Records
P 266.1614, 1043.6840, -271.4130,  0, 0, 0,  1,  record
P 11.9476, 1052.3726, -270.2312,  0, 0, 0,  1,  record
P 256.2842, 721.8487, -270.2400,  0, 0, 0,  1,  record
P 1060.8118, 332.7755, -248.6310,  127, 64, 0,  2,  Bridge_to_Royal_Palace
P 1309.2428, -751.5970, -450.3510,  0, 0, 0,  1,  Locked_Tomes_of_Atrebe
P 1423.2903, 467.5715, -421.5758,  127, 64, 0,  2,  Night_Garden
P 1883.4860, -11.1096, -396.3353,  0, 0, 127,  2,  Verrin_Di'mure
P -268.9160, 418.8865, -272.7244,  127, 64, 0,  2,  Prince_Room
P 271.9170, 1114.9214, -388.6501,  127, 64, 0,  2,  Queen's_Room
P 1014.1462, 234.6504, -424.6250,  0, 0, 0,  1,  a_barrel_of_pure_water
P 22.9242, 533.7870, -274.7690,  0, 0, 0,  1,  weapon_rack
P 117.5961, 721.8817, -270.3992,  0, 0, 127,  2,  Nik'ro_the_rowdy
P 1342.1801, -827.5037, -458.6567,  127, 64, 0,  3,  The_Vault
P 189.5942, 417.8440, -251.9012,  127, 64, 0,  2,  Royal_Palace_Foyer
P 1253.3063, 1139.4457, -200.6767,  127, 64, 0,  2,  Sokokar_Breeding_Grounds
P 38.1450, 420.9757, -274.9932,  127, 64, 0,  2,  Royal_Armory
P 491.5276, 290.7592, -242.6287,  0, 127, 127,  1,  book
P 395.1027, 292.5994, -243.5968,  0, 127, 127,  2,  Supplies(8)
P 364.4490, 285.8888, -241.4818,  0, 127, 127,  1,  book
P 174.1062, 283.5989, -271.7266,  0, 127, 127,  1,  book
P 35.5630, 560.8436, -269.9762,  0, 127, 127,  1,  book
P 17.9697, 786.1652, -270.3730,  0, 127, 127,  1,  book
P 258.1283, 1046.5741, -270.2058,  0, 127, 127,  1,  book
P 19.5185, 979.1345, -270.1920,  0, 127, 127,  1,  book
P 333.1229, 749.7555, -271.3390,  0, 127, 127,  1,  book
P 237.5117, 954.1888, -304.8763,  0, 127, 127,  1,  book
P 46.5504, 900.2699, -304.8763,  0, 127, 127,  1,  book
P 1106.8560, 180.8324, -251.9875,  0, 0, 0,  1,  prisoner
P 98.9739, 964.9896, -303.6407,  0, 255, 0,  3,  Lower_South_Green
P 98.7567, 799.4777, -304.2203,  0, 0, 255,  3,  Lower_North_Blue
P 243.3640, 799.5447, -303.6158,  255, 0, 0,  3,  Lower_North_Red
P 241.6274, 963.3478, -303.4967,  0, 0, 255,  3,  Lower_South_Blue
P 284.9724, 844.1168, -275.2975,  0, 0, 255,  3,  Upper_East_Blue
P 284.8705, 920.8663, -275.2985,  255, 0, 0,  3,  Upper_East_Red
P 335.0759, 705.6716, -275.2974,  255, 0, 0,  3,  Upper_North_Red
P 3.0389, 708.3181, -275.2976,  0, 0, 255,  3,  Upper_North_Blue
P 15.5229, 866.8246, -275.2974,  255, 0, 0,  3,  Upper_West_Red
P 15.5530, 897.6266, -275.2985,  0, 255, 0,  3,  Upper_West_Green
P 6.7636, 1058.5591, -275.2975,  0, 255, 0,  3,  Upper_South_Green
P 336.2904, 1055.4502, -275.2974,  0, 0, 255,  3,  Upper_South_Blue
P 1402.8633, 330.3250, -247.7687,  0, 127, 127,  2,  Supplies(1&2)
P 1356.8992, 336.8176, -246.8098,  0, 127, 127,  2,  Supplies(3)
P 1040.4828, 278.9391, -244.4678,  0, 127, 127,  2,  Supplies(5)
P 1341.2438, 250.5141, -244.4557,  0, 127, 127,  2,  Supplies(4)
P 673.9072, 429.5444, -241.1941,  0, 127, 127,  2,  Supplies(6)
P 633.2311, 348.7840, -241.1902,  0, 127, 127,  2,  Supplies(7)
P 975.1224, 136.6526, -226.0542,  0, 127, 127,  2,  Explosive
P 755.6505, 164.8654, -197.6442,  0, 127, 127,  2,  Explosive
P 405.0717, -293.1454, -16.7339,  0, 127, 127,  2,  Explosive
P 1421.1399, -938.9412, -452.8555,  0, 0, 0,  3,  NE
P 1421.1404, -730.3132, -452.8819,  0, 0, 0,  3,  SE
P 1200.2400, -735.2419, -455.7173,  0, 0, 0,  3,  SW
P 1193.9358, -938.9413, -452.8491,  0, 0, 0,  3,  NW
