P -590.0585, 170.9477, -38.3933,  127, 0, 0,  2,  VP_-Arisen_Mentor_Sishallan
P -23.6441, 104.4679, -232.4863,  127, 0, 0,  2,  VP_-Arisen_Fenistra
P 612.6973, -72.3660, -10.7655,  127, 64, 0,  2,  Crypt
P -245.9955, 179.5688, -187.7746,  127, 0, 0,  2,  Arisen_bones_x2
P 585.1320, -392.3243, -8.6093,  127, 64, 0,  2,  Drusella's_Room
P 554.5956, -156.4484, -8.6075,  127, 0, 0,  2,  The_Crypt_Keeper
P 672.3984, -40.0095, -8.6092,  127, 0, 0,  2,  a_keeper_of_the_crypt
P 600.1630, -371.2260, -8.6614,  0, 127, 127,  2,  convert*
P 823.8213, -246.0525, -8.6616,  0, 127, 127,  2,  convert
P 803.2480, -222.0793, -32.7344,  0, 127, 127,  2,  convert*
P -246.5329, -242.6936, -193.8474,  127, 0, 0,  2,  Arisen_bones
P -275.4146, -3.4774, -8.6613,  127, 0, 0,  2,  Arisen_bones*
P -464.1432, 173.3450, -38.3933,  127, 0, 0,  2,  Arisen_bones*
