L 1299.6216, -1351.9552, 87.3760,  1295.7948, -1344.6327, 87.9290,  100, 50, 0
L 1270.7670, -1369.2997, 88.8314,  1299.6216, -1351.9552, 87.3760,  100, 50, 0
L 1253.4745, -1341.8987, 90.5322,  1270.7670, -1369.2997, 88.8314,  100, 50, 0
L 1284.3821, -1325.5918, 89.7300,  1253.4745, -1341.8987, 90.5322,  100, 50, 0
L 1288.2201, -1332.7000, 89.1642,  1284.3821, -1325.5918, 89.7300,  100, 50, 0
L 1310.8495, -1363.5377, 87.3760,  1317.8733, -1369.9767, 87.3760,  100, 50, 0
L 1288.1949, -1385.1674, 87.3760,  1310.8495, -1363.5377, 87.3760,  100, 50, 0
L 1309.9839, -1408.8766, 87.3760,  1288.1949, -1385.1674, 87.3760,  100, 50, 0
L 1333.2618, -1387.4264, 87.3760,  1309.9839, -1408.8766, 87.3760,  100, 50, 0
L 1327.7646, -1380.8903, 87.3760,  1333.2618, -1387.4264, 87.3760,  100, 50, 0
L 1356.4182, -1402.9052, 87.3760,  1365.2582, -1400.8821, 87.3760,  100, 50, 0
L 1365.3958, -1453.4946, 87.3760,  1356.4182, -1402.9052, 87.3760,  100, 50, 0
L 1397.6680, -1447.1549, 87.3760,  1365.3958, -1453.4946, 87.3760,  100, 50, 0
L 1387.4059, -1397.1183, 87.3760,  1397.6680, -1447.1549, 87.3760,  100, 50, 0
L 1379.7681, -1398.3643, 87.3760,  1387.4059, -1397.1183, 87.3760,  100, 50, 0
L -938.9927, -1808.5247, 203.7164,  -1587.1439, -1788.3335, 204.7374,  0, 125, 0
L -1587.1439, -1788.3335, 204.7374,  -1790.1908, -1400.9712, 203.4405,  0, 125, 0
L -1790.1908, -1400.9712, 203.4405,  -1852.7175, -684.8282, 254.3487,  0, 125, 0
L -1852.7175, -684.8282, 254.3487,  -1886.7710, -545.5510, 252.9413,  0, 125, 0
L -1886.7710, -545.5510, 252.9413,  -1968.5927, -198.2587, 121.4715,  0, 125, 0
L -1968.5927, -198.2587, 121.4715,  -1927.9611, -171.9780, 109.9333,  64, 64, 64
L -1927.9611, -171.9780, 109.9333,  -1921.6730, -144.7980, 102.7010,  64, 64, 64
L -1921.6730, -144.7980, 102.7010,  -1929.7034, -116.6144, 94.4972,  64, 64, 64
L -1929.7034, -116.6144, 94.4972,  -1953.2687, -95.5777, 91.2163,  64, 64, 64
L -1953.2687, -95.5777, 91.2163,  -1976.6250, -89.8372, 90.3183,  64, 64, 64
L -1976.6250, -89.8372, 90.3183,  -1976.6250, -23.2197, 85.5010,  64, 64, 64
L -1976.6250, -23.2197, 85.5010,  -2049.3625, -23.6183, 86.6260,  64, 64, 64
L -2049.3625, -23.6183, 86.6260,  -2049.3733, -97.1250, 86.6260,  64, 64, 64
L -2049.3733, -97.1250, 86.6260,  -2240.6248, -97.1250, 86.6260,  64, 64, 64
L -2149.1638, 94.1250, 86.6260,  -2049.3750, 94.1250, 86.6260,  64, 64, 64
L -2049.3750, 94.1250, 86.6260,  -2048.9744, 20.1250, 86.6260,  64, 64, 64
L -2048.9744, 20.1250, 86.6260,  -1976.6250, 20.1356, 85.5010,  64, 64, 64
L -1976.6250, 20.1356, 85.5010,  -1976.6215, 59.5882, 85.5010,  64, 64, 64
L -1976.6215, 59.5882, 85.5010,  -1948.4729, 67.2574, 85.5010,  64, 64, 64
L -1948.4729, 67.2574, 85.5010,  -1928.8639, 87.8328, 86.6206,  64, 64, 64
L -1928.8639, 87.8328, 86.6206,  -1921.8051, 116.1463, 88.6572,  64, 64, 64
L -1921.8051, 116.1463, 88.6572,  -1931.4564, 144.9869, 92.4462,  64, 64, 64
L -1931.4564, 144.9869, 92.4462,  -1955.7339, 165.1555, 94.9072,  64, 64, 64
L -1955.7339, 165.1555, 94.9072,  -1973.1726, 169.2368, 94.2960,  64, 64, 64
L -1973.1726, 169.2368, 94.2960,  -1946.8422, 362.1139, 170.3711,  64, 64, 64
L -1946.8422, 362.1139, 170.3711,  -1919.9667, 424.6592, 220.1514,  0, 125, 0
L -1919.9667, 424.6592, 220.1514,  -1884.2848, 507.7461, 254.7758,  0, 125, 0
L -1884.2848, 507.7461, 254.7758,  -1889.2537, 703.9388, 292.7667,  0, 125, 0
L -1889.2537, 703.9388, 292.7667,  -1878.2595, 857.2356, 289.9037,  0, 125, 0
L -1878.2595, 857.2356, 289.9037,  -1784.2366, 1231.7609, 358.4125,  0, 125, 0
L -1784.2366, 1231.7609, 358.4125,  -1733.6831, 1323.8876, 345.5253,  0, 125, 0
L -1733.6831, 1323.8876, 345.5253,  -1672.7019, 1401.7843, 347.4655,  0, 125, 0
L -1672.7019, 1401.7843, 347.4655,  -1592.3306, 1473.1383, 350.5387,  0, 125, 0
L -1592.3306, 1473.1383, 350.5387,  -1467.5959, 1557.4155, 365.9866,  0, 125, 0
L -1467.5959, 1557.4155, 365.9866,  -1274.3274, 1630.1648, 352.3251,  0, 125, 0
L -1274.3274, 1630.1648, 352.3251,  -1084.6230, 1726.2090, 309.9556,  0, 125, 0
L -1084.6230, 1726.2090, 309.9556,  -971.8917, 1769.8788, 295.9080,  0, 125, 0
L -971.8917, 1769.8788, 295.9080,  -777.1110, 1794.6949, 249.3616,  0, 125, 0
L -777.1110, 1794.6949, 249.3616,  -478.6705, 1817.4087, 253.2915,  0, 125, 0
L -478.6705, 1817.4087, 253.2915,  -223.2618, 1846.1829, 193.2319,  0, 125, 0
L -223.2618, 1846.1829, 193.2319,  35.9675, 1842.1696, 184.7010,  0, 125, 0
L 35.9675, 1842.1696, 184.7010,  182.2804, 1835.3202, 194.6973,  0, 125, 0
L 182.2804, 1835.3202, 194.6973,  307.6392, 1823.3773, 225.8027,  0, 125, 0
L 307.6392, 1823.3773, 225.8027,  496.5200, 1807.9292, 173.2238,  0, 125, 0
L 496.5200, 1807.9292, 173.2238,  773.8907, 1821.3586, 187.7913,  0, 125, 0
L 773.8907, 1821.3586, 187.7913,  840.8437, 1822.7299, 182.4222,  0, 125, 0
L 917.5297, 1821.4672, 173.9133,  945.1053, 1819.8821, 165.3108,  0, 125, 0
L 945.1053, 1819.8821, 165.3108,  1103.9680, 1815.2654, 159.7537,  0, 125, 0
L 1103.9680, 1815.2654, 159.7537,  1241.5767, 1805.9502, 159.6220,  0, 125, 0
L 1241.5767, 1805.9502, 159.6220,  1306.4735, 1786.4149, 160.8326,  0, 125, 0
L 1306.4735, 1786.4149, 160.8326,  1538.4385, 1717.8687, 192.6091,  0, 125, 0
L 1538.4385, 1717.8687, 192.6091,  1564.9637, 1696.4564, 198.5151,  0, 125, 0
L 1564.9637, 1696.4564, 198.5151,  1589.5625, 1655.6768, 190.5737,  0, 125, 0
L 1589.5625, 1655.6768, 190.5737,  1640.7518, 1567.3883, 175.7230,  0, 125, 0
L 1640.7518, 1567.3883, 175.7230,  1683.5070, 1487.7019, 208.7855,  0, 125, 0
L 1683.5070, 1487.7019, 208.7855,  1699.8234, 1436.7004, 237.2164,  0, 125, 0
L 1699.8234, 1436.7004, 237.2164,  1729.1665, 1312.1648, 272.1501,  0, 125, 0
L 1729.1665, 1312.1648, 272.1501,  1741.2892, 1203.2969, 249.7720,  0, 125, 0
L 1741.2892, 1203.2969, 249.7720,  1785.8314, 1046.2362, 228.6792,  0, 125, 0
L 1785.8314, 1046.2362, 228.6792,  1787.2256, 859.8578, 195.9156,  0, 125, 0
L 1787.2256, 859.8578, 195.9156,  1790.8650, 813.5937, 203.1561,  0, 125, 0
L 1786.4103, 747.8438, 197.2957,  1755.5636, 643.7935, 174.5691,  0, 125, 0
L 1755.5636, 643.7935, 174.5691,  1733.9059, 544.7375, 215.3367,  0, 125, 0
L 1733.9059, 544.7375, 215.3367,  1686.3423, 462.5362, 229.4151,  0, 125, 0
L 1686.3423, 462.5362, 229.4151,  1611.6331, 372.7060, 221.8168,  0, 125, 0
L 1611.6331, 372.7060, 221.8168,  1558.4655, 281.5200, 238.1201,  0, 125, 0
L 1558.4655, 281.5200, 238.1201,  1539.7372, 234.6115, 242.7379,  0, 125, 0
L 1539.7372, 234.6115, 242.7379,  1511.8303, 154.3455, 239.8897,  0, 125, 0
L 1511.8303, 154.3455, 239.8897,  1488.1699, 106.3705, 232.4690,  0, 125, 0
L 1488.1699, 106.3705, 232.4690,  1461.9409, 38.7410, 209.9969,  0, 125, 0
L 1461.9409, 38.7410, 209.9969,  1450.8134, -90.5450, 217.2440,  0, 125, 0
L 1450.8134, -90.5450, 217.2440,  1463.1759, -186.5190, 231.8094,  0, 125, 0
L 1463.1759, -186.5190, 231.8094,  1485.7958, -279.8453, 220.4569,  0, 125, 0
L 1485.7958, -279.8453, 220.4569,  1541.3351, -365.5540, 235.9553,  0, 125, 0
L 1541.3351, -365.5540, 235.9553,  1577.1095, -443.7432, 235.2831,  0, 125, 0
L 1577.1095, -443.7432, 235.2831,  1714.6509, -630.3936, 243.2350,  0, 125, 0
L 1714.6509, -630.3936, 243.2350,  1746.7959, -721.4293, 223.4386,  0, 125, 0
L 1746.7959, -721.4293, 223.4386,  1758.7919, -804.9611, 252.3034,  0, 125, 0
L 1758.7919, -804.9611, 252.3034,  1771.7999, -884.7428, 253.4881,  0, 125, 0
L 1771.7999, -884.7428, 253.4881,  1787.7036, -980.5760, 188.3358,  0, 125, 0
L 1787.7036, -980.5760, 188.3358,  1794.3412, -1090.8567, 148.9874,  0, 125, 0
L 1773.7756, -1105.4303, 135.7693,  1803.1426, -1229.6757, 161.9029,  0, 125, 0
L 1803.1426, -1229.6757, 161.9029,  1772.9426, -1292.4404, 175.6854,  0, 125, 0
L 1772.9426, -1292.4404, 175.6854,  1763.9666, -1330.8148, 188.5144,  0, 125, 0
L 1763.9666, -1330.8148, 188.5144,  1762.4067, -1410.5524, 195.4787,  0, 125, 0
L 1762.4067, -1410.5524, 195.4787,  1753.1271, -1492.1735, 173.4952,  0, 125, 0
L 1753.1271, -1492.1735, 173.4952,  1735.4559, -1542.9700, 161.7571,  0, 125, 0
L 1735.4559, -1542.9700, 161.7571,  1622.8042, -1655.1030, 186.7401,  0, 125, 0
L 1622.8042, -1655.1030, 186.7401,  1439.6476, -1774.9565, 241.7848,  0, 125, 0
L 1439.6476, -1774.9565, 241.7848,  1365.1439, -1768.9374, 259.2164,  0, 125, 0
L 1365.1439, -1768.9374, 259.2164,  1318.5388, -1767.8313, 264.8367,  0, 125, 0
L 1318.5388, -1767.8313, 264.8367,  1264.3539, -1770.8579, 256.9519,  0, 125, 0
L 1264.3539, -1770.8579, 256.9519,  1180.4740, -1775.5579, 232.4448,  0, 125, 0
L 1180.4740, -1775.5579, 232.4448,  1111.1099, -1784.9723, 232.5211,  0, 125, 0
L 1111.1099, -1784.9723, 232.5211,  1038.7292, -1794.7958, 262.3442,  0, 125, 0
L 1038.7292, -1794.7958, 262.3442,  1007.1326, -1798.6686, 267.4696,  0, 125, 0
L 1007.1326, -1798.6686, 267.4696,  973.5544, -1802.4043, 271.5928,  0, 125, 0
L 973.5544, -1802.4043, 271.5928,  918.8176, -1808.4944, 261.7044,  0, 125, 0
L 918.8176, -1808.4944, 261.7044,  819.9714, -1813.3689, 223.4336,  0, 125, 0
L 819.9714, -1813.3689, 223.4336,  752.7782, -1814.5690, 245.5250,  0, 125, 0
L 752.7782, -1814.5690, 245.5250,  714.1506, -1817.3652, 259.2020,  0, 125, 0
L 714.1506, -1817.3652, 259.2020,  669.4090, -1821.9341, 259.1380,  0, 125, 0
L 669.4090, -1821.9341, 259.1380,  618.7006, -1827.1122, 240.8888,  0, 125, 0
L 618.7006, -1827.1122, 240.8888,  547.7325, -1834.1210, 203.3824,  0, 125, 0
L 547.7325, -1834.1210, 203.3824,  486.9316, -1837.9951, 190.5303,  0, 125, 0
L 486.9316, -1837.9951, 190.5303,  417.3308, -1834.1270, 186.9630,  0, 125, 0
L 417.3308, -1834.1270, 186.9630,  356.4474, -1824.7228, 175.9000,  0, 125, 0
L 356.4474, -1824.7228, 175.9000,  291.6388, -1815.3187, 153.2980,  0, 125, 0
L 291.6388, -1815.3187, 153.2980,  243.3697, -1777.3097, 109.7023,  0, 125, 0
L 111.7039, -1790.9755, 122.9761,  79.8536, -1794.9393, 123.4030,  0, 125, 0
L 79.8536, -1794.9393, 123.4030,  -22.1540, -1846.4744, 159.9265,  0, 125, 0
L -22.1540, -1846.4744, 159.9265,  -81.1131, -1840.5560, 134.5509,  0, 125, 0
L -81.1131, -1840.5560, 134.5509,  -170.1107, -1834.6866, 181.8173,  0, 125, 0
L -170.1107, -1834.6866, 181.8173,  -223.5745, -1834.6866, 227.3750,  0, 125, 0
L -223.5745, -1834.6866, 227.3750,  -282.4501, -1834.6863, 259.6746,  0, 125, 0
L -282.4501, -1834.6863, 259.6746,  -338.2370, -1830.4926, 254.3368,  0, 125, 0
L -338.2370, -1830.4926, 254.3368,  -408.9005, -1825.6530, 215.4269,  0, 125, 0
L -408.9005, -1825.6530, 215.4269,  -506.6496, -1818.7173, 163.2949,  0, 125, 0
L -506.6496, -1818.7173, 163.2949,  -583.1262, -1818.7175, 170.7734,  0, 125, 0
L -583.1262, -1818.7175, 170.7734,  -648.3559, -1812.2517, 189.3704,  0, 125, 0
L -648.3559, -1812.2517, 189.3704,  -715.2286, -1802.7120, 215.4223,  0, 125, 0
L -715.2286, -1802.7120, 215.4223,  -775.2417, -1806.2347, 221.7428,  0, 125, 0
L -775.2417, -1806.2347, 221.7428,  -842.5750, -1810.9399, 222.8956,  0, 125, 0
L -842.5750, -1810.9399, 222.8956,  -936.5538, -1808.5673, 203.7832,  0, 125, 0
L -2092.6238, 50.8866, 86.6260,  -2092.7896, -53.8104, 86.6260,  64, 64, 64
L -2092.7891, -53.8104, 86.6260,  -2197.7559, -53.8671, 86.6260,  64, 64, 64
L -2149.1597, 50.8496, 86.6260,  -2092.6238, 50.8866, 86.6260,  64, 64, 64
L -1373.6259, 1113.5851, 71.7866,  -1374.2034, 1138.3306, 71.3910,  0, 0, 255
L -1374.2034, 1138.3306, 71.3910,  -1381.1919, 1171.9399, 71.9188,  0, 0, 255
L -1381.1919, 1171.9399, 71.9188,  -1382.5201, 1190.4507, 71.8483,  0, 0, 255
L -1382.5201, 1190.4507, 71.8483,  -1380.2845, 1250.5652, 72.5859,  0, 0, 255
L -1380.2845, 1250.5652, 72.5859,  -1375.3639, 1266.3167, 72.5379,  0, 0, 255
L -1375.3639, 1266.3167, 72.5379,  -1360.3511, 1305.1067, 72.2630,  0, 0, 255
L -1360.3511, 1305.1067, 72.2630,  -1345.3615, 1326.3849, 72.4077,  0, 0, 255
L -1345.3615, 1326.3849, 72.4077,  -1326.4760, 1351.1244, 72.1461,  0, 0, 255
L -1326.4760, 1351.1244, 72.1461,  -1295.3081, 1380.6050, 71.7805,  0, 0, 255
L -1295.3081, 1380.6050, 71.7805,  -1270.4078, 1396.1105, 71.8933,  0, 0, 255
L -1270.4078, 1396.1105, 71.8933,  -1250.8330, 1404.8351, 71.9789,  0, 0, 255
L -1250.8330, 1404.8351, 71.9789,  -1220.8896, 1415.5634, 71.3329,  0, 0, 255
L -1220.8896, 1415.5634, 71.3329,  -1198.5470, 1422.1243, 71.8790,  0, 0, 255
L -1198.5470, 1422.1243, 71.8790,  -1177.5829, 1421.8643, 71.8338,  0, 0, 255
L -1177.5829, 1421.8643, 71.8338,  -1160.2797, 1418.8618, 70.8582,  0, 0, 255
L -1160.2797, 1418.8618, 70.8582,  -1137.3759, 1412.5320, 70.6290,  0, 0, 255
L -1137.3759, 1412.5320, 70.6290,  -1096.5702, 1401.2516, 71.6637,  0, 0, 255
L -1096.5702, 1401.2516, 71.6637,  -1065.9409, 1391.6665, 72.2647,  0, 0, 255
L -1065.9409, 1391.6665, 72.2647,  -1037.6161, 1375.9860, 71.4912,  0, 0, 255
L -1037.6161, 1375.9860, 71.4912,  -1014.4713, 1355.4801, 71.1465,  0, 0, 255
L -1014.4713, 1355.4801, 71.1465,  -996.1851, 1327.3816, 70.9364,  0, 0, 255
L -996.1851, 1327.3816, 70.9364,  -990.6412, 1324.1509, 72.5301,  0, 0, 255
L -990.6412, 1324.1509, 72.5301,  -985.1346, 1299.9292, 70.9090,  0, 0, 255
L -985.1346, 1299.9292, 70.9090,  -984.3038, 1258.3180, 71.1740,  0, 0, 255
L -984.3038, 1258.3180, 71.1740,  -987.2559, 1237.1563, 71.5883,  0, 0, 255
L -987.2559, 1237.1563, 71.5883,  -994.2104, 1211.2471, 71.6848,  0, 0, 255
L -994.2104, 1211.2471, 71.6848,  -1003.8795, 1192.5345, 71.7558,  0, 0, 255
L -1003.8795, 1192.5345, 71.7558,  -1020.2003, 1167.4607, 72.2715,  0, 0, 255
L -1020.2003, 1167.4607, 72.2715,  -1041.2509, 1151.1044, 72.5288,  0, 0, 255
L -1041.2509, 1151.1044, 72.5288,  -1054.1229, 1140.6729, 70.9741,  0, 0, 255
L -1054.1229, 1140.6729, 70.9741,  -1069.4944, 1121.9856, 71.2278,  0, 0, 255
L -1069.4944, 1121.9856, 71.2278,  -1093.7661, 1102.5757, 71.9919,  0, 0, 255
L -1093.7661, 1102.5757, 71.9919,  -1111.8190, 1086.4065, 72.2274,  0, 0, 255
L -1111.8190, 1086.4065, 72.2274,  -1131.1576, 1077.3143, 71.3294,  0, 0, 255
L -1131.1576, 1077.3143, 71.3294,  -1162.2550, 1057.4187, 71.6898,  0, 0, 255
L -1162.2550, 1057.4187, 71.6898,  -1178.7646, 1053.5399, 70.9660,  0, 0, 255
L -1178.7646, 1053.5399, 70.9660,  -1187.7402, 1044.9021, 72.4136,  0, 0, 255
L -1187.7402, 1044.9021, 72.4136,  -1211.6953, 1040.1576, 71.5452,  0, 0, 255
L -1211.6953, 1040.1576, 71.5452,  -1235.9991, 1032.1620, 72.8490,  0, 0, 255
L -1235.9991, 1032.1620, 72.8490,  -1268.9590, 1033.4845, 72.4171,  0, 0, 255
L -1268.9590, 1033.4845, 72.4171,  -1300.4075, 1043.1216, 71.4440,  0, 0, 255
L -1300.4075, 1043.1216, 71.4440,  -1340.8677, 1065.6200, 71.7053,  0, 0, 255
L -1340.8677, 1065.6200, 71.7053,  -1373.6259, 1113.5851, 71.9390,  0, 0, 255
L 840.8437, 1822.6974, 182.3930,  840.8436, 1780.9673, 136.9117,  64, 64, 64
L 840.8436, 1780.9673, 136.9117,  834.2471, 1780.5707, 134.1649,  64, 64, 64
L 847.2499, 1893.1388, 100.3220,  847.2813, 1757.5934, 100.1500,  64, 64, 64
L 834.3378, 1757.5934, 102.1970,  847.2813, 1757.5934, 100.1000,  64, 64, 64
L 834.4717, 1723.5930, 86.4385,  834.2471, 1780.5707, 102.8798,  64, 64, 64
L 847.3691, 1893.2166, 100.3220,  872.3749, 1893.2184, 100.3220,  64, 64, 64
L 872.3741, 1938.4684, 100.1000,  872.3749, 1893.2184, 100.1000,  64, 64, 64
L 856.3749, 1938.4684, 100.1000,  872.3741, 1938.4684, 100.1000,  64, 64, 64
L 856.3749, 1938.4684, 100.1000,  856.3727, 1985.7188, 100.1000,  64, 64, 64
L 856.3727, 1985.7188, 100.1000,  872.2339, 1985.8007, 100.1000,  64, 64, 64
L 872.2339, 1985.8007, 100.1000,  872.3300, 2018.2717, 100.3220,  64, 64, 64
L 872.3300, 2018.2717, 100.3220,  844.3749, 2018.4684, 96.1624,  64, 64, 64
L 844.3718, 2033.7188, 96.1051,  887.6249, 2033.7188, 100.3220,  64, 64, 64
L 887.6249, 2033.7188, 100.3220,  887.6250, 1970.4688, 100.1000,  64, 64, 64
L 887.6250, 1970.4688, 100.1000,  871.9446, 1970.4646, 100.1000,  64, 64, 64
L 871.9446, 1970.4646, 100.1000,  871.9891, 1953.7189, 100.1000,  64, 64, 64
L 871.9891, 1953.7189, 100.1000,  887.6249, 1953.7188, 100.1000,  64, 64, 64
L 887.6249, 1953.7188, 100.1000,  887.6212, 1893.4528, 100.3220,  64, 64, 64
L 887.6212, 1893.4528, 100.3220,  911.1249, 1893.8750, 100.3220,  64, 64, 64
L 911.1249, 1893.8750, 100.3220,  911.1037, 1757.8845, 100.1000,  64, 64, 64
L 911.1037, 1757.8845, 100.1000,  924.7773, 1757.9150, 100.2313,  64, 64, 64
L 925.4518, 1723.9729, 100.2313,  924.3188, 1780.9851, 120.4218,  64, 64, 64
L 924.3188, 1780.9851, 120.4218,  917.5312, 1780.9669, 120.3995,  64, 64, 64
L 917.5312, 1780.9669, 120.3995,  917.5306, 1821.4672, 173.9130,  64, 64, 64
L 957.7603, 1754.6420, 99.1011,  954.2798, 1741.3224, 89.1299,  64, 64, 64
L 954.2798, 1741.3224, 89.1299,  942.7500, 1728.7633, 86.7720,  64, 64, 64
L 942.7500, 1728.7633, 86.7720,  933.7610, 1726.1953, 84.4668,  64, 64, 64
L 933.7610, 1726.1953, 84.4668,  925.4518, 1723.9729, 84.9294,  64, 64, 64
L 834.4717, 1723.5930, 89.3901,  817.4545, 1728.1481, 95.2811,  64, 64, 64
L 817.4545, 1728.1481, 95.2811,  808.7913, 1737.7479, 100.1000,  64, 64, 64
L 808.7913, 1737.7479, 100.1000,  808.8002, 1739.1200, 100.3880,  64, 64, 64
L 925.2327, 1734.9989, 82.8062,  834.4266, 1735.4969, 83.6599,  64, 64, 64
L 925.1769, 1737.8080, 84.1885,  834.5714, 1738.1483, 86.6919,  64, 64, 64
L 834.4062, 1740.6563, 86.4385,  925.1202, 1740.6563, 86.4385,  64, 64, 64
L 925.6429, 1743.4688, 88.7197,  834.4062, 1743.4688, 88.7197,  64, 64, 64
L 834.4062, 1746.2813, 90.9697,  925.8500, 1746.2813, 90.9697,  64, 64, 64
L 834.4062, 1749.1250, 93.9256,  924.9518, 1749.1250, 93.2197,  64, 64, 64
L 834.5306, 1751.9374, 96.7939,  924.8961, 1751.9375, 95.5010,  64, 64, 64
L 924.8396, 1754.7821, 97.7510,  834.3491, 1754.6647, 99.5290,  64, 64, 64
L 1791.1276, 813.5937, 203.5680,  1748.9413, 813.6233, 140.5802,  64, 64, 64
L 1748.9413, 813.6233, 140.5802,  1747.7074, 818.2224, 139.7505,  64, 64, 64
L 1747.7074, 818.2224, 139.7505,  1743.6989, 822.3210, 135.3615,  64, 64, 64
L 1743.6989, 822.3210, 135.3615,  1739.2382, 823.4818, 129.9463,  64, 64, 64
L 1739.2382, 823.4818, 129.9463,  1733.9330, 822.3694, 125.3105,  64, 64, 64
L 1733.9330, 822.3694, 125.3105,  1729.7471, 818.5583, 121.9756,  64, 64, 64
L 1729.7471, 818.5583, 121.9756,  1728.3804, 813.7143, 120.7900,  64, 64, 64
L 1728.3804, 813.7143, 120.7900,  1729.5389, 808.4075, 121.6204,  64, 64, 64
L 1729.5389, 808.4075, 121.6204,  1733.7368, 804.1801, 124.8147,  64, 64, 64
L 1733.7368, 804.1801, 124.8147,  1738.2589, 802.9681, 128.2867,  64, 64, 64
L 1738.2589, 802.9681, 128.2867,  1738.3232, 798.4570, 128.2213,  64, 64, 64
L 1738.3232, 798.4570, 128.2213,  2058.1516, 797.8369, 69.6350,  64, 64, 64
L 2058.1516, 797.8369, 69.6350,  2058.4138, 729.3600, 49.1572,  64, 64, 64
L 2058.4138, 729.3600, 49.1572,  2092.3748, 729.5625, 29.1571,  64, 64, 64
L 2092.3748, 729.5625, 29.1571,  2160.8860, 729.5623, 29.1572,  64, 64, 64
L 2160.8860, 729.5623, 29.1572,  2195.9883, 729.5449, 49.2220,  127, 127, 127
L 2195.9883, 729.5449, 49.2220,  2195.9146, 797.8437, 69.1269,  64, 64, 64
L 2229.8123, 729.5312, 49.3125,  2229.8123, 695.3653, 49.3125,  64, 64, 64
L 2229.8123, 695.3653, 49.3125,  2161.4375, 695.3090, 29.1572,  64, 64, 64
L 2161.4375, 695.3090, 29.1572,  2024.2870, 695.4077, 49.1572,  64, 64, 64
L 2024.2870, 695.4077, 49.1572,  2024.3099, 763.3907, 69.1727,  64, 64, 64
L 2024.3099, 763.3907, 69.1727,  1887.3749, 763.6562, 109.3220,  64, 64, 64
L 1887.3749, 763.6562, 109.3220,  1738.2682, 762.9885, 128.4612,  64, 64, 64
L 1738.2682, 762.9885, 128.4612,  1738.2809, 758.5340, 126.9667,  64, 64, 64
L 1738.2809, 758.5340, 126.9667,  1732.7039, 756.8324, 121.5755,  64, 64, 64
L 1732.7039, 756.8324, 121.5755,  1729.1292, 751.5710, 117.3830,  64, 64, 64
L 1729.1292, 751.5710, 117.3830,  1728.2571, 748.2437, 116.2806,  64, 64, 64
L 1728.2571, 748.2437, 116.2806,  1729.6178, 743.1165, 117.1354,  64, 64, 64
L 1729.6178, 743.1165, 117.1354,  1734.2201, 738.8722, 120.2620,  64, 64, 64
L 1734.2201, 738.8722, 120.2620,  1738.7782, 737.8514, 122.5525,  64, 64, 64
L 1748.9419, 747.8730, 141.6319,  1747.5879, 742.9957, 136.9574,  64, 64, 64
L 1747.5879, 742.9957, 136.9574,  1744.2427, 739.6498, 131.2974,  64, 64, 64
L 1744.2427, 739.6498, 131.2974,  1738.7782, 737.8514, 123.6996,  64, 64, 64
L 1748.9417, 747.8730, 140.3457,  1786.4103, 747.8438, 197.8257,  64, 64, 64
L 1857.3732, 797.9062, 127.3220,  1857.3749, 763.6562, 127.3220,  127, 127, 127
L 1860.7184, 763.6562, 125.3220,  1860.7175, 797.9062, 125.3220,  127, 127, 127
L 1864.2980, 797.9062, 123.3220,  1864.3130, 763.6562, 123.3220,  127, 127, 127
L 1867.3749, 763.6562, 121.3220,  1867.3738, 797.9062, 121.3220,  127, 127, 127
L 1870.7179, 797.9062, 119.3220,  1870.7184, 763.6562, 119.3220,  127, 127, 127
L 1874.3099, 763.6562, 117.3220,  1874.3040, 797.9062, 117.3220,  127, 127, 127
L 1877.3738, 797.9062, 115.3220,  1877.3749, 763.6562, 115.3220,  127, 127, 127
L 1880.7184, 763.6562, 113.3220,  1880.7173, 797.9062, 113.3220,  127, 127, 127
L 1884.3009, 797.9062, 111.3220,  1884.3099, 763.6562, 111.3220,  127, 127, 127
L 1887.3749, 763.6562, 109.3220,  1887.3739, 797.9062, 109.3220,  127, 127, 127
L 1925.7173, 797.9062, 107.3220,  1925.7184, 763.6562, 107.3220,  127, 127, 127
L 1929.3099, 763.6562, 105.3220,  1929.2980, 797.9062, 105.3220,  127, 127, 127
L 1932.3738, 797.9062, 103.3220,  1932.3749, 763.6562, 103.3220,  127, 127, 127
L 1935.7184, 763.6562, 101.3220,  1935.7175, 797.9062, 101.3220,  127, 127, 127
L 1939.3040, 797.9062, 99.3220,  1939.3130, 763.6562, 99.3220,  127, 127, 127
L 1942.3750, 763.6562, 97.3220,  1942.3738, 797.9062, 97.3220,  127, 127, 127
L 1945.7175, 797.9062, 95.3220,  1945.7184, 763.6562, 95.3220,  127, 127, 127
L 1949.3099, 763.6562, 93.3220,  1949.3019, 797.9062, 93.3220,  127, 127, 127
L 1952.3739, 797.9062, 91.3220,  1952.3749, 763.6562, 91.3220,  127, 127, 127
L 1955.7184, 763.6562, 89.3220,  1955.7177, 797.9062, 89.3220,  127, 127, 127
L 1994.2980, 797.9062, 87.6350,  1994.3099, 763.6562, 87.6350,  127, 127, 127
L 1997.3749, 763.6562, 85.6350,  1997.3738, 797.9062, 85.6350,  127, 127, 127
L 2000.7175, 797.9062, 83.6350,  2000.7184, 763.6562, 83.6350,  127, 127, 127
L 2004.3130, 763.6562, 81.6350,  2004.3049, 797.9062, 81.6350,  127, 127, 127
L 2007.3739, 797.9062, 79.6350,  2007.3749, 763.6562, 79.6350,  127, 127, 127
L 2010.7184, 763.6562, 77.6350,  2010.7177, 797.9062, 77.6350,  127, 127, 127
L 2014.3069, 797.9062, 75.6350,  2014.3130, 763.6562, 75.6350,  127, 127, 127
L 2017.3749, 763.6562, 73.6350,  2017.3739, 797.9062, 73.6350,  127, 127, 127
L 2020.7180, 797.9062, 71.6350,  2020.7184, 763.6562, 71.6350,  127, 127, 127
L 2023.9980, 759.5312, 67.1572,  2058.2500, 759.5312, 67.1572,  127, 127, 127
L 2058.2500, 756.2187, 65.1572,  2023.9999, 756.2187, 65.1572,  127, 127, 127
L 2023.9999, 752.8749, 63.1572,  2058.2500, 752.8749, 63.1572,  127, 127, 127
L 2058.2500, 749.5312, 61.1572,  2023.9999, 749.5312, 61.1572,  127, 127, 127
L 2023.9999, 746.2187, 59.1572,  2058.2498, 746.2187, 59.1572,  127, 127, 127
L 2058.2500, 742.8749, 57.1572,  2023.9988, 742.8750, 57.1572,  127, 127, 127
L 2023.9989, 739.5312, 55.1572,  2058.2500, 739.5312, 55.1572,  127, 127, 127
L 2058.2498, 736.2187, 53.1572,  2023.9989, 736.2187, 53.1572,  127, 127, 127
L 2023.9999, 732.8750, 51.1572,  2058.2500, 732.8749, 51.1572,  127, 127, 127
L 2062.3748, 695.3124, 47.1572,  2062.3726, 729.5625, 47.1572,  127, 127, 127
L 2065.7168, 729.5625, 45.1572,  2065.7180, 695.3124, 45.1572,  127, 127, 127
L 2069.3088, 695.3124, 43.1572,  2069.2930, 729.5625, 43.1572,  127, 127, 127
L 2072.3728, 729.5625, 41.1572,  2072.3748, 695.3124, 41.1572,  127, 127, 127
L 2075.7183, 695.3124, 39.1572,  2075.7166, 729.5625, 39.1572,  127, 127, 127
L 2079.2859, 729.5625, 37.1572,  2079.3088, 695.3124, 37.1572,  127, 127, 127
L 2082.3748, 695.3124, 35.1572,  2082.3738, 729.5625, 35.1572,  127, 127, 127
L 2085.7161, 729.5625, 33.1572,  2085.7183, 695.3124, 33.1572,  127, 127, 127
L 2089.3088, 695.3124, 31.1571,  2089.2969, 729.5625, 31.1571,  127, 127, 127
L 2092.3713, 729.5625, 29.1571,  2092.3748, 695.3124, 29.1571,  127, 127, 127
L 2191.4375, 695.3124, 47.1572,  2191.4375, 729.5624, 47.1572,  127, 127, 127
L 2188.9338, 729.5624, 45.1572,  2188.9380, 695.3124, 45.1572,  127, 127, 127
L 2184.7500, 695.3124, 43.1572,  2184.7500, 729.5625, 43.1572,  127, 127, 127
L 2181.4375, 729.5624, 41.1572,  2181.4375, 695.3124, 41.1572,  127, 127, 127
L 2178.9380, 695.3124, 39.1572,  2178.9380, 729.5624, 39.1572,  127, 127, 127
L 2174.7498, 729.5624, 37.1572,  2174.7500, 695.3124, 37.1572,  127, 127, 127
L 2171.4375, 695.3124, 35.1572,  2171.4375, 729.5624, 35.1572,  127, 127, 127
L 2168.9380, 729.5624, 33.1572,  2168.9380, 695.3124, 33.1572,  127, 127, 127
L 2164.7500, 695.3124, 31.1571,  2164.7500, 729.5624, 31.1571,  127, 127, 127
L 2161.4375, 729.5624, 29.1572,  2161.4375, 695.3124, 29.1572,  127, 127, 127
L 1794.3412, -1090.8567, 119.7125,  1830.8715, -1115.9055, 109.8970,  150, 100, 0
L 1830.8715, -1115.9055, 109.8970,  1846.3987, -1117.2454, 109.1060,  150, 100, 0
L 1846.3987, -1117.2454, 109.1060,  1861.6974, -1114.4769, 103.1749,  150, 100, 0
L 1861.6974, -1114.4769, 103.1749,  1871.1597, -1071.1956, 88.9044,  150, 100, 0
L 1871.1597, -1071.1956, 88.9044,  1889.7479, -1047.2815, 83.7459,  150, 100, 0
L 1889.7479, -1047.2815, 83.7459,  1910.8130, -1036.4773, 83.8400,  150, 100, 0
L 1910.8130, -1036.4773, 83.8400,  1928.3748, -1032.5178, 81.6607,  150, 100, 0
L 1928.3748, -1032.5178, 81.6607,  1939.2555, -1026.2035, 79.6487,  150, 100, 0
L 1939.2555, -1026.2035, 79.6487,  1944.8909, -1016.9040, 76.7069,  150, 100, 0
L 1944.8909, -1016.9040, 76.7069,  1946.5919, -1005.7701, 75.2702,  150, 100, 0
L 1946.5919, -1005.7701, 75.2702,  1946.3782, -996.6200, 72.4137,  150, 100, 0
L 1946.3782, -996.6200, 72.4137,  1941.2300, -982.6608, 70.5328,  150, 100, 0
L 1941.2300, -982.6608, 70.5328,  1931.7644, -960.6223, 68.8555,  150, 100, 0
L 1931.7644, -960.6223, 68.8555,  1931.5370, -948.9781, 72.8772,  150, 100, 0
L 1931.5370, -948.9781, 72.8772,  1930.4280, -938.8671, 71.2199,  150, 100, 0
L 1930.4280, -938.8671, 71.2199,  1925.2660, -938.9460, 69.3555,  150, 100, 0
L 1925.2660, -938.9460, 69.3555,  1920.6510, -938.1757, 67.6859,  150, 100, 0
L 1920.6510, -938.1757, 67.6859,  1908.4836, -927.1837, 64.5357,  150, 100, 0
L 1908.4836, -927.1837, 64.5357,  1893.3870, -909.5001, 60.8000,  150, 100, 0
L 1893.3870, -909.5001, 60.8000,  1883.6836, -891.7382, 60.5765,  150, 100, 0
L 1883.6836, -891.7382, 60.5765,  1881.4723, -879.1634, 59.4230,  150, 100, 0
L 1881.4723, -879.1634, 59.4230,  1884.6250, -845.3159, 69.5992,  150, 100, 0
L 1884.6250, -845.3159, 69.5992,  1892.7692, -829.3318, 60.3123,  150, 100, 0
L 1892.7692, -829.3318, 60.3123,  1905.3606, -813.5146, 65.7614,  150, 100, 0
L 1905.3606, -813.5146, 65.7614,  1916.1829, -809.5164, 68.6623,  150, 100, 0
L 1916.1829, -809.5164, 68.6623,  1927.4902, -805.1575, 65.9710,  150, 100, 0
L 1927.4902, -805.1575, 65.9710,  1941.6176, -798.3541, 59.2591,  150, 100, 0
L 1941.6176, -798.3541, 59.2591,  1962.6194, -792.1250, 54.5743,  150, 100, 0
L 1962.6194, -792.1250, 54.5743,  1975.7538, -792.1780, 56.5264,  150, 100, 0
L 1975.7538, -792.1780, 56.5264,  1983.9536, -794.5635, 57.8802,  150, 100, 0
L 1983.9536, -794.5635, 57.8802,  1993.9972, -799.1077, 67.4600,  150, 100, 0
L 1993.9972, -799.1077, 67.4600,  1998.5360, -805.9178, 69.4703,  150, 100, 0
L 1998.5360, -805.9178, 69.4703,  2000.1504, -809.4764, 68.6415,  150, 100, 0
L 2000.1504, -809.4764, 68.6415,  2008.5232, -809.3400, 67.9834,  150, 100, 0
L 2008.5232, -809.3400, 67.9834,  2023.4467, -810.2599, 66.5936,  150, 100, 0
L 2023.4467, -810.2599, 66.5936,  2044.6357, -819.8859, 64.1156,  150, 100, 0
L 2044.6357, -819.8859, 64.1156,  2065.6282, -838.6725, 62.5748,  150, 100, 0
L 2065.6282, -838.6725, 62.5748,  2076.2693, -862.4858, 59.5733,  150, 100, 0
L 2076.2693, -862.4858, 59.5733,  2079.1538, -891.3735, 55.6878,  150, 100, 0
L 2079.1538, -891.3735, 55.6878,  2080.9148, -897.6362, 54.4609,  150, 100, 0
L 2080.9148, -897.6362, 54.4609,  2088.6060, -906.7621, 52.8250,  150, 100, 0
L 2088.6060, -906.7621, 52.8250,  2099.9531, -911.5569, 49.7685,  150, 100, 0
L 2099.9531, -911.5569, 49.7685,  2121.2271, -918.9697, 48.3751,  150, 100, 0
L 2121.2271, -918.9697, 48.3751,  2140.5625, -943.5443, 46.8670,  150, 100, 0
L 2140.5625, -943.5443, 46.8670,  2147.5183, -970.1570, 42.8051,  150, 100, 0
L 2147.5183, -970.1570, 42.8051,  2140.9839, -994.7363, 39.1822,  150, 100, 0
L 2140.9839, -994.7363, 39.1822,  2121.3567, -1028.5673, 34.7600,  150, 100, 0
L 2121.3567, -1028.5673, 34.7600,  2118.9954, -1042.8025, 31.9629,  150, 100, 0
L 2118.9954, -1042.8025, 31.9629,  2135.2998, -1048.3429, 31.4163,  150, 100, 0
L 2135.2998, -1048.3429, 31.4163,  2153.8074, -1058.9294, -4.4698,  150, 100, 0
L 2153.8074, -1058.9294, -4.4698,  2170.1123, -1071.5900, -13.1864,  150, 100, 0
L 2170.1123, -1071.5900, -13.1864,  2164.9043, -1076.5801, -11.6243,  150, 100, 0
L 2164.9043, -1076.5801, -11.6243,  2162.9346, -1087.5377, -5.2419,  150, 100, 0
L 2162.9346, -1087.5377, -5.2419,  2180.6609, -1091.3562, 0.8962,  150, 100, 0
L 2180.6609, -1091.3562, 0.8962,  2215.2153, -1099.2300, -11.8039,  150, 100, 0
L 2215.2153, -1099.2300, -11.8039,  2230.2537, -1108.2753, -16.5765,  150, 100, 0
L 2230.2537, -1108.2753, -16.5765,  2245.5845, -1128.8230, -21.7927,  150, 100, 0
L 2245.5845, -1128.8230, -21.7927,  2253.6558, -1157.9081, -23.9124,  150, 100, 0
L 2253.6558, -1157.9081, -23.9124,  2250.7244, -1181.3036, -27.2471,  150, 100, 0
L 2250.7244, -1181.3036, -27.2471,  2234.3240, -1209.7229, -31.6221,  150, 100, 0
L 2234.3240, -1209.7229, -31.6221,  2223.5698, -1216.9590, -33.8027,  150, 100, 0
L 2223.5698, -1216.9590, -33.8027,  2215.4080, -1227.1301, -36.7642,  150, 100, 0
L 2215.4080, -1227.1301, -36.7642,  2202.4358, -1265.2886, -43.6629,  150, 100, 0
L 2202.4358, -1265.2886, -43.6629,  2184.8540, -1288.4196, -46.5159,  150, 100, 0
L 2184.8540, -1288.4196, -46.5159,  2160.7773, -1302.7815, -50.1888,  150, 100, 0
L 2160.7773, -1302.7815, -50.1888,  2134.7759, -1306.1720, -52.6208,  150, 100, 0
L 2134.7759, -1306.1720, -52.6208,  2125.4539, -1310.7815, -56.4610,  150, 100, 0
L 2125.4539, -1310.7815, -56.4610,  2110.3335, -1319.8965, -51.5354,  150, 100, 0
L 2110.3335, -1319.8965, -51.5354,  2115.7520, -1339.9735, -41.5959,  150, 100, 0
L 2115.7520, -1339.9735, -41.5959,  2130.6250, -1347.6918, -45.2680,  150, 100, 0
L 2130.6250, -1347.6918, -45.2680,  2142.4158, -1352.4264, -51.1052,  150, 100, 0
L 2142.4158, -1352.4264, -51.1052,  2155.2822, -1372.7169, -61.4540,  150, 100, 0
L 2155.2822, -1372.7169, -61.4540,  2152.5923, -1405.8625, -59.9230,  150, 100, 0
L 2152.5923, -1405.8625, -59.9230,  2151.5869, -1428.7188, -37.7937,  150, 100, 0
L 2151.5869, -1428.7188, -37.7937,  2170.7195, -1429.4150, -44.1497,  150, 100, 0
L 2170.7195, -1429.4150, -44.1497,  2182.9099, -1427.6012, -42.8686,  150, 100, 0
L 2182.9099, -1427.6012, -42.8686,  2209.3792, -1419.8041, -39.3855,  150, 100, 0
L 2209.3792, -1419.8041, -39.3855,  2226.5210, -1417.5009, -37.1407,  150, 100, 0
L 2226.5210, -1417.5009, -37.1407,  2245.4690, -1417.2699, -34.8420,  150, 100, 0
L 2245.4690, -1417.2699, -34.8420,  2243.6963, -1407.5376, -26.3200,  150, 100, 0
L 2243.6963, -1407.5376, -26.3200,  2248.9861, -1399.6293, -23.3809,  150, 100, 0
L 2248.9861, -1399.6293, -23.3809,  2268.8467, -1378.7937, -34.5045,  150, 100, 0
L 2268.8467, -1378.7937, -34.5045,  2279.9854, -1368.6709, -33.5112,  150, 100, 0
L 2279.9854, -1368.6709, -33.5112,  2311.5037, -1360.2339, -31.5015,  150, 100, 0
L 2311.5037, -1360.2339, -31.5015,  2339.9883, -1353.5603, -30.4647,  150, 100, 0
L 2339.9883, -1353.5603, -30.4647,  2375.6746, -1360.6227, -32.1512,  150, 100, 0
L 2375.6746, -1360.6227, -32.1512,  2401.4246, -1372.4994, -29.9101,  150, 100, 0
L 2401.4246, -1372.4994, -29.9101,  2414.8279, -1389.5536, -29.3808,  150, 100, 0
L 2414.8279, -1389.5536, -29.3808,  2418.1194, -1409.7970, -29.3509,  150, 100, 0
L 2418.1194, -1409.7970, -29.3509,  2408.8545, -1457.9392, -27.5800,  150, 100, 0
L 2408.8545, -1457.9392, -27.5800,  2382.9329, -1478.4159, -34.3008,  150, 100, 0
L 2382.9329, -1478.4159, -34.3008,  2346.2009, -1482.3622, -35.7590,  150, 100, 0
L 2346.2009, -1482.3622, -35.7590,  2312.4517, -1480.9330, -35.1942,  150, 100, 0
L 2312.4517, -1480.9330, -35.1942,  2261.2471, -1475.3611, -35.5921,  150, 100, 0
L 2261.2471, -1475.3611, -35.5921,  2244.2778, -1458.9158, -25.5809,  150, 100, 0
L 2244.2778, -1458.9158, -25.5809,  2243.1755, -1454.7813, -24.8882,  150, 100, 0
L 2243.1755, -1454.7813, -24.8882,  2224.6577, -1454.7808, -36.8370,  150, 100, 0
L 2224.6577, -1454.7808, -36.8370,  2209.8306, -1457.7968, -40.2430,  150, 100, 0
L 2209.8306, -1457.7968, -40.2430,  2193.1648, -1463.1300, -42.9893,  150, 100, 0
L 2193.1648, -1463.1300, -42.9893,  2171.6892, -1466.7888, -44.3275,  150, 100, 0
L 2171.6892, -1466.7888, -44.3275,  2160.2881, -1466.8896, -41.7950,  150, 100, 0
L 2160.2881, -1466.8896, -41.7950,  2151.1345, -1466.9845, -41.5975,  150, 100, 0
L 2151.1345, -1466.9845, -41.5975,  2151.3655, -1483.3042, -39.5185,  150, 100, 0
L 2151.3655, -1483.3042, -39.5185,  2116.7200, -1512.1152, -53.9928,  150, 100, 0
L 2116.7200, -1512.1152, -53.9928,  2095.8645, -1515.4059, -56.2612,  150, 100, 0
L 2095.8645, -1515.4059, -56.2612,  2063.1658, -1520.7311, -61.1019,  150, 100, 0
L 2063.1658, -1520.7311, -61.1019,  2012.8140, -1518.6537, -47.1045,  150, 100, 0
L 2012.8140, -1518.6537, -47.1045,  1998.1271, -1517.9799, -47.5692,  150, 100, 0
L 1998.1271, -1517.9799, -47.5692,  1990.7687, -1492.4104, -53.2952,  150, 100, 0
L 1990.7687, -1492.4104, -53.2952,  1983.8716, -1466.1653, -52.4140,  150, 100, 0
L 1983.8716, -1466.1653, -52.4140,  1978.2933, -1444.9347, -55.7849,  150, 100, 0
L 1978.2933, -1444.9347, -55.7849,  1977.5249, -1424.8180, -41.9119,  150, 100, 0
L 1977.5249, -1424.8180, -41.9119,  1975.9021, -1419.5054, -42.8241,  150, 100, 0
L 1975.9021, -1419.5054, -42.8241,  1964.4246, -1422.9895, -45.1980,  150, 100, 0
L 1964.4246, -1422.9895, -45.1980,  1952.8992, -1427.9720, -45.9373,  150, 100, 0
L 1952.8992, -1427.9720, -45.9373,  1931.3621, -1442.4573, -44.1261,  150, 100, 0
L 1931.3621, -1442.4573, -44.1261,  1908.8329, -1449.3087, -42.8130,  150, 100, 0
L 1908.8329, -1449.3087, -42.8130,  1889.4165, -1450.1460, -38.6334,  150, 100, 0
L 1889.4165, -1450.1460, -38.6334,  1886.1847, -1458.8529, -34.4010,  150, 100, 0
L 1886.1847, -1458.8529, -34.4010,  1881.2196, -1465.4185, -34.2438,  150, 100, 0
L 1881.2196, -1465.4185, -34.2438,  1851.5249, -1494.6436, -50.5660,  150, 100, 0
L 1851.5249, -1494.6436, -50.5660,  1841.7065, -1497.3423, -47.5581,  150, 100, 0
L 1841.7065, -1497.3423, -47.5581,  1793.6936, -1509.4902, -50.5596,  150, 100, 0
L 1793.6936, -1509.4902, -50.5596,  1754.9185, -1502.3525, -51.4288,  150, 100, 0
L 1754.9185, -1502.3525, -51.4288,  1731.8750, -1491.5659, -54.7980,  150, 100, 0
L 1731.8750, -1491.5659, -54.7980,  1716.4697, -1473.1357, -59.8494,  150, 100, 0
L 1716.4697, -1473.1357, -59.8494,  1712.8453, -1451.5077, -62.7450,  150, 100, 0
L 1712.8453, -1451.5077, -62.7450,  1711.7942, -1443.8777, -61.6158,  150, 100, 0
L 1711.7942, -1443.8777, -61.6158,  1717.4346, -1423.4673, -62.5816,  150, 100, 0
L 1717.4346, -1423.4673, -62.5816,  1722.5201, -1405.4286, -58.8496,  150, 100, 0
L 1722.5201, -1405.4286, -58.8496,  1748.5264, -1384.8851, -55.6629,  150, 100, 0
L 1748.5264, -1384.8851, -55.6629,  1780.7887, -1381.1530, -51.7088,  150, 100, 0
L 1780.7887, -1381.1530, -51.7088,  1821.2963, -1382.5189, -47.7702,  150, 100, 0
L 1821.2963, -1382.5189, -47.7702,  1837.7931, -1383.4142, -43.7368,  150, 100, 0
L 1837.7931, -1383.4142, -43.7368,  1859.5216, -1391.7351, -31.3289,  150, 100, 0
L 1859.5216, -1391.7351, -31.3289,  1876.9347, -1416.7229, -20.6800,  150, 100, 0
L 1876.9347, -1416.7229, -20.6800,  1886.2593, -1421.8705, -27.8279,  150, 100, 0
L 1886.2593, -1421.8705, -27.8279,  1894.8633, -1421.8053, -34.2670,  150, 100, 0
L 1894.8633, -1421.8053, -34.2670,  1904.5181, -1419.4773, -42.3712,  150, 100, 0
L 1904.5181, -1419.4773, -42.3712,  1913.4330, -1413.6273, -49.2015,  150, 100, 0
L 1913.4330, -1413.6273, -49.2015,  1922.9075, -1404.3710, -45.5247,  150, 100, 0
L 1922.9075, -1404.3710, -45.5247,  1936.4878, -1395.6476, -46.7308,  150, 100, 0
L 1936.4878, -1395.6476, -46.7308,  1948.3964, -1390.8298, -49.6090,  150, 100, 0
L 1948.3964, -1390.8298, -49.6090,  1962.7118, -1387.6039, -49.8862,  150, 100, 0
L 1962.7118, -1387.6039, -49.8862,  1973.4209, -1385.7430, -44.4572,  150, 100, 0
L 1973.4209, -1385.7430, -44.4572,  1982.4249, -1381.2676, -42.9626,  150, 100, 0
L 1982.4249, -1381.2676, -42.9626,  1982.3219, -1362.3655, -41.6796,  150, 100, 0
L 1982.3219, -1362.3655, -41.6796,  1988.6304, -1340.9408, -54.7552,  150, 100, 0
L 1988.6304, -1340.9408, -54.7552,  1994.1638, -1326.7726, -57.4483,  150, 100, 0
L 1994.1638, -1326.7726, -57.4483,  1999.6563, -1314.1498, -60.1869,  150, 100, 0
L 1999.6563, -1314.1498, -60.1869,  2004.9507, -1306.1349, -63.5700,  150, 100, 0
L 2004.9507, -1306.1349, -63.5700,  2014.5769, -1299.3987, -63.5259,  150, 100, 0
L 2014.5769, -1299.3987, -63.5259,  2026.7262, -1290.2456, -67.2287,  150, 100, 0
L 2026.7262, -1290.2456, -67.2287,  2038.1868, -1285.6012, -71.4068,  150, 100, 0
L 2038.1868, -1285.6012, -71.4068,  2050.1218, -1283.8556, -70.4206,  150, 100, 0
L 2050.1218, -1283.8556, -70.4206,  2061.9585, -1283.8387, -66.6264,  150, 100, 0
L 2061.9585, -1283.8387, -66.6264,  2068.9585, -1287.6495, -55.9386,  150, 100, 0
L 2068.9585, -1287.6495, -55.9386,  2080.4412, -1292.6097, -52.3374,  150, 100, 0
L 2080.4412, -1292.6097, -52.3374,  2089.3054, -1293.5842, -52.9421,  150, 100, 0
L 2089.3054, -1293.5842, -52.9421,  2106.6448, -1278.4845, -55.5972,  150, 100, 0
L 2106.6448, -1278.4845, -55.5972,  2134.5876, -1268.7919, -52.6345,  150, 100, 0
L 2134.5876, -1268.7919, -52.6345,  2149.9380, -1267.2567, -49.9656,  150, 100, 0
L 2149.9380, -1267.2567, -49.9656,  2161.8352, -1259.2466, -46.3693,  150, 100, 0
L 2161.8352, -1259.2466, -46.3693,  2169.7742, -1248.6630, -43.5459,  150, 100, 0
L 2169.7742, -1248.6630, -43.5459,  2174.9839, -1237.4679, -40.7426,  150, 100, 0
L 2174.9839, -1237.4679, -40.7426,  2179.6619, -1217.1526, -36.7310,  150, 100, 0
L 2179.6619, -1217.1526, -36.7310,  2191.8108, -1197.8658, -33.6574,  150, 100, 0
L 2191.8108, -1197.8658, -33.6574,  2208.8694, -1182.1078, -31.4392,  150, 100, 0
L 2208.8694, -1182.1078, -31.4392,  2215.8728, -1168.2535, -27.2735,  150, 100, 0
L 2215.8728, -1168.2535, -27.2735,  2216.5559, -1156.3722, -23.7282,  150, 100, 0
L 2216.5559, -1156.3722, -23.7282,  2211.2778, -1141.4601, -21.9800,  150, 100, 0
L 2211.2778, -1141.4601, -21.9800,  2203.3694, -1133.7689, -16.2439,  150, 100, 0
L 2203.3694, -1133.7689, -16.2439,  2193.5569, -1129.7128, -13.4505,  150, 100, 0
L 2193.5569, -1129.7128, -13.4505,  2178.1187, -1128.9214, -4.1116,  150, 100, 0
L 2178.1187, -1128.9214, -4.1116,  2171.7876, -1135.3773, 1.6012,  150, 100, 0
L 2171.7876, -1135.3773, 1.6012,  2169.6370, -1150.7665, 1.6262,  150, 100, 0
L 2169.6370, -1150.7665, 1.6262,  2152.5093, -1154.7610, -1.4964,  150, 100, 0
L 2152.5093, -1154.7610, -1.4964,  2145.4187, -1154.9954, 5.1643,  150, 100, 0
L 2145.4187, -1154.9954, 5.1643,  2127.1670, -1151.2902, 11.4054,  150, 100, 0
L 2127.1670, -1151.2902, 11.4054,  2112.6526, -1147.1288, 19.2250,  150, 100, 0
L 2112.6526, -1147.1288, 19.2250,  2095.9421, -1143.3517, 35.4917,  150, 100, 0
L 2095.9421, -1143.3517, 35.4917,  2043.1089, -1124.5459, 55.5816,  150, 100, 0
L 2043.1089, -1124.5459, 55.5816,  2027.5442, -1104.8344, 57.7646,  150, 100, 0
L 2027.5442, -1104.8344, 57.7646,  2030.3949, -1079.8090, 55.9876,  150, 100, 0
L 2030.3949, -1079.8090, 55.9876,  2042.7673, -1060.8732, 53.1460,  150, 100, 0
L 2042.7673, -1060.8732, 53.1460,  2058.3418, -1049.4728, 52.7124,  150, 100, 0
L 2058.3418, -1049.4728, 52.7124,  2071.8335, -1042.8938, 46.1505,  150, 100, 0
L 2071.8335, -1042.8938, 46.1505,  2079.8191, -1042.2079, 43.6176,  150, 100, 0
L 2079.8191, -1042.2079, 43.6176,  2082.1528, -1042.3804, 42.7400,  150, 100, 0
L 2082.1528, -1042.3804, 42.7400,  2090.1235, -1010.6730, 34.6071,  150, 100, 0
L 2090.1235, -1010.6730, 34.6071,  2106.2290, -981.4968, 39.2053,  150, 100, 0
L 2106.2290, -981.4968, 39.2053,  2110.3193, -969.6285, 42.6799,  150, 100, 0
L 2110.3193, -969.6285, 42.6799,  2103.9092, -955.1888, 46.9992,  150, 100, 0
L 2103.9092, -955.1888, 46.9992,  2099.6799, -948.9628, 48.2008,  150, 100, 0
L 2099.6799, -948.9628, 48.2008,  2083.2869, -944.9026, 50.1084,  150, 100, 0
L 2083.2869, -944.9026, 50.1084,  2069.9668, -938.4300, 51.5486,  150, 100, 0
L 2069.9668, -938.4300, 51.5486,  2061.9646, -932.2712, 52.5009,  150, 100, 0
L 2061.9646, -932.2712, 52.5009,  2048.8589, -915.6258, 54.3337,  150, 100, 0
L 2048.8589, -915.6258, 54.3337,  2045.4607, -909.2385, 54.9765,  150, 100, 0
L 2045.4607, -909.2385, 54.9765,  2042.2288, -892.3414, 56.3564,  150, 100, 0
L 2042.2288, -892.3414, 56.3564,  2040.2179, -871.6548, 59.6081,  150, 100, 0
L 2040.2179, -871.6548, 59.6081,  2034.7433, -859.2804, 62.6208,  150, 100, 0
L 2034.7433, -859.2804, 62.6208,  2025.7589, -851.5524, 63.8815,  150, 100, 0
L 2025.7589, -851.5524, 63.8815,  2013.3804, -846.2369, 66.6266,  150, 100, 0
L 2013.3804, -846.2369, 66.6266,  1997.8342, -845.6495, 68.7957,  150, 100, 0
L 1997.8342, -845.6495, 68.7957,  2000.8529, -852.1022, 68.5473,  150, 100, 0
L 2000.8529, -852.1022, 68.5473,  1994.8783, -893.6340, 60.8440,  150, 100, 0
L 1994.8783, -893.6340, 60.8440,  1994.3931, -903.2997, 58.4082,  150, 100, 0
L 1994.3931, -903.2997, 58.4082,  1992.4706, -929.1544, 64.9624,  150, 100, 0
L 1992.4706, -929.1544, 64.9624,  1980.2921, -934.7948, 71.3536,  150, 100, 0
L 1980.2921, -934.7948, 71.3536,  1968.3184, -938.1376, 71.4950,  150, 100, 0
L 1968.3184, -938.1376, 71.4950,  1968.4908, -953.9442, 71.4941,  150, 100, 0
L 1968.4908, -953.9442, 71.4941,  1982.6180, -988.5806, 72.8721,  150, 100, 0
L 1982.6180, -988.5806, 72.8721,  1983.6598, -1009.8311, 75.3087,  150, 100, 0
L 1983.6598, -1009.8311, 75.3087,  1979.3821, -1029.8319, 77.1570,  150, 100, 0
L 1979.3821, -1029.8319, 77.1570,  1968.4500, -1049.1475, 79.6779,  150, 100, 0
L 1968.4500, -1049.1475, 79.6779,  1966.6023, -1051.3929, 79.9127,  150, 100, 0
L 1966.6023, -1051.3929, 79.9127,  1943.3351, -1066.3097, 81.9260,  150, 100, 0
L 1943.3351, -1066.3097, 81.9260,  1918.1005, -1071.1884, 83.5180,  150, 100, 0
L 1918.1005, -1071.1884, 83.5180,  1909.2797, -1076.7479, 85.8679,  150, 100, 0
L 1909.2797, -1076.7479, 85.8679,  1904.1320, -1084.7463, 89.8414,  150, 100, 0
L 1904.1320, -1084.7463, 89.8414,  1901.6737, -1102.4004, 95.5970,  150, 100, 0
L 1901.6737, -1102.4004, 95.5970,  1897.3644, -1123.5735, 98.8078,  150, 100, 0
L 1897.3644, -1123.5735, 98.8078,  1888.8679, -1139.1929, 100.7390,  150, 100, 0
L 1888.8679, -1139.1929, 100.7390,  1860.7290, -1153.3433, 105.6003,  150, 100, 0
L 1860.7290, -1153.3433, 105.6003,  1837.6069, -1152.8864, 110.4047,  150, 100, 0
L 1837.6069, -1152.8864, 110.4047,  1820.9569, -1147.7112, 113.2022,  150, 100, 0
L 1820.9569, -1147.7112, 113.2022,  1773.7756, -1105.4303, 116.4728,  150, 100, 0
L 243.5604, -1777.9661, 110.9600,  240.2023, -1766.2017, 104.4776,  64, 64, 64
L 240.2023, -1766.2017, 104.4776,  214.8755, -1740.6377, 102.3220,  64, 64, 64
L 214.8755, -1740.6377, 102.3220,  186.5309, -1733.1541, 102.3220,  64, 64, 64
L 186.5309, -1733.1541, 102.3220,  186.7772, -1744.3199, 102.5889,  64, 64, 64
L 186.7772, -1744.3199, 102.5889,  206.2115, -1749.4740, 102.3220,  64, 64, 64
L 206.2115, -1749.4740, 102.3220,  205.2955, -1750.6276, 102.3220,  64, 64, 64
L 205.2955, -1750.6276, 102.3220,  224.1700, -1769.9836, 102.3220,  64, 64, 64
L 224.1700, -1769.9836, 102.3220,  231.3240, -1796.1796, 102.3220,  64, 64, 64
L 231.3240, -1796.1796, 102.3220,  231.4056, -2006.3910, 102.3220,  64, 64, 64
L 231.4056, -2006.3910, 102.3220,  224.2545, -2033.1521, 102.3220,  64, 64, 64
L 224.2545, -2033.1521, 102.3220,  204.8826, -2052.1912, 101.8032,  64, 64, 64
L 204.7009, -2052.3611, 84.3220,  194.8274, -2060.5176, 84.3220,  64, 64, 64
L 194.8274, -2060.5176, 84.3220,  195.4390, -2066.8123, 84.3220,  64, 64, 64
L 195.4390, -2066.8123, 84.3220,  253.9062, -2066.8110, 84.3220,  64, 64, 64
L 253.9062, -2066.8110, 84.3220,  253.9062, -2166.6228, 84.3220,  64, 64, 64
L 104.6561, -2166.6250, 84.3220,  104.6561, -2066.8123, 84.3220,  64, 64, 64
L 104.6561, -2066.8123, 84.3220,  164.8550, -2066.9673, 84.3220,  64, 64, 64
L 164.8550, -2066.9673, 84.3220,  164.6178, -2060.5950, 84.3220,  64, 64, 64
L 164.6178, -2060.5950, 84.3220,  135.6608, -2038.8812, 84.3220,  64, 64, 64
L 135.6608, -2038.8812, 102.3220,  127.1563, -2005.7581, 102.3220,  64, 64, 64
L 127.1563, -2005.8569, 102.3220,  127.4017, -1795.5732, 102.3220,  64, 64, 64
L 127.4017, -1795.5732, 102.3220,  134.1490, -1770.3811, 102.3220,  64, 64, 64
L 134.1490, -1770.3811, 102.3220,  153.2127, -1751.3174, 102.3220,  64, 64, 64
L 153.2127, -1751.3174, 102.3220,  152.3500, -1749.4590, 102.3220,  64, 64, 64
L 152.3500, -1749.4590, 102.3220,  172.2915, -1743.5767, 102.3220,  64, 64, 64
L 172.2915, -1743.5767, 102.3220,  172.1864, -1733.3864, 102.2822,  64, 64, 64
L 172.1864, -1733.3864, 102.2822,  143.8557, -1740.7090, 102.3220,  64, 64, 64
L 143.8557, -1740.7090, 102.3220,  124.3483, -1760.2146, 103.8910,  64, 64, 64
L 124.3483, -1760.2146, 103.8910,  115.8290, -1770.1904, 109.5096,  64, 64, 64
L 115.8290, -1770.1904, 109.5096,  111.7082, -1790.9592, 122.9634,  64, 64, 64
L 153.4062, -2010.6239, 100.3220,  205.1562, -2010.6169, 100.3220,  127, 127, 127
L 153.4062, -2014.4999, 98.3220,  205.1562, -2014.4989, 98.3220,  127, 127, 127
L 205.1562, -2018.9368, 96.3220,  153.4062, -2018.9374, 96.3220,  127, 127, 127
L 153.4062, -2023.4059, 94.3220,  205.1562, -2023.4054, 94.3220,  127, 127, 127
L 205.1562, -2027.8429, 92.3220,  153.4062, -2027.8434, 92.3220,  127, 127, 127
L 153.4062, -2032.2809, 90.3220,  205.1562, -2032.2798, 90.3220,  127, 127, 127
L 205.1562, -2036.7179, 88.3220,  153.4062, -2036.7184, 88.3220,  127, 127, 127
L 153.4062, -2041.1559, 86.3220,  205.1562, -2041.1552, 86.3220,  127, 127, 127
L 205.1562, -2045.6239, 84.3220,  153.4062, -2045.6249, 84.3220,  127, 127, 127
L 153.4062, -2045.6249, 84.3220,  153.4062, -2010.6239, 100.3220,  64, 64, 64
L 205.1562, -2010.6129, 100.3220,  205.1562, -2045.6249, 84.3220,  64, 64, 64
L 205.1562, -2045.6249, 84.3220,  205.1562, -2052.2261, 84.3220,  64, 64, 64
L 153.4062, -2045.6249, 84.3220,  153.4061, -2052.2261, 84.3220,  64, 64, 64
L 126.4061, -2094.6189, 84.3220,  232.1123, -2094.7000, 84.3220,  64, 64, 64
L 232.1123, -2094.7000, 84.3220,  232.1578, -2133.4612, 84.3220,  64, 64, 64
L 232.1578, -2133.4612, 84.3220,  126.4063, -2133.4683, 84.3220,  64, 64, 64
L 126.4063, -2133.4683, 84.3220,  126.4061, -2094.6189, 84.3220,  64, 64, 64
L 240.4099, -1759.9963, 102.1480,  217.2051, -1736.3622, 100.3220,  127, 127, 127
L 217.2051, -1736.3622, 100.3220,  179.7121, -1726.1646, 100.3220,  127, 127, 127
L 179.7121, -1726.1646, 100.3220,  141.8086, -1736.7129, 100.3220,  127, 127, 127
L 141.8086, -1736.7129, 100.3220,  127.8717, -1749.8542, 101.3994,  127, 127, 127
L 127.8320, -1742.7511, 99.1668,  138.8154, -1732.9159, 98.3220,  127, 127, 127
L 138.8154, -1732.9159, 98.3220,  181.3440, -1721.6014, 98.3220,  127, 127, 127
L 181.3440, -1721.6014, 98.3220,  219.9619, -1732.3046, 98.3220,  127, 127, 127
L 219.9619, -1732.3046, 98.3220,  239.3920, -1752.3199, 100.5760,  127, 127, 127
L 232.6323, -1738.7200, 97.8692,  221.5319, -1727.3574, 96.1889,  127, 127, 127
L 221.5319, -1727.3574, 96.1889,  179.2564, -1716.6239, 96.3220,  127, 127, 127
L 179.2564, -1716.6239, 96.3220,  136.6511, -1727.4607, 96.2048,  127, 127, 127
L 136.6511, -1727.4607, 96.2048,  126.2103, -1737.7417, 97.8273,  127, 127, 127
L 134.1546, -1723.1683, 95.5276,  179.1730, -1711.7799, 93.6441,  127, 127, 127
L 179.1730, -1711.7799, 93.6441,  223.6639, -1722.9030, 95.4856,  127, 127, 127
L 597.4863, 1201.3511, 81.9308,  577.9308, 1214.9812, 81.5060,  0, 0, 255
L 577.9308, 1214.9812, 81.5060,  566.8875, 1220.8459, 81.6715,  0, 0, 255
L 566.8875, 1220.8459, 81.6715,  559.7627, 1229.2625, 82.7580,  0, 0, 255
L 559.7627, 1229.2625, 82.7580,  551.1875, 1229.5649, 81.8434,  0, 0, 255
L 551.1875, 1229.5649, 81.8434,  539.8134, 1231.9856, 81.4876,  0, 0, 255
L 539.8134, 1231.9856, 81.4876,  507.6256, 1232.8123, 81.7854,  0, 0, 255
L 507.6256, 1232.8123, 81.7854,  500.1630, 1234.6085, 81.8011,  0, 0, 255
L 500.1630, 1234.6085, 81.8011,  485.5101, 1234.2610, 81.4873,  0, 0, 255
L 485.5101, 1234.2610, 81.4873,  478.3566, 1232.9337, 81.8533,  0, 0, 255
L 478.3566, 1232.9337, 81.8533,  459.1010, 1232.4296, 81.6450,  0, 0, 255
L 459.1010, 1232.4296, 81.6450,  439.8561, 1225.9777, 81.6227,  0, 0, 255
L 439.8561, 1225.9777, 81.6227,  434.3473, 1226.4860, 81.7500,  0, 0, 255
L 434.3473, 1226.4860, 81.7500,  432.6354, 1221.3698, 81.4124,  0, 0, 255
L 432.6354, 1221.3698, 81.4124,  419.7590, 1213.3090, 81.7356,  0, 0, 255
L 419.7590, 1213.3090, 81.7356,  410.2871, 1209.2411, 81.5833,  0, 0, 255
L 410.2871, 1209.2411, 81.5833,  399.2530, 1198.4844, 81.7343,  0, 0, 255
L 399.2530, 1198.4844, 81.7343,  387.6641, 1192.5757, 81.6295,  0, 0, 255
L 387.6641, 1192.5757, 81.6295,  377.7590, 1175.3667, 81.7874,  0, 0, 255
L 377.7590, 1175.3667, 81.7874,  362.4207, 1159.4668, 81.6740,  0, 0, 255
L 362.4207, 1159.4668, 81.6740,  360.5672, 1118.7450, 81.6557,  0, 0, 255
L 360.5672, 1118.7450, 81.6557,  352.1738, 1108.2411, 81.5362,  0, 0, 255
L 352.1738, 1108.2411, 81.5362,  352.5312, 1094.5995, 82.3234,  0, 0, 255
L 352.5312, 1094.5995, 82.3234,  359.1641, 1083.1919, 82.4440,  0, 0, 255
L 359.1641, 1083.1919, 82.4440,  360.6986, 1077.1039, 81.7159,  0, 0, 255
L 360.6986, 1077.1039, 81.7159,  360.9456, 1059.6205, 82.1371,  0, 0, 255
L 360.9456, 1059.6205, 82.1371,  402.1424, 1019.2806, 81.7724,  0, 0, 255
L 402.1424, 1019.2806, 81.7724,  422.4827, 1003.7118, 81.7317,  0, 0, 255
L 422.4827, 1003.7118, 81.7317,  430.3217, 999.1613, 81.8598,  0, 0, 255
L 430.3217, 999.1613, 81.8598,  440.5742, 994.5380, 81.5996,  0, 0, 255
L 440.5742, 994.5380, 81.5996,  460.7993, 987.7866, 81.8221,  0, 0, 255
L 460.7993, 987.7866, 81.8221,  479.9947, 984.7034, 82.3657,  0, 0, 255
L 479.9947, 984.7034, 82.3657,  499.6010, 981.7657, 81.8170,  0, 0, 255
L 499.6010, 981.7657, 81.8170,  512.7717, 985.5560, 81.8057,  0, 0, 255
L 512.7717, 985.5560, 81.8057,  537.6561, 981.3939, 82.1697,  0, 0, 255
L 537.6561, 981.3939, 82.1697,  553.4020, 986.1118, 82.2500,  0, 0, 255
L 553.4020, 986.1118, 82.2500,  561.6390, 985.7240, 82.1397,  0, 0, 255
L 561.6390, 985.7240, 82.1397,  579.2272, 985.1743, 82.1096,  0, 0, 255
L 579.2272, 985.1743, 82.1096,  599.9564, 981.8387, 81.7142,  0, 0, 255
L 599.9564, 981.8387, 81.7142,  656.8058, 982.2938, 81.6975,  0, 0, 255
L 656.8058, 982.2938, 81.6975,  679.5750, 993.8672, 81.5108,  0, 0, 255
L 679.5750, 993.8672, 81.5108,  693.1793, 1006.8647, 81.7116,  0, 0, 255
L 693.1793, 1006.8647, 81.7116,  697.5959, 1019.8038, 81.7494,  0, 0, 255
L 697.5959, 1019.8038, 81.7494,  707.8173, 1032.9099, 81.5375,  0, 0, 255
L 707.8173, 1032.9099, 81.5375,  717.4836, 1060.6077, 81.5674,  0, 0, 255
L 717.4836, 1060.6077, 81.5674,  716.5549, 1082.7157, 81.4175,  0, 0, 255
L 716.5549, 1082.7157, 81.4175,  710.3105, 1102.2371, 81.7882,  0, 0, 255
L 710.3105, 1102.2371, 81.7882,  693.5773, 1126.8311, 81.5688,  0, 0, 255
L 693.5773, 1126.8311, 81.5688,  686.5901, 1141.9349, 81.6552,  0, 0, 255
L 686.5901, 1141.9349, 81.6552,  679.1620, 1148.9104, 81.8212,  0, 0, 255
L 679.1620, 1148.9104, 81.8212,  656.5225, 1160.6841, 81.9308,  0, 0, 255
L 656.5225, 1160.6841, 81.9308,  622.2535, 1177.8263, 81.9371,  0, 0, 255
L 622.2535, 1177.8263, 81.9371,  597.4863, 1201.3511, 82.4800,  0, 0, 255
L 1225.8639, 248.1859, 94.5019,  1235.7756, 243.8965, 94.5019,  64, 64, 64
L 1235.7756, 243.8965, 94.5019,  1262.4882, 297.3460, 94.5019,  64, 64, 64
L 1262.4882, 297.3460, 94.5019,  1333.2762, 261.4030, 99.2861,  64, 64, 64
L 1333.2762, 261.4030, 99.2861,  1293.1484, 181.6826, 94.5019,  64, 64, 64
L 1293.1484, 181.6826, 94.5019,  1284.2542, 186.1046, 94.5019,  64, 64, 64
L 1266.2565, 195.2188, 94.5019,  1222.3604, 217.3144, 94.5019,  64, 64, 64
L 1222.3604, 217.3144, 94.5019,  1226.5931, 225.7232, 94.5019,  64, 64, 64
L 1226.5931, 225.7232, 94.5019,  1217.3739, 230.6490, 93.6878,  64, 64, 64
L 1217.3739, 230.6490, 93.6878,  1208.9419, 212.8816, 93.5271,  64, 64, 64
L 1208.9419, 212.8816, 93.5271,  1261.5282, 185.5637, 94.5019,  64, 64, 64
L 1261.5282, 185.5637, 94.5019,  1266.2565, 195.2188, 94.5019,  64, 64, 64
L 1284.1699, 185.7308, 94.5019,  1279.5437, 176.5988, 94.5019,  64, 64, 64
L 1279.5437, 176.5988, 94.5019,  1298.2888, 167.9295, 93.3898,  64, 64, 64
L 1298.2888, 167.9295, 93.3898,  1346.6984, 266.8777, 92.7904,  64, 64, 64
L 1346.6984, 266.8777, 92.7904,  1257.8064, 311.6052, 92.8509,  64, 64, 64
L 1257.8064, 311.6052, 92.8509,  1225.8639, 248.1859, 93.6795,  64, 64, 64
L 1056.5132, 131.8311, 106.6320,  1057.1252, 121.1060, 106.6320,  64, 64, 64
L 1057.1252, 121.1060, 106.6320,  1117.1238, 125.5709, 106.6320,  64, 64, 64
L 1117.1238, 125.5709, 106.6320,  1122.9539, 46.5354, 106.6320,  64, 64, 64
L 1122.9539, 46.5354, 106.6320,  1033.9456, 39.9697, 106.6320,  64, 64, 64
L 1033.9456, 39.9697, 106.6320,  1033.2629, 49.2334, 106.6320,  64, 64, 64
L 1033.2629, 49.2334, 106.6320,  1022.5410, 48.4510, 106.6320,  64, 64, 64
L 1022.5410, 48.4510, 106.6320,  1024.3638, 28.4847, 105.6235,  64, 64, 64
L 1024.3638, 28.4847, 105.6235,  1134.5946, 37.3111, 104.8974,  64, 64, 64
L 1134.5946, 37.3111, 104.8974,  1126.8087, 137.4180, 105.7094,  64, 64, 64
L 1126.8087, 137.4180, 105.7094,  1056.5132, 131.8311, 105.8108,  64, 64, 64
L 1038.4690, 119.7368, 106.6320,  1037.3927, 129.1764, 106.6320,  64, 64, 64
L 1037.3927, 129.1764, 106.6320,  1016.6855, 127.8285, 106.6320,  64, 64, 64
L 1016.6855, 127.8285, 106.6320,  1021.3790, 68.8110, 106.6320,  64, 64, 64
L 1021.3790, 68.8110, 106.6320,  1031.7236, 70.9220, 106.6320,  64, 64, 64
L 1031.7236, 70.9220, 106.6320,  1028.1156, 119.5000, 106.6320,  64, 64, 64
L 1028.1156, 119.5000, 106.6320,  1038.4690, 119.7368, 106.6320,  64, 64, 64
L -717.4946, 1232.6559, 88.4407,  -882.3568, 1232.6572, 93.3015,  64, 64, 64
L -882.3568, 1232.6572, 93.3015,  -882.6875, 1503.7131, 105.7472,  64, 64, 64
L -882.6875, 1503.7131, 105.7472,  -882.2111, 1525.4178, 115.4441,  64, 64, 64
L -882.2111, 1525.4178, 115.4441,  -871.9375, 1520.8241, 112.3936,  64, 64, 64
L -871.9375, 1520.8241, 112.3936,  -871.9375, 1493.4059, 103.3275,  64, 64, 64
L -871.9375, 1493.4059, 103.3275,  -840.4097, 1493.4065, 103.1359,  64, 64, 64
L -840.4097, 1493.4065, 103.1359,  -840.2961, 1482.6563, 101.4214,  64, 64, 64
L -840.2961, 1482.6563, 101.4214,  -871.9374, 1482.6563, 101.4912,  64, 64, 64
L -871.9374, 1482.6563, 101.4912,  -871.9365, 1425.8307, 94.9072,  64, 64, 64
L -871.9365, 1425.8307, 94.9072,  -871.9365, 1417.8456, 94.5915,  64, 64, 64
L -871.9365, 1417.8456, 94.5915,  -871.9375, 1383.4059, 91.7822,  64, 64, 64
L -871.9375, 1383.4059, 91.7822,  -840.7245, 1383.4059, 92.2049,  64, 64, 64
L -840.7245, 1383.4059, 92.2049,  -840.5847, 1372.6563, 91.7822,  64, 64, 64
L -840.5847, 1372.6563, 91.7822,  -871.9374, 1372.6563, 91.7822,  64, 64, 64
L -871.9374, 1372.6563, 91.7822,  -871.9375, 1243.4059, 91.7822,  64, 64, 64
L -871.9375, 1243.4059, 91.7822,  -717.5851, 1243.4059, 88.7510,  64, 64, 64
L -717.5851, 1243.4059, 88.7510,  -717.4946, 1232.6559, 88.4407,  64, 64, 64
L -697.8179, 1243.4059, 88.7510,  -670.5660, 1243.4059, 88.7510,  64, 64, 64
L -670.5660, 1243.4059, 88.7510,  -670.1371, 1232.6563, 88.4407,  64, 64, 64
L -670.1371, 1232.6563, 88.4407,  -697.7593, 1232.7091, 88.4937,  64, 64, 64
L -697.7593, 1232.7091, 88.4937,  -697.8179, 1243.4059, 88.7510,  64, 64, 64
L -649.6702, 1243.4065, 88.7510,  -492.6875, 1243.4059, 93.5410,  64, 64, 64
L -492.6875, 1243.4059, 93.5410,  -492.6872, 1372.6563, 88.7510,  64, 64, 64
L -492.6872, 1372.6563, 88.7510,  -519.6769, 1372.6559, 88.7510,  64, 64, 64
L -519.6769, 1372.6559, 88.7510,  -519.4246, 1383.4059, 88.7510,  64, 64, 64
L -519.4246, 1383.4059, 88.7510,  -492.6875, 1383.4059, 88.7510,  64, 64, 64
L -492.6875, 1383.4059, 88.7510,  -492.6875, 1397.4156, 88.7510,  64, 64, 64
L -492.6875, 1397.4156, 88.7510,  -481.9375, 1397.3849, 88.4407,  64, 64, 64
L -481.9375, 1397.3849, 88.4407,  -482.1417, 1232.6973, 94.7112,  64, 64, 64
L -482.1417, 1232.6973, 94.7112,  -649.8365, 1232.6559, 88.4406,  64, 64, 64
L -649.8365, 1232.6559, 88.4406,  -649.6702, 1243.4065, 88.7510,  64, 64, 64
L -492.6875, 1417.9413, 88.7510,  -492.6875, 1447.2720, 88.7510,  64, 64, 64
L -492.6875, 1447.2720, 88.7510,  -481.9375, 1447.2853, 88.6572,  64, 64, 64
L -481.9375, 1447.2853, 88.6572,  -481.9375, 1418.1370, 88.4407,  64, 64, 64
L -481.9375, 1418.1370, 88.4407,  -492.6875, 1418.1603, 88.7510,  64, 64, 64
L -492.6875, 1467.4948, 88.7510,  -492.6870, 1482.6563, 88.7510,  64, 64, 64
L -492.6870, 1482.6563, 88.7510,  -520.2500, 1482.6559, 88.7510,  64, 64, 64
L -520.2500, 1482.6559, 88.7510,  -519.9867, 1493.4059, 88.7510,  64, 64, 64
L -519.9867, 1493.4059, 88.7510,  -492.6875, 1493.4059, 88.7510,  64, 64, 64
L -492.6875, 1493.4059, 88.7510,  -492.6875, 1622.6559, 88.7510,  64, 64, 64
L -492.6875, 1622.6559, 88.7510,  -530.6955, 1622.6559, 90.5101,  64, 64, 64
L -530.6955, 1622.6559, 90.5101,  -703.1169, 1622.6555, 143.5996,  64, 64, 64
L -703.1169, 1622.6555, 143.5996,  -724.2223, 1622.6558, 149.7129,  64, 64, 64
L -724.2223, 1622.6558, 149.7129,  -763.5976, 1622.6559, 156.2116,  64, 64, 64
L -763.5976, 1622.6559, 156.2116,  -770.3528, 1633.4059, 164.1600,  64, 64, 64
L -770.3528, 1633.4059, 164.1600,  -660.8309, 1633.4065, 129.5645,  64, 64, 64
L -660.8309, 1633.4065, 129.5645,  -494.9195, 1633.4065, 88.4402,  64, 64, 64
L -494.9195, 1633.4065, 88.4402,  -481.9375, 1632.9893, 88.4407,  64, 64, 64
L -481.9375, 1632.9893, 88.4407,  -481.9375, 1467.5391, 88.4407,  64, 64, 64
L -481.9375, 1467.5391, 88.4407,  -492.6875, 1467.4948, 88.7510,  64, 64, 64
L -540.1164, 1482.6563, 88.7510,  -582.4922, 1482.6969, 91.4799,  64, 64, 64
L -582.4922, 1482.6969, 91.4799,  -632.4659, 1532.6563, 92.3520,  64, 64, 64
L -632.4659, 1532.6563, 92.3520,  -732.8224, 1531.9905, 100.3487,  64, 64, 64
L -732.8224, 1531.9905, 100.3487,  -781.8632, 1482.9497, 98.4090,  64, 64, 64
L -781.8632, 1482.9497, 98.4090,  -819.5715, 1482.6559, 98.6658,  64, 64, 64
L -819.5715, 1482.6559, 98.6658,  -819.5430, 1493.4059, 102.3340,  64, 64, 64
L -819.5430, 1493.4059, 102.3340,  -782.4678, 1493.4059, 100.4290,  64, 64, 64
L -782.4678, 1493.4059, 100.4290,  -732.6671, 1543.2067, 103.8408,  64, 64, 64
L -732.6671, 1543.2067, 103.8408,  -631.5647, 1542.9810, 93.8243,  64, 64, 64
L -631.5647, 1542.9810, 93.8243,  -582.1517, 1493.4059, 89.8066,  64, 64, 64
L -582.1517, 1493.4059, 89.8066,  -539.7350, 1493.3628, 88.7510,  64, 64, 64
L -539.7350, 1493.3628, 88.7510,  -539.8556, 1482.6849, 88.7510,  64, 64, 64
L -540.7328, 1383.4059, 88.7510,  -582.5737, 1383.3729, 91.7822,  64, 64, 64
L -582.5737, 1383.3729, 91.7822,  -632.4677, 1333.4059, 90.6308,  64, 64, 64
L -632.4677, 1333.4059, 90.6308,  -732.1570, 1333.4059, 93.7674,  64, 64, 64
L -732.1570, 1333.4059, 93.7674,  -782.2045, 1383.3903, 95.3258,  64, 64, 64
L -782.2045, 1383.3903, 95.3258,  -819.7064, 1383.4059, 94.9072,  64, 64, 64
L -819.7064, 1383.4059, 94.9072,  -819.6092, 1372.6563, 93.8246,  64, 64, 64
L -819.6092, 1372.6563, 93.8246,  -782.4678, 1372.6563, 94.9072,  64, 64, 64
L -782.4678, 1372.6563, 94.9072,  -732.5696, 1322.7582, 92.9780,  64, 64, 64
L -732.5696, 1322.7582, 92.9780,  -632.2242, 1322.6624, 88.9438,  64, 64, 64
L -632.2242, 1322.6624, 88.9438,  -582.1570, 1372.6563, 90.5194,  64, 64, 64
L -582.1570, 1372.6563, 90.5194,  -540.5897, 1372.6559, 88.7510,  64, 64, 64
L -540.5897, 1372.6559, 88.7510,  -540.7328, 1383.4059, 88.7510,  64, 64, 64
L -1361.8351, 890.7200, 85.5010,  -1371.8800, 886.4446, 85.5010,  100, 50, 0
L -1371.8800, 886.4446, 85.5010,  -1373.6874, 898.6436, 85.5014,  100, 50, 0
L -1373.6874, 898.6436, 85.5014,  -1377.6332, 913.4755, 85.5010,  100, 50, 0
L -1377.6332, 913.4755, 85.5010,  -1366.8358, 914.9361, 85.5010,  100, 50, 0
L -1364.9409, 946.6328, 89.3114,  -1372.6486, 954.6028, 90.5152,  100, 50, 0
L -1372.6486, 954.6028, 90.5152,  -1352.5555, 971.4623, 90.3177,  100, 50, 0
L -1352.5555, 971.4623, 90.3177,  -1345.9242, 962.8160, 88.9692,  100, 50, 0
L -1582.7083, -1388.5287, 94.9072,  -1587.5785, -1382.9235, 94.9072,  100, 50, 0
L -1587.5785, -1382.9235, 94.9072,  -1572.6964, -1370.7904, 92.3564,  100, 50, 0
L -1572.6964, -1370.7904, 92.3564,  -1568.5496, -1378.4690, 92.8166,  100, 50, 0
L -1030.8882, -1025.7029, 69.2129,  -1040.5740, -1013.3035, 69.8330,  0, 0, 255
L -1040.5740, -1013.3035, 69.8330,  -1049.5353, -997.7844, 68.5932,  0, 0, 255
L -1049.5353, -997.7844, 68.5932,  -1062.6578, -982.1089, 68.8268,  0, 0, 255
L -1062.6578, -982.1089, 68.8268,  -1082.4596, -972.3320, 68.9342,  0, 0, 255
L -1082.4596, -972.3320, 68.9342,  -1091.7839, -971.6089, 68.9029,  0, 0, 255
L -1091.7839, -971.6089, 68.9029,  -1108.9110, -972.7518, 68.3948,  0, 0, 255
L -1108.9110, -972.7518, 68.3948,  -1119.4220, -979.4830, 69.1954,  0, 0, 255
L -1119.4220, -979.4830, 69.1954,  -1139.7378, -984.6340, 69.1568,  0, 0, 255
L -1139.7378, -984.6340, 69.1568,  -1150.4402, -991.2187, 68.7832,  0, 0, 255
L -1150.4402, -991.2187, 68.7832,  -1159.2084, -1000.9189, 68.6123,  0, 0, 255
L -1159.2084, -1000.9189, 68.6123,  -1172.2605, -1009.5825, 69.9480,  0, 0, 255
L -1172.2605, -1009.5825, 69.9480,  -1188.8839, -1031.7599, 68.6296,  0, 0, 255
L -1188.8839, -1031.7599, 68.6296,  -1191.5376, -1049.3649, 68.9398,  0, 0, 255
L -1191.5376, -1049.3649, 68.9398,  -1195.4546, -1059.5796, 68.8515,  0, 0, 255
L -1195.4546, -1059.5796, 68.8515,  -1194.8501, -1084.2040, 69.1342,  0, 0, 255
L -1194.8501, -1084.2040, 69.1342,  -1184.9349, -1117.4220, 68.9239,  0, 0, 255
L -1184.9349, -1117.4220, 68.9239,  -1178.2592, -1139.8279, 68.9518,  0, 0, 255
L -1178.2592, -1139.8279, 68.9518,  -1157.9928, -1160.4639, 69.1098,  0, 0, 255
L -1157.9928, -1160.4639, 69.1098,  -1139.2733, -1174.9364, 69.1650,  0, 0, 255
L -1139.2733, -1174.9364, 69.1650,  -1121.8619, -1182.4546, 68.8487,  0, 0, 255
L -1121.8619, -1182.4546, 68.8487,  -1101.8257, -1187.4347, 68.8931,  0, 0, 255
L -1101.8257, -1187.4347, 68.8931,  -1079.1659, -1187.2366, 68.8310,  0, 0, 255
L -1079.1659, -1187.2366, 68.8310,  -1071.7859, -1185.3123, 69.2372,  0, 0, 255
L -1071.7859, -1185.3123, 69.2372,  -1048.8163, -1171.7399, 68.8945,  0, 0, 255
L -1048.8163, -1171.7399, 68.8945,  -1037.9154, -1160.6578, 68.7125,  0, 0, 255
L -1037.9154, -1160.6578, 68.7125,  -1036.5126, -1143.2831, 69.3378,  0, 0, 255
L -1036.5126, -1143.2831, 69.3378,  -1032.5453, -1126.3534, 68.9050,  0, 0, 255
L -1032.5453, -1126.3534, 68.9050,  -1034.8578, -1098.8622, 69.1409,  0, 0, 255
L -1034.8578, -1098.8622, 69.1409,  -1024.8179, -1059.2853, 69.1762,  0, 0, 255
L -1024.8179, -1059.2853, 69.1762,  -1030.8882, -1025.7029, 68.9257,  0, 0, 255
L -1028.3868, -1039.5408, 68.9257,  -1028.4041, -1039.4474, 68.9145,  0, 0, 255
L 1201.8622, -487.6007, 82.5808,  1190.9194, -470.7769, 81.8353,  0, 0, 255
L 1190.9194, -470.7769, 81.8353,  1171.6040, -434.5054, 80.6518,  0, 0, 255
L 1171.6040, -434.5054, 80.6518,  1145.3041, -382.1211, 81.5913,  0, 0, 255
L 1145.3041, -382.1211, 81.5913,  1134.1542, -328.4773, 85.8442,  0, 0, 255
L 1134.1542, -328.4773, 85.8442,  1158.1150, -272.2635, 84.7569,  0, 0, 255
L 1158.1150, -272.2635, 84.7569,  1172.8932, -264.4940, 81.1106,  0, 0, 255
L 1172.8932, -264.4940, 81.1106,  1191.2654, -253.2065, 81.4424,  0, 0, 255
L 1191.2654, -253.2065, 81.4424,  1211.7065, -247.9191, 81.4415,  0, 0, 255
L 1211.7065, -247.9191, 81.4415,  1241.3667, -248.5061, 81.8358,  0, 0, 255
L 1241.3667, -248.5061, 81.8358,  1261.3107, -261.3349, 81.7295,  0, 0, 255
L 1261.3107, -261.3349, 81.7295,  1279.9369, -268.5011, 81.6250,  0, 0, 255
L 1279.9369, -268.5011, 81.6250,  1302.4456, -299.1800, 81.8058,  0, 0, 255
L 1302.4456, -299.1800, 81.8058,  1315.3086, -335.3663, 82.4665,  0, 0, 255
L 1315.3086, -335.3663, 82.4665,  1326.7327, -361.8645, 81.1877,  0, 0, 255
L 1326.7327, -361.8645, 81.1877,  1334.5424, -381.2481, 81.5250,  0, 0, 255
L 1334.5424, -381.2481, 81.5250,  1339.2687, -404.3070, 81.6143,  0, 0, 255
L 1339.2687, -404.3070, 81.6143,  1346.6676, -428.2524, 81.5648,  0, 0, 255
L 1346.6676, -428.2524, 81.5648,  1346.1476, -466.3070, 81.4522,  0, 0, 255
L 1346.1476, -466.3070, 81.4522,  1305.8724, -506.1569, 81.4039,  0, 0, 255
L 1305.8724, -506.1569, 81.4039,  1288.1270, -507.6270, 81.8654,  0, 0, 255
L 1288.1270, -507.6270, 81.8654,  1276.6763, -515.7501, 81.4416,  0, 0, 255
L 1276.6763, -515.7501, 81.4416,  1238.8074, -515.8760, 81.4625,  0, 0, 255
L 1238.8074, -515.8760, 81.4625,  1219.9518, -498.4980, 81.4848,  0, 0, 255
L 1219.9518, -498.4980, 81.4848,  1201.8622, -487.6007, 81.5126,  0, 0, 255
L -221.9705, -1080.4423, 70.5980,  -200.1478, -1100.5282, 69.9180,  0, 0, 255
L -200.1478, -1100.5282, 69.9180,  -178.1840, -1105.3055, 70.3011,  0, 0, 255
L -178.1840, -1105.3055, 70.3011,  -154.3293, -1098.4579, 70.3058,  0, 0, 255
L -154.3293, -1098.4579, 70.3058,  -140.8400, -1090.5641, 70.6100,  0, 0, 255
L -140.8400, -1090.5641, 70.6100,  -132.7128, -1085.6731, 69.9996,  0, 0, 255
L -132.7128, -1085.6731, 69.9996,  -126.1758, -1069.6750, 70.4167,  0, 0, 255
L -126.1758, -1069.6750, 70.4167,  -128.4721, -1054.5345, 69.7351,  0, 0, 255
L -128.4721, -1054.5345, 69.7351,  -132.7334, -1038.2195, 69.9068,  0, 0, 255
L -132.7334, -1038.2195, 69.9068,  -144.1647, -1024.5380, 70.5880,  0, 0, 255
L -144.1647, -1024.5380, 70.5880,  -154.6085, -1016.7567, 70.1518,  0, 0, 255
L -154.6085, -1016.7567, 70.1518,  -161.8250, -1011.8073, 69.4188,  0, 0, 255
L -161.8250, -1011.8073, 69.4188,  -182.4480, -1004.3079, 70.2377,  0, 0, 255
L -182.4480, -1004.3079, 70.2377,  -192.4559, -1009.9510, 70.4550,  0, 0, 255
L -192.4559, -1009.9510, 70.4550,  -195.3509, -1018.8890, 69.8679,  0, 0, 255
L -195.3509, -1018.8890, 69.8679,  -212.6710, -1030.9011, 70.4903,  0, 0, 255
L -212.6710, -1030.9011, 70.4903,  -220.9450, -1055.6705, 69.8566,  0, 0, 255
L -220.9450, -1055.6705, 69.8566,  -221.9705, -1080.4423, 69.6945,  0, 0, 255
L -234.9684, -1055.4706, 92.8961,  -320.4060, -1036.3058, 84.8242,  60, 40, 0
L -320.4060, -1036.3058, 84.8242,  -508.4653, -1009.5342, 84.8760,  60, 40, 0
L -508.4653, -1009.5342, 84.8760,  -570.9319, -975.4528, 81.7510,  60, 40, 0
L -570.9319, -975.4528, 81.7510,  -588.7748, -950.2771, 83.6700,  60, 40, 0
L -588.7748, -950.2771, 83.6700,  -601.3877, -887.3730, 81.8525,  60, 40, 0
L -601.3877, -887.3730, 81.8525,  -587.2681, -773.9927, 83.8593,  60, 40, 0
L -587.2681, -773.9927, 83.8593,  -511.3392, -625.6819, 83.2232,  60, 40, 0
L -511.3392, -625.6819, 83.2232,  -522.1268, -504.7112, 81.9690,  60, 40, 0
L -522.1268, -504.7112, 81.9690,  -576.5204, -394.5326, 81.7510,  60, 40, 0
L -576.5204, -394.5326, 81.7510,  -695.8209, -245.1912, 84.7215,  60, 40, 0
L -695.8209, -245.1912, 84.7215,  -777.3304, -123.3517, 84.8760,  60, 40, 0
L -777.3304, -123.3517, 84.8760,  -908.8052, -16.9137, 81.7510,  60, 40, 0
L -908.8052, -16.9137, 81.7510,  -988.2226, 41.5611, 81.7510,  60, 40, 0
L -988.2226, 41.5611, 81.7510,  -1079.2532, 185.5413, 81.7510,  60, 40, 0
L -1079.2532, 185.5413, 81.7510,  -1110.7329, 348.9443, 81.7510,  60, 40, 0
L -1110.7329, 348.9443, 81.7510,  -1101.1256, 524.6025, 82.4159,  60, 40, 0
L -938.2607, 6.8019, 82.6984,  -1281.5160, -15.7251, 82.9210,  60, 40, 0
L -1281.5160, -15.7251, 82.9210,  -1414.7747, -31.8950, 87.9839,  60, 40, 0
L -1414.7747, -31.8950, 87.9839,  -1550.1794, 9.2650, 81.7510,  60, 40, 0
L -1550.1794, 9.2650, 81.7510,  -1667.9054, 11.5289, 81.7510,  60, 40, 0
L -1667.9054, 11.5289, 81.7510,  -1891.6550, -3.5779, 83.1197,  60, 40, 0
L -262.1902, 1466.5741, 81.9779,  -256.2305, 1294.2654, 89.3906,  60, 40, 0
L -256.2305, 1294.2654, 89.3906,  -203.5290, 1050.2533, 82.6530,  60, 40, 0
L -203.5290, 1050.2533, 82.6530,  -284.2556, 840.5237, 92.5887,  60, 40, 0
L -284.2556, 840.5237, 92.5887,  -278.8337, 784.1344, 85.8982,  60, 40, 0
L -278.8337, 784.1344, 85.8982,  -243.3684, 745.5634, 84.8760,  60, 40, 0
L -243.3684, 745.5634, 84.8760,  -93.6765, 739.1738, 91.1334,  60, 40, 0
L -93.6765, 739.1738, 91.1334,  37.9472, 756.4221, 92.1189,  60, 40, 0
L 37.9472, 756.4221, 92.1189,  167.7010, 757.4664, 86.4348,  60, 40, 0
L 167.7010, 757.4664, 86.4348,  245.1242, 738.5715, 85.2216,  60, 40, 0
L 245.1242, 738.5715, 85.2216,  298.2194, 708.8038, 85.9886,  60, 40, 0
L 298.2194, 708.8038, 85.9886,  404.6967, 581.8510, 96.3000,  60, 40, 0
L 404.6967, 581.8510, 96.3000,  474.6985, 484.5448, 107.5170,  60, 40, 0
L 474.6985, 484.5448, 107.5170,  589.2725, 267.1913, 110.8409,  60, 40, 0
L 589.2725, 267.1913, 110.8409,  649.3155, 158.3360, 85.6813,  60, 40, 0
L 649.3155, 158.3360, 85.6813,  691.7527, 62.7935, 83.7924,  60, 40, 0
L 691.7527, 62.7935, 83.7924,  723.3033, -22.3389, 81.7510,  60, 40, 0
L 723.3033, -22.3389, 81.7510,  745.7983, -96.5143, 81.7510,  60, 40, 0
L 745.7983, -96.5143, 81.7510,  756.1590, -154.9324, 82.2854,  60, 40, 0
L 756.1590, -154.9324, 82.2854,  762.1541, -228.8944, 81.7510,  60, 40, 0
L 762.1541, -228.8944, 81.7510,  767.3940, -281.8174, 81.7510,  60, 40, 0
L 767.3940, -281.8174, 81.7510,  777.9145, -379.8949, 82.2480,  60, 40, 0
L 777.9145, -379.8949, 82.2480,  790.8640, -489.6682, 81.7510,  60, 40, 0
L 790.8640, -489.6682, 81.7510,  794.1210, -560.1624, 83.3692,  60, 40, 0
L 794.1210, -560.1624, 83.3692,  807.2744, -678.9597, 81.7510,  60, 40, 0
L 807.2744, -678.9597, 81.7510,  785.1462, -832.8405, 82.7531,  60, 40, 0
L 785.1462, -832.8405, 82.7531,  739.2880, -913.8198, 82.2133,  60, 40, 0
L 739.2880, -913.8198, 82.2133,  686.2784, -954.4900, 82.6345,  60, 40, 0
L 686.2784, -954.4900, 82.6345,  564.5317, -998.6349, 84.7818,  60, 40, 0
L 564.5317, -998.6349, 84.7818,  333.3695, -941.6669, 83.1560,  60, 40, 0
L 333.3695, -941.6669, 83.1560,  285.6970, -926.4905, 83.5410,  60, 40, 0
L 285.6970, -926.4905, 83.5410,  231.9920, -921.1420, 82.6140,  60, 40, 0
L 231.9920, -921.1420, 82.6140,  161.9220, -925.2018, 82.6829,  60, 40, 0
L 161.9220, -925.2018, 82.6829,  113.2622, -931.2355, 83.6256,  60, 40, 0
L 113.2622, -931.2355, 83.6256,  54.4832, -953.7213, 82.4976,  60, 40, 0
L 54.4832, -953.7213, 82.4976,  8.4053, -974.5897, 84.9184,  60, 40, 0
L 8.4053, -974.5897, 84.9184,  -79.6627, -996.6489, 91.1572,  60, 40, 0
L -79.6627, -996.6489, 89.7370,  5.2793, -1024.6877, 84.6029,  60, 40, 0
L 5.2793, -1024.6877, 84.6029,  6.7023, -1238.7861, 84.9900,  60, 40, 0
L 6.7023, -1238.7861, 84.9900,  21.9388, -1326.1702, 82.6013,  60, 40, 0
L 21.9388, -1326.1702, 82.6013,  45.7072, -1384.6000, 82.1280,  60, 40, 0
L 45.7072, -1384.6000, 82.1280,  88.2065, -1462.3469, 83.5741,  60, 40, 0
L 88.2065, -1462.3469, 83.5741,  126.2931, -1559.9579, 90.3400,  60, 40, 0
L 126.2931, -1559.9579, 90.3400,  168.2850, -1669.2173, 87.2489,  60, 40, 0
L 253.9062, -2113.6235, 83.4072,  232.1562, -2113.7485, 83.4072,  150, 0, 200
L 126.4063, -2115.2012, 83.4072,  104.6561, -2115.3481, 83.4072,  150, 0, 200
L 2128.9771, 729.5629, 28.5363,  2129.2444, 695.4683, 28.5322,  150, 0, 200
L 871.6249, 1960.7815, 99.3760,  856.3749, 1960.8672, 99.3760,  150, 0, 200
L -2149.1597, 50.8626, 86.1500,  -2149.1638, 94.1250, 86.1000,  150, 0, 200
L -2142.6858, -53.8622, 86.3200,  -2142.3716, -97.1250, 86.1000,  150, 0, 200
L -596.8495, -1227.7152, 84.8760,  -603.5981, -1228.9336, 84.8760,  100, 50, 0
L -603.5981, -1228.9336, 84.8760,  -604.4930, -1221.7375, 84.8760,  100, 50, 0
L -604.4930, -1221.7375, 84.8760,  -605.3252, -1210.7953, 84.8760,  100, 50, 0
L -605.3252, -1210.7953, 84.8760,  -598.3841, -1210.4889, 84.8760,  100, 50, 0
L -577.8329, -1246.4401, 85.4359,  -572.9200, -1243.9629, 84.8760,  100, 50, 0
L -572.9200, -1243.9629, 84.8760,  -567.7372, -1244.8712, 84.8760,  100, 50, 0
L -567.7372, -1244.8712, 84.8760,  -562.9930, -1247.2836, 84.8760,  100, 50, 0
L -562.9930, -1247.2836, 84.8760,  -558.7375, -1248.4313, 84.8770,  100, 50, 0
L -558.7375, -1248.4313, 84.8770,  -555.4924, -1248.7300, 84.8760,  100, 50, 0
L -555.4924, -1248.7300, 84.8760,  -551.7405, -1250.2675, 84.8760,  100, 50, 0
L -551.7405, -1250.2675, 84.8760,  -549.3831, -1254.2427, 84.8760,  100, 50, 0
L -549.3831, -1254.2427, 84.8760,  -549.8297, -1255.9502, 84.8760,  100, 50, 0
L -552.8040, -1262.4280, 85.5977,  -556.5615, -1265.1340, 85.8075,  100, 50, 0
L -556.5615, -1265.1340, 85.8075,  -560.6489, -1264.7589, 85.6470,  100, 50, 0
L -560.6489, -1264.7589, 85.6470,  -565.5901, -1261.6754, 86.2640,  100, 50, 0
L -565.5901, -1261.6754, 86.2640,  -569.7663, -1260.4373, 86.4900,  100, 50, 0
L -569.7663, -1260.4373, 86.4900,  -572.3877, -1260.1157, 86.8530,  100, 50, 0
L -572.3877, -1260.1157, 86.8530,  -576.1912, -1258.7800, 87.2425,  100, 50, 0
L -576.1912, -1258.7800, 87.2425,  -578.3613, -1254.5635, 87.5348,  100, 50, 0
L -578.3613, -1254.5635, 87.5348,  -578.3613, -1254.5265, 87.5310,  100, 50, 0
L 220.7290, 1066.2303, 84.8760,  215.4789, 1073.2554, 85.4731,  100, 50, 0
L 215.4789, 1073.2554, 85.4731,  216.4883, 1078.9495, 85.3138,  100, 50, 0
L 216.4883, 1078.9495, 85.3138,  219.1639, 1088.3105, 86.7860,  100, 50, 0
L 219.1639, 1088.3105, 86.7860,  219.7136, 1094.6809, 87.6470,  100, 50, 0
L 219.7136, 1094.6809, 87.6470,  219.6150, 1096.8251, 87.3982,  100, 50, 0
L 219.6150, 1096.8251, 87.3982,  221.4390, 1104.1897, 88.5534,  100, 50, 0
L 221.4390, 1104.1897, 88.5534,  225.3120, 1106.2917, 89.9119,  100, 50, 0
L 225.3120, 1106.2917, 89.9119,  227.8926, 1107.7970, 89.1226,  100, 50, 0
L 238.5163, 1106.1483, 88.8662,  243.5791, 1100.9690, 87.9167,  100, 50, 0
L 243.5791, 1100.9690, 87.9167,  242.6982, 1092.7942, 86.7693,  100, 50, 0
L 242.6982, 1092.7942, 86.7693,  241.1090, 1087.3369, 85.8650,  100, 50, 0
L 241.1090, 1087.3369, 85.8650,  240.5349, 1079.4576, 84.9569,  100, 50, 0
L 240.5349, 1079.4576, 84.9569,  240.9062, 1076.5139, 84.8760,  100, 50, 0
L 240.9062, 1076.5139, 84.8760,  239.6689, 1069.2589, 84.8760,  100, 50, 0
L 239.6689, 1069.2589, 84.8760,  235.8310, 1065.3206, 84.9339,  100, 50, 0
L 235.8310, 1065.3206, 84.9339,  233.3382, 1064.6365, 85.3061,  100, 50, 0
P 178.0000, -2081.0000, 83.4072,  0, 127, 0,  3,  to_Netherbian_Lair
P 2113.0000, 713.0000, 28.5322,  0, 127, 0,  3,  to_Maiden's_Eye
P 863.0000, 1946.0000, 99.3760,  0, 127, 0,  3,  to_Griegs_End
P -2071.0000, 12.0000, 86.1000,  0, 127, 0,  3,  to_Sanctus_Seru
