P -1392.0000, 858.0000, 0.0000,  127, 64, 0,  2,  Smugglers_Camp
P -609.0000, -1298.0000, 0.0000,  127, 64, 0,  2,  Smugglers_Camp
P 230.0000, 1013.0000, 0.0000,  127, 64, 0,  2,  Smugglers_Camp
P 1273.0000, 97.0000, 0.0000,  127, 64, 0,  2,  Circle_of_Adventurers
P 1461.0000, -695.0000, 0.0000,  127, 64, 0,  2,  Mushroom_Ring
P 1263.5916, -1380.6746, 89.1929,  127, 64, 0,  2,  Smugglers_Camp
P 1501.0000, 660.0000, 0.0000,  127, 64, 0,  2,  Tribal_Camp
P 1782.7079, -1461.4551, -50.2152,  127, 0, 0,  2,  A_Sambata_Tribal_Advisor(Wiz_Pre-Q)
P 1285.0000, -1339.0000, 95.4796,  0, 0, 127,  2,  Mikhal_Young(Pal1.5)
P 1366.8495, -1347.6990, 85.1894,  0, 0, 127,  2,  Denns_Rootenpaw(Pal1.5)
