P -22.2060, 738.7338, -274.7580,  0, 0, 0,  2,  Window_1
P -24.8109, 739.7924, -100.0148,  0, 0, 0,  2,  Window_2
P -368.0811, -2569.6370, 124.5690,  127, 0, 0,  3,  Sisters_Event
P -17.3999, -3294.6001, 15.0000,  240, 0, 0,  2,  Alitattis_the_Drinker
P -523.5000, 1281.5000, -427.5000,  240, 0, 0,  2,  Chattering_Bonewalker
P -36.6000, -22.1999, -1295.2000,  240, 0, 0,  2,  100_Eyes
P -187.7735, -3027.7222, 80.2385,  240, 0, 0,  2,  Vivisector
P 311.3129, -3203.3538, 96.7935,  240, 0, 0,  2,  Wyrexxis_the_Devourer(NA)
P -273.1336, -3007.3743, -56.5837,  0, 0, 240,  2,  Ur-Koraag
P -167.2159, -2948.5020, -97.6068,  240, 0, 0,  2,  The_Restless_One*
P 6.3040, -3468.4629, 96.7935,  240, 0, 0,  2,  Hsranitu_the_Webspinner
P 68.4149, -3493.1985, 96.7935,  240, 0, 0,  2,  Skeletal_Functionary
P 80.1072, -3484.2112, 96.7935,  240, 0, 0,  2,  Notable_Shadowmane
P -66.8840, -3518.8118, 96.7935,  240, 0, 0,  2,  Orc_Chieftain
P -33.5394, 64.8923, -1290.6460,  240, 0, 0,  2,  The_Revenant
P -378.1453, -2596.7273, 124.7934,  240, 0, 0,  2,  Sleepy_Guest+
P -364.4055, -2570.1431, 124.7933,  240, 0, 0,  3,  +
P -298.8344, -2529.8577, 124.7934,  240, 0, 0,  3,  +
P -236.9896, -2637.4910, 124.7934,  240, 0, 0,  3,  +
P 14.1004, -3127.8030, 96.7935,  240, 0, 0,  2,  Grotesque_Gargoyle
P -48.3230, 82.9588, -1097.4556,  240, 0, 0,  2,  Shadowy_Student+
P -78.4980, -53.2720, -1104.2056,  240, 0, 0,  3,  +
P 8.3665, 115.2729, -1103.4557,  240, 0, 0,  3,  +
P 28.5645, 27.5091, -1104.2051,  240, 0, 0,  3,  +
P -27.3676, -2915.1819, 96.2807,  240, 0, 0,  2,  Sebastian*Male
P -197.1365, -2717.8467, 65.2314,  240, 0, 0,  2,  Old_Lady_Smotts
P -207.9329, -2611.3667, 65.2312,  240, 0, 0,  2,  Old_Lady_Smotts
P 203.4160, -2928.7117, 96.7935,  240, 0, 0,  2,  Melinda_Baleheart+
P 297.5953, -2907.3267, 96.7935,  240, 0, 0,  3,  +
P 209.8728, -3009.9585, 96.7935,  240, 0, 0,  3,  +
P 312.3374, -3030.9673, 96.7935,  240, 0, 0,  3,  +
P 248.2883, -3056.5796, 96.7935,  240, 0, 0,  3,  +
P 1.5115, 756.8972, 79.7453,  240, 0, 0,  2,  Maximillion*+
P 5.2663, 1007.8075, -9.5376,  240, 0, 0,  3,  +*
P 51.9558, 996.4373, -196.5644,  240, 0, 0,  3,  +*
P 89.8066, 813.7513, -246.2398,  240, 0, 0,  3,  +*
P -136.9527, 959.9202, -314.5473,  240, 0, 0,  2,  Maximillion+*
P -323.6736, -2641.1897, 124.7933,  240, 0, 0,  2,  Exhausted_Guest+
P -208.9223, -2555.2852, 65.2313,  240, 0, 0,  2,  Darion_the_Blade
P -252.1887, -2462.9529, 65.2314,  240, 0, 0,  2,  Darion_the_Blade
P 0.2856, -3491.8152, 96.7935,  240, 0, 0,  2,  Chef_Ioan
P 23.8256, -2990.3357, 96.7935,  240, 0, 0,  2,  Arylon*Female
P -168.1156, -3120.1663, -70.8562,  240, 0, 0,  2,  The_Restless_One*
P -24.3363, -35.9920, -1008.2056,  240, 0, 0,  2,  Grumblebum
P -0.0963, 95.0545, -1104.2057,  127, 0, 0,  3,  Devlin
P -0.5000, -149.0000, -1358.2000,  127, 0, 0,  3,  Master_Vule
P 695.7690, -2933.7725, 479.4250,  127, 0, 0,  2,  Mayong
P 668.9230, -2861.1338, 469.1360,  127, 0, 0,  1,  Spider
P 568.8509, -2857.3069, 469.1360,  127, 0, 0,  1,  Wolf
P 658.7119, -3011.8689, 469.5690,  127, 0, 0,  1,  Orc
P -498.3486, -3031.1470, -54.6807,  127, 0, 0,  3,  Hachet
P -369.1164, -2560.3882, 128.5594,  127, 0, 0,  1,  Sister's_handbag
P -5.7186, -2996.5088, 96.5693,  127, 0, 0,  3,  Roley_^_Adrina
P -0.7900, 775.2076, -95.6937,  240, 0, 0,  2,  Grumbleburm+
P -146.6575, -2807.5386, 96.5693,  240, 0, 0,  2,  Alex_Hutchison+
P 16.3391, -2842.8274, 96.5693,  240, 0, 0,  2,  Alex_Hutchison+
