P 298.6383, -3076.7791, 97.2921,  0, 0, 0,  2,  Book_in
P 215.8150, -3092.7205, 97.2913,  0, 0, 0,  2,  Book_out
P -53.3577, -3458.0569, 96.7936,  240, 0, 0,  2,  Fake_Floor
P -195.2459, -3081.5042, 87.5443,  127, 64, 0,  3,  The_Laboratory_(KoS)
P -0.2000, -2947.5000, 97.0000,  127, 64, 0,  3,  Ball_Room
P 0.2000, -3486.1001, 99.9000,  127, 64, 0,  3,  Dining_Room
P -197.8400, 1040.4839, -315.7552,  0, 0, 240,  3,  Giddeon
P -13.5000, 886.2999, -314.3000,  127, 64, 0,  3,  The_Batspire
P 252.5000, -2986.0000, 100.9990,  127, 64, 0,  3,  Library
P -436.8949, -2955.4468, -64.7540,  0, 0, 0,  1,  trap
P -403.5711, -3005.5662, -65.6806,  0, 0, 0,  1,  trap
P -349.1170, -3007.4800, -66.1129,  0, 0, 0,  1,  trap
P -439.4900, -3059.7200, -63.8849,  0, 0, 0,  1,  trap
P 0.0000, -2476.0000, 98.1370,  255, 0, 255,  2,  Door_to_Batspire
P 0.0000, 139.0000, 98.8880,  127, 64, 0,  2,  Door_to_Northern_Spire
P 188.9277, -2692.3406, 124.7932,  255, 0, 255,  2,  Teleport_to_Southern_Spire
P -199.4935, 1004.4501, -314.2844,  0, 0, 0,  3,  viewpoint_of_marking_object
P -175.8369, 1011.8006, -314.2454,  0, 0, 127,  2,  blue_source
P -177.1114, 1004.9641, -314.2389,  240, 0, 0,  2,  8feets_red_source
P -182.8756, 992.5103, -314.2346,  240, 127, 0,  2,  10feets_yellow_source
P 6.1902, 54.9258, -1104.2056,  127, 0, 0,  2,  Keleborn_Redwave*
P -197.2412, -2717.1851, 65.2306,  0, 0, 0,  2,  Crypt_Dust(GS)
P 78.8914, -3484.2664, 96.7935,  0, 0, 127,  2,  Eric_Von_Schnelling(can_spawn_in_Bedrooms_and_the_Halls)
P -209.2572, -2455.6548, 63.7926,  127, 0, 0,  2,  Funerary_Curate+
P -17.2253, -3126.4119, -25.7421,  127, 0, 0,  2,  Gronk_One_Eye
P -238.8174, -2721.5044, 63.6884,  127, 64, 0,  3,  North_Crypt
P -238.4957, -2569.7532, 63.7926,  127, 64, 0,  3,  South_Crypt
P 198.9443, -2605.4512, 124.6892,  127, 64, 0,  2,  East_Bedrooms
P 29.4010, -58.2529, -1104.2057,  127, 64, 0,  3,  The_Study
P -37.8715, -56.3313, -1293.1548,  127, 64, 0,  3,  Ritual_Room
P -111.5124, -2535.9124, 124.7934,  0, 0, 0,  1,  Locked_w/Dreadspire_Crest_Key
P -197.6984, -3003.5906, 86.0497,  0, 0, 0,  1,  Elixir_of_Velvet_Blood_(GS)
P 83.5613, 1.1520, -528.2059,  255, 0, 255,  2,  to_Lobby
P -31.4393, -44.1590, -1008.2057,  255, 0, 255,  2,  to_The_Study
P 55.6010, 0.7315, -1295.4563,  255, 0, 255,  2,  to_The_Study
P 71.2452, -5.7541, -1104.2056,  255, 0, 255,  2,  to_The_Ritual
P -2.1300, -3483.8704, 99.2318,  127, 64, 0,  2,  Eat_Cake
P -5.5435, -3485.8784, 99.2938,  0, 127, 127,  2,  Clue_(25th)
