P 5009.0000, -1766.0000, 0.0000,  127, 64, 0,  2,  Spiders
P 5394.0000, -1272.0000, 0.0000,  127, 64, 0,  2,  Skels
P 4874.0000, 1420.0000, 0.0000,  127, 64, 0,  2,  Spiders
P 2983.0000, 2206.0000, 0.0000,  127, 64, 0,  2,  Spiders
P -1818.0000, 507.0000, 0.0000,  127, 64, 0,  2,  Giant_Fort
P -8738.6602, -778.2809, 1060.9397,  0, 0, 0,  1,  Furious_Jailor/Trapped_Spirit
P -7698.4395, -2497.3018, 1046.9446,  127, 64, 0,  3,  Druid_Circle
P -4590.5059, -2435.5652, 1041.5918,  0, 0, 0,  1,  Frozen_Soulstone
P -9791.8926, -775.3328, 1064.2509,  127, 64, 0,  3,  Bard_Retelling
P -10098.6729, -1847.7505, 1006.7202,  0, 0, 0,  1,  Remnant_Spirit*Time_Torn_Acolyte
P -6776.4771, -19.7580, 1048.8788,  127, 0, 0,  2,  a_loyal_follower
P -9658.0000, -776.4596, 1064.2509,  0, 0, 127,  2,  Baldric_Slezaf(Brd1.0)
P -8881.1143, -373.8299, 1157.9762,  127, 0, 0,  2,  Chaos_Elemental(Mag2.0)
P -9054.4307, -973.3492, 1099.8904,  127, 0, 0,  2,  Brother_Balatin(Mnk1.0)
P -9722.7930, -773.1849, 1063.9385,  0, 0, 240,  2,  an_epic_request_(Brd)
P 5143.4517, -1479.8014, 43.6991,  0, 0, 127,  2,  1-dark_elf_mercenary
P -1926.9297, 456.5092, 309.9673,  0, 0, 127,  2,  2-Giant's_water
P -2172.5193, 358.6826, 309.9493,  0, 0, 127,  2,  3-cure_for_the_poison
P -1654.3401, 684.3907, 245.1049,  0, 0, 127,  2,  4-Webmaster_Kati
P 5147.4717, -2253.4495, 299.5110,  127, 0, 0,  2,  rotting_skeleton
