P 244.3029, 220.6740, 1.9000,  240, 0, 0,  2,  Architect_Vaukin
P 357.1861, -1426.3915, -5.6227,  240, 0, 0,  2,  an_enraged_soulstealer
P 48.9000, -375.3910, 0.1000,  240, 0, 0,  2,  a_shrouded_fareyes
P 1237.6310, -2327.7327, 44.2700,  240, 0, 0,  2,  Incantator_Cawrolis
P 497.3480, 112.9086, 5.1900,  240, 0, 0,  2,  Galikor_Sevalin
P -15.5838, -2677.1067, 206.5520,  240, 0, 0,  2,  Linlanik_Throatcutter
P 577.5320, -901.1670, -61.8417,  240, 0, 0,  2,  a_luggald_assassin
P 364.8668, -426.8179, 0.2989,  240, 0, 0,  2,  an_ore_refinery_overseer
P 402.3589, -2117.6443, 156.7520,  240, 0, 0,  2,  a_blackblooded_taskmaster
P 385.8505, -1620.4280, -99.9980,  240, 0, 0,  2,  a_defiled_dedicant
P 688.8083, -1654.3567, 176.1900,  240, 0, 0,  2,  a_fleshchild_of_Innoruuk
P 66.6799, -1843.1637, 68.7950,  240, 0, 0,  2,  a_shrouded_cave_lurker
P 1091.4236, 483.1555, 1.2000,  240, 0, 0,  2,  Konus_Alatuk
P 1057.1740, -669.2010, 0.2000,  240, 0, 0,  2,  Xorikaan
P 1074.2274, -656.8855, 0.2000,  240, 0, 0,  2,  Xorikaan_Farlebual
P 673.3171, 701.7532, 4.3144,  240, 0, 0,  2,  Head_Chef_Grishnak+
P 723.1245, 698.2165, 4.3144,  240, 0, 0,  3,  +
P 583.9864, 735.3250, -42.6854,  240, 0, 0,  2,  Ol_Greyfin__
P 220.2890, 66.6929, 0.3145,  240, 0, 0,  2,  Treasure_Sorter_Neiben+
P 379.2672, 118.9668, 1.3145,  240, 0, 0,  2,  +a_shady_treasure_sorters
P 876.9940, 75.2980, 1.3145,  240, 0, 0,  3,  +
P 764.2712, 63.6805, 8.6326,  240, 0, 0,  3,  +
P 1152.2157, 301.5957, 1.3145,  240, 0, 0,  3,  +
P 1206.2904, 238.2699, 13.5105,  240, 0, 0,  3,  +
P 1327.1687, -43.7698, 1.3145,  240, 0, 0,  3,  +
P 1324.6956, -75.7099, 1.3145,  240, 0, 0,  3,  +
P 1297.9257, -103.7300, 1.3145,  240, 0, 0,  3,  +
P 945.5040, 1146.4690, -46.9587,  240, 0, 0,  2,  Vurag+a_boat_scrubber
P 1188.3661, 478.4288, -4.3391,  240, 0, 0,  2,  Vurag+
P 1619.3689, 426.9510, -79.2195,  240, 0, 0,  2,  Vurag+
P 297.4520, 567.7530, -2.6539,  240, 0, 0,  2,  Vurag+
P -55.3763, 764.8376, -79.1550,  240, 0, 0,  2,  Vurag+
P -65.5494, 944.2200, -81.6854,  240, 0, 0,  3,  +
P 949.2519, 143.9547, 0.3145,  240, 0, 0,  3,  +
P 704.7501, 66.1901, 0.3145,  240, 0, 0,  3,  +
