P 2326.275, 3695.065, -47.4979,  0, 0, 240,  2,  Sharna_(M)
P 64.275, 796.065, 11.1579,  0, 0, 240,  2,  Julie_(M)
P 2649.275, -1422.935, 6.1440,  0, 0, 127,  2,  Balthazar_(M)
P 2684.275, -1400.935, 6.1440,  0, 0, 240,  2,  Lucetta_(M)
P 2561.275, -1292.935, 4.5529,  0, 0, 240,  2,  Sorn_(M)
P 2430.275, -1403.935, 6.8220,  0, 0, 240,  2,  Silvia_(Tailor)
P -60.725, 791.065, 0.0000,  0, 0, 127,  2,  Bryan_(Fletcher)
P 26.275, 761.065, 0.0000,  0, 0, 240,  2,  Bradly_(M)
P 121.275, 637.065, 0.0000,  0, 0, 240,  2,  Paulina_(M)
P 2572.275, -1322.935, 0.0000,  0, 0, 240,  2,  Stace_(M)
P 6001.672, 1704.62, 2.4394,  0, 0, 240,  2,  Milea_Clothspinner
P -936.299, -72.687, -40.1405,  0, 0, 240,  2,  Squire_Wimbley
P 1737.261, 3310.73, 1.5432,  0, 0, 240,  2,  Leon
P 5922.621, 1637.006, 387.3300,  0, 0, 240,  2,  Donrigin_Fleetfoot
P 3072.23, 212.983, 6.5180,  0, 0, 240,  2,  Felodius_Sworddancer
P 2604.275, -1623.935, 1.2259,  0, 0, 240,  2,  Tanrak_(Weapons)
P -285.035, -70.608, 0.8068,  0, 0, 240,  2,  Mile_Marker
P 6.275, -108.935, 0.0000,  0, 0, 240,  2,  Mile_Marker
P 3722.792, 2319.478, 99.4823,  0, 127, 127,  3,  X
P 1712.056, 3364.25, 0.2000,  0, 0, 240,  2,  Ganelorn_Oast*
P 1260.391, 2386.314, 0.4937,  0, 0, 240,  2,  Lgador_Leafwell
