P -425.0000, -1300.0000, 0.0000,  127, 64, 0,  2,  Druid_Circle
P 2315.7134, 3697.1890, -28.2546,  127, 64, 0,  2,  Fishing_Village
P 2061.3262, 2701.7688, 2.8834,  127, 64, 0,  2,  Farm
P 77.4906, 768.3459, 0.8320,  127, 64, 0,  2,  Farm
P 4576.1514, 980.9053, 179.6580,  127, 64, 0,  2,  Guard_Tower
P 3736.9688, 2345.1399, 99.3456,  127, 64, 0,  2,  Guard_Tower
P 6020.8687, 1714.2487, 389.2730,  127, 64, 0,  2,  Guard_Tower
P 1505.9535, 2508.9065, 1.8540,  127, 0, 0,  2,  Sir_Gregon_Sulltor(Ncr1.5)*
P 1770.7697, 2961.3335, 1.5122,  0, 0, 127,  2,  Drevlon_Knacknabber_(War_Pre-Q)
P 7476.1543, 3256.2195, 1.5291,  0, 0, 127,  2,  Tenal_Redblade(War1.0)
P 1332.8429, -164.4578, 1.8426,  127, 0, 0,  2,  a_rogue_lion*(Tarbul_EarthstriderPH)
P 1593.2101, 3657.5071, -20.2810,  0, 0, 127,  2,  Althele(Druid1.0)
P 1598.8113, 3662.6233, -21.8700,  0, 0, 127,  2,  Tholris(Druid1.0)
P 1604.4247, 2598.9883, 0.4250,  0, 0, 127,  2,  Sionae*(Druid1.0)
P -301.7318, 3593.2244, 20.5492,  0, 0, 127,  2,  Nuien*(Druid1.0)
P 2881.7991, 3781.1763, 127.1881,  0, 0, 127,  2,  Teloa(Druid1.0)
P 1009.1780, 1434.9749, 381.4381,  127, 0, 0,  2,  Dark_Elf_Corrupter(Rng1.0)
P 2887.8152, 4123.1338, -78.1015,  127, 64, 0,  2,  Eat_Cake
P 1325.9574, 2415.5376, 3.6344,  127, 64, 0,  2,  Farmhouse
P 1272.8053, 2383.7356, 4.6439,  0, 127, 127,  2,  Bandit_Drum_(GS)
P 2440.7649, 477.9333, 1.6029,  0, 127, 127,  2,  Missing_decorations
P 1420.1128, -1376.2837, 0.2486,  0, 127, 127,  2,  Carved_Brew_Day_Decoration
P -656.0739, -250.9378, -15.7047,  0, 127, 127,  2,  Weathered_Brew_Day_Decoration
P 245.6253, 3221.5320, 115.5649,  0, 127, 127,  2,  Charred_Brew_Day_Decoration
P 2493.2681, 1907.5553, 143.0458,  0, 127, 127,  2,  Burnished_Brew_Day_Decoration
P 2910.9424, 370.2593, 1.3836,  0, 127, 127,  2,  Trail_of_the_missing_beer_&_pony
P 3470.2781, 314.6858, 50.8921,  0, 127, 127,  2,  Something_is_in_the_sand
P 4157.9351, 1259.8910, 142.0092,  0, 127, 127,  2,  Ramp_for_the_missing_beer
P 4015.5286, 1729.2350, 122.8597,  0, 127, 127,  2,  Something_is_in_the_sand
P 4324.0337, 3259.6587, 163.5800,  0, 127, 127,  2,  Ramp_for_the_missing_beer_
P 4719.0811, 3340.3428, 220.5050,  0, 127, 127,  2,  Something_is_in_the_sand
P 2400.8796, 234.2640, 0.9132,  0, 127, 127,  2,  1-Apple
P -782.3947, 73.0230, -29.9268,  0, 127, 127,  2,  2-Apple
