L -3856.289, -1168.301, -52.649, -3856.289, -1166.215, -52.649, 100, 50, 0
L -3866.683, -1178.705, -52.649, -3856.289, -1168.301, -52.649, 100, 50, 0
L -3881.398, -1178.709, -52.649, -3866.683, -1178.705, -52.649, 100, 50, 0
L -3885.448, -1175.525, -52.6488, -3881.398, -1178.709, -52.649, 100, 50, 0
L -3891.801, -1169.052, -52.649, -3889.447, -1170.662, -52.649, 100, 50, 0
L -3891.805, -1153.6, -52.649, -3891.801, -1169.052, -52.649, 100, 50, 0
L -3881.405, -1143.197, -52.649, -3891.805, -1153.6, -52.649, 100, 50, 0
L -3866.694, -1143.193, -52.649, -3881.405, -1143.197, -52.649, 100, 50, 0
L -3856.291, -1153.592, -52.649, -3866.694, -1143.193, -52.649, 100, 50, 0
L -3856.291, -1155.269, -52.649, -3856.291, -1153.592, -52.649, 100, 50, 0
L -3790.387, -1185.838, -53.1493, -3792.416, -1185.838, -53.1493, 100, 50, 0
L -3779.907, -1196.433, -53.1493, -3790.387, -1185.838, -53.1493, 100, 50, 0
L -3779.906, -1197.676, -53.1493, -3779.907, -1196.433, -53.1493, 100, 50, 0
L -3777.893, -1196.134, -53.1493, -3777.896, -1198.536, -53.1493, 100, 50, 0
L -3767.695, -1185.741, -53.1493, -3777.893, -1196.134, -53.1493, 100, 50, 0
L -3753.042, -1185.748, -53.1493, -3767.695, -1185.741, -53.1493, 100, 50, 0
L -3749.61, -1188.92, -53.1493, -3753.042, -1185.748, -53.1493, 100, 50, 0
L -3742.381, -1196.157, -53.1493, -3744.745, -1193.79, -53.1493, 100, 50, 0
L -3742.393, -1210.866, -53.1493, -3742.381, -1196.157, -53.1493, 100, 50, 0
L -3752.798, -1221.26, -53.1493, -3742.393, -1210.866, -53.1493, 100, 50, 0
L -3767.318, -1221.252, -53.1493, -3752.798, -1221.26, -53.1493, 100, 50, 0
L -3777.904, -1210.847, -53.1493, -3767.318, -1221.252, -53.1493, 100, 50, 0
L -3777.901, -1209.044, -53.1493, -3777.904, -1210.847, -53.1493, 100, 50, 0
L -3779.914, -1210.88, -53.1493, -3779.89, -1209.207, -53.1493, 100, 50, 0
L -3783.165, -1214.132, -53.1493, -3779.914, -1210.88, -53.1493, 100, 50, 0
L -3790.38, -1221.784, -53.1493, -3788.031, -1219, -53.1493, 100, 50, 0
L -3793.066, -1221.791, -53.1493, -3790.38, -1221.784, -53.1493, 100, 50, 0
L -3793.074, -1215.162, -53.1493, -3793.066, -1221.791, -53.1493, 100, 50, 0
L -3803.879, -1214.223, -53.1493, -3793.074, -1215.162, -53.1493, 100, 50, 0
L -3803.77, -1217.298, -53.1493, -3803.879, -1214.223, -53.1493, 100, 50, 0
L -3796.276, -1217.58, -53.1493, -3803.77, -1217.298, -53.1493, 100, 50, 0
L -3796.276, -1221.8, -53.1493, -3796.276, -1217.58, -53.1493, 100, 50, 0
L -3805.089, -1221.824, -53.1493, -3796.276, -1221.8, -53.1493, 100, 50, 0
L -3815.823, -1210.931, -53.1493, -3805.089, -1221.824, -53.1493, 100, 50, 0
L -3815.856, -1209.923, -53.1493, -3815.823, -1210.931, -53.1493, 100, 50, 0
L -3817.926, -1211.168, -53.1493, -3817.951, -1209.663, -53.1493, 100, 50, 0
L -3827.919, -1221.577, -53.1493, -3817.926, -1211.168, -53.1493, 100, 50, 0
L -3842.632, -1221.592, -53.1493, -3827.919, -1221.577, -53.1493, 100, 50, 0
L -3845.809, -1218.421, -53.1492, -3842.632, -1221.592, -53.1493, 100, 50, 0
L -3853.041, -1211.202, -53.1493, -3850.679, -1213.56, -53.1493, 100, 50, 0
L -3853.056, -1196.904, -53.1493, -3853.041, -1211.202, -53.1493, 100, 50, 0
L -3842.667, -1186.08, -53.1493, -3853.056, -1196.904, -53.1493, 100, 50, 0
L -3827.958, -1186.065, -53.1493, -3842.667, -1186.08, -53.1493, 100, 50, 0
L -3818.077, -1196.455, -53.1493, -3827.958, -1186.065, -53.1493, 100, 50, 0
L -3818.054, -1197.991, -53.1493, -3818.077, -1196.455, -53.1493, 100, 50, 0
L -3815.973, -1196.287, -53.1493, -3815.649, -1199.047, -53.1493, 100, 50, 0
L -3805.097, -1185.842, -53.1493, -3815.973, -1196.287, -53.1493, 100, 50, 0
L -3803.707, -1185.842, -53.1493, -3805.097, -1185.842, -53.1493, 100, 50, 0
L -4870.629, -410.979, -52.2543, -4870.852, -413.72, -51.9009, 100, 50, 0
L -4860.229, -400.576, -52.2543, -4870.629, -410.979, -52.2543, 100, 50, 0
L -4845.837, -400.573, -52.2543, -4860.229, -400.576, -52.2543, 100, 50, 0
L -4842.336, -403.756, -52.2543, -4845.837, -400.573, -52.2543, 100, 50, 0
L -4837.471, -408.619, -52.2543, -4837.293, -409.722, -52.2543, 100, 50, 0
L -4835.117, -410.972, -52.2543, -4837.471, -408.619, -52.2543, 100, 50, 0
L -4835.114, -425.681, -52.2543, -4835.117, -410.972, -52.2543, 100, 50, 0
L -4845.666, -436.084, -52.2543, -4835.114, -425.681, -52.2543, 100, 50, 0
L -4860.224, -436.088, -52.2543, -4845.666, -436.084, -52.2543, 100, 50, 0
L -4870.628, -425.689, -52.2543, -4860.224, -436.088, -52.2543, 100, 50, 0
L -4870.626, -424.561, -52.2543, -4870.628, -425.689, -52.2543, 100, 50, 0
L -5005.855, -458.885, -52.2543, -5005.855, -457.143, -52.2543, 100, 50, 0
L -5015.914, -469.289, -52.2543, -5005.855, -458.885, -52.2543, 100, 50, 0
L -5030.631, -469.292, -52.2543, -5015.914, -469.289, -52.2543, 100, 50, 0
L -5033.815, -466.109, -52.2543, -5030.631, -469.292, -52.2543, 100, 50, 0
L -5041.034, -458.893, -52.2543, -5038.68, -461.246, -52.2543, 100, 50, 0
L -5041.038, -444.184, -52.2543, -5041.034, -458.893, -52.2543, 100, 50, 0
L -5030.638, -433.781, -52.2543, -5041.038, -444.184, -52.2543, 100, 50, 0
L -5016.091, -433.777, -52.2543, -5030.638, -433.781, -52.2543, 100, 50, 0
L -5005.875, -444.176, -52.2543, -5016.091, -433.777, -52.2543, 100, 50, 0
L -5005.875, -445.773, -52.2543, -5005.875, -444.176, -52.2543, 100, 50, 0
L -4950.456, -481.541, -51.7546, -4952.083, -481.541, -51.7546, 100, 50, 0
L -4939.976, -491.802, -51.7546, -4950.456, -481.541, -51.7546, 100, 50, 0
L -4939.973, -493.778, -51.7546, -4939.976, -491.802, -51.7546, 100, 50, 0
L -4937.961, -491.621, -51.7546, -4937.965, -493.803, -51.7546, 100, 50, 0
L -4928.193, -481.228, -51.7546, -4937.961, -491.621, -51.7546, 100, 50, 0
L -4912.847, -481.236, -51.7546, -4928.193, -481.228, -51.7546, 100, 50, 0
L -4909.679, -484.407, -51.7543, -4912.847, -481.236, -51.7546, 100, 50, 0
L -4902.45, -491.645, -51.7546, -4904.814, -489.277, -51.7546, 100, 50, 0
L -4902.461, -505.768, -51.7546, -4902.45, -491.645, -51.7546, 100, 50, 0
L -4912.954, -516.747, -51.7546, -4902.461, -505.768, -51.7546, 100, 50, 0
L -4928.382, -516.739, -51.7546, -4912.954, -516.747, -51.7546, 100, 50, 0
L -4937.973, -506.632, -51.7546, -4928.382, -516.739, -51.7546, 100, 50, 0
L -4937.971, -505.094, -51.7546, -4937.973, -506.632, -51.7546, 100, 50, 0
L -4939.983, -506.963, -51.7546, -4939.979, -504.978, -51.7546, 100, 50, 0
L -4943.233, -509.62, -51.7546, -4939.983, -506.963, -51.7546, 100, 50, 0
L -4950.599, -516.837, -51.7546, -4948.099, -514.487, -51.7546, 100, 50, 0
L -4950.919, -509.677, -51.7546, -4950.599, -516.837, -51.7546, 100, 50, 0
L -4960.298, -509.87, -51.7546, -4950.919, -509.677, -51.7546, 100, 50, 0
L -4960.426, -513.082, -51.7546, -4960.298, -509.87, -51.7546, 100, 50, 0
L -4953.809, -513.001, -51.7546, -4960.426, -513.082, -51.7546, 100, 50, 0
L -4953.809, -516.838, -51.7546, -4953.809, -513.001, -51.7546, 100, 50, 0
L -4965.158, -516.841, -51.7546, -4953.809, -516.838, -51.7546, 100, 50, 0
L -4975.588, -506.418, -51.7546, -4965.158, -516.841, -51.7546, 100, 50, 0
L -4975.593, -504.63, -51.7546, -4975.588, -506.418, -51.7546, 100, 50, 0
L -4977.598, -506.655, -51.7546, -4977.602, -504.478, -51.7546, 100, 50, 0
L -4987.988, -517.064, -51.7546, -4977.598, -506.655, -51.7546, 100, 50, 0
L -5002.701, -517.079, -51.7546, -4987.988, -517.064, -51.7546, 100, 50, 0
L -5005.878, -513.909, -51.7546, -5002.701, -517.079, -51.7546, 100, 50, 0
L -5013.109, -506.69, -51.7546, -5010.748, -509.047, -51.7546, 100, 50, 0
L -5013.125, -491.98, -51.7546, -5013.109, -506.69, -51.7546, 100, 50, 0
L -5002.735, -481.567, -51.7546, -5013.125, -491.98, -51.7546, 100, 50, 0
L -4987.343, -482.234, -51.7546, -5002.735, -481.567, -51.7546, 100, 50, 0
L -4977.613, -491.942, -51.7546, -4987.343, -482.234, -51.7546, 100, 50, 0
L -4977.612, -492.953, -51.7546, -4977.613, -491.942, -51.7546, 100, 50, 0
L -4975.603, -491.775, -51.7546, -4975.606, -494.05, -51.7546, 100, 50, 0
L -4965.165, -481.58, -51.7546, -4975.603, -491.775, -51.7546, 100, 50, 0
L -4963.949, -481.58, -51.7546, -4965.165, -481.58, -51.7546, 100, 50, 0
L -4838.779, -82.323, -54.43, -4840.388, -82.323, -54.43, 100, 50, 0
L -4828.379, -71.919, -54.43, -4838.779, -82.323, -54.43, 100, 50, 0
L -4828.383, -58.163, -54.43, -4828.379, -71.919, -54.43, 100, 50, 0
L -4838.773, -46.809, -54.43, -4828.383, -58.163, -54.43, 100, 50, 0
L -4854.355, -46.813, -54.43, -4838.773, -46.809, -54.43, 100, 50, 0
L -4855.848, -49.167, -54.43, -4854.355, -46.813, -54.43, 100, 50, 0
L -4863.895, -56.453, -54.43, -4860.711, -54.031, -54.43, 100, 50, 0
L -4863.891, -71.925, -54.43, -4863.895, -56.453, -54.43, 100, 50, 0
L -4853.725, -82.325, -54.43, -4863.891, -71.925, -54.43, 100, 50, 0
L -4851.879, -82.325, -54.43, -4853.725, -82.325, -54.43, 100, 50, 0
L -4197.017, -529.048, -52.399, -4186.614, -539.448, -52.399, 100, 50, 0
L -4197.021, -514.664, -52.399, -4197.017, -529.048, -52.399, 100, 50, 0
L -4186.622, -503.934, -52.399, -4197.021, -514.664, -52.399, 100, 50, 0
L -4184.71, -503.934, -52.399, -4186.622, -503.934, -52.399, 100, 50, 0
L -4172.206, -503.932, -52.399, -4174.715, -503.888, -52.399, 100, 50, 0
L -4161.728, -514.603, -52.399, -4172.206, -503.932, -52.399, 100, 50, 0
L -4161.69, -529.04, -52.399, -4161.728, -514.603, -52.399, 100, 50, 0
L -4164.689, -532.225, -52.399, -4161.69, -529.04, -52.399, 100, 50, 0
L -4170.267, -537.805, -52.399, -4170.156, -537.09, -52.399, 100, 50, 0
L -4172.285, -539.444, -52.399, -4170.267, -537.805, -52.399, 100, 50, 0
L -4186.614, -539.448, -52.399, -4172.285, -539.444, -52.399, 100, 50, 0
L -1778.398, -103.435, -52.399, -1779.982, -103.435, -52.399, 100, 50, 0
L -1767.998, -93.031, -52.399, -1778.398, -103.435, -52.399, 100, 50, 0
L -1768.002, -78.321, -52.399, -1767.998, -93.031, -52.399, 100, 50, 0
L -1778.233, -68.093, -52.399, -1768.002, -78.321, -52.399, 100, 50, 0
L -1793.114, -67.925, -52.399, -1778.233, -68.093, -52.399, 100, 50, 0
L -1795.467, -70.073, -52.399, -1793.114, -67.925, -52.399, 100, 50, 0
L -1803.772, -78.328, -52.399, -1800.331, -75.144, -52.399, 100, 50, 0
L -1803.731, -93.037, -52.399, -1803.772, -78.328, -52.399, 100, 50, 0
L -1793.107, -103.437, -52.399, -1803.731, -93.037, -52.399, 100, 50, 0
L -1791.615, -103.437, -52.399, -1793.107, -103.437, -52.399, 100, 50, 0
L -1755.42, -50.91, -54.7177, -1768.156, -38.774, -54.7177, 100, 50, 0
L -1758.823, -54.482, -54.7177, -1755.42, -50.91, -54.7177, 100, 50, 0
L -1768.185, -63.647, -54.7177, -1763.77, -59.869, -54.7177, 100, 50, 0
L -1780.292, -51.511, -54.7177, -1768.185, -63.647, -54.7177, 100, 50, 0
L -1768.156, -38.774, -54.7177, -1780.292, -51.511, -54.7177, 100, 50, 0
L -1123.007, -828.505, -52.3988, -1123.007, -826.445, -52.3988, 100, 50, 0
L -1133.407, -838.908, -52.3988, -1123.007, -828.505, -52.3988, 100, 50, 0
L -1148.116, -838.912, -52.3988, -1133.407, -838.908, -52.3988, 100, 50, 0
L -1151.3, -835.729, -52.3988, -1148.116, -838.912, -52.3988, 100, 50, 0
L -1158.819, -828.512, -52.3988, -1156.165, -830.865, -52.3988, 100, 50, 0
L -1158.858, -813.803, -52.3988, -1158.819, -828.512, -52.3988, 100, 50, 0
L -1148.123, -804.289, -52.3988, -1158.858, -813.803, -52.3988, 100, 50, 0
L -1133.412, -804.249, -52.3988, -1148.123, -804.289, -52.3988, 100, 50, 0
L -1123.009, -813.796, -52.3988, -1133.412, -804.249, -52.3988, 100, 50, 0
L -1123.009, -815.662, -52.3988, -1123.009, -813.796, -52.3988, 100, 50, 0
L -1127.926, -758.227, -54.7177, -1138.743, -744.818, -54.7177, 100, 50, 0
L -1131.479, -760.998, -54.7177, -1127.926, -758.227, -54.7177, 100, 50, 0
L -1141.799, -769.045, -54.7177, -1138.864, -766.756, -54.7177, 100, 50, 0
L -1152.617, -755.172, -54.7177, -1141.799, -769.045, -54.7177, 100, 50, 0
L -1138.743, -744.818, -54.7177, -1152.617, -755.172, -54.7177, 100, 50, 0
L -1138.247, -767.838, -54.7177, -1139.664, -768.944, -54.7177, 100, 50, 0
L -1126.195, -758.441, -54.7177, -1130.94, -762.14, -54.7177, 100, 50, 0
L -1138.927, -742.623, -54.7177, -1126.195, -758.441, -54.7177, 100, 50, 0
L -1154.347, -754.957, -54.7177, -1138.927, -742.623, -54.7177, 100, 50, 0
L -1142.013, -770.775, -54.7177, -1154.347, -754.957, -54.7177, 100, 50, 0
L -1140.191, -768.859, -54.7177, -1142.013, -770.775, -54.7177, 100, 50, 0
L -1079.003, -767.002, -52.6488, -1080.591, -767.002, -52.6488, 100, 50, 0
L -1068.604, -756.599, -52.6488, -1079.003, -767.002, -52.6488, 100, 50, 0
L -1068.608, -741.888, -52.6488, -1068.604, -756.599, -52.6488, 100, 50, 0
L -1079.011, -731.489, -52.6488, -1068.608, -741.888, -52.6488, 100, 50, 0
L -1093.719, -731.493, -52.6488, -1079.011, -731.489, -52.6488, 100, 50, 0
L -1096.073, -733.846, -52.6488, -1093.719, -731.493, -52.6488, 100, 50, 0
L -1104.119, -741.896, -52.6488, -1100.936, -738.711, -52.6488, 100, 50, 0
L -1104.115, -756.605, -52.6488, -1104.119, -741.896, -52.6488, 100, 50, 0
L -1093.712, -767.004, -52.6488, -1104.115, -756.605, -52.6488, 100, 50, 0
L -1091.684, -767.004, -52.6488, -1093.712, -767.004, -52.6488, 100, 50, 0
L -1027.205, -775.731, -52.6488, -1026.155, -775.731, -52.6488, 100, 50, 0
L -1028.021, -775.731, -52.6488, -1026.657, -775.731, -52.6488, 100, 50, 0
L -1038.424, -765.605, -52.6488, -1028.021, -775.731, -52.6488, 100, 50, 0
L -1038.428, -750.623, -52.6488, -1038.424, -765.605, -52.6488, 100, 50, 0
L -1035.245, -747.439, -52.6488, -1038.428, -750.623, -52.6488, 100, 50, 0
L -1028.028, -740.22, -52.6488, -1030.381, -742.574, -52.6488, 100, 50, 0
L -1013.32, -740.216, -52.6488, -1028.028, -740.22, -52.6488, 100, 50, 0
L -1002.916, -750.932, -52.6488, -1013.32, -740.216, -52.6488, 100, 50, 0
L -1002.912, -765.549, -52.6488, -1002.916, -750.932, -52.6488, 100, 50, 0
L -1013.312, -775.729, -52.6488, -1002.912, -765.549, -52.6488, 100, 50, 0
L -1014.675, -775.729, -52.6488, -1013.312, -775.729, -52.6488, 100, 50, 0
L 224.158, -195.67, -51.3115, 827.341, -189.095, -51.546, 60, 40, 0
L -3906.481, -636.678, 2.1804, -3907.636, -640.255, 3.3039, 64, 64, 64
L -3926.218, -636.552, 2.2296, -3906.481, -636.678, 2.1804, 64, 64, 64
L -3928.62, -653.134, 1.7976, -3926.218, -636.552, 2.2296, 64, 64, 64
L -3907.713, -652.702, 1.5517, -3928.62, -653.134, 1.7976, 64, 64, 64
L -3907.636, -640.084, 3.2749, -3907.713, -652.702, 1.5517, 64, 64, 64
L -2905.465, 801.522, -36.4686, -2909.862, 807.212, -35.9245, 64, 64, 64
L -2900.347, 806.277, -32.9382, -2905.465, 801.522, -36.4686, 64, 64, 64
L -2905.232, 811.966, -32.8186, -2900.347, 806.277, -32.9382, 64, 64, 64
L -2909.71, 807.602, -35.6957, -2905.232, 811.966, -32.8186, 64, 64, 64
L -2948.87, 806.433, -38.7817, -2951.727, 806.69, -38.6997, 64, 64, 64
L -2950.349, 815.205, -35.9827, -2948.87, 806.433, -38.7817, 64, 64, 64
L -2958.744, 813.054, -36.6691, -2950.349, 815.205, -35.9827, 64, 64, 64
L -2956.729, 805.956, -38.9339, -2958.744, 813.054, -36.6691, 64, 64, 64
L -2952.02, 806.592, -38.7308, -2956.729, 805.956, -38.9339, 64, 64, 64
L -2933.395, 812.478, -37.767, -2937.157, 811.593, -37.1353, 64, 64, 64
L -2934.474, 820.117, -34.5358, -2933.395, 812.478, -37.767, 64, 64, 64
L -2942.106, 818.854, -34.8188, -2934.474, 820.117, -34.5358, 64, 64, 64
L -2941.159, 810.823, -37.3811, -2942.106, 818.854, -34.8188, 64, 64, 64
L -2937.336, 811.533, -37.1544, -2941.159, 810.823, -37.3811, 64, 64, 64
L -2930.019, 790.648, -44.118, -2928.819, 784.262, -45.8556, 64, 64, 64
L -2946.274, 786.165, -45.2483, -2930.019, 790.648, -44.118, 64, 64, 64
L -2940.157, 770.131, -50.3644, -2946.274, 786.165, -45.2483, 64, 64, 64
L -2925.671, 774.391, -49.5, -2940.157, 770.131, -50.3644, 64, 64, 64
L -2928.884, 784.462, -45.7918, -2925.671, 774.391, -49.5, 64, 64, 64
L -2910.47, 782.908, -43.9085, -2911.203, 783.01, -43.9085, 64, 64, 64
L -2908.781, 778.829, -44.6236, -2910.47, 782.908, -43.9085, 64, 64, 64
L -2902.135, 780.437, -41.8036, -2908.781, 778.829, -44.6236, 64, 64, 64
L -2903.862, 789.448, -39.7432, -2902.135, 780.437, -41.8036, 64, 64, 64
L -2911.237, 786.517, -43.219, -2903.862, 789.448, -39.7432, 64, 64, 64
L -2910.372, 782.607, -43.9705, -2911.237, 786.517, -43.219, 64, 64, 64
L -2925.653, 757.833, -54.2879, -2920.785, 759.586, -53.7289, 64, 64, 64
L -2923.391, 749.845, -53.5897, -2925.653, 757.833, -54.2879, 64, 64, 64
L -2915.713, 751.876, -52.3913, -2923.391, 749.845, -53.5897, 64, 64, 64
L -2917.394, 760.237, -52.7426, -2915.713, 751.876, -52.3913, 64, 64, 64
L -2921.165, 759.46, -53.7691, -2917.394, 760.237, -52.7426, 64, 64, 64
L -2936.905, 745.514, -52.9802, -2939.031, 753.399, -54.2246, 64, 64, 64
L -2928.708, 747.271, -53.2576, -2936.905, 745.514, -52.9802, 64, 64, 64
L -2931.071, 755.658, -54.5812, -2928.708, 747.271, -53.2576, 64, 64, 64
L -2938.649, 753.536, -54.2462, -2931.071, 755.658, -54.5812, 64, 64, 64
L -2967.719, 774.891, -48.8455, -2970.422, 774.458, -48.9836, 64, 64, 64
L -2969.316, 782.842, -46.3087, -2967.719, 774.891, -48.8455, 64, 64, 64
L -2978.131, 780.456, -47.698, -2969.316, 782.842, -46.3087, 64, 64, 64
L -2976.112, 772.993, -49.4512, -2978.131, 780.456, -47.698, 64, 64, 64
L -2970.434, 774.454, -48.9849, -2976.112, 772.993, -49.4512, 64, 64, 64
L -2963.028, 760.555, -53.6655, -2963.746, 759.8, -53.6606, 64, 64, 64
L -2965.016, 767.998, -51.1403, -2963.028, 760.555, -53.6655, 64, 64, 64
L -2973.257, 765.369, -51.8838, -2965.016, 767.998, -51.1403, 64, 64, 64
L -2970.931, 758.022, -54.2278, -2973.257, 765.369, -51.8838, 64, 64, 64
L -2963.963, 759.988, -53.6837, -2970.931, 758.022, -54.2278, 64, 64, 64
L 2.798, 2238.874, 0.626, -33.009, 2297.192, 0.626, 150, 0, 200
L -804.654, -1561.473, -17.7796, -804.654, -1561.473, -17.7795, 0, 0, 0
L -727.026, -1616.182, -17.7689, -804.654, -1561.473, -17.7796, 0, 125, 0
L -699.741, -1709.88, -17.4187, -727.026, -1616.182, -17.7689, 0, 125, 0
L -711.255, -1721.727, -17.7802, -699.741, -1709.88, -17.4187, 0, 125, 0
L -763.717, -1630.676, -17.7802, -812.953, -1594.789, -17.7802, 0, 125, 0
L -742.275, -1707.441, -17.7802, -763.717, -1630.676, -17.7802, 0, 125, 0
L -711.374, -1722.628, -17.7802, -742.275, -1707.441, -17.7802, 150, 0, 200
L -5101.779, 786.238, -17.2146, -5077.343, 994.35, 75.8504, 150, 0, 200
L -5163.48, -624.402, -51.4677, -5101.779, 786.238, -17.2146, 150, 0, 200
L 1405.282, -760.051, -50.7177, 943.869, -757.55, -20.257, 0, 125, 0
L 943.869, -757.55, -20.257, 829.333, -777.769, 28.8415, 0, 125, 0
L 829.333, -777.769, 28.8415, 711.413, -919.507, 61.469, 0, 125, 0
L 711.413, -919.507, 61.469, 393.357, -1152.253, 55.6884, 0, 125, 0
L 393.357, -1152.253, 55.6884, 184.705, -1265.154, 59.6364, 0, 125, 0
L 184.705, -1265.154, 59.6364, -120.859, -1346.914, 89.651, 0, 125, 0
L -120.859, -1346.914, 89.651, -369.884, -1366.975, 59.5225, 0, 125, 0
L -369.884, -1366.975, 59.5225, -737.149, -1364.833, 55.1606, 0, 125, 0
L -737.149, -1364.833, 55.1606, -855.176, -1384.974, 11.5009, 0, 125, 0
L -855.176, -1384.974, 11.5009, -918.658, -1471.654, -17.3642, 0, 125, 0
L -918.658, -1471.654, -17.3642, -918.305, -1511.684, -17.7789, 0, 125, 0
L -918.305, -1511.684, -17.7789, -801.018, -1562.927, -17.7774, 0, 125, 0
L -801.018, -1562.927, -17.7774, -801.018, -1562.927, -17.7773, 0, 0, 0
L -815.105, -1593.202, -17.7802, -878.81, -1574.196, -17.7802, 0, 125, 0
L -878.81, -1574.196, -17.7802, -988.048, -1510.906, -17.148, 0, 125, 0
L -988.048, -1510.906, -17.148, -1032.234, -1436.124, 8.5794, 0, 125, 0
L -1032.234, -1436.124, 8.5794, -1043.256, -1372.484, 23.1543, 0, 125, 0
L -1043.256, -1372.484, 23.1543, -1120.173, -1347.587, 39.3395, 0, 125, 0
L -1120.173, -1347.587, 39.3395, -1210.855, -1383.954, 58.8108, 0, 125, 0
L -1210.855, -1383.954, 58.8108, -1434.357, -1406.844, 118.7352, 0, 125, 0
L -1434.357, -1406.844, 118.7352, -1828.909, -1403.925, 97.859, 0, 125, 0
L -1828.909, -1403.925, 97.859, -2368.309, -1383.27, 78.365, 0, 125, 0
L -2368.309, -1383.27, 78.365, -2662.381, -1389.657, 161.1089, 0, 125, 0
L -2662.381, -1389.657, 161.1089, -3211.148, -1382.737, 68.9545, 0, 125, 0
L -3211.148, -1382.737, 68.9545, -3437.387, -1335.998, 83.6649, 0, 125, 0
L -3437.387, -1335.998, 83.6649, -4048.257, -1378.047, 70.4204, 0, 125, 0
L -4048.257, -1378.047, 70.4204, -4322.631, -1380.888, 76.278, 0, 125, 0
L -4322.631, -1380.888, 76.278, -4843.443, -1363.185, 48.6358, 0, 125, 0
L -5160.471, -629.773, -51.4677, -5055.77, -1351.122, 88.3733, 150, 0, 200
L -5055.77, -1351.122, 88.3733, -4840.05, -1364.687, 47.3335, 0, 125, 0
L -5084.266, 994.421, 74.8419, -4284.236, 992.959, 103.4112, 150, 100, 0
L -4284.236, 992.959, 103.4112, -3500.875, 976.347, 95.6949, 150, 100, 0
L -3500.875, 976.347, 95.6949, -2966.47, 991.567, 109.6209, 150, 100, 0
L -2966.47, 991.567, 109.6209, -2305.236, 990.9, 116.6067, 150, 100, 0
L -2305.236, 990.9, 116.6067, -1997.808, 946.684, 145.8854, 150, 100, 0
L -1997.808, 946.684, 145.8854, -1248.159, 990.549, 111.5431, 150, 100, 0
L -1248.159, 990.549, 111.5431, -1012.609, 977.485, 65.9517, 150, 100, 0
L -913.85, 974.473, 75.106, -515.456, 948.143, 78.7593, 150, 100, 0
L -515.456, 948.143, 78.7593, -261.609, 984.185, 83.6647, 150, 100, 0
L -261.609, 984.185, 83.6647, 252.11, 831.873, 41.294, 150, 100, 0
L 252.11, 831.873, 41.294, 414.701, 795.219, 55.4551, 150, 100, 0
L 414.701, 795.219, 55.4551, 442.394, 718.56, 82.8212, 150, 100, 0
L 442.394, 718.56, 82.8212, 543.957, 611.868, 92.631, 150, 100, 0
L 543.957, 611.868, 92.631, 581.762, 556.999, 150.7305, 150, 100, 0
L 581.762, 556.999, 150.7305, 670.795, 382.945, 84.277, 150, 100, 0
L 670.795, 382.945, 84.277, 832.275, 379.168, -14.6509, 150, 100, 0
L 832.275, 379.168, -14.6509, 934.06, 373.045, -45.8166, 150, 100, 0
L 934.06, 373.045, -45.8166, 962.618, 390.502, -50.7177, 150, 100, 0
L 962.618, 390.502, -50.7177, 1414.493, 393.3, -50.7177, 150, 100, 0
L 1414.493, 393.3, -50.7177, 1472.887, 393.659, -50.7177, 150, 0, 200
L 1472.887, 393.659, -50.7177, 1458.056, -760.051, -50.7177, 150, 0, 200
L 1458.056, -760.051, -50.7177, 1401.336, -760.051, -50.7177, 150, 0, 200
L 223.421, -195.164, -51.3115, -481.445, -197.757, -51.5927, 60, 40, 0
L -481.445, -197.757, -51.5927, -749.481, 103.448, -51.5927, 60, 40, 0
L -749.481, 103.448, -51.5927, -1275.352, 108.545, -51.5927, 60, 40, 0
L -1275.352, 108.545, -51.5927, -1351.967, 0.201, -51.5927, 60, 40, 0
L -1351.967, 0.201, -51.5927, -1433.384, -52.408, -51.5927, 60, 40, 0
L -1433.384, -52.408, -51.5927, -1496.456, -117.923, -51.5927, 60, 40, 0
L -1496.456, -117.923, -51.5927, -1562.416, -202.616, -51.5927, 60, 40, 0
L -1562.416, -202.616, -51.5927, -1978.704, -193.763, -51.5927, 60, 40, 0
L -1978.704, -193.763, -51.5927, -2064.669, -75.002, -51.5927, 60, 40, 0
L -2064.669, -75.002, -51.5927, -2163.48, -9.013, -51.5927, 60, 40, 0
L -2163.48, -9.013, -51.5927, -2162.884, 118.101, -51.5927, 60, 40, 0
L -2162.884, 118.101, -51.5927, -2247.724, 203.688, -51.5927, 60, 40, 0
L -2247.724, 203.688, -51.5927, -2465.306, 211.266, -51.5927, 60, 40, 0
L -2465.306, 211.266, -51.5927, -2560.422, 98.63, -49.6801, 60, 40, 0
L -2560.422, 98.63, -49.6801, -3077.658, 106.85, -51.5927, 60, 40, 0
L -3077.658, 106.85, -51.5927, -3163.205, 26.271, -51.9983, 60, 40, 0
L -3163.205, 26.271, -51.9983, -3162.774, -207.52, -51.5927, 60, 40, 0
L -3162.774, -207.52, -51.5927, -3254.456, -290.737, -51.5927, 60, 40, 0
L -3254.456, -290.737, -51.5927, -3872.404, -297.972, -51.5927, 60, 40, 0
L -3872.404, -297.972, -51.5927, -3949.818, -193.659, -51.5927, 60, 40, 0
L -3949.818, -193.659, -51.5927, -4565.441, -193.241, -51.4998, 60, 40, 0
L -4565.441, -193.241, -51.4998, -5010.71, -193.18, -65.2227, 60, 40, 0
L -5010.71, -193.18, -65.2227, -5150.906, -193.18, -73.3452, 60, 40, 0
L -4558.408, -198.016, -51.5043, -4570.312, -607.065, -51.4968, 60, 40, 0
L -4570.312, -607.065, -51.4968, -4276.072, -895.288, -51.5927, 60, 40, 0
L -4276.072, -895.288, -51.5927, -4171.048, -897.976, -56.1368, 60, 40, 0
L 218.075, -197.677, -51.3115, 133.138, -276.579, -51.3115, 60, 40, 0
L 133.138, -276.579, -51.3115, 135.176, -595.037, -46.923, 60, 40, 0
L 135.176, -595.037, -46.923, -63.562, -800.515, -51.3115, 60, 40, 0
L -63.562, -800.515, -51.3115, -473.616, -792.094, -51.5927, 60, 40, 0
L -473.616, -792.094, -51.5927, -566.937, -881.984, -51.5927, 60, 40, 0
L -566.937, -881.984, -51.5927, -562.922, -1106.025, -51.5927, 60, 40, 0
L -562.922, -1106.025, -51.5927, -655.296, -1199.879, -51.5927, 60, 40, 0
L -655.296, -1199.879, -51.5927, -945.432, -1198.411, -39.7139, 60, 40, 0
L -945.432, -1198.411, -39.7139, -972.838, -1237.647, -30.1269, 60, 40, 0
L -972.838, -1237.647, -30.1269, -964.422, -1304.547, -29.5618, 60, 40, 0
L -916.304, 972.161, 1.5206, -914.025, 1064.115, 3.7509, 150, 100, 0
L -914.025, 1064.115, 3.7509, -843.664, 1166.114, 3.7509, 150, 100, 0
L -843.664, 1166.114, 3.7509, -795.797, 1328.058, 3.7509, 150, 100, 0
L -795.797, 1328.058, 3.7509, -795.375, 1397.832, 3.7509, 150, 100, 0
L -795.375, 1397.832, 3.7509, -742.2, 1464.644, 3.7509, 150, 100, 0
L -742.2, 1464.644, 3.7509, -555.248, 1462.315, 3.7509, 150, 100, 0
L -555.248, 1462.315, 3.7509, -371.332, 1439.314, 3.7509, 150, 100, 0
L -371.332, 1439.314, 3.7509, -186.458, 1550.957, 3.7509, 150, 100, 0
L -186.458, 1550.957, 3.7509, -130.755, 1558.901, 3.7509, 150, 100, 0
L -130.755, 1558.901, 3.7509, -128.235, 1358.835, 6.6952, 150, 100, 0
L -128.235, 1358.835, 6.6952, 70.671, 1320.633, 3.7509, 150, 100, 0
L 70.671, 1320.633, 3.7509, 203.942, 1327.308, 6.5594, 150, 100, 0
L 203.942, 1327.308, 6.5594, 306.404, 1430.379, 3.7509, 150, 100, 0
L 306.404, 1430.379, 3.7509, 300.27, 1525.921, 0.626, 150, 100, 0
L 300.27, 1525.921, 0.626, 295.706, 1581.068, 0.626, 150, 100, 0
L 295.706, 1581.068, 0.626, 292.189, 1621.225, 0.626, 150, 100, 0
L 292.189, 1621.225, 0.626, 212.744, 1700.032, 0.626, 150, 100, 0
L 212.744, 1700.032, 0.626, 84.007, 1692.588, 0.626, 150, 100, 0
L 84.007, 1692.588, 0.626, -22.76, 1659.369, 0.626, 150, 100, 0
L -22.76, 1659.369, 0.626, -61.532, 1706.605, 0.626, 150, 100, 0
L -61.532, 1706.605, 0.626, -91.599, 1825.339, 0.626, 150, 100, 0
L -91.599, 1825.339, 0.626, -98.867, 1931.646, 0.626, 150, 100, 0
L -98.867, 1931.646, 0.626, -200.012, 2096.359, 0.626, 150, 100, 0
L -200.012, 2096.359, 0.626, -65.076, 2229.202, 0.626, 150, 100, 0
L -65.076, 2229.202, 0.626, 160.164, 2259.642, 0.626, 150, 100, 0
L 160.164, 2259.642, 0.626, 493.211, 2203.95, 0.626, 150, 100, 0
L 493.211, 2203.95, 0.626, 699.857, 2219.844, 0.626, 150, 100, 0
L 699.857, 2219.844, 0.626, 891.827, 2396.54, 0.626, 150, 100, 0
L 891.827, 2396.54, 0.626, 963.351, 2572.466, 0.626, 150, 100, 0
L 963.351, 2572.466, 0.626, 979.216, 2714.81, 0.626, 150, 100, 0
L 979.216, 2714.81, 0.626, 1034.81, 2818.043, 0.626, 150, 100, 0
L 1034.81, 2818.043, 0.626, 1141.143, 2829.914, 0.626, 150, 100, 0
L 1141.143, 2829.914, 0.626, 1180.771, 2907.337, 0.626, 150, 100, 0
L 1180.771, 2907.337, 0.626, 1238.149, 2930.061, 0.626, 150, 100, 0
L 1238.149, 2930.061, 0.626, 1375.131, 2907.221, 0.626, 150, 100, 0
L 1375.131, 2907.221, 0.626, 1630.001, 2896.428, -22.3861, 150, 100, 0
L 1574.128, 2993.698, 0.626, 1227.7, 2993.698, 0.626, 150, 100, 0
L 1227.7, 2993.698, 0.626, 1131.104, 2961.188, 0.626, 150, 100, 0
L 1131.104, 2961.188, 0.626, 1079.234, 2879.468, 0.626, 150, 100, 0
L 1079.234, 2879.468, 0.626, 971.692, 2865.883, 0.626, 150, 100, 0
L 971.692, 2865.883, 0.626, 922.8, 2789.666, 0.626, 150, 100, 0
L 922.8, 2789.666, 0.626, 832.049, 2431.038, 0.626, 150, 100, 0
L 832.049, 2431.038, 0.626, 684.743, 2291.498, 0.626, 150, 100, 0
L 684.743, 2291.498, 0.626, 490.259, 2275.461, 0.626, 150, 100, 0
L 490.259, 2275.461, 0.626, 148.492, 2331.537, 0.626, 150, 100, 0
L 148.492, 2331.537, 0.626, -70.233, 2289.426, 0.626, 150, 100, 0
L -70.233, 2289.426, 0.626, -163.05, 2250.223, 0.626, 150, 100, 0
L -163.05, 2250.223, 0.626, -284.64, 2123.552, 0.626, 150, 100, 0
L -284.64, 2123.552, 0.626, -161.882, 1809.931, 0.626, 150, 100, 0
L -161.882, 1809.931, 0.626, -156.402, 1695.831, 0.626, 150, 100, 0
L -156.402, 1695.831, 0.626, -218.476, 1595.927, 0.626, 150, 100, 0
L -218.476, 1595.927, 0.626, -412.109, 1508.809, 0.626, 150, 100, 0
L -412.109, 1508.809, 0.626, -595.077, 1537.601, 0.626, 150, 100, 0
L -595.077, 1537.601, 0.626, -793.703, 1515.554, 0.626, 150, 100, 0
L -793.703, 1515.554, 0.626, -888.735, 1383.212, 0.626, 150, 100, 0
L -888.735, 1383.212, 0.626, -915.08, 1201.872, 0.626, 150, 100, 0
L -915.08, 1201.872, 0.626, -1016.615, 1061.481, 0.6176, 150, 100, 0
L -1016.615, 1061.481, 0.6176, -1016.847, 977.353, -1.6859, 150, 100, 0
L 725.892, -25.091, -54.4365, 723.482, -25.091, -54.4365, 100, 50, 0
L 723.482, -25.091, -54.4365, 711.689, -13.86, -54.4365, 100, 50, 0
L 711.689, -13.86, -54.4365, 711.275, 2.331, -54.4365, 100, 50, 0
L 711.275, 2.331, -54.4365, 714.952, 6.646, -54.4365, 100, 50, 0
L 714.952, 6.646, -54.4365, 711.302, 10.64, -54.4365, 100, 50, 0
L 711.302, 10.64, -54.4365, 716.128, 15.114, -54.4365, 100, 50, 0
L 716.128, 15.114, -54.4365, 719.821, 11.516, -54.4365, 100, 50, 0
L 719.821, 11.516, -54.4365, 722.713, 14.408, -54.4365, 100, 50, 0
L 722.713, 14.408, -54.4365, 739.861, 14.578, -54.4365, 100, 50, 0
L 739.861, 14.578, -54.4365, 750.798, 3.127, -54.4361, 100, 50, 0
L 750.798, 3.127, -54.4361, 750.778, -13.813, -54.4365, 100, 50, 0
L 750.778, -13.813, -54.4365, 739.284, -25.083, -54.4365, 100, 50, 0
L 739.284, -25.083, -54.4365, 736.355, -25.091, -54.4365, 100, 50, 0
L 691.104, -55.802, -54.4365, 691.104, -53.066, -54.4365, 100, 50, 0
L 691.104, -53.066, -54.4365, 679.832, -40.722, -54.4365, 100, 50, 0
L 679.832, -40.722, -54.4365, 663.187, -40.303, -54.4365, 100, 50, 0
L 663.187, -40.303, -54.4365, 651.419, -53.854, -54.4365, 100, 50, 0
L 651.419, -53.854, -54.4365, 651.421, -68.689, -54.4365, 100, 50, 0
L 651.421, -68.689, -54.4365, 654.499, -72.337, -54.4365, 100, 50, 0
L 654.499, -72.337, -54.4365, 650.899, -75.873, -54.4365, 100, 50, 0
L 650.899, -75.873, -54.4365, 654.924, -79.854, -54.4365, 100, 50, 0
L 654.924, -79.854, -54.4365, 659.369, -76.346, -54.4341, 100, 50, 0
L 659.369, -76.346, -54.4341, 663.143, -80.876, -54.4365, 100, 50, 0
L 663.143, -80.876, -54.4365, 680.043, -80.792, -54.4365, 100, 50, 0
L 680.043, -80.792, -54.4365, 690.944, -69.397, -54.4365, 100, 50, 0
L 690.944, -69.397, -54.4365, 691.102, -66.605, -54.4365, 100, 50, 0
L 734.936, -349.402, -54.4365, 731.87, -349.402, -54.4365, 100, 50, 0
L 731.87, -349.402, -54.4365, 720.126, -360.725, -54.4365, 100, 50, 0
L 720.126, -360.725, -54.4365, 720.112, -377.616, -54.4365, 100, 50, 0
L 720.112, -377.616, -54.4365, 731.819, -389.079, -54.4365, 100, 50, 0
L 731.819, -389.079, -54.4365, 747.996, -388.963, -54.4365, 100, 50, 0
L 747.996, -388.963, -54.4365, 751.09, -385.911, -54.4365, 100, 50, 0
L 751.09, -385.911, -54.4365, 754.384, -389.728, -54.4365, 100, 50, 0
L 754.384, -389.728, -54.4365, 759.671, -384.489, -54.4365, 100, 50, 0
L 759.671, -384.489, -54.4365, 755.959, -381.041, -54.4339, 100, 50, 0
L 755.959, -381.041, -54.4339, 759.636, -377.239, -54.4365, 100, 50, 0
L 759.636, -377.239, -54.4365, 759.684, -360.612, -54.4365, 100, 50, 0
L 759.684, -360.612, -54.4365, 748.267, -349.578, -54.4365, 100, 50, 0
L 748.267, -349.578, -54.4365, 745.359, -349.402, -54.4365, 100, 50, 0
L -226.761, -20.018, -53.9294, -224.069, -20.02, -53.9256, 100, 50, 0
L -224.069, -20.02, -53.9256, -213.188, -9.54, -53.7314, 100, 50, 0
L -213.188, -9.54, -53.7314, -202.996, -20.057, -54.2306, 100, 50, 0
L -202.996, -20.057, -54.2306, -185.7, -19.708, -54.4365, 100, 50, 0
L -185.7, -19.708, -54.4365, -174.854, -8.661, -54.4365, 100, 50, 0
L -174.854, -8.661, -54.4365, -174.669, 8.131, -54.2194, 100, 50, 0
L -174.669, 8.131, -54.2194, -177.709, 11.104, -54.748, 100, 50, 0
L -177.709, 11.104, -54.748, -174.156, 14.991, -54.666, 100, 50, 0
L -174.156, 14.991, -54.666, -179.225, 19.868, -53.8303, 100, 50, 0
L -179.225, 19.868, -53.8303, -183.325, 15.956, -53.8427, 100, 50, 0
L -183.325, 15.956, -53.8427, -187.117, 19.888, -53.6484, 100, 50, 0
L -187.117, 19.888, -53.6484, -202.919, 19.386, -53.2892, 100, 50, 0
L -202.919, 19.386, -53.2892, -213.153, 9.135, -53.2914, 100, 50, 0
L -213.153, 9.135, -53.2914, -223.959, 19.84, -52.9911, 100, 50, 0
L -223.959, 19.84, -52.9911, -240.219, 19.601, -53.148, 100, 50, 0
L -240.219, 19.601, -53.148, -243.176, 16.583, -53.812, 100, 50, 0
L -243.176, 16.583, -53.812, -246.42, 19.933, -53.15, 100, 50, 0
L -246.42, 19.933, -53.15, -251.088, 16.137, -53.1094, 100, 50, 0
L -251.088, 16.137, -53.1094, -248.035, 11.933, -53.2085, 100, 50, 0
L -248.035, 11.933, -53.2085, -250.806, 8.95, -53.2738, 100, 50, 0
L -250.806, 8.95, -53.2738, -261.191, 19.352, -53.2085, 100, 50, 0
L -261.191, 19.352, -53.2085, -277.873, 19.677, -53.6268, 100, 50, 0
L -277.873, 19.677, -53.6268, -289.266, 8.38, -53.9072, 100, 50, 0
L -289.266, 8.38, -53.9072, -289.765, -8.512, -53.9129, 100, 50, 0
L -289.765, -8.512, -53.9129, -286.629, -11.451, -53.838, 100, 50, 0
L -286.629, -11.451, -53.838, -289.819, -14.665, -53.9213, 100, 50, 0
L -289.819, -14.665, -53.9213, -285.769, -19.661, -54.2, 100, 50, 0
L -285.769, -19.661, -54.2, -281.645, -16.313, -53.9172, 100, 50, 0
L -281.645, -16.313, -53.9172, -278.107, -19.856, -53.9968, 100, 50, 0
L -278.107, -19.856, -53.9968, -261.764, -20.002, -53.978, 100, 50, 0
L -261.764, -20.002, -53.978, -250.824, -9.303, -53.7105, 100, 50, 0
L -250.824, -9.303, -53.7105, -240.106, -19.989, -53.9474, 100, 50, 0
L -240.106, -19.989, -53.9474, -236.842, -20.017, -53.5279, 100, 50, 0
L -166.617, -42.589, -54.4365, -166.682, -39.952, -54.4365, 100, 50, 0
L -166.682, -39.952, -54.4365, -155.227, -28.746, -54.4365, 100, 50, 0
L -155.227, -28.746, -54.4365, -138.628, -28.544, -54.4365, 100, 50, 0
L -138.628, -28.544, -54.4365, -134.883, -31.511, -54.4365, 100, 50, 0
L -134.883, -31.511, -54.4365, -131.124, -28.684, -54.4365, 100, 50, 0
L -131.124, -28.684, -54.4365, -126.406, -33.553, -54.4365, 100, 50, 0
L -126.406, -33.553, -54.4365, -130.013, -37.092, -54.4365, 100, 50, 0
L -130.013, -37.092, -54.4365, -126.609, -40.992, -54.4365, 100, 50, 0
L -126.609, -40.992, -54.4365, -126.944, -55.894, -54.4365, 100, 50, 0
L -126.944, -55.894, -54.4365, -138.688, -67.414, -54.4365, 100, 50, 0
L -138.688, -67.414, -54.4365, -154.919, -68.183, -54.4365, 100, 50, 0
L -154.919, -68.183, -54.4365, -166.614, -55.48, -54.4365, 100, 50, 0
L -166.614, -55.48, -54.4365, -166.615, -53.321, -54.4365, 100, 50, 0
L -326.338, -69.517, -54.6022, -326.34, -72.043, -54.6017, 100, 50, 0
L -326.34, -72.043, -54.6017, -338.411, -83.966, -54.6167, 100, 50, 0
L -338.411, -83.966, -54.6167, -354.346, -83.777, -54.639, 100, 50, 0
L -354.346, -83.777, -54.639, -358.071, -80.119, -54.6441, 100, 50, 0
L -358.071, -80.119, -54.6441, -361.664, -83.597, -54.6486, 100, 50, 0
L -361.664, -83.597, -54.6486, -366.718, -78.679, -54.655, 100, 50, 0
L -366.718, -78.679, -54.655, -362.941, -74.787, -54.6503, 100, 50, 0
L -362.941, -74.787, -54.6503, -366.022, -71.901, -54.654, 100, 50, 0
L -366.022, -71.901, -54.654, -365.95, -55.662, -54.654, 100, 50, 0
L -365.95, -55.662, -54.654, -354.135, -43.923, -54.6392, 100, 50, 0
L -354.135, -43.923, -54.6392, -337.894, -44.156, -54.6191, 100, 50, 0
L -337.894, -44.156, -54.6191, -326.283, -55.827, -54.6041, 100, 50, 0
L -326.283, -55.827, -54.6041, -326.338, -58.714, -54.6039, 100, 50, 0
L -1080.926, -769.021, -54.7177, -1077.34, -768.651, -54.7177, 100, 50, 0
L -1077.34, -768.651, -54.7177, -1066.103, -757.017, -54.7177, 100, 50, 0
L -1066.103, -757.017, -54.7177, -1066.328, -741.274, -54.7177, 100, 50, 0
L -1066.328, -741.274, -54.7177, -1078.94, -729.659, -54.7177, 100, 50, 0
L -1078.94, -729.659, -54.7177, -1094.034, -729.677, -54.7177, 100, 50, 0
L -1094.034, -729.677, -54.7177, -1097.46, -732.414, -54.7177, 100, 50, 0
L -1097.46, -732.414, -54.7177, -1101.027, -728.793, -54.7177, 100, 50, 0
L -1101.027, -728.793, -54.7177, -1105.723, -733.786, -54.7173, 100, 50, 0
L -1105.723, -733.786, -54.7173, -1102.329, -737.284, -54.7177, 100, 50, 0
L -1102.329, -737.284, -54.7177, -1105.951, -740.921, -54.7177, 100, 50, 0
L -1105.951, -740.921, -54.7177, -1105.866, -757.737, -54.7177, 100, 50, 0
L -1105.866, -757.737, -54.7177, -1094.186, -769.117, -54.7177, 100, 50, 0
L -1094.186, -769.117, -54.7177, -1091.729, -769.022, -54.7177, 100, 50, 0
L -1026.037, -777.749, -54.7177, -1028.405, -777.749, -54.7177, 100, 50, 0
L -1028.405, -777.749, -54.7177, -1040.485, -765.686, -54.7177, 100, 50, 0
L -1040.485, -765.686, -54.7177, -1040.155, -749.433, -54.7177, 100, 50, 0
L -1040.155, -749.433, -54.7177, -1036.638, -746.012, -54.7177, 100, 50, 0
L -1036.638, -746.012, -54.7177, -1040.317, -741.725, -54.7177, 100, 50, 0
L -1040.317, -741.725, -54.7177, -1035.761, -737.754, -54.7177, 100, 50, 0
L -1035.761, -737.754, -54.7177, -1031.768, -741.142, -54.7177, 100, 50, 0
L -1031.768, -741.142, -54.7177, -1028.7, -738.103, -54.7177, 100, 50, 0
L -1028.7, -738.103, -54.7177, -1011.893, -738.237, -54.7177, 100, 50, 0
L -1011.893, -738.237, -54.7177, -1001.323, -749.962, -54.7177, 100, 50, 0
L -1001.323, -749.962, -54.7177, -1000.689, -766.498, -54.7177, 100, 50, 0
L -1000.689, -766.498, -54.7177, -1011.883, -777.403, -54.7177, 100, 50, 0
L -1011.883, -777.403, -54.7177, -1015.235, -777.748, -54.7177, 100, 50, 0
L -1015.235, -777.748, -54.7177, -1015.066, -777.823, -54.7177, 100, 50, 0
L -1120.99, -815.719, -54.7177, -1121.376, -811.68, -54.7177, 100, 50, 0
L -1121.376, -811.68, -54.7177, -1132.144, -801.557, -54.7177, 100, 50, 0
L -1132.144, -801.557, -54.7177, -1149.131, -801.192, -54.7177, 100, 50, 0
L -1149.131, -801.192, -54.7177, -1161.165, -812.559, -54.7177, 100, 50, 0
L -1161.165, -812.559, -54.7177, -1160.651, -829.191, -54.7177, 100, 50, 0
L -1160.651, -829.191, -54.7177, -1157.595, -832.253, -54.7177, 100, 50, 0
L -1157.595, -832.253, -54.7177, -1161.189, -835.768, -54.7177, 100, 50, 0
L -1161.189, -835.768, -54.7177, -1155.975, -840.66, -54.7177, 100, 50, 0
L -1155.975, -840.66, -54.7177, -1152.725, -837.122, -54.7162, 100, 50, 0
L -1152.725, -837.122, -54.7162, -1149.32, -840.527, -54.7177, 100, 50, 0
L -1149.32, -840.527, -54.7177, -1132.157, -840.52, -54.7177, 100, 50, 0
L -1132.157, -840.52, -54.7177, -1121.089, -829.252, -54.7177, 100, 50, 0
L -1121.089, -829.252, -54.7177, -1120.99, -826.521, -54.7177, 100, 50, 0
L -1777.101, -46.375, -54.7177, -1768.092, -37.11, -54.7177, 100, 50, 0
L -1768.092, -37.11, -54.7177, -1753.781, -51.09, -54.7177, 100, 50, 0
L -1753.781, -51.09, -54.7177, -1758.239, -55.616, -54.7177, 100, 50, 0
L -1762.932, -60.312, -54.7177, -1767.253, -65.116, -54.7177, 100, 50, 0
L -1767.253, -65.116, -54.7177, -1781.739, -52.052, -54.7177, 100, 50, 0
L -1781.739, -52.052, -54.7177, -1776.28, -45.513, -54.7177, 100, 50, 0
L -1780.321, -105.454, -54.7177, -1777.668, -105.454, -54.7177, 100, 50, 0
L -1777.668, -105.454, -54.7177, -1765.667, -93.723, -54.7177, 100, 50, 0
L -1765.667, -93.723, -54.7177, -1765.72, -77.678, -54.7177, 100, 50, 0
L -1765.72, -77.678, -54.7177, -1778.141, -65.769, -54.7177, 100, 50, 0
L -1778.141, -65.769, -54.7177, -1793.825, -65.83, -54.7177, 100, 50, 0
L -1793.825, -65.83, -54.7177, -1796.855, -68.849, -54.7177, 100, 50, 0
L -1796.855, -68.849, -54.7177, -1799.858, -65.716, -54.7177, 100, 50, 0
L -1799.858, -65.716, -54.7177, -1805.29, -70.143, -54.7177, 100, 50, 0
L -1805.29, -70.143, -54.7177, -1801.724, -73.718, -54.7167, 100, 50, 0
L -1801.724, -73.718, -54.7167, -1805.468, -77.678, -54.7177, 100, 50, 0
L -1805.468, -77.678, -54.7177, -1805.382, -93.162, -54.7177, 100, 50, 0
L -1805.382, -93.162, -54.7177, -1793.468, -105.599, -54.7177, 100, 50, 0
L -1793.468, -105.599, -54.7177, -1791.123, -105.454, -54.7177, 100, 50, 0
L -3134.077, 114.966, -55.1642, -3131.128, 114.962, -55.857, 100, 50, 0
L -3131.128, 114.962, -55.857, -3120.481, 125.444, -54.8023, 100, 50, 0
L -3120.481, 125.444, -54.8023, -3110.14, 115.12, -54.7177, 100, 50, 0
L -3110.14, 115.12, -54.7177, -3093.706, 114.942, -54.7177, 100, 50, 0
L -3093.706, 114.942, -54.7177, -3082.035, 126.438, -54.7177, 100, 50, 0
L -3082.035, 126.438, -54.7177, -3081.917, 142.627, -54.7177, 100, 50, 0
L -3081.917, 142.627, -54.7177, -3084.998, 146.083, -54.7177, 100, 50, 0
L -3084.998, 146.083, -54.7177, -3082.461, 150.083, -54.7177, 100, 50, 0
L -3082.461, 150.083, -54.7177, -3085.6, 154.133, -54.7177, 100, 50, 0
L -3085.6, 154.133, -54.7177, -3089.863, 150.939, -54.7177, 100, 50, 0
L -3089.863, 150.939, -54.7177, -3093.446, 154.515, -54.7177, 100, 50, 0
L -3093.446, 154.515, -54.7177, -3109.355, 154.601, -54.7177, 100, 50, 0
L -3109.355, 154.601, -54.7177, -3120.447, 144.117, -54.795, 100, 50, 0
L -3120.447, 144.117, -54.795, -3131.007, 154.619, -55.3483, 100, 50, 0
L -3131.007, 154.619, -55.3483, -3147.237, 154.634, -56.1462, 100, 50, 0
L -3147.237, 154.634, -56.1462, -3150.47, 151.562, -56.2368, 100, 50, 0
L -3150.47, 151.562, -56.2368, -3153.998, 155.112, -56.4913, 100, 50, 0
L -3153.998, 155.112, -56.4913, -3158.678, 150.829, -56.6263, 100, 50, 0
L -3158.678, 150.829, -56.6263, -3155.325, 147.438, -56.3676, 100, 50, 0
L -3155.325, 147.438, -56.3676, -3158.097, 143.933, -56.439, 100, 50, 0
L -3158.097, 143.933, -56.439, -3169.143, 155.08, -57.2321, 100, 50, 0
L -3169.143, 155.08, -57.2321, -3185.107, 154.685, -58.21, 100, 50, 0
L -3185.107, 154.685, -58.21, -3196.978, 142.829, -58.337, 100, 50, 0
L -3196.978, 142.829, -58.337, -3196.806, 126.4, -57.9436, 100, 50, 0
L -3196.806, 126.4, -57.9436, -3193.775, 123.519, -57.7272, 100, 50, 0
L -3193.775, 123.519, -57.7272, -3197.473, 120.049, -57.82, 100, 50, 0
L -3197.473, 120.049, -57.82, -3193.308, 115.582, -57.5183, 100, 50, 0
L -3193.308, 115.582, -57.5183, -3188.935, 118.67, -57.3761, 100, 50, 0
L -3188.935, 118.67, -57.3761, -3185.035, 114.997, -57.718, 100, 50, 0
L -3185.035, 114.997, -57.718, -3169.133, 115.105, -56.292, 100, 50, 0
L -3169.133, 115.105, -56.292, -3158.118, 125.68, -56.279, 100, 50, 0
L -3158.118, 125.68, -56.279, -3147.404, 114.995, -55.5189, 100, 50, 0
L -3147.404, 114.995, -55.5189, -3144.219, 114.966, -55.3586, 100, 50, 0
L -3144.219, 114.966, -55.3586, -3144.255, 114.802, -55.3586, 100, 50, 0
L -3226.375, 79.395, -58.457, -3227.158, 75.644, -57.9767, 100, 50, 0
L -3227.158, 75.644, -57.9767, -3237.92, 64.277, -57.9767, 100, 50, 0
L -3237.92, 64.277, -57.9767, -3253.759, 64.219, -58.3466, 100, 50, 0
L -3253.759, 64.219, -58.3466, -3258.108, 67.904, -58.5217, 100, 50, 0
L -3258.108, 67.904, -58.5217, -3261.967, 64.366, -58.5424, 100, 50, 0
L -3261.967, 64.366, -58.5424, -3266.594, 69.361, -58.768, 100, 50, 0
L -3266.594, 69.361, -58.768, -3262.979, 73.445, -58.7631, 100, 50, 0
L -3262.979, 73.445, -58.7631, -3265.944, 76.098, -58.9022, 100, 50, 0
L -3265.944, 76.098, -58.9022, -3266.048, 91.312, -59.2642, 100, 50, 0
L -3266.048, 91.312, -59.2642, -3254.642, 103.683, -59.2922, 100, 50, 0
L -3254.642, 103.683, -59.2922, -3238.1, 103.864, -58.9087, 100, 50, 0
L -3238.1, 103.864, -58.9087, -3226.726, 92.381, -58.368, 100, 50, 0
L -3226.726, 92.381, -58.368, -3226.376, 89.204, -58.2903, 100, 50, 0
L -3226.376, 89.204, -58.2903, -3226.316, 89.378, -58.2903, 100, 50, 0
L -3792.413, -1183.827, -54.7177, -3790.019, -1183.827, -54.7177, 100, 50, 0
L -3790.019, -1183.827, -54.7177, -3778.992, -1194.548, -54.7177, 100, 50, 0
L -3778.992, -1194.548, -54.7177, -3768.768, -1184.673, -54.7177, 100, 50, 0
L -3768.768, -1184.673, -54.7177, -3752.23, -1183.861, -54.7177, 100, 50, 0
L -3752.23, -1183.861, -54.7177, -3748.171, -1187.538, -54.7177, 100, 50, 0
L -3748.171, -1187.538, -54.7177, -3744.176, -1183.738, -54.7177, 100, 50, 0
L -3744.176, -1183.738, -54.7177, -3739.619, -1188.408, -54.7177, 100, 50, 0
L -3739.619, -1188.408, -54.7177, -3743.319, -1193.26, -54.7177, 100, 50, 0
L -3743.319, -1193.26, -54.7177, -3740.189, -1195.729, -54.7177, 100, 50, 0
L -3740.189, -1195.729, -54.7177, -3740.404, -1212.565, -54.7177, 100, 50, 0
L -3740.404, -1212.565, -54.7177, -3752.265, -1223.764, -54.7177, 100, 50, 0
L -3752.265, -1223.764, -54.7177, -3769.344, -1223.448, -54.7177, 100, 50, 0
L -3769.344, -1223.448, -54.7177, -3779.012, -1212.801, -54.7175, 100, 50, 0
L -3779.012, -1212.801, -54.7175, -3781.785, -1215.574, -54.7177, 100, 50, 0
L -3781.785, -1215.574, -54.7177, -3778.279, -1219.663, -54.7177, 100, 50, 0
L -3778.279, -1219.663, -54.7177, -3783.19, -1224.083, -54.7177, 100, 50, 0
L -3783.19, -1224.083, -54.7177, -3786.639, -1220.43, -54.7177, 100, 50, 0
L -3786.639, -1220.43, -54.7177, -3790.083, -1223.606, -54.7177, 100, 50, 0
L -3790.083, -1223.606, -54.7177, -3805.976, -1223.506, -54.7177, 100, 50, 0
L -3805.976, -1223.506, -54.7177, -3816.665, -1212.986, -54.7175, 100, 50, 0
L -3816.665, -1212.986, -54.7175, -3827.251, -1223.482, -54.7177, 100, 50, 0
L -3827.251, -1223.482, -54.7177, -3842.847, -1223.482, -54.7177, 100, 50, 0
L -3842.847, -1223.482, -54.7177, -3847.246, -1219.806, -54.7177, 100, 50, 0
L -3847.246, -1219.806, -54.7177, -3851.125, -1223.847, -54.7177, 100, 50, 0
L -3851.125, -1223.847, -54.7177, -3855.744, -1218.47, -54.7177, 100, 50, 0
L -3855.744, -1218.47, -54.7177, -3852.106, -1214.955, -54.7177, 100, 50, 0
L -3852.106, -1214.955, -54.7177, -3855.194, -1211.254, -54.7177, 100, 50, 0
L -3855.194, -1211.254, -54.7177, -3855.172, -1196.112, -54.7177, 100, 50, 0
L -3855.172, -1196.112, -54.7177, -3843.293, -1183.563, -54.7177, 100, 50, 0
L -3843.293, -1183.563, -54.7177, -3828.187, -1183.792, -54.7177, 100, 50, 0
L -3828.187, -1183.792, -54.7177, -3816.628, -1195.032, -54.7175, 100, 50, 0
L -3816.628, -1195.032, -54.7175, -3806.478, -1184.159, -54.7177, 100, 50, 0
L -3806.478, -1184.159, -54.7177, -3803.13, -1183.83, -54.7152, 100, 50, 0
L -3854.271, -1166.46, -54.7177, -3854.282, -1169.46, -54.7177, 100, 50, 0
L -3854.282, -1169.46, -54.7177, -3865.477, -1180.156, -54.7177, 100, 50, 0
L -3865.477, -1180.156, -54.7177, -3882.018, -1180.595, -54.7177, 100, 50, 0
L -3882.018, -1180.595, -54.7177, -3886.009, -1176.918, -54.7177, 100, 50, 0
L -3886.009, -1176.918, -54.7177, -3890.425, -1181.082, -54.7177, 100, 50, 0
L -3890.425, -1181.082, -54.7177, -3894.303, -1175.617, -54.7177, 100, 50, 0
L -3894.303, -1175.617, -54.7177, -3890.879, -1172.049, -54.7177, 100, 50, 0
L -3890.879, -1172.049, -54.7177, -3894.167, -1167.725, -54.7177, 100, 50, 0
L -3894.167, -1167.725, -54.7177, -3893.914, -1151.879, -54.7177, 100, 50, 0
L -3893.914, -1151.879, -54.7177, -3882.466, -1141.049, -54.7177, 100, 50, 0
L -3882.466, -1141.049, -54.7177, -3866.398, -1140.884, -54.7177, 100, 50, 0
L -3866.398, -1140.884, -54.7177, -3855.401, -1152.205, -54.7177, 100, 50, 0
L -3855.401, -1152.205, -54.7177, -3854.271, -1155.515, -54.7177, 100, 50, 0
L -4840.626, -84.33, -54.5927, -4837.813, -84.317, -54.5927, 100, 50, 0
L -4837.813, -84.317, -54.5927, -4826.298, -72.868, -54.5927, 100, 50, 0
L -4826.298, -72.868, -54.5927, -4826.109, -57.115, -54.5927, 100, 50, 0
L -4826.109, -57.115, -54.5927, -4838.315, -44.898, -54.5927, 100, 50, 0
L -4838.315, -44.898, -54.5927, -4854.045, -44.662, -54.5927, 100, 50, 0
L -4854.045, -44.662, -54.5927, -4857.232, -47.729, -54.5927, 100, 50, 0
L -4857.232, -47.729, -54.5927, -4860.323, -44.511, -54.5927, 100, 50, 0
L -4860.323, -44.511, -54.5927, -4865.161, -48.174, -54.5927, 100, 50, 0
L -4865.161, -48.174, -54.5927, -4862.102, -52.599, -54.5919, 100, 50, 0
L -4862.102, -52.599, -54.5919, -4865.661, -56.001, -54.5927, 100, 50, 0
L -4865.661, -56.001, -54.5927, -4865.803, -72.556, -54.5927, 100, 50, 0
L -4865.803, -72.556, -54.5927, -4853.633, -84.69, -54.5927, 100, 50, 0
L -4853.633, -84.69, -54.5927, -4851.364, -84.331, -54.5927, 100, 50, 0
L -5003.675, -446.099, -54.5927, -5004.212, -442.94, -54.5927, 100, 50, 0
L -5004.212, -442.94, -54.5927, -5015.366, -431.578, -54.5927, 100, 50, 0
L -5015.366, -431.578, -54.5927, -5031.9, -431.602, -54.5927, 100, 50, 0
L -5031.9, -431.602, -54.5927, -5042.96, -442.891, -54.5927, 100, 50, 0
L -5042.96, -442.891, -54.5927, -5043.188, -459.418, -54.5927, 100, 50, 0
L -5043.188, -459.418, -54.5927, -5040.11, -462.634, -54.5927, 100, 50, 0
L -5040.11, -462.634, -54.5927, -5043.643, -466.025, -54.5927, 100, 50, 0
L -5043.643, -466.025, -54.5927, -5039.38, -470.866, -54.5927, 100, 50, 0
L -5039.38, -470.866, -54.5927, -5035.24, -467.503, -54.5906, 100, 50, 0
L -5035.24, -467.503, -54.5906, -5030.781, -471.241, -54.5927, 100, 50, 0
L -5030.781, -471.241, -54.5927, -5015.611, -471.16, -54.5927, 100, 50, 0
L -5015.611, -471.16, -54.5927, -5004.121, -460.15, -54.5927, 100, 50, 0
L -5004.121, -460.15, -54.5927, -5003.68, -456.902, -54.5927, 100, 50, 0
L -5003.68, -456.902, -54.5927, -5003.249, -457.869, -54.5927, 100, 50, 0
L -4963.234, -479.431, -54.5927, -4965.637, -479.435, -54.5927, 100, 50, 0
L -4965.637, -479.435, -54.5927, -4976.696, -489.785, -54.5912, 100, 50, 0
L -4976.696, -489.785, -54.5912, -4987.018, -479.479, -54.5927, 100, 50, 0
L -4987.018, -479.479, -54.5927, -5004.237, -479.283, -54.5927, 100, 50, 0
L -5004.237, -479.283, -54.5927, -5015.331, -490.984, -54.5927, 100, 50, 0
L -5015.331, -490.984, -54.5927, -5015.101, -507.953, -54.5927, 100, 50, 0
L -5015.101, -507.953, -54.5927, -5012.163, -510.449, -54.5927, 100, 50, 0
L -5012.163, -510.449, -54.5927, -5015.651, -513.861, -54.5927, 100, 50, 0
L -5015.651, -513.861, -54.5927, -5009.748, -519.165, -54.5927, 100, 50, 0
L -5009.748, -519.165, -54.5927, -5007.313, -515.29, -54.5927, 100, 50, 0
L -5007.313, -515.29, -54.5927, -5003.785, -518.812, -54.5927, 100, 50, 0
L -5003.785, -518.812, -54.5927, -4986.819, -518.57, -54.5927, 100, 50, 0
L -4986.819, -518.57, -54.5927, -4976.744, -508.477, -54.5927, 100, 50, 0
L -4976.744, -508.477, -54.5927, -4966.41, -518.812, -54.5921, 100, 50, 0
L -4966.41, -518.812, -54.5921, -4950.398, -518.993, -54.5927, 100, 50, 0
L -4950.398, -518.993, -54.5927, -4946.706, -515.91, -54.5927, 100, 50, 0
L -4946.706, -515.91, -54.5927, -4942.732, -519.265, -54.5927, 100, 50, 0
L -4942.732, -519.265, -54.5927, -4939.216, -515.239, -54.5927, 100, 50, 0
L -4939.216, -515.239, -54.5927, -4941.86, -511.064, -54.5927, 100, 50, 0
L -4941.86, -511.064, -54.5927, -4939.09, -508.292, -54.5927, 100, 50, 0
L -4939.09, -508.292, -54.5927, -4927.838, -519.025, -54.5927, 100, 50, 0
L -4927.838, -519.025, -54.5927, -4912.066, -518.815, -54.5927, 100, 50, 0
L -4912.066, -518.815, -54.5927, -4900.822, -507.937, -54.5927, 100, 50, 0
L -4900.822, -507.937, -54.5927, -4900.295, -491.542, -54.5927, 100, 50, 0
L -4900.295, -491.542, -54.5927, -4903.401, -487.876, -54.5927, 100, 50, 0
L -4903.401, -487.876, -54.5927, -4899.749, -483.803, -54.5927, 100, 50, 0
L -4899.749, -483.803, -54.5927, -4904.161, -479.635, -54.5927, 100, 50, 0
L -4904.161, -479.635, -54.5927, -4908.244, -483.026, -54.5923, 100, 50, 0
L -4908.244, -483.026, -54.5923, -4912.476, -479.261, -54.5927, 100, 50, 0
L -4912.476, -479.261, -54.5927, -4928.142, -479.72, -54.5927, 100, 50, 0
L -4928.142, -479.72, -54.5927, -4939.061, -490.043, -54.5927, 100, 50, 0
L -4939.061, -490.043, -54.5927, -4950.344, -479.531, -54.5927, 100, 50, 0
L -4950.344, -479.531, -54.5927, -4952.442, -479.41, -54.5927, 100, 50, 0
L -4872.647, -423.766, -54.5927, -4872.166, -427.599, -54.5927, 100, 50, 0
L -4872.166, -427.599, -54.5927, -4860.731, -438.581, -54.5927, 100, 50, 0
L -4860.731, -438.581, -54.5927, -4844.685, -438.95, -54.5927, 100, 50, 0
L -4844.685, -438.95, -54.5927, -4834.165, -427.274, -54.5927, 100, 50, 0
L -4834.165, -427.274, -54.5927, -4833.02, -410.244, -54.5927, 100, 50, 0
L -4833.02, -410.244, -54.5927, -4836.042, -407.231, -54.5927, 100, 50, 0
L -4836.042, -407.231, -54.5927, -4832.418, -403.574, -54.5927, 100, 50, 0
L -4832.418, -403.574, -54.5927, -4837.858, -398.808, -54.5927, 100, 50, 0
L -4837.858, -398.808, -54.5927, -4840.911, -402.91, -54.5921, 100, 50, 0
L -4840.911, -402.91, -54.5921, -4844.964, -398.526, -54.5927, 100, 50, 0
L -4844.964, -398.526, -54.5927, -4860.354, -398.705, -54.5927, 100, 50, 0
L -4860.354, -398.705, -54.5927, -4872.016, -409.7, -54.5927, 100, 50, 0
L -4872.016, -409.7, -54.5927, -4872.64, -412.963, -54.5927, 100, 50, 0
L -4872.64, -412.963, -54.5927, -4872.715, -412.403, -54.5927, 100, 50, 0
L -4184.699, -501.915, -54.7177, -4188.197, -502.02, -54.7177, 100, 50, 0
L -4188.197, -502.02, -54.7177, -4199.026, -513.235, -54.7177, 100, 50, 0
L -4199.026, -513.235, -54.7177, -4199.302, -529.145, -54.7177, 100, 50, 0
L -4199.302, -529.145, -54.7177, -4187.744, -541.527, -54.7175, 100, 50, 0
L -4187.744, -541.527, -54.7175, -4171.949, -541.598, -54.7177, 100, 50, 0
L -4171.949, -541.598, -54.7177, -4168.165, -538.52, -54.7177, 100, 50, 0
L -4168.165, -538.52, -54.7177, -4165.139, -541.677, -54.7177, 100, 50, 0
L -4165.139, -541.677, -54.7177, -4159.812, -537.659, -54.7177, 100, 50, 0
L -4159.812, -537.659, -54.7177, -4163.296, -533.65, -54.7158, 100, 50, 0
L -4163.296, -533.65, -54.7158, -4159.386, -529.795, -54.7177, 100, 50, 0
L -4159.386, -529.795, -54.7177, -4159.639, -513.536, -54.7177, 100, 50, 0
L -4159.639, -513.536, -54.7177, -4170.796, -503.117, -54.7177, 100, 50, 0
L -4170.796, -503.117, -54.7177, -4173.896, -501.915, -54.7177, 100, 50, 0
L -4772.476, -1120.219, -54.5927, -4785.625, -1116.596, -54.5927, 100, 50, 0
L -4785.625, -1116.596, -54.5927, -4791.082, -1135.872, -54.5925, 100, 50, 0
L -4791.082, -1135.872, -54.5925, -4772.37, -1141.479, -54.5878, 100, 50, 0
L -4772.37, -1141.479, -54.5878, -4770.312, -1136.121, -54.5927, 100, 50, 0
L -4766.903, -1121.552, -54.5927, -4772.305, -1120.266, -54.5927, 100, 50, 0
L -4766.758, -1121.508, -54.5927, -4766.256, -1122.124, -54.5927, 100, 50, 0
L -4766.256, -1122.124, -54.5927, -4767.45, -1126.629, -54.5927, 100, 50, 0
L -4789.165, -1180.946, -54.5927, -4773.901, -1194.005, -54.5857, 100, 50, 0
L -4773.901, -1194.005, -54.5857, -4761.221, -1179.526, -54.5927, 100, 50, 0
L -4761.221, -1179.526, -54.5927, -4764.044, -1175.625, -54.5927, 100, 50, 0
L -4771.924, -1170.149, -54.5927, -4776.732, -1166.614, -54.5927, 100, 50, 0
L -4776.732, -1166.614, -54.5927, -4788.9, -1180.989, -54.5923, 100, 50, 0
L -4746.046, -1182.468, -54.5818, -4745.71, -1199.701, -54.5895, 100, 50, 0
L -4745.71, -1199.701, -54.5895, -4725.912, -1200.696, -54.5927, 100, 50, 0
L -4725.912, -1200.696, -54.5927, -4725.022, -1180.461, -54.5927, 100, 50, 0
L -4725.022, -1180.461, -54.5927, -4730.285, -1180.104, -54.5927, 100, 50, 0
L -4746.265, -1182.852, -54.5705, -4745.327, -1179.067, -54.5927, 100, 50, 0
L -4745.327, -1179.067, -54.5927, -4740.68, -1179.449, -54.5927, 100, 50, 0
L -2782.044, -1202.182, -54.7177, -2779.302, -1209.661, -54.7177, 100, 50, 0
L -2779.302, -1209.661, -54.7177, -2778.623, -1212.938, -54.7177, 100, 50, 0
L -2778.623, -1212.938, -54.7177, -2785.059, -1226.232, -54.7177, 100, 50, 0
L -2785.059, -1226.232, -54.7177, -2800.468, -1231.249, -54.1362, 100, 50, 0
L -2800.468, -1231.249, -54.1362, -2814.03, -1224.527, -54.7177, 100, 50, 0
L -2814.03, -1224.527, -54.7177, -2819.2, -1209.583, -54.7177, 100, 50, 0
L -2819.2, -1209.583, -54.7177, -2812.65, -1196.087, -54.7177, 100, 50, 0
L -2812.65, -1196.087, -54.7177, -2797.99, -1190.778, -54.7177, 100, 50, 0
L -2797.99, -1190.778, -54.7177, -2794.83, -1192.095, -54.6683, 100, 50, 0
L -2749.952, -1218.801, -54.5818, -2739.799, -1228.22, -54.7177, 100, 50, 0
L -2739.799, -1228.22, -54.7177, -2724.464, -1228.024, -54.7177, 100, 50, 0
L -2724.464, -1228.024, -54.7177, -2713.604, -1216.916, -54.7177, 100, 50, 0
L -2713.604, -1216.916, -54.7177, -2714.411, -1202.298, -54.7177, 100, 50, 0
L -2714.411, -1202.298, -54.7177, -2725.119, -1191.126, -54.7177, 100, 50, 0
L -2725.119, -1191.126, -54.7177, -2741.25, -1191.806, -54.7177, 100, 50, 0
L -2741.25, -1191.806, -54.7177, -2743.047, -1193.753, -54.7177, 100, 50, 0
L -2750.435, -1200.939, -54.7177, -2751.697, -1204.088, -54.7177, 100, 50, 0
L -2751.697, -1204.088, -54.7177, -2750.818, -1218.743, -54.7177, 100, 50, 0
L -2719.827, -1174.797, -54.7177, -2713.162, -1179.622, -54.7169, 100, 50, 0
L -2713.162, -1179.622, -54.7169, -2703.624, -1178.49, -54.7177, 100, 50, 0
L -2703.624, -1178.49, -54.7177, -2697.833, -1170.674, -54.7177, 100, 50, 0
L -2697.833, -1170.674, -54.7177, -2699.318, -1161.925, -54.7177, 100, 50, 0
L -2699.318, -1161.925, -54.7177, -2707.856, -1155.737, -54.7177, 100, 50, 0
L -2707.856, -1155.737, -54.7177, -2716.705, -1157.644, -54.7177, 100, 50, 0
L -2716.705, -1157.644, -54.7177, -2721.244, -1164.715, -54.7173, 100, 50, 0
L -2721.244, -1164.715, -54.7173, -2721.825, -1166.694, -54.7126, 100, 50, 0
L -2719.765, -1174.726, -54.713, -2721.225, -1172.958, -54.7156, 100, 50, 0
L -3225.291, 160.65, -57.9598, -3211.745, 160.503, -57.5046, 100, 50, 0
L -3211.745, 160.503, -57.5046, -3211.751, 138.619, -57.76, 100, 50, 0
L -3211.751, 138.619, -57.76, -3219.895, 138.449, -57.4078, 100, 50, 0
L -3226.763, 138.342, -57.5758, -3231.801, 138.345, -57.694, 100, 50, 0
L -3231.801, 138.345, -57.694, -3233.197, 140.924, -57.7903, 100, 50, 0
L -3233.197, 140.924, -57.7903, -3233.022, 159.841, -58.2471, 100, 50, 0
L -3233.022, 159.841, -58.2471, -3233.385, 160.418, -58.2132, 100, 50, 0
L -3233.385, 160.418, -58.2132, -3224.417, 160.65, -57.9296, 100, 50, 0
L 955.3, 390.457, -48.8688, 863.402, 309.419, -45.9363, 150, 100, 0
L 863.402, 309.419, -45.9363, 869.344, -679.084, -49.7674, 150, 100, 0
L 869.344, -679.084, -49.7674, 957.977, -694.455, -41.597, 150, 100, 0
L 957.977, -694.455, -41.597, 975.293, -757.745, -43.899, 150, 100, 0
L 296.24, 829.846, 52.1257, 127.915, 826.424, -16.304, 150, 100, 0
L 127.915, 826.424, -16.304, -93.597, 600.24, -31.3124, 150, 100, 0
L -93.597, 600.24, -31.3124, -312.247, 696.419, -40.5446, 150, 100, 0
L -312.247, 696.419, -40.5446, -357.919, 526.992, -12.3103, 150, 100, 0
L -357.919, 526.992, -12.3103, -329.745, 475.372, -12.5399, 150, 100, 0
L -329.745, 475.372, -12.5399, -385.831, 292.344, -31.403, 150, 100, 0
L -385.831, 292.344, -31.403, -463.446, 323.37, -38.9919, 150, 100, 0
L -463.446, 323.37, -38.9919, -557.812, 510.885, -21.5768, 150, 100, 0
L -557.812, 510.885, -21.5768, -626.667, 657.86, -51.5927, 150, 100, 0
L -626.667, 657.86, -51.5927, -628.325, 699.393, -51.5927, 150, 100, 0
L -628.325, 699.393, -51.5927, -708.592, 673.529, -51.5927, 150, 100, 0
L -708.592, 673.529, -51.5927, -831.796, 665.656, -51.5927, 150, 100, 0
L -831.796, 665.656, -51.5927, -1054.994, 425.394, -51.5927, 150, 100, 0
L -1054.994, 425.394, -51.5927, -1363.191, 423.074, -51.5927, 150, 100, 0
L -1363.191, 423.074, -51.5927, -1454.746, 495.24, -49.7762, 150, 100, 0
L -1454.746, 495.24, -49.7762, -1590.209, 393.329, -51.5927, 150, 100, 0
L -1590.209, 393.329, -51.5927, -1678.471, 216.053, -51.5927, 150, 100, 0
L -1678.471, 216.053, -51.5927, -1796.78, 0.148, -51.5927, 150, 100, 0
L -1796.78, 0.148, -51.5927, -2022.231, 16.54, -51.5927, 150, 100, 0
L -2022.231, 16.54, -51.5927, -2083.666, 102.947, -42.182, 150, 100, 0
L -2083.666, 102.947, -42.182, -2183.19, 335.145, -49.2456, 150, 100, 0
L -2183.19, 335.145, -49.2456, -2168.765, 387.278, -46.5891, 150, 100, 0
L -2168.765, 387.278, -46.5891, -2268.949, 496.117, -51.5927, 150, 100, 0
L -2268.949, 496.117, -51.5927, -2413.351, 470.384, -51.5927, 150, 100, 0
L -2413.351, 470.384, -51.5927, -2507.418, 390.675, -51.5927, 150, 100, 0
L -2507.418, 390.675, -51.5927, -2674.773, 213.042, -51.5927, 150, 100, 0
L -2674.773, 213.042, -51.5927, -2829.068, 362.558, -51.5927, 150, 100, 0
L -2829.068, 362.558, -51.5927, -3048.194, 497.291, -48.4423, 150, 100, 0
L -3048.194, 497.291, -48.4423, -3230.729, 411.376, -51.5927, 150, 100, 0
L -3230.729, 411.376, -51.5927, -3358.768, 395.435, -56.1358, 150, 100, 0
L -3358.768, 395.435, -56.1358, -3747.234, 409.958, -108.429, 150, 100, 0
L -3747.234, 409.958, -108.429, -3875.707, 538.843, -60.578, 150, 100, 0
L -3875.707, 538.843, -60.578, -4003.369, 654.553, -48.215, 150, 100, 0
L -4003.369, 654.553, -48.215, -4210.097, 697.26, -51.5927, 150, 100, 0
L -4210.097, 697.26, -51.5927, -4630.713, 708.974, -51.4677, 150, 100, 0
L -4630.713, 708.974, -51.4677, -4839.717, 657.992, -51.4677, 150, 100, 0
L -4839.717, 657.992, -51.4677, -4998.909, 499.176, -51.4677, 150, 100, 0
L -4998.909, 499.176, -51.4677, -5138.469, 333.179, -69.3465, 150, 100, 0
L -3228.383, 78.799, -58.484, -3228.383, 76.518, -58.401, 100, 50, 0
L -3228.383, 76.518, -58.401, -3238.782, 66.114, -58.399, 100, 50, 0
L -3238.782, 66.114, -58.399, -3254.035, 66.11, -58.484, 100, 50, 0
L -3254.035, 66.11, -58.484, -3256.675, 69.294, -58.484, 100, 50, 0
L -3262.034, 74.157, -58.484, -3263.894, 76.509, -58.484, 100, 50, 0
L -3263.894, 76.509, -58.484, -3263.898, 91.219, -58.484, 100, 50, 0
L -3263.898, 91.219, -58.484, -3253.616, 101.622, -58.484, 100, 50, 0
L -3253.616, 101.622, -58.484, -3238.782, 101.626, -58.484, 100, 50, 0
L -3238.782, 101.626, -58.484, -3228.384, 91.226, -58.484, 100, 50, 0
L -3228.384, 91.226, -58.484, -3228.385, 89.423, -58.484, 100, 50, 0
L -3230.832, 158.294, -60.827, -3230.84, 140.918, -59.6019, 100, 50, 0
L -3230.84, 140.918, -59.6019, -3227.371, 140.828, -59.502, 100, 50, 0
L -3218.069, 140.696, -59.3025, -3213.247, 140.695, -59.855, 100, 50, 0
L -3213.247, 140.695, -59.855, -3213.234, 158.287, -59.4346, 100, 50, 0
L -3213.234, 158.287, -59.4346, -3230.832, 158.294, -60.827, 100, 50, 0
L -3194.717, 141.997, -54.7188, -3194.729, 127.289, -54.7186, 100, 50, 0
L -3194.729, 127.289, -54.7186, -3192.364, 124.922, -54.7188, 100, 50, 0
L -3187.623, 120.052, -54.7186, -3184.331, 116.88, -54.7186, 100, 50, 0
L -3184.331, 116.88, -54.7186, -3181.823, 116.894, -54.7188, 100, 50, 0
L -3169.622, 116.872, -54.7188, -3184.33, 116.88, -54.7188, 100, 50, 0
L -3169.622, 116.872, -54.7186, -3159.217, 127.266, -54.7188, 100, 50, 0
L -3159.217, 127.266, -54.7188, -3159.213, 129.423, -54.7188, 100, 50, 0
L -3194.717, 141.998, -54.7186, -3184.312, 152.392, -54.7188, 100, 50, 0
L -3184.312, 152.392, -54.7188, -3169.601, 152.384, -54.7188, 100, 50, 0
L -3169.601, 152.384, -54.7188, -3159.205, 141.979, -54.7188, 100, 50, 0
L -3159.205, 141.979, -54.7188, -3159.209, 140.308, -54.7188, 100, 50, 0
L -3157.208, 129.938, -54.7188, -3157.202, 127.446, -54.7188, 100, 50, 0
L -3157.202, 127.446, -54.7188, -3146.722, 116.97, -54.7186, 100, 50, 0
L -3146.722, 116.97, -54.7186, -3144.362, 116.97, -54.7188, 100, 50, 0
L -3134.064, 116.974, -54.7188, -3132.013, 116.974, -54.7188, 100, 50, 0
L -3132.013, 116.974, -54.7188, -3122.385, 127.419, -54.7188, 100, 50, 0
L -3122.385, 127.419, -54.7188, -3122.36, 129.559, -54.7188, 100, 50, 0
L -3121.586, 140.45, -54.7188, -3121.59, 142.062, -54.7188, 100, 50, 0
L -3121.59, 142.062, -54.7188, -3132.017, 152.485, -54.7188, 100, 50, 0
L -3132.017, 152.485, -54.7188, -3140.328, 152.483, -54.7188, 100, 50, 0
L -3140.328, 152.483, -54.7188, -3140.328, 146.683, -54.7188, 100, 50, 0
L -3140.328, 146.683, -54.7188, -3136.185, 146.43, -54.7188, 100, 50, 0
L -3136.185, 146.43, -54.7188, -3135.699, 143.233, -54.7188, 100, 50, 0
L -3135.699, 143.233, -54.7188, -3143.319, 143.628, -54.7188, 100, 50, 0
L -3143.319, 143.628, -54.7188, -3143.985, 152.482, -54.7186, 100, 50, 0
L -3143.985, 152.482, -54.7186, -3146.729, 152.482, -54.7186, 100, 50, 0
L -3146.729, 152.482, -54.7186, -3149.079, 150.131, -54.7186, 100, 50, 0
L -3153.945, 145.264, -54.7186, -3157.195, 142.012, -54.7186, 100, 50, 0
L -3157.195, 142.012, -54.7186, -3157.2, 140.049, -54.7188, 100, 50, 0
L -3120.313, 129.626, -54.7188, -3120.277, 127.586, -54.7186, 100, 50, 0
L -3120.277, 127.586, -54.7186, -3109.152, 117.196, -54.7177, 100, 50, 0
L -3109.152, 117.196, -54.7177, -3094.349, 117.306, -54.7177, 100, 50, 0
L -3094.349, 117.306, -54.7177, -3084.053, 127.625, -54.7177, 100, 50, 0
L -3084.053, 127.625, -54.7177, -3084.068, 142.333, -54.7177, 100, 50, 0
L -3084.068, 142.333, -54.7177, -3086.431, 144.692, -54.7177, 100, 50, 0
L -3091.301, 149.553, -54.7177, -3094.473, 152.947, -54.7177, 100, 50, 0
L -3094.473, 152.947, -54.7177, -3109.19, 153.668, -54.7177, 100, 50, 0
L -3109.19, 153.668, -54.7177, -3120.432, 142.299, -54.7186, 100, 50, 0
L -3120.432, 142.299, -54.7186, -3120.403, 140.441, -54.7188, 100, 50, 0
L 733.8, -351.497, -52.6009, 732.634, -351.497, -52.6009, 100, 50, 0
L 732.634, -351.497, -52.6009, 722.235, -361.724, -52.6009, 100, 50, 0
L 722.235, -361.724, -52.6009, 722.238, -376.435, -52.6009, 100, 50, 0
L 722.238, -376.435, -52.6009, 732.641, -386.835, -52.6009, 100, 50, 0
L 732.641, -386.835, -52.6009, 747.351, -386.831, -52.6009, 100, 50, 0
L 747.351, -386.831, -52.6009, 749.703, -384.477, -52.6009, 100, 50, 0
L 755.036, -379.612, -52.6007, 757.75, -376.428, -52.6009, 100, 50, 0
L 757.75, -376.428, -52.6009, 757.746, -361.719, -52.6009, 100, 50, 0
L 757.746, -361.719, -52.6009, 747.343, -351.478, -52.6009, 100, 50, 0
L 747.343, -351.478, -52.6009, 746.156, -351.478, -52.6009, 100, 50, 0
L 736.252, -23.072, -52.3509, 738.278, -23.072, -52.3509, 100, 50, 0
L 738.278, -23.072, -52.3509, 748.677, -12.669, -52.3509, 100, 50, 0
L 748.677, -12.669, -52.3509, 748.673, 2.042, -52.3509, 100, 50, 0
L 748.673, 2.042, -52.3509, 738.27, 12.442, -52.3509, 100, 50, 0
L 738.27, 12.442, -52.3509, 723.806, 12.438, -52.3509, 100, 50, 0
L 723.806, 12.438, -52.3509, 721.208, 10.084, -52.3509, 100, 50, 0
L 716.345, 5.219, -52.3509, 713.162, 2.035, -52.3509, 100, 50, 0
L 713.162, 2.035, -52.3509, 713.166, -12.674, -52.3509, 100, 50, 0
L 713.166, -12.674, -52.3509, 724.058, -23.074, -52.3509, 100, 50, 0
L 724.058, -23.074, -52.3509, 725.728, -23.074, -52.3509, 100, 50, 0
L 689.085, -55.424, -52.1009, 689.085, -53.879, -52.1009, 100, 50, 0
L 689.085, -53.879, -52.1009, 678.681, -43.48, -52.1009, 100, 50, 0
L 678.681, -43.48, -52.1009, 664.17, -43.484, -52.1009, 100, 50, 0
L 664.17, -43.484, -52.1009, 654.08, -53.887, -52.1009, 100, 50, 0
L 654.08, -53.887, -52.1009, 654.117, -68.596, -52.1009, 100, 50, 0
L 654.117, -68.596, -52.1009, 655.929, -70.949, -52.1009, 100, 50, 0
L 660.794, -75.812, -52.1009, 663.978, -78.995, -52.1009, 100, 50, 0
L 663.978, -78.995, -52.1009, 678.687, -78.992, -52.1009, 100, 50, 0
L 678.687, -78.992, -52.1009, 689.087, -68.589, -52.1009, 100, 50, 0
L 689.087, -68.589, -52.1009, 689.087, -66.449, -52.1009, 100, 50, 0
L -226.275, -18.009, -52.8879, -224.719, -18.009, -52.8879, 100, 50, 0
L -224.719, -18.009, -52.8879, -214.282, -7.563, -52.8879, 100, 50, 0
L -214.282, -7.563, -52.8879, -214.279, -5.312, -52.8879, 100, 50, 0
L -212.274, -5.717, -52.8879, -212.271, -7.396, -52.8879, 100, 50, 0
L -212.271, -7.396, -52.8879, -201.858, -17.786, -52.8879, 100, 50, 0
L -201.858, -17.786, -52.8879, -187.149, -17.77, -52.8879, 100, 50, 0
L -187.149, -17.77, -52.8879, -176.759, -7.358, -52.8879, 100, 50, 0
L -176.759, -7.358, -52.8879, -176.775, 7.351, -52.8879, 100, 50, 0
L -176.775, 7.351, -52.8879, -179.137, 9.806, -52.8879, 100, 50, 0
L -184.007, 14.571, -52.8879, -187.183, 18.127, -52.8879, 100, 50, 0
L -187.183, 18.127, -52.8879, -201.896, 17.974, -52.8879, 100, 50, 0
L -201.896, 17.974, -52.8879, -212.286, 7.317, -52.8879, 100, 50, 0
L -212.286, 7.317, -52.8879, -212.284, 5.563, -52.8879, 100, 50, 0
L -214.292, 5.446, -52.8879, -214.296, 7.08, -52.8879, 100, 50, 0
L -214.296, 7.08, -52.8879, -224.727, 17.503, -52.8879, 100, 50, 0
L -224.727, 17.503, -52.8879, -236.665, 17.5, -52.8879, 100, 50, 0
L -236.665, 17.5, -52.8879, -236.665, 13.45, -52.8879, 100, 50, 0
L -236.665, 13.45, -52.8879, -229.043, 12.943, -52.8879, 100, 50, 0
L -229.043, 12.943, -52.8879, -229.595, 10.239, -52.8879, 100, 50, 0
L -229.595, 10.239, -52.8879, -237.237, 10.446, -52.8879, 100, 50, 0
L -237.237, 10.446, -52.8879, -239.713, 10.842, -52.8879, 100, 50, 0
L -239.713, 10.842, -52.8879, -239.714, 17.221, -52.8879, 100, 50, 0
L -239.714, 17.221, -52.8879, -241.785, 15.149, -52.8879, 100, 50, 0
L -246.651, 10.281, -52.8879, -249.902, 7.029, -52.8879, 100, 50, 0
L -249.902, 7.029, -52.8879, -249.907, 4.81, -52.8879, 100, 50, 0
L -251.915, 5.032, -52.8879, -251.912, 6.997, -52.8879, 100, 50, 0
L -251.912, 6.997, -52.8879, -262.309, 17.402, -52.8879, 100, 50, 0
L -262.309, 17.402, -52.8879, -277.018, 17.409, -52.8879, 100, 50, 0
L -277.018, 17.409, -52.8879, -287.423, 7.015, -52.8879, 100, 50, 0
L -287.423, 7.015, -52.8879, -287.435, -7.693, -52.8879, 100, 50, 0
L -287.435, -7.693, -52.8879, -285.071, -10.06, -52.8879, 100, 50, 0
L -280.206, -14.93, -52.8879, -277.037, -18.102, -52.8879, 100, 50, 0
L -277.037, -18.102, -52.8879, -262.328, -18.11, -52.8879, 100, 50, 0
L -262.328, -18.11, -52.8879, -251.923, -7.716, -52.8879, 100, 50, 0
L -251.923, -7.716, -52.8879, -251.905, -4.424, -52.8879, 100, 50, 0
L -249.911, -5.725, -52.8879, -249.909, -7.536, -52.8879, 100, 50, 0
L -249.909, -7.536, -52.8879, -239.428, -18.013, -52.8879, 100, 50, 0
L -239.428, -18.013, -52.8879, -237.039, -18.013, -52.8879, 100, 50, 0
P 1443.127, -196.852, -50.7177, 0, 127, 0, 3, to_West_Freeport
P -731.177, -1666.993, -17.7802, 0, 127, 0, 3, to_Nektulos
P -95.179, 2244.643, 3.7509, 0, 127, 0, 3, to_North_Ro
P -5067.817, -192.996, -70.6921, 0, 127, 0, 3, to_West_Commonlands
