P -108.979, 1479.384, 3.7509, 0, 0, 0, 3, Rushka_(Spells)
P 16.925, 1497.992, 3.7509, 0, 0, 0, 3, Shady_(Merchant)
P -3871.128, -1163.572, -49.524, 0, 0, 0, 3, Joryd_(Fletcher)
P -4172.156, -523.787, -49.274, 0, 0, 0, 3, Romya_(Merchant)
P -4855.661, -417.477, -49.1293, 0, 0, 0, 3, Katha_(Gems)
P -3180.188, 132.123, -51.5936, 0, 0, 0, 3, Loric_(Tailor)
P -353.006, -64.584, -48.9185, 0, 0, 0, 3, Parthar_(Brewer)
P -142.971, -48.608, -50.7259, 0, 0, 0, 3, Merra_(Pottery)
P 737.693, -368.837, -49.4759, 0, 0, 0, 3, Ponila_(Weapons)
P 673.859, -61.835, -49.6009, 0, 0, 0, 3, Pardor_(Merchant)
P 731.242, 0.684, -49.8509, 0, 0, 0, 3, Rinna_(GM_Cleric)
