P -610.0431, 34.0465, 31.2106,  0, 0, 0,  2,  food_store
P 462.8873, -129.0380, -3.2249,  0, 0, 0,  2,  weapon_rack
P 1594.1620, 1410.2527, -130.3249,  0, 0, 0,  2,  banner
P 1732.3490, 1433.9136, -143.4955,  0, 0, 0,  2,  supplies
P 1772.5557, 1449.4983, -144.7855,  0, 0, 0,  2,  supplies
P 1819.4424, 1422.4823, -145.4418,  0, 0, 0,  2,  supplies
P -516.6462, 182.8623, -9.7472,  0, 0, 0,  2,  weapon_rack
P -498.0411, -106.0879, 37.1216,  0, 0, 0,  2,  food_stores
P 1826.9391, 1383.7649, -147.3623,  0, 0, 0,  2,  banner
P 1661.9535, 1054.7870, -128.9560,  0, 0, 0,  2,  Innoruk_Battle_Plans
P 1217.1023, 1509.8595, -82.1479,  0, 0, 0,  2,  Storm-charged_Water
P 1491.2515, 1675.2715, -8.8670,  0, 0, 0,  2,  Storm-Infused_Herbs
P -338.4949, 585.8273, -47.6228,  0, 0, 0,  2,  siege_equipment
P 1719.1194, 856.9109, 20.7471,  0, 0, 0,  2,  damaged_Golems
P 1060.8638, 191.4777, 9.4311,  0, 0, 0,  2,  Golems
P -583.7269, 636.3314, -24.7335,  0, 0, 0,  2,  Wolfs
P -287.4314, 469.3444, -42.6797,  127, 64, 0,  2,  Western_Breaches
P 230.3178, 441.6276, -38.1796,  127, 64, 0,  2,  Eastern_Breaches
P 620.0869, 291.4641, -14.7239,  127, 64, 0,  2,  Small_Breach
P 572.1447, 98.7853, -5.3507,  0, 0, 0,  2,  weapon_rack
P 793.3862, 90.9575, -5.1516,  0, 0, 0,  2,  weapon_rack
P 944.6694, -79.3996, 0.2136,  0, 0, 0,  2,  weapon_rack
P 774.8369, -50.4059, 53.0119,  0, 0, 0,  1,  weapon_rack
P 600.4219, -93.0302, 38.4007,  0, 0, 0,  2,  supply_cache
P 322.7029, -91.1613, -0.7176,  0, 0, 0,  2,  supply_cache
P -23.1484, -18.0398, -7.1013,  0, 0, 0,  2,  weapon_rack
P -512.5710, -108.4405, 38.5768,  127, 0, 0,  2,  ambusher*
P 1564.0684, 1531.0663, -118.7030,  0, 0, 127,  2,  Lieutenant_Norb's_corpse
P 1462.5000, 1273.4751, -121.5972,  0, 0, 0,  2,  supplies
P 1505.8711, 1263.2913, -121.5944,  0, 0, 0,  2,  supplies
P 1639.1309, 1282.4795, -133.2232,  0, 0, 0,  2,  supplies
P 1521.4822, 1323.8678, -121.6628,  0, 0, 0,  2,  banner
P 1718.4557, 1264.6050, -141.2598,  0, 0, 0,  2,  banner
P 1357.4568, 1492.1752, -110.5956,  127, 64, 0,  2,  Innoruuk's_forces
P 1565.4242, 1004.9113, -4.5982,  127, 64, 0,  2,  Storm_Ended_Here
P 1724.1460, 1095.7007, -2.9627,  0, 0, 0,  2,  storm-ravaged_corpse
P 1716.7516, 1163.8921, -12.3089,  0, 0, 0,  2,  storm-ravaged_corpse
P 1664.1426, 1203.7990, -17.1678,  0, 0, 0,  2,  storm-ravaged_corpse
P 1603.1978, 1237.3429, -26.4206,  0, 0, 0,  2,  storm-ravaged_corpse
P 1072.1238, 1756.5634, -78.2064,  127, 64, 0,  2,  Missing_Scout
P -389.1026, 1502.1979, -52.2555,  0, 0, 0,  2,  supplies
P 1864.7505, 1524.1139, 3.2021,  127, 64, 0,  2,  Wildlife_Ran_Here
P 1684.2802, 1546.4928, -7.2903,  0, 0, 0,  2,  Wolfs
P 1751.3510, 1552.0756, 7.8253,  127, 0, 0,  2,  blood_sample_from_wolfs
P 1813.8528, 1621.1626, 3.4308,  0, 0, 0,  2,  Storm-charged_Water
P 1800.2101, 1353.8644, 35.4837,  127, 64, 0,  2,  Combine_Near_the_Storm
P 1047.7179, 1762.4955, -76.5406,  127, 0, 0,  2,  ambush
P 1393.3987, 1535.6238, -105.5697,  127, 64, 0,  2,  investigate
P -474.8069, 243.9022, 59.7505,  0, 0, 0,  2,  ranger_on_the_wall
P 628.7657, 1072.7852, -53.6354,  0, 0, 0,  2,  Storm-Infused
P -503.5777, 1686.3666, -54.0734,  0, 0, 0,  2,  supplies
P -441.0410, 1652.3368, -53.1272,  0, 0, 0,  2,  supplies
P -683.4868, 1687.8672, -56.2215,  0, 0, 0,  2,  supplies
P -822.5094, 1368.3368, -51.5479,  0, 0, 0,  2,  supplies
P -693.1068, 1610.6143, -57.1507,  0, 0, 0,  2,  supplies
P -766.4689, 1646.9838, -55.5728,  0, 0, 0,  2,  supplies
P -836.0243, 1492.8396, -54.5844,  0, 0, 0,  2,  supplies
P -804.4711, 1375.6508, -51.9568,  0, 0, 0,  2,  supplies
P 369.6739, 1655.4717, -81.2992,  0, 0, 0,  2,  supplies
P 339.1904, 1696.4583, -81.6834,  0, 0, 0,  2,  supplies
P 361.0370, 1835.2587, -85.7635,  0, 0, 0,  2,  supplies
P 455.3780, 1905.6525, -86.4360,  0, 0, 0,  2,  supplies
P 477.7414, 1983.3584, -80.4626,  0, 0, 0,  2,  supplies
P 628.5503, 1933.7632, -80.7087,  0, 0, 0,  2,  supplies
P 651.3798, 1832.6149, -84.9927,  0, 0, 0,  2,  supplies
P 685.2614, 1775.7747, -83.7183,  0, 0, 0,  2,  supplies
P 640.6890, 1664.6664, -82.4604,  0, 0, 0,  2,  supplies
