P 390.0826, 198.4668, -6.6138,  0, 0, 240,  2,  Marshal_Gulpin_(Q)
P -127.2833, 119.4202, -10.1874,  0, 0, 240,  2,  Quellious_(Q)
P -105.0780, 285.7239, -18.2919,  0, 0, 240,  2,  Templar_Davrin_(Q)_mercenary
P 143.6465, 91.1306, -8.1862,  0, 0, 240,  2,  TS_Merchant
P 375.9227, 211.8865, -8.1645,  0, 0, 240,  2,  Grovespeaker_Lydora_(Q)
P -464.4771, 1630.5031, -54.8579,  0, 0, 240,  2,  Flameshaper_Severyn_(Q)
P -49.5550, 1976.9871, -72.1850,  0, 0, 240,  2,  Quellious_(Q)
P 559.0295, 1625.6603, -83.8663,  0, 0, 240,  2,  Lieutenant_Lunk_(Q)_mercenary
P 641.0624, 1883.7018, -85.2052,  0, 0, 240,  2,  Commander_Roknik_(Q)
P 639.2170, 1914.5718, -83.2383,  0, 0, 240,  2,  TS_Merchant
P 557.9656, 125.4892, 35.7652,  0, 0, 240,  2,  Raid_Merchant
P 359.8882, 1791.0496, -83.3783,  0, 0, 240,  2,  Raid_Merchant
P 386.9797, 1794.3599, -83.2053,  0, 0, 240,  2,  Group_and_Parcel_Merchant
P 180.3784, 61.7028, -8.1408,  0, 0, 127,  2,  Grovekeeper_Phidus
P -510.7007, 1431.7848, -54.7997,  0, 0, 127,  2,  Flameseeker_Onrik
P 378.2070, 187.5261, -6.5356,  0, 0, 127,  2,  Mithaniel_Marr
P -593.8511, 1539.6143, -55.7834,  0, 0, 127,  2,  Solusek_Ro
P 500.5417, 1749.0674, -81.8469,  0, 0, 127,  2,  Rallos_Zek
P 360.9415, 206.4768, -6.6101,  0, 0, 127,  2,  Tunare
P -65.0201, 2017.2488, -70.7741,  0, 0, 240,  2,  Clr_Pal_Spells
P 672.5386, 1879.1729, -82.5446,  0, 0, 240,  2,  Melee_Tomes
P 625.0300, 1653.2908, -82.2050,  0, 0, 240,  2,  Shm_Bst_Spells
P -476.6565, 1345.4351, -52.5692,  0, 0, 240,  2,  Wiz_Mag_Spells
P -708.2368, 1559.4789, -56.6170,  0, 0, 240,  2,  Enc_Brd_Spells
P 901.8307, 684.6498, -25.6199,  0, 0, 240,  2,  Teleport_Spells
P 344.4121, 1919.7073, -85.1742,  0, 0, 240,  2,  Nec_Shd_Spells
P -652.0289, 1248.1255, -47.9700,  0, 0, 240,  2,  Rng_Dru_Spells
P -511.5042, -93.8214, 39.1425,  0, 0, 240,  2,  Shm_Bst_Spells
P -484.8791, -111.0221, 39.1395,  0, 0, 240,  2,  Enc_Brd_Spells
P 150.4743, 61.8229, -6.7401,  0, 0, 240,  2,  Melee_Tomes
P 215.2498, 71.5141, -6.7891,  0, 0, 240,  2,  Rng_Dru_Spells
P 89.8321, -108.2652, -4.7384,  0, 0, 240,  2,  Wiz_Mag_Spells
P 771.5670, -26.7868, -9.0170,  0, 0, 240,  2,  Nec_Shd_Spells
