P 3100.0000, -150.0000, 0.0000,  240, 0, 0,  3,  1._Adralydia_Stormraven_(a_grove_scout)
P 3100.0000, 0.0000, 0.0000,  240, 0, 0,  3,  2._Ashbark_(an_oakward_ancient)
P 3100.0000, 150.0000, 0.0000,  240, 0, 0,  3,  3._Blood-soaked_Pack_Leader_(a_dread_wolf)
P 3100.0000, 300.0000, 0.0000,  240, 0, 0,  3,  4._Bonesplinter_(a_corpse_golem)
P 3100.0000, 450.0000, 0.0000,  240, 0, 0,  3,  5._Deathbringer_Colossus_(a_warbound_sentry)
P 3100.0000, 600.0000, 0.0000,  240, 0, 0,  3,  6._Fiflip_Hopemender_(a_lightbearer_protector)
P 3100.0000, 750.0000, 0.0000,  240, 0, 0,  3,  7._Grimclaw_(a_thicket_bear)
P 3100.0000, 900.0000, 0.0000,  240, 0, 0,  3,  8._Ik'Drun_(a_damaged_thicket_golem)
P 3100.0000, 1050.0000, 0.0000,  240, 0, 0,  3,  9._Magmus_Flame_Eater_(a_burning_warcaster)
P 3100.0000, 1200.0000, 0.0000,  240, 0, 0,  3,  10._Nul'Kul_(a_thicket_golem)
P 3100.0000, 1350.0000, 0.0000,  240, 0, 0,  3,  11._Telthel_the_Wretched_(a_dreadful_blade)
P 3100.0000, 1500.0000, 0.0000,  240, 0, 0,  3,  12._Trung_(a_warbringer)
P 3100.0000, 1650.0000, 0.0000,  240, 0, 0,  3,  13._Vallina_(a_wretched_abomination)
P 3100.0000, 1800.0000, 0.0000,  240, 0, 0,  3,  *_=_Roaming
P 1353.2079, 188.1039, 51.0096,  240, 0, 0,  2,  1_Adralydia_*
P 187.5774, 997.3762, -58.4897,  240, 0, 0,  3,  1_*
P 164.4765, 886.7629, -57.2874,  240, 0, 0,  3,  1_*
P 1227.3705, 575.9741, -10.6838,  240, 0, 0,  3,  1_*
P 431.1537, 937.7278, -52.9436,  240, 0, 0,  2,  2_Ashbark
P 1068.3184, 1660.4141, -76.9496,  240, 0, 0,  3,  2_*
P 1533.3046, 1652.1554, 1.7464,  240, 0, 0,  3,  2_*
P 787.8807, 852.0912, -37.7102,  240, 0, 0,  3,  2_*
P -651.7112, 700.4666, -28.6477,  240, 0, 0,  2,  3_Blood-soaked_Pack_Leader_*
P -612.5652, 941.7621, -24.6032,  240, 0, 0,  3,  3_*
P -860.4023, 677.6937, -15.7234,  240, 0, 0,  3,  3_*
P 1241.5636, 895.9960, -35.5773,  240, 0, 0,  2,  4_Bonesplinter*
P 1693.1038, 1221.6532, -133.5397,  240, 0, 0,  3,  4
P 1850.7990, 1400.7748, -145.3068,  240, 0, 0,  3,  4
P 119.1986, 1929.6078, -70.9211,  240, 0, 0,  2,  5_Deathbringer_*
P 1000.8730, 1935.5165, -60.0710,  240, 0, 0,  3,  5_*
P 1125.5293, 1273.1587, -59.2607,  240, 0, 0,  3,  5_*
P 234.6718, 1470.9092, -75.6154,  240, 0, 0,  3,  5_*
P -653.3301, 457.9580, -12.6444,  240, 0, 0,  2,  6_Fiflip_Hopemender_*
P -367.2663, 320.9665, -21.0629,  240, 0, 0,  3,  6
P -306.7038, 378.6967, -25.7563,  240, 0, 0,  3,  6_*
P -831.9379, 365.3868, -4.7376,  240, 0, 0,  3,  6_*
P 1503.8062, 1725.1415, -25.7800,  240, 0, 0,  2,  7_Grimclaw_*
P -118.7138, 915.4827, -56.6135,  240, 0, 0,  3,  7_*
P -25.1037, 1345.6382, -72.3575,  240, 0, 0,  3,  7_*
P 1751.7388, 1620.8864, 14.4277,  240, 0, 0,  3,  7_*
P 1519.3993, 671.4939, 19.8014,  240, 0, 0,  2,  8_Ik'Drun_*
P 1649.7510, 893.4235, 14.7493,  240, 0, 0,  3,  8_*
P 1880.2555, 1071.4806, 47.4315,  240, 0, 0,  3,  8_*
P 1314.0652, 783.6000, 21.8757,  240, 0, 0,  3,  8_*
P -546.3248, 1159.2532, -39.6518,  240, 0, 0,  2,  9_Magmus_*
P -731.8563, 1094.7284, -41.5061,  240, 0, 0,  3,  9_*
P -472.4409, 740.3396, -32.2877,  240, 0, 0,  3,  9_*
P -132.4706, 1242.2112, -65.1349,  240, 0, 0,  3,  9_*
P 792.9807, 356.8947, -19.8256,  240, 0, 0,  2,  10_Nul'Kul_*
P 984.2305, 25.4676, -4.2754,  240, 0, 0,  3,  10_*
P 658.4164, 677.5580, -43.9059,  240, 0, 0,  3,  10_*
P 1222.3290, 323.6973, -4.1873,  240, 0, 0,  3,  10_*
P 1818.8080, 1194.5082, -133.0505,  240, 0, 0,  2,  11_Telthel
P 1640.4706, 1164.7676, -133.0048,  240, 0, 0,  3,  11_*
P 1614.0901, 1094.2455, -132.6754,  240, 0, 0,  3,  11
P 1691.1923, 1130.4025, -133.0105,  240, 0, 0,  3,  11
P -315.0369, 865.0508, -46.5998,  240, 0, 0,  2,  12_Trung
P -409.4387, 643.1465, -38.2970,  240, 0, 0,  3,  12
P -320.8024, 631.0834, -47.1081,  240, 0, 0,  3,  12
P -390.0739, 1125.0956, -44.8327,  240, 0, 0,  3,  12
P 1387.5408, 1532.8047, -107.4744,  240, 0, 0,  2,  13_Vallina
P 1597.1969, 1395.5353, -130.0765,  240, 0, 0,  3,  13
P 1757.4369, 1414.4773, -145.3041,  240, 0, 0,  3,  13_*
P 1359.5536, 1461.8887, -108.0335,  240, 0, 0,  3,  13
