L -5317.8882, 2160.6309, 16.2713,  -5375.6934, 1733.1703, -5.1631,  255, 0, 255
P -3504.0000, 1259.0000, -345.9309,  127, 64, 0,  3,  Wizard_Portal
P -3500.0000, 3100.0000, -344.4676,  127, 64, 0,  3,  Druid_Portal
P -283.2121, -1237.2614, -342.9143,  0, 0, 127,  2,  Spirit_Sentinel(Shm_1.0)
P 642.2358, -3681.1111, -413.7733,  0, 0, 127,  2,  Spirit_Sentinel(Shm_1.0)
P 2288.1504, -306.8872, -340.4352,  0, 0, 127,  2,  Forcallgorn_Vorago
P 104.8140, 1529.5081, -333.3186,  127, 0, 0,  2,  Disease-Ridden_Gorilla*(a_tottering_ape)Ber1.0)
P -4215.2979, -230.3232, 26.5167,  0, 0, 127,  2,  Scout_Vyrak(BST1.0)
P -2590.1934, -3389.2427, -40.7218,  127, 0, 0,  2,  tainted_gorilla*
P 2036.6426, -230.3067, -342.4286,  0, 0, 240,  2,  an_epic_request_(Shm)
P 2026.6255, -932.2440, -342.8659,  0, 0, 0,  1,  Chest
P 1595.1450, -1092.6338, -342.8815,  0, 0, 0,  1,  Chest
P 2223.5613, -1329.9240, -339.0913,  0, 0, 0,  1,  Chest
P 2118.8179, -1370.8949, -342.1506,  0, 0, 0,  1,  Chest
P 1740.0813, -78.2291, -336.9581,  0, 0, 0,  1,  Chest
P 1186.9655, -29.2799, -338.0854,  0, 0, 0,  1,  Chest
P 518.6033, -199.4706, -338.2007,  0, 0, 0,  1,  Chest
P 922.8264, -593.4457, -315.1230,  0, 0, 0,  1,  Chest
P 1722.1565, -472.0883, -338.9541,  0, 0, 0,  1,  Chest
P 1916.1869, -528.5884, -338.9285,  0, 0, 0,  1,  Chest
P 2190.6819, -688.2335, -342.6623,  0, 0, 0,  1,  Chest
P -323.4977, -3924.1323, -342.8705,  0, 127, 127,  2,  Asarrus_(unnamed_contact_26th)
