L -4062.3538, 636.8608, -56.2479,  -4076.4590, 635.4697, -56.2479,  0, 0, 0
L -4076.4590, 635.4697, -56.2479,  -4119.9429, 667.3808, -56.2479,  0, 0, 0
L -4119.9429, 667.3808, -56.2479,  -4120.5376, 672.5276, -56.2479,  0, 0, 0
L -4123.1729, 697.1219, -56.2479,  -4123.8975, 704.6684, -56.2469,  0, 0, 0
L -4123.8975, 704.6684, -56.2469,  -4086.9031, 742.5754, -56.2481,  0, 0, 0
L -4086.9031, 742.5754, -56.2481,  -4073.8787, 743.8501, -56.2479,  0, 0, 0
L -4048.4268, 746.3636, -56.2479,  -4034.3826, 747.7474, -56.2479,  0, 0, 0
L -4034.3826, 747.7474, -56.2479,  -3993.3738, 716.5212, -56.2479,  0, 0, 0
L -3993.3738, 716.5212, -56.2479,  -3992.9297, 711.5728, -56.2479,  0, 0, 0
L -3990.6890, 686.4335, -56.2479,  -3990.1150, 680.3680, -56.2479,  0, 0, 0
L -3990.1150, 680.3680, -56.2479,  -4025.1912, 640.5193, -56.2479,  0, 0, 0
L -4025.1912, 640.5193, -56.2479,  -4022.8633, 643.6092, -56.2479,  0, 0, 0
L -4025.1138, 640.6041, -56.2479,  -4038.2100, 639.2364, -56.2479,  0, 0, 0
L -4025.1099, 640.6324, -56.2479,  -4019.1880, 583.4180, -56.2479,  0, 0, 0
L -4019.1880, 583.4180, -56.2479,  -4033.5862, 582.4100, -56.2479,  0, 0, 0
L -4057.6641, 579.6887, -56.2479,  -4071.2024, 578.2952, -56.2469,  0, 0, 0
L -4071.2024, 578.2952, -56.2469,  -4075.7981, 628.6650, -56.2481,  0, 0, 0
L -4075.7981, 628.6650, -56.2481,  -4063.4097, 629.3165, -56.2479,  0, 0, 0
P -1647.9280, 3367.9717, -334.2287,  0, 0, 240,  2,  Karanozz_Gelligoon
P -3466.8887, -4016.6426, -56.2479,  0, 0, 240,  2,  Tulok
P -4049.2764, 679.9772, -56.2479,  0, 0, 240,  2,  Lativ
P -4031.6470, 465.9259, -44.9284,  127, 0, 0,  2,  The_Spirit_of_Rage(BST1.0)
