P -857.0000, 1479.0000, 13.4652,  0, 0, 240,  2,  Renna_(Merchant)
P -956.1345, 1595.7029, 31.1522,  0, 0, 240,  2,  Nifta
P -754.5172, 1307.5408, -17.3916,  0, 0, 240,  2,  Kala
P -780.5737, 723.8614, -17.4982,  0, 0, 240,  2,  Tolo
P -2128.9834, 1286.2793, -43.6227,  0, 0, 240,  2,  Yun_Assistant_Maklok
P -1702.9513, 1183.5686, 51.2308,  0, 0, 240,  2,  Raldoria_Deacon
P -1821.1387, 1673.7516, -14.3040,  0, 0, 240,  2,  Doria_Dawncrest
P -1794.5768, 1691.1740, -12.4908,  0, 0, 240,  2,  Bellorrana_Hanthan
P -1132.7422, 1781.6404, -0.3554,  0, 0, 240,  2,  Nomala
P -1401.9855, 1305.8389, 127.3804,  0, 0, 240,  2,  Hojo
P -1633.2339, 922.4375, 56.8494,  0, 0, 240,  2,  Ooglyn
P -1241.9773, 990.1233, 109.1572,  0, 0, 240,  2,  Canrield_Starbourne
P -1246.4761, 1178.4850, 49.2267,  0, 0, 240,  2,  Yelesom_Paust
P -836.7151, 1540.4928, 2.9737,  0, 0, 240,  2,  Nomala*
P -688.1334, 1776.8911, 1.5649,  0, 0, 240,  2,  Monala_(roam)
