P 85.1195, 1001.4160, 67.7197,  0, 0, 0,  1,  Brew_Barrel
P 133.9513, 921.3698, 51.7197,  0, 0, 0,  1,  Kiln
P 122.4364, 893.4062, 51.7197,  0, 0, 0,  1,  Oven
P 298.4551, 1160.3234, 51.7197,  0, 0, 0,  1,  Oven
P 308.8912, 1214.3903, 51.7197,  0, 0, 0,  1,  Brew_Barrel
P 11.7920, 1166.6021, 80.1769,  0, 0, 127,  2,  Camin(Wiz1.0)
P 89.0000, 724.0000, 67.7197,  0, 0, 127,  2,  Reklon_(GM)Pal1.0)
P 241.7367, 1093.6929, 65.8369,  0, 0, 127,  2,  Tomekeeper_Danl(Mnk1.0)
P 70.1513, 1108.4933, 81.6373,  0, 0, 127,  2,  Stofo_Olan(Ench1.0)
P 135.2289, 728.6647, 49.2832,  127, 64, 0,  2,  Lost_Mirror_(U)
P 255.0485, 1052.9269, 81.4858,  0, 0, 127,  2,  Sinnkin_Highbrow
P 103.8933, 1098.7422, 65.4814,  0, 0, 127,  2,  Nolusia_Finharn
