P -697.0000, -3638.0000, 0.9050,  0, 0, 240,  2,  Dansie_(M)
P -701.0000, -3608.0000, 0.1348,  0, 0, 240,  2,  Seria_(M)
P 3431.1001, -2871.0000, -40.2484,  0, 0, 127,  2,  Starn_(Spells)
P 5223.2813, -2814.9751, -42.3517,  0, 0, 240,  2,  Sydel_Danann
P 6272.3677, -2814.4434, -57.2045,  0, 0, 240,  2,  Eichvul
P 3183.1956, -4768.8892, -99.1115,  0, 0, 240,  2,  Sulon_McMoor
P 172.7549, 1596.5414, -63.9042,  0, 0, 240,  2,  Arnis_McLish
P 5713.8604, -1852.9706, -95.8060,  127, 0, 0,  2,  tainted_wooly_mammoth*(Drd1.0)
P 5015.3560, -1862.6830, -61.8545,  0, 0, 240,  2,  Qileour(R)
P 5024.4146, -1826.6929, -62.3543,  0, 0, 240,  2,  Mannis(R)
P 5041.7813, -1775.9358, -62.3615,  0, 0, 240,  2,  Soulbinder
P 5072.5938, -1861.9418, -62.3734,  0, 0, 240,  2,  Mathii(R)
P 5063.4097, -1868.9894, -62.3731,  0, 0, 240,  2,  Trelsa(R)
P 5062.2422, -1794.4877, -63.5907,  0, 0, 240,  2,  Marcia_Attamilgad_(Rare_Items)
P 6400.0938, -1626.1415, -62.3585,  240, 240, 240,  2,  Agent_of_Change_(R)_Permafrost_Keep
P -668.9061, -3617.2710, 1.5554,  0, 0, 127,  2,  Talin_ODonal
P 1153.0386, -2038.2505, -62.3364,  0, 0, 127,  2,  Bryndin_McMil
P 1161.9585, -2019.7892, -61.1057,  0, 0, 127,  2,  Snowflake
P 4241.1646, -2030.7422, -68.4823,  0, 0, 127,  2,  Megan_OReilly
