P 6350.0000, -3200.0000, 0.0000,  127, 64, 0,  2,  Secret_Tunnel
P 3900.0000, -3900.0000, 0.0000,  127, 64, 0,  2,  Lich's_Cave
P 2293.0000, -3126.0000, 0.0000,  0, 0, 240,  2,  Ice_Comet_Quest_Npc
P 5392.0000, -557.0000, 0.0000,  127, 64, 0,  2,  Giant_Statue
P 5275.0000, -1122.0000, 0.0000,  127, 0, 0,  2,  Redwind
P 5054.0000, -1840.0000, 0.0000,  127, 64, 0,  2,  Wayfarer_Camp
P 4594.0000, -1350.0000, 0.0000,  255, 0, 255,  2,  Ice_hole
P 4178.9771, -4749.7461, -99.9430,  0, 0, 0,  1,  Ice_boned
P 5094.9170, -4970.7505, -87.9398,  0, 0, 0,  1,  ice_boned
P 5093.6812, -5001.3521, -87.9389,  0, 0, 0,  1,  rod(Wiz_epic)
P 5091.9551, -4999.1963, -87.9718,  0, 0, 0,  1,  Rod(Spoke_of_Tarton's_Wheel_Beza)
P 2394.1133, -3031.2703, -63.8106,  0, 0, 240,  2,  Sulgar_(Q)
P -586.2500, -3565.1165, -1.3735,  0, 0, 127,  2,  Kimber_Whitefoot*(War1.5)7am/7pm
P 7016.9019, -2022.7439, -63.5292,  0, 0, 127,  2,  Kimber_Whitefoot*(War1.5)7am/7pm
P 5033.9268, -1902.9253, -63.5917,  0, 0, 127,  2,  Rombus(Pal_Pre-Q)
P 5030.0752, -1869.3887, -62.3952,  0, 0, 127,  2,  Teria_Grinntli(LDoN)
P 4166.9966, -4679.7554, -99.3162,  0, 0, 240,  2,  an_epic_request_(Nec)
P 5458.4185, 836.4252, 188.8256,  127, 64, 0,  2,  Eat_Cake
P -237.3000, -1662.9706, -63.5917,  127, 64, 0,  2,  Frozen_Pumpkin_(GS)
P 6315.0977, 224.9215, -62.0527,  127, 0, 0,  2,  Granin_O'Gill*
P 5428.1392, -609.6406, 15.3341,  0, 0, 127,  2,  Drugenna_Eisley
P 99.6177, -2738.8130, -63.9042,  127, 0, 0,  2,  vengeful*
P -831.8505, 243.5322, -63.9042,  127, 0, 0,  2,  vengeful*
P -60.9194, 1017.7167, -60.4879,  127, 0, 0,  2,  Vengeful*
P 3127.8582, -707.9355, -92.2762,  127, 0, 0,  2,  Karg_Icebear*_(Cle1.0)
P -1158.6543, 824.3940, -51.9819,  0, 0, 240,  2,  Gragtik_Gigglegibber_(Q)
P 4353.2100, 1635.1122, -272.6335,  0, 127, 127,  2,  petrified_wood
P 4771.7227, -752.7740, -279.9818,  0, 127, 127,  2,  petrified_wood
P 5063.2725, -1398.1244, -235.7981,  0, 127, 127,  2,  petrified_wood
P -175.8607, -818.3947, -53.9311,  127, 64, 0,  2,  middle_crevasse
P -1144.6605, 1272.3071, -50.6239,  127, 64, 0,  2,  Blackburrow_crevasse
