P -1267.0000, -975.0000, -18.5302,  0, 0, 240,  2,  Fugla_(Fletcher)
P -1234.0000, -1005.0000, -18.5302,  0, 0, 240,  2,  Smith_Merchants
P -117.0000, -1182.0000, -4.5560,  0, 0, 240,  2,  Bup_(Baking)
P -1444.0000, -1144.0000, -18.2455,  0, 0, 240,  2,  Gub_(Merchant)
P 145.0000, -1144.0000, 0.4475,  0, 0, 240,  2,  Morpa_(Merchant)
P 138.0000, -1129.0000, -0.1133,  0, 0, 240,  2,  Murga_(Tailor)
P -840.0000, -1000.0000, 21.8654,  0, 0, 240,  2,  Klob_(Merchant)
P -1451.0000, -1054.0000, -21.2433,  0, 0, 240,  2,  Kogg_(Fishing)
P -2474.1001, 2163.8909, 1.5559,  240, 240, 240,  2,  Agent_of_Change_(R)_Plane_of_Fear
P -2023.3749, -1100.9618, -14.2643,  127, 0, 0,  2,  warrior_(tails)
P -2229.6458, 357.6049, -0.9819,  127, 0, 0,  2,  warrior(tails)
P -856.4366, 254.3299, -15.5252,  127, 0, 0,  2,  warrior_(tails)
