P 597.3907, -239.9712, -13.3740,  0, 0, 0,  1,  Oven
P 373.1277, -62.8680, -13.3740,  0, 0, 0,  1,  Brew_Barrel
P 373.5647, 78.5437, 1.6259,  0, 0, 0,  1,  Potter's_Wheel
P 370.7298, 92.4424, 1.6259,  0, 0, 0,  1,  Kiln
P 405.5320, -105.4839, 3.7509,  127, 64, 0,  3,  Shop_of_all_Holos
P 474.3620, -12.2973, -0.2490,  127, 64, 0,  3,  Felwithe_Cleric_Guild
P 262.8179, 12.9943, -15.7917,  0, 0, 127,  2,  Challice(Wiz1.0)
P 713.4025, -246.5201, -23.7286,  0, 0, 127,  2,  Elia_the_Pure(Pal1.0)
P 202.9103, -52.9635, 4.5377,  0, 0, 240,  2,  Galrun_Starforge(Pal2.0)
P 414.4960, -142.4539, 1.5418,  0, 0, 127,  2,  Merchant_Nora(Druid1.0)_
P 290.3770, -21.5321, -13.8054,  0, 0, 127,  2,  Arrias_Arcanum_(Q)
P 197.5464, -18.0691, -20.4353,  0, 0, 240,  2,  General_Jyleel_(Q)
P 437.5053, -13.5518, -2.4554,  0, 0, 240,  2,  Yeolarn_Bronzeleaf__(Q)
P 8.7738, 28.7672, 1.5220,  0, 0, 240,  2,  Exterminator_Valern_(Q)
