P -2240.1226, 401.5815, -92.6496,  0, 0, 127,  2,  Loransizz_Slizz
P -3339.8589, -1983.4181, -163.9385,  0, 0, 127,  2,  Jaimel_Marfury*(6pm-6am)
P -3636.6055, -2103.1851, -158.6427,  0, 0, 127,  2,  Mardic_Crimsonsteel(Ber1.0)
P -2580.2371, -3642.4463, -153.4064,  127, 0, 0,  2,  The_Tangrin(Ench1.0)
P -1065.1128, 1597.4091, -78.6547,  127, 0, 0,  2,  Discordant_Void_Rift
P -742.9089, 1889.8494, -78.5812,  127, 0, 0,  2,  Discordant_Void_Rift
P -985.6163, 674.9818, -78.6547,  127, 0, 0,  2,  Discordant_Void_Rift
P -1046.7831, -236.6682, -78.5858,  127, 0, 0,  2,  Discordant_Void_Rift
P -1011.8299, -10.8665, -78.5306,  127, 0, 0,  2,  Discordant_Void_Rift
P -837.5629, 645.0878, -78.5729,  127, 0, 0,  2,  Discordant_Void_Rift
P -1210.1924, 850.4059, -78.6547,  127, 0, 0,  2,  Discordant_Void_Rift
P 190.9551, 1138.7743, -55.0386,  127, 0, 0,  2,  Discordant_Void_Rift
P -400.8662, 1423.3422, -51.5959,  127, 0, 0,  2,  Discordant_Void_Rift
P -364.4476, 1891.7786, -51.0412,  127, 0, 0,  2,  Discordant_Void_Rift
P -919.1443, 2210.4529, -78.5492,  127, 0, 0,  2,  Discordant_Void_Rift
P -1111.7399, -1283.8882, -51.3671,  127, 0, 0,  2,  Discordant_Void_Rift
P -2954.3623, -431.0703, -83.0817,  0, 127, 127,  2,  Clue_(25th)
