P -260.5588, 1946.1028, -54.4346,  0, 0, 240,  2,  Pendle_Dashinger
P -3305.0000, 2261.0000, 44.2822,  0, 0, 240,  2,  Canip_(M)
P -3351.0000, 2361.0000, 38.3447,  0, 0, 240,  2,  Tugin_(M)
P -2984.0000, 2463.0000, 44.3134,  0, 0, 240,  2,  Acet_(M)
P -3294.0000, 2652.0000, 44.2822,  0, 0, 240,  2,  Naman_(M)
P -197.9976, -1932.2217, -54.8044,  240, 0, 0,  2,  Zikana_Do'Rak
P 19.4241, -2036.3230, -175.3570,  0, 0, 240,  2,  Gharg_Oberbord
P -1156.3632, -1062.6757, -52.9055,  0, 0, 240,  2,  Rasaku_Scalerunner
P -1352.6486, 1880.6852, -15.4566,  0, 0, 240,  2,  Mallagan_Vergoo(Q)
P -1173.3860, 886.6091, -77.1574,  0, 0, 240,  2,  Karunku_Trogue(Q)
P -3184.2283, 2204.7317, 5.6344,  0, 0, 127,  2,  Trooper_Gummin
P 930.5672, 1758.9214, 15.3334,  240, 240, 240,  2,  Agent_of_Change_(?)
