P -170.5087, -1158.2970, 63.7017,  240, 0, 0,  2,  Igneous_Insect*
P -84.6943, -285.9362, 0.7644,  240, 0, 0,  2,  Diabo_Xi_Vesta*
P -102.2272, -2738.0896, -0.0935,  240, 0, 0,  2,  Fowl_Matriarch*
P 366.4172, -1700.7798, 59.9109,  240, 0, 0,  2,  Igneous_Insect
P -282.6946, -1575.4292, -27.8792,  240, 0, 0,  2,  Rock_Lobber*_(fissure_fiend(13)
P -326.8293, -1410.8019, -26.5953,  240, 0, 0,  2,  Rock_Lobber*
P -222.3772, -1476.7521, 55.7366,  240, 0, 0,  2,  Firefalllizard*
P -103.4807, -399.9666, -3.5158,  240, 0, 0,  2,  Diabo
P -95.6348, -178.7964, -3.0548,  240, 0, 0,  2,  Diabo
P -318.4547, -1343.7179, -34.4990,  240, 0, 0,  2,  Rock_Lobber
P 167.5228, -1369.8068, -56.8984,  240, 0, 0,  2,  Rock_Lobber
P 211.3600, -2725.6438, 1.0913,  240, 0, 0,  2,  Fowl_Matriarch*
P -153.2771, -1776.0862, 60.0540,  240, 0, 0,  2,  Firefall
P 487.9940, -1704.8599, -40.9957,  240, 0, 0,  2,  Bedrock_Burrower*_(Firefall_hollower(15)
P 255.1452, -2015.7195, 34.1748,  240, 0, 0,  2,  Igneous_(ravine_roamer(15)
P -118.8712, -1851.0010, 58.7790,  240, 0, 0,  2,  Firefall
P 164.3576, -2101.0586, 16.3415,  240, 0, 0,  2,  Fowl*
P -119.7176, -1889.7970, 58.6324,  240, 0, 0,  2,  Firefallizard_(a_cinderscale_saurek(9)
