P -82.7009, -1926.6122, -32.6697,  240, 0, 50,  2,  5-Cinder
P -298.7070, -1424.8163, 57.7736,  127, 0, 0,  2,  5-Spicy
P 521.5436, -1109.6421, 45.7104,  0, 0, 127,  2,  Za'Aknila_Kingi
P 335.4061, -1026.0695, 35.1237,  0, 0, 127,  2,  Marshee_Plinter_>_missing_toy_from_Peonie
P 790.6127, -1229.5873, 37.0569,  0, 0, 127,  2,  Peonie_(missing_toy)
P 506.6880, -1303.7278, 36.5655,  0, 0, 127,  2,  Nikao_Lingwa
P -106.2767, -1700.8594, 54.7854,  100, 25, 0,  2,  Saureks
P -53.6755, -1318.2710, -44.7774,  240, 0, 50,  2,  1-Cinder
P -20.9267, -2253.5657, -2.7949,  0, 50, 0,  2,  5-Basil
P 373.8861, -2075.2520, -2.1408,  0, 0, 127,  2,  Wakkadon_Muru
P 250.3754, -1233.9164, 68.6199,  127, 0, 0,  2,  2-Spicy
P 788.9117, -1225.8726, 37.3129,  0, 0, 127,  2,  Nikao_Shyra
P 806.4689, -1345.3550, 60.0679,  0, 0, 127,  2,  Drifter_Minki
P 299.9265, -1335.4650, 50.1379,  0, 0, 127,  2,  Wakkadon_Koga
P 579.4404, -1232.1377, 39.0822,  0, 0, 127,  2,  Glimmar_Sunni
P 295.1539, -2685.9141, 1.3882,  100, 25, 0,  2,  Hawks
P 676.2493, -1146.8998, 36.5655,  0, 0, 0,  2,  Orange_Gem
P -256.5269, -1281.6326, -39.0124,  240, 0, 50,  2,  2-Cinder
P 73.1725, -1099.6586, -48.8258,  240, 0, 50,  2,  10-Cinder
P 371.2885, -1645.7759, 64.5249,  127, 0, 0,  2,  1-Spicy
P 174.6562, -1970.0801, 56.0407,  0, 50, 0,  2,  2-Basil
P -33.7229, -717.1340, 1.1766,  127, 0, 0,  2,  3-Spicy
P 80.8280, -1242.4214, -42.8863,  240, 0, 50,  2,  9-Cinder
P -136.6799, -1599.7642, -22.8763,  240, 0, 50,  2,  3-Cinder
P 493.4613, -1485.7360, -40.6882,  240, 0, 50,  2,  8-Cinder
P 204.2718, -1741.3578, -37.6429,  240, 0, 50,  2,  7-Cinder
P -182.2071, -2208.4524, -40.2104,  240, 0, 50,  1,  4-Cinder
P 42.3303, -1860.0763, -53.4804,  240, 0, 50,  2,  6-Cinder
P 205.2865, -2200.1692, -1.6093,  0, 50, 0,  2,  3-Basil
P -91.9421, -1236.1802, 77.2474,  127, 0, 0,  2,  4-Spicy
P 3.9190, -1598.6869, 61.1841,  127, 0, 0,  2,  6-Spicy
P 142.0973, -1851.3478, 60.3533,  0, 50, 0,  2,  1-Basil
P -22.3643, -1817.3694, 77.3990,  127, 0, 0,  2,  7-Spicy
P -70.5851, -1924.7980, 69.4766,  127, 0, 0,  2,  8-Spicy
P 1.4553, -2589.8042, 1.3002,  0, 50, 0,  2,  4-Basil
P 312.9308, -1543.7012, -33.7771,  240, 0, 0,  2,  9-Cinder
P 604.3901, -1537.1493, 36.8649,  0, 0, 127,  2,  Nikao_Storia
