P 3310.7710, 438.8104, 189.5837,  0, 0, 127,  2,  Vorla_Diensk(Rogue_Epic)
P -2983.3711, 2941.2747, -81.9260,  0, 0, 0,  1,  Brew_Barrel
P -2685.5674, 2877.5608, -79.9364,  0, 0, 0,  1,  Forge
P -2690.1504, 2864.5015, -79.9364,  0, 0, 0,  1,  Oven
P -1399.8230, 3816.7522, -107.2167,  0, 0, 127,  2,  Corfia_Nultethen(War1.5)
P 3308.9878, -134.2697, 158.4781,  0, 0, 127,  2,  Corfia_Nultethen(War1.5)
P 3327.6116, -800.9108, 157.7830,  0, 0, 0,  1,  Forge
P 2195.8782, 2047.8572, 3.6646,  0, 0, 127,  2,  Tiblner_Milnik*(Mage1.0)
P -718.2119, -3550.4546, -44.3915,  127, 0, 0,  2,  Iryal
P 1796.5995, -2653.9783, -17.3814,  127, 0, 0,  2,  Red_Eye_Jack
P -2096.5835, -1466.3202, 12.8240,  127, 0, 0,  1,  Marrinda_Flockwings*
P 3298.8660, -719.7590, 158.2259,  0, 0, 127,  2,  Nadia_Starfeast(Ench1.0)
P 3273.7864, -49.2728, 158.7956,  0, 0, 127,  2,  Foloal_Stormforest(Drd/Rng1.0)
P -1440.0000, 2392.0000, -2.1250,  0, 0, 0,  2,  Succor
P 1165.4871, -997.6971, 22.1413,  127, 0, 0,  2,  an_ancient_jarsath*
P -3360.9375, 2838.8667, -148.2822,  0, 0, 0,  2,  Flute_of_Everlasting_Gallantry_(24th)
P -486.5702, -1247.8524, -142.0899,  0, 127, 127,  2,  Perris_Stormwalker_(27th)
P -580.4906, -1211.3003, -142.8976,  0, 127, 127,  2,  wandering_golem
