P 20.6619, 1238.5740, 4.4820,  0, 0, 127,  2,  Soulbinder_Grunson(Drd1.5)
P 383.8220, 1305.9347, 4.5667,  0, 0, 127,  2,  Kargek_Redblade_(war_1.0)
P 2222.0000, 639.0000, 63.0000,  127, 64, 0,  3,  Jyve's_Bluff
P 856.0000, -162.0000, 13.0000,  0, 0, 0,  1,  a_Town_Crier
P 1008.0000, 1001.0000, 15.0000,  0, 0, 0,  1,  a_Town_Crier
P 651.0000, 475.0000, 5.0000,  0, 0, 0,  1,  a_grubby_rogue
P -225.0000, 683.0000, 18.0000,  0, 0, 0,  1,  a_Town_Crier
P 232.0000, 1251.0000, 19.0000,  0, 0, 0,  1,  a_Town_Crier
P 10.0000, -87.0000, 19.0000,  0, 0, 0,  1,  a_Town_Crier
P -343.8300, 1405.7609, -49.3689,  127, 64, 0,  3,  Nefarious_GL's
P 1143.7970, 1119.6283, 4.5202,  127, 64, 0,  3,  Seafare's_Roost
P 1378.1110, 164.5600, -38.4870,  127, 64, 0,  2,  Gratitude
P 914.2748, 393.4739, 1.5549,  127, 64, 0,  2,  Bauhb's_Bauht
P 648.4020, 422.4000, 4.7340,  127, 64, 0,  3,  Customs_House
P 555.1829, -687.2400, -8.3200,  127, 64, 0,  3,  Warrior_GL
P 880.5959, 1031.6609, 8.6780,  127, 64, 0,  3,  Bard_Guild
P -551.7519, 1052.9760, 18.5030,  127, 64, 0,  2,  Milita_HQ
P 465.9649, -118.2159, 3.2669,  0, 0, 0,  1,  Statue
P 200.5380, -206.1690, 3.7480,  127, 64, 0,  3,  Velithe_&_Bardo's_Imported_Goods
P -113.4240, -202.6870, 26.4289,  127, 64, 0,  3,  Trader's_Holiday
P -364.4220, 1269.3289, -54.5870,  127, 64, 0,  3,  Chops_-n-_Hops
P 203.5240, 940.6169, 2.8590,  127, 64, 0,  3,  Freeport_Inn
P 821.8630, -131.4690, 3.2679,  127, 64, 0,  3,  Grub_'n_Grog_Tavern
P 631.3450, 440.2400, 4.7340,  127, 64, 0,  3,  Port_Authority
P 0.8220, 960.3890, 1.3280,  127, 64, 0,  3,  Hallards_Resales
P -570.4679, 1052.3289, 7.5499,  127, 64, 0,  2,  Freeport_Militia_House
P -54.5429, 325.8650, 0.9520,  127, 64, 0,  3,  Leather_and_Hide
P -162.7460, 46.4290, 20.3500,  127, 64, 0,  2,  Armor_by_Ikthar
P -533.9850, 1590.9220, -51.2430,  127, 64, 0,  3,  Gord's_Smithy
P 629.0000, -446.0000, 6.0000,  127, 64, 0,  3,  Freeport_Arena
P 1114.6415, 1070.5850, 4.3968,  0, 0, 0,  1,  mercenary
P 1108.3523, 1093.9303, 4.3968,  127, 0, 0,  2,  Sir_Edwin_Motte(Ncr1.0)
P 360.0000, 1305.0000, 5.0000,  0, 0, 127,  2,  Wenden_Blackhamm(War1.0)
P 545.6556, -137.4576, -2.2260,  0, 0, 127,  2,  peasant_woman(Pal1.0)
P 471.2508, 34.2929, 4.8739,  0, 0, 127,  2,  Joshua(Pal1.0)
P 1022.7296, 82.2242, 0.2780,  0, 0, 127,  2,  Brunar_Rankin(Pal1.5)
P 787.6483, 717.2242, 3.7298,  0, 0, 127,  2,  1-Exterminator_Pandeen
P 915.2430, 394.6731, -0.3307,  0, 0, 127,  2,  2-a_strange_black_cat
P 908.1271, 399.3945, -2.7629,  0, 0, 0,  2,  G.S_Pouch_(GS)
P 1109.6686, 1094.4457, 5.6297,  0, 0, 127,  2,  Groflah_Steadirt_(8pm-9am)can_kill_the_ph
P 220.3225, 384.3239, 10.5460,  0, 127, 127,  2,  Toxxulian_Sesame_Extract_(GS)
P -6.4873, 342.5755, 6.4219,  0, 127, 127,  2,  Clue_(25th)
