P 794.0000, -176.0000, 3.0000,  0, 0, 240,  2,  Winda_Lylil
P -329.4986, 599.7599, 5.3936,  0, 0, 240,  3,  Scheredin
P 748.3350, 114.4286, 4.5213,  0, 127, 0,  3,  Carris_Vanden
P 707.0000, -692.0000, -25.0000,  0, 0, 240,  2,  Tyeg_Envil
P 672.0000, -654.0000, -25.0000,  240, 127, 0,  2,  Cain_Darkmoore
P 708.0000, -651.0000, -25.0000,  0, 0, 240,  2,  Vun_Winstone_(Tasks)
P 740.0000, -688.0000, -25.0000,  0, 0, 240,  2,  Plagus_Ladeson
P 681.0000, -714.0000, -25.0000,  0, 0, 240,  2,  Joffin_Sinclay_(Tasks)
P 584.0000, -670.0000, -12.0000,  0, 0, 240,  2,  Eyasie_Dyrius
P 586.0000, -691.0000, -12.0000,  0, 0, 240,  2,  Quareran_Borius
P 583.0000, -713.0000, -12.0000,  0, 0, 240,  2,  Brina_Foxtripper
P 528.0000, -713.0000, -12.0000,  0, 0, 240,  2,  Larn_Brugal
P 530.0000, -692.0000, -12.0000,  0, 0, 240,  2,  Ennuard_Yetaius
P 526.0000, -653.0000, -12.0000,  0, 0, 240,  2,  Ilenarn_Ghaeaus
P 555.0000, -651.0000, -12.0000,  0, 0, 240,  2,  Qukibue_Stisys
P 306.0000, -685.0000, -75.0000,  0, 0, 240,  2,  Monia_Oakstone
P 306.0000, -718.0000, -75.0000,  0, 0, 240,  2,  Trancil_Clearpond
P 420.0000, -905.0000, -130.0000,  0, 0, 240,  2,  Toxdil_(Poison)
P 1120.0000, -777.0000, -101.0000,  0, 0, 240,  2,  Driana_Poxsbourne
P 783.0000, -164.0000, 4.0000,  0, 0, 240,  2,  Jaleel_Hoglomp
P 789.0000, -134.0000, 3.0000,  0, 0, 240,  2,  Fabrian
P 837.0000, -144.0000, 3.0000,  0, 0, 240,  2,  Malonwen_Kaleius
P 808.0000, -113.0000, 4.0000,  0, 0, 240,  2,  Runthar
P 873.0000, -176.0000, 4.0000,  0, 0, 240,  2,  Ennrion_Striesius
P 919.0000, -121.0000, 4.0000,  0, 0, 240,  2,  Ilrion_Schaecius
P 818.0000, 99.0000, 4.0000,  0, 0, 240,  2,  Ilyon_Olditia
P 946.0000, 591.0000, -1.0000,  0, 0, 240,  2,  Olunea_Miltin
P 836.0000, 612.0000, 3.0000,  0, 0, 240,  2,  Translocator_Setikan
P 1139.0000, 1168.0000, 4.0000,  0, 0, 240,  2,  Lunce_Nasin
P 1137.0000, 1132.0000, 4.0000,  0, 0, 240,  2,  Henna_Treghost
P 1124.0000, 1146.0000, 4.0000,  240, 127, 0,  2,  Gregor_Nasin
P 1123.0000, 1132.0000, 4.0000,  0, 0, 240,  2,  Lenka_Stoutheart_(Q)
P 1119.0000, 1117.0000, 4.0000,  0, 0, 240,  2,  Bronto_Thudfoot
P 1088.0000, 1107.0000, 8.0000,  0, 0, 240,  2,  Talym_Shoontar
P 1111.0000, 1086.0000, 4.0000,  0, 0, 240,  2,  Branis_Noolright
P 1036.0000, 1020.0000, 4.0000,  0, 0, 240,  2,  Ennenmol_Tienyius
P 826.0000, 734.0000, 2.0000,  0, 0, 240,  2,  Eriel_Skelytia
P 655.0000, 320.0000, 6.0000,  0, 0, 240,  2,  Tarker_Gargurd_(Fishing)
P 660.0000, 287.0000, 6.0000,  0, 0, 240,  2,  Ilanon_Untitia
P 625.0000, 290.0000, 6.0000,  0, 0, 240,  2,  Iseba_Gargurd_(Fishing)
P 620.0000, 357.0000, 5.0000,  0, 0, 240,  2,  Tanlok_Harson_(Fishing)
P 618.0000, 472.0000, 5.0000,  0, 0, 240,  2,  Jasmine_Yiur
P 696.0000, 423.0000, 5.0000,  0, 0, 240,  2,  Cartographer_Piri
P -280.0000, 840.0000, 4.0000,  0, 0, 240,  2,  Malalon_Morotia
P -419.0000, 729.0000, 4.0000,  0, 0, 240,  2,  Ardrian_Zhusius
P -420.0000, 762.0000, 4.0000,  0, 0, 240,  2,  Queloslista_Samautia
P -398.0000, 1123.0000, 29.0000,  0, 0, 240,  2,  Captain_Hazran
P -510.0000, 1356.0000, -53.0000,  0, 0, 240,  2,  Verona_Rankin
P -558.0000, 1354.0000, -53.0000,  0, 0, 240,  2,  Itzia_Vunpe
P -577.0000, 1368.0000, -53.0000,  0, 0, 240,  2,  Opal_Darkbriar
P -546.0000, 1411.0000, -53.0000,  0, 0, 240,  2,  Xelha_Nevagon
P -546.0000, 1470.0000, -53.0000,  0, 0, 240,  2,  Thuzin_Kaver
P -469.0000, 1484.0000, -53.0000,  0, 0, 240,  2,  Mheno_Raveus
P -456.0000, 1485.0000, -53.0000,  0, 0, 240,  2,  Banor_Raglesin
P -397.0000, 1442.0000, -53.0000,  0, 0, 240,  2,  Rin_Distlemor
P -402.0000, 1424.0000, -53.0000,  0, 0, 240,  2,  Nestral_TGaza
P -356.0000, 1420.0000, -53.0000,  0, 0, 240,  2,  Beur_Tenlah
P -290.0000, 1462.0000, -52.0000,  0, 0, 240,  2,  Pietro_Zarn
P -294.0000, 1465.0000, -52.0000,  0, 0, 240,  2,  Jak_Sindin
P -303.0000, 1480.0000, -52.0000,  0, 0, 240,  2,  Marv_Orilis
P -365.0000, 1516.0000, -53.0000,  0, 0, 240,  2,  Zhem_Xecia
P -379.0000, 1510.0000, -53.0000,  0, 0, 240,  2,  Tovan_Tenlah
P -335.0000, 1547.0000, -52.0000,  0, 0, 240,  2,  Zenita_D`Rin
P -350.0000, 1592.0000, -52.0000,  0, 0, 240,  2,  Peku_Croxe
P -382.0000, 1572.0000, -54.0000,  0, 0, 240,  2,  Mika_Fugas
P -415.0000, 1573.0000, -54.0000,  0, 0, 240,  2,  Gunex_Eklar
P -500.0000, 1617.0000, -53.0000,  0, 0, 240,  2,  Klan_Smith
P -570.0000, 1528.0000, -53.0000,  0, 0, 240,  2,  Venox_Tarkog
P -596.0000, 1504.0000, -53.0000,  0, 0, 240,  2,  Konious_Eranon
P -557.0000, 1572.0000, -53.0000,  0, 0, 240,  2,  Heneva_Jexsped
P -607.0000, 1572.0000, -53.0000,  0, 0, 240,  2,  Nexvok_Thirod
P -634.0000, 1479.0000, -52.0000,  0, 0, 240,  2,  Miocaei_Herlsas
P -629.0000, 1459.0000, -52.0000,  0, 0, 240,  2,  Hundle_Quatvel_(Nec_Spells)
P -631.0000, 1448.0000, -52.0000,  0, 0, 240,  2,  Brek_Stolrus
P -627.0000, 1434.0000, -52.0000,  0, 0, 240,  2,  Vesagar_Nekio
P -620.0000, 1289.0000, -52.0000,  0, 0, 240,  2,  Elisi_Nasin
P -612.0000, 1285.0000, -52.0000,  0, 0, 240,  2,  Gren_Frikniller_(Q)
P -583.0000, 1272.0000, -53.0000,  0, 0, 240,  2,  Saxarivza_Zaxun
P -440.0000, 1254.0000, -54.0000,  0, 0, 240,  2,  Sermio_Capret_(SK_Spells)
P -426.0000, 1258.0000, -54.0000,  0, 0, 240,  2,  Prasen_Rusgor
P -413.0000, 1256.0000, -54.0000,  0, 0, 240,  2,  Tagus_Wunne_(SK_Spells)
P -440.0000, 1312.0000, -53.0000,  0, 0, 240,  2,  Netuk_Phenzon
P -433.0000, 1327.0000, -53.0000,  0, 0, 240,  2,  Celanie_Xtoria
P -214.0000, 1334.0000, -60.0000,  0, 0, 240,  2,  Harkin_Duskfoot
P -234.0000, 1322.0000, -59.0000,  0, 0, 240,  2,  Ainla_Yurimar
P -132.0000, 1331.0000, -48.0000,  0, 0, 240,  2,  Quan_Nektogo
P -130.0000, 1313.0000, -49.0000,  0, 0, 240,  2,  Jerra_Renlock
P -281.0000, 1224.0000, -53.0000,  0, 0, 240,  2,  Xon_Stonehands(Tribute)
P -368.0000, 1239.0000, -55.0000,  0, 0, 240,  2,  Nesin_Tapper
P -377.0000, 1255.0000, -55.0000,  0, 0, 240,  2,  Palatos_Kynarn
P -382.0000, 1293.0000, -55.0000,  0, 0, 240,  2,  Canlan_Talespinner
P 165.0000, 972.0000, 32.0000,  0, 0, 240,  2,  Grendig
P 238.0000, 931.0000, 3.0000,  0, 0, 240,  2,  Innkeep_Hunter
P 221.0000, 932.0000, 3.0000,  0, 0, 240,  2,  Innkeep_Nasumi
P 806.0000, 1363.0000, 3.0000,  0, 0, 240,  2,  Gurb_Smithson_(Pottery)
P 743.0000, 1592.0000, 3.0000,  0, 0, 240,  2,  Winoyn_(Pottery)
P 826.0000, 1096.0000, 40.0000,  0, 0, 240,  2,  Lysric_Loresinger_(Brd_Songs)
P 845.0000, 1087.0000, 40.0000,  0, 0, 240,  2,  Inisis_Trimpet_(Brd_Songs)
P 865.0000, 1098.0000, 40.0000,  0, 0, 240,  2,  Ton_Twostring
P 866.0000, 1129.0000, 40.0000,  0, 0, 240,  2,  Nashia_Lanseb
P 912.0000, 1089.0000, 9.0000,  0, 0, 127,  2,  Caskin_Marsheart(1.5)
P 828.0000, 1029.0000, 9.0000,  0, 0, 240,  2,  Jekel_Enhied
P 865.0000, 1011.0000, 9.0000,  0, 0, 240,  2,  Artisan_Vivian_Selgan_(TS_Q)
P 892.0000, 1030.0000, 9.0000,  0, 0, 240,  2,  Sten_Harnak
P 942.0000, 1082.0000, 9.0000,  0, 0, 240,  2,  Felisity_Starbright
P 893.0000, 1145.0000, 9.0000,  0, 0, 240,  2,  Marus_Kemson
P 800.0000, 1145.0000, 9.0000,  0, 0, 240,  2,  Lythe_Songbird
P 569.0000, 1435.0000, 8.0000,  0, 0, 240,  2,  Lindie_Rains_(Town_Crier)
P 505.0000, 1429.0000, 13.0000,  240, 127, 0,  2,  Exterminator_Qalantir
P 833.0000, 1463.0000, 3.0000,  0, 0, 240,  2,  Boomba_the_Big
P 862.0000, 1347.0000, 3.0000,  0, 0, 240,  2,  Linadian
P 871.0000, 1308.0000, 3.0000,  0, 0, 240,  2,  Trithalis_Leredar_(Tailoring)
P 551.0000, 1188.0000, 3.0000,  0, 0, 240,  2,  Jynsa_Smithson_(Pottery)
P 542.0000, 1083.0000, 3.0000,  0, 0, 240,  2,  Drona_Whystlethin_(Brewing)
P 418.0000, 1670.0000, 5.0000,  0, 0, 240,  2,  Ralfson_Gerositan
P 242.0000, 1465.0000, 5.0000,  240, 127, 0,  2,  Exterminator_Larkey
P 83.0000, 1540.0000, 5.0000,  0, 0, 240,  2,  Malloy_the_Songbird
P 34.0000, 1382.0000, 5.0000,  0, 0, 240,  2,  Ealyson_Roloius
P 56.0000, 1336.0000, 5.0000,  0, 0, 240,  2,  Eyon_Swouglus
P 113.0000, 1285.0000, 5.0000,  0, 0, 240,  2,  Eywen_Nalous
P 368.0000, 1320.0000, 5.0000,  0, 0, 240,  2,  Gartrog_Smitehammer
P 402.0000, 942.0000, 1.0000,  0, 0, 240,  2,  Ennarn_Shotius
P 403.0000, 912.0000, 1.0000,  0, 0, 240,  2,  Palunrion_Shyeitia
P 509.0000, 785.0000, 4.0000,  0, 0, 240,  2,  Quanan_Mahius
P 258.0000, 391.0000, 4.0000,  0, 0, 240,  2,  Bronan_Namok
P 358.0000, 353.0000, 4.0000,  0, 0, 240,  2,  Moe_Wilborn_(Mi)
P 319.0000, 440.0000, 4.0000,  0, 0, 240,  2,  Farihon_Nastuius
P 306.0000, 441.0000, 4.0000,  0, 0, 240,  2,  Eyunon_Storius
P 289.0000, 439.0000, 4.0000,  0, 0, 240,  2,  Ethrrian_Drowius
P 192.0000, 485.0000, 1.0000,  0, 0, 240,  2,  Malusuard_Blolus
P 149.0000, 522.0000, 0.0000,  0, 0, 240,  2,  Firrion_Roweus
P -40.0000, 341.0000, 1.0000,  0, 0, 240,  2,  Winsa_Tanner
P -39.0000, 322.0000, 1.0000,  0, 0, 240,  2,  Winlar_Tanner
P -73.0000, 308.0000, 3.0000,  0, 0, 240,  2,  Sissin_Tanner
P -98.0000, 310.0000, 1.0000,  0, 0, 240,  2,  Sanhan_Tanner
P -373.0000, 181.0000, 26.0000,  0, 0, 240,  2,  Palusiel_Drobius
P -375.0000, 153.0000, 26.0000,  0, 0, 240,  2,  Eyan_Rehius
P -206.0000, 60.0000, 20.0000,  0, 0, 240,  2,  Daria_Smith_(Smithing)
P -183.0000, 66.0000, 20.0000,  0, 0, 240,  2,  Kif_(Smithing)
P -168.0000, 81.0000, 20.0000,  0, 0, 240,  2,  Ikthar_Fireheart
P -143.0000, 49.0000, 20.0000,  0, 0, 240,  2,  Sir_Ranlon
P -133.0000, 32.0000, 20.0000,  0, 0, 240,  2,  Issilyn_Ristan_(Smithing)
P -141.0000, 12.0000, 20.0000,  0, 0, 240,  2,  Valentin_Firehear_(Smithing)
P -268.0000, -51.0000, 28.0000,  0, 0, 240,  2,  Filrion_Dokius
P -118.0000, -96.0000, 24.0000,  0, 0, 240,  2,  Farista_Eniatia
P -83.0000, -196.0000, 45.0000,  0, 0, 240,  2,  River_Alemaker
P -105.0000, -216.0000, 45.0000,  0, 0, 240,  2,  Sun_Alemaker
P -79.0000, -196.0000, 26.0000,  0, 0, 240,  2,  Cloud_Alemaker
P -122.0000, -185.0000, 26.0000,  0, 0, 240,  2,  Tislan_(Smithing)
P -198.0000, -262.0000, 29.0000,  0, 0, 240,  2,  Palrion_Enieus
P -199.0000, -292.0000, 29.0000,  0, 0, 240,  2,  Eroncil_Rellyus
P 201.0000, -443.0000, 4.0000,  0, 0, 240,  2,  Ethruncil_Draitia
P 233.0000, -445.0000, 4.0000,  0, 0, 240,  2,  Malon_Lailius
P 292.0000, -135.0000, 3.0000,  0, 0, 240,  2,  Umenon_Clotius
P 434.0000, -216.0000, 3.0000,  0, 0, 240,  2,  Umuhyon_Cilius
P 323.0000, -198.0000, 2.0000,  0, 0, 240,  2,  Tarn_Bearcrusher
P 493.0000, 2.0000, 29.0000,  0, 0, 240,  2,  Jyle_Windshot
P 441.0000, -4.0000, 29.0000,  0, 0, 240,  2,  Jheron_Felkis
P 429.0000, 40.0000, 3.0000,  0, 0, 240,  2,  Innkeep_Rastle
P 445.0000, 39.0000, 3.0000,  0, 0, 240,  2,  Innkeep_Paggie
P 651.0000, 195.0000, 3.0000,  0, 0, 240,  2,  Queluran_Keletia
P 718.1660, 1262.9590, 3.1240,  0, 127, 0,  3,  Priest_of_Discord
P 1128.7831, 1057.7157, 5.9077,  0, 0, 240,  3,  Moe_Wilborn*_(Mi)
P 587.8219, -253.6672, 5.5710,  0, 0, 240,  3,  Knight_Champion_Eddard(Mi)
P 1762.4253, 1165.3545, 87.7617,  240, 240, 240,  2,  Agent_of_Change_(R)_Plane_of_Sky
