L 88.6068, -635.1059, 16.0020,  81.4489, -635.1085, 16.0020,  0, 0, 0
L 81.4489, -635.1085, 16.0020,  70.2936, -615.4247, 16.0020,  0, 0, 0
L 69.6756, -614.8065, 14.0020,  94.4742, -546.6719, 14.0020,  63, 63, 63
L 94.4742, -546.6719, 14.0020,  141.3733, -501.8238, 14.0020,  63, 63, 63
L 141.3733, -501.8238, 14.0020,  148.6127, -565.9743, 14.0020,  63, 63, 63
L 148.6127, -565.9743, 14.0020,  122.7238, -637.1084, 14.0020,  63, 63, 63
L 127.1048, -633.3420, 14.0020,  127.1089, -637.1085, 14.0020,  0, 0, 0
L 127.1089, -637.1085, 14.0020,  108.9613, -637.1084, 16.0020,  0, 0, 0
L 108.9613, -637.1084, 16.0020,  108.9657, -635.1090, 16.0020,  0, 0, 0
L 108.9657, -635.1090, 16.0020,  104.1905, -635.1075, 16.0020,  0, 0, 0
L 88.6068, -635.1059, 16.0020,  88.6052, -639.3112, 17.0020,  0, 0, 0
L 26.8885, -647.1186, 14.1819,  17.1032, -647.1186, 14.1819,  0, 0, 0
L 26.8910, -654.5808, 14.1819,  17.1078, -654.5844, 14.1819,  0, 0, 0
L 26.8885, -647.1186, 14.1819,  26.8910, -654.5808, 14.1819,  0, 0, 0
L 24.8951, -642.8918, 14.1819,  24.8954, -647.0817, 14.1819,  0, 0, 0
L 29.1094, -642.8919, 14.1819,  24.8951, -642.8918, 14.1819,  0, 0, 0
L 29.1051, -644.8942, 14.1819,  29.1259, -635.1094, 14.1819,  0, 0, 0
L 36.5736, -644.8902, 14.1819,  29.1051, -644.8942, 14.1819,  0, 0, 0
L 36.5726, -635.1070, 14.1819,  36.5736, -644.8902, 14.1819,  0, 0, 0
L 29.1259, -635.1094, 14.1819,  36.5726, -635.1070, 14.1819,  0, 0, 0
L 31.9019, -627.2487, 14.1819,  31.9023, -635.1085, 14.1819,  0, 0, 0
L 31.4406, -624.9661, 11.3904,  31.9019, -627.2487, 12.8485,  0, 0, 0
L 30.4070, -622.5071, 11.3911,  31.4406, -624.9661, 11.3904,  0, 0, 0
L 28.6251, -620.2325, 9.9070,  30.4070, -622.5071, 11.3911,  0, 0, 0
L 26.5695, -618.6534, 8.5079,  28.6251, -620.2325, 9.9070,  0, 0, 0
L 23.9209, -617.5144, 7.2236,  26.5695, -618.6534, 8.5079,  0, 0, 0
L 23.8796, -612.4400, 5.9458,  23.9209, -617.5144, 7.2236,  0, 0, 0
L 14.0993, -612.4338, 5.9458,  23.8796, -612.4400, 5.9458,  0, 0, 0
L 14.1047, -617.1085, 5.9458,  14.0993, -612.4338, 5.9458,  0, 0, 0
L 11.1650, -617.1055, 5.9458,  14.1047, -617.1085, 5.9458,  0, 0, 0
L 7.8864, -619.9857, 5.9458,  11.1650, -617.1055, 5.9458,  0, 0, 0
L 4.1463, -621.7748, 5.9458,  7.8864, -619.9857, 5.9458,  0, 0, 0
L 0.0006, -622.3926, 5.9458,  4.1463, -621.7748, 5.9458,  0, 0, 0
L -4.1429, -621.7766, 5.9458,  0.0006, -622.3926, 5.9458,  0, 0, 0
L -7.8779, -619.9932, 5.9458,  -4.1429, -621.7766, 5.9458,  0, 0, 0
L -11.1608, -617.1044, 5.9458,  -7.8779, -619.9932, 5.9458,  0, 0, 0
L -14.0762, -617.1080, 5.9458,  -11.1608, -617.1044, 5.9458,  0, 0, 0
L -14.0741, -612.4355, 5.9458,  -14.0762, -617.1080, 5.9458,  0, 0, 0
L -23.8497, -612.4363, 5.9458,  -14.0741, -612.4355, 5.9458,  0, 0, 0
L -23.8868, -617.5011, 7.2235,  -23.8497, -612.4363, 5.9458,  0, 0, 0
L -26.0426, -618.3926, 7.2253,  -23.8868, -617.5011, 7.2235,  0, 0, 0
L -28.8403, -620.4667, 9.9388,  -26.0426, -618.3926, 7.2253,  0, 0, 0
L -30.4163, -622.4939, 11.3903,  -28.8403, -620.4667, 9.9388,  0, 0, 0
L -31.9191, -626.1219, 12.8485,  -30.4163, -622.4939, 11.3903,  0, 0, 0
L -31.9447, -635.1084, 14.1819,  -31.9191, -626.1219, 14.1819,  0, 0, 0
L -36.5745, -635.1039, 14.1819,  -29.1306, -635.1111, 14.1819,  0, 0, 0
L -36.5720, -644.8939, 14.1819,  -36.5745, -635.1039, 14.1819,  0, 0, 0
L -29.1030, -644.8902, 14.1819,  -36.5720, -644.8939, 14.1819,  0, 0, 0
L -29.1306, -635.1111, 14.1819,  -29.1030, -644.8902, 14.1819,  0, 0, 0
L -24.8951, -642.8917, 14.1819,  -29.1086, -642.8921, 14.1819,  0, 0, 0
L -24.8948, -647.1187, 14.1819,  -24.8951, -642.8917, 14.1819,  0, 0, 0
L -26.8871, -654.5839, 14.1819,  -26.8845, -647.1342, 14.1819,  0, 0, 0
L -17.1006, -654.5822, 14.1819,  -26.8871, -654.5839, 14.1819,  0, 0, 0
L -17.1022, -647.1149, 14.1819,  -17.1006, -654.5822, 14.1819,  0, 0, 0
L -26.8845, -647.1342, 14.1818,  -17.1022, -647.1149, 14.1819,  0, 0, 0
L -19.0698, -640.8917, 14.1819,  -19.1097, -647.1189, 14.1818,  0, 0, 0
L 19.1086, -640.8923, 14.1819,  -19.0698, -640.8917, 14.1819,  0, 0, 0
L 19.1097, -647.0892, 14.1819,  19.1086, -640.8923, 14.1819,  0, 0, 0
L 17.1078, -654.5844, 14.1819,  17.1032, -647.1186, 14.1819,  0, 0, 0
L -0.0985, -748.7481, 44.0020,  -10.6711, -747.0561, 44.0020,  0, 127, 0
L 12.2034, -746.6053, 44.0020,  -0.0985, -748.7481, 44.0020,  0, 127, 0
L 30.7379, -738.8192, 44.0020,  21.8717, -743.2423, 44.0020,  0, 127, 0
L 42.7542, -726.9691, 44.0020,  30.7379, -738.8192, 44.0020,  0, 127, 0
L 47.0843, -717.9003, 44.0020,  42.7542, -726.9691, 44.0020,  0, 127, 0
L 62.1111, -717.8913, 44.0020,  47.0843, -717.9003, 44.0020,  0, 127, 0
L 53.8492, -735.1904, 44.0020,  62.1111, -717.8913, 44.0020,  0, 127, 0
L 39.1306, -749.8989, 44.0020,  53.8492, -735.1904, 44.0020,  0, 127, 0
L 20.5865, -759.3478, 44.0020,  39.1306, -749.8989, 44.0020,  0, 127, 0
L 8.8679, -761.3813, 44.0020,  20.5865, -759.3478, 44.0020,  0, 127, 0
L 3.3074, -759.1171, 44.0020,  8.8606, -759.1146, 44.0020,  0, 127, 0
L 3.3083, -768.8859, 44.0020,  3.3074, -759.1171, 44.0020,  0, 127, 0
L 8.8700, -768.8815, 44.0020,  3.3083, -768.8859, 44.0020,  0, 127, 0
L 8.8606, -759.1146, 44.0020,  8.8700, -768.8815, 44.0020,  0, 127, 0
L 28.4593, -766.8926, 52.0020,  8.8678, -766.8918, 44.0019,  0, 127, 0
L 43.1087, -766.8914, 52.0020,  28.4593, -766.8926, 52.0020,  0, 127, 0
L 43.1085, -813.1083, 52.0019,  43.1087, -766.8914, 52.0020,  0, 127, 0
L -28.2031, -813.1072, 74.0020,  43.1085, -813.1083, 52.0019,  0, 127, 0
L -43.1082, -813.1083, 74.0019,  -28.2031, -813.1072, 74.0020,  0, 127, 0
L -43.1084, -766.8921, 74.0019,  -43.1082, -813.1083, 74.0019,  0, 127, 0
L -9.5395, -766.8920, 74.0020,  -43.1084, -766.8921, 74.0019,  0, 127, 0
L 5.4404, -745.1024, 74.0020,  5.4355, -754.8877, 74.0020,  0, 127, 0
L 12.9082, -745.1035, 74.0020,  5.4404, -745.1024, 74.0020,  0, 127, 0
L 12.8949, -754.8868, 74.0020,  12.9082, -745.1035, 74.0020,  0, 127, 0
L 14.5922, -749.0773, 74.0020,  12.9028, -749.1085, 74.0020,  0, 127, 0
L 17.4245, -745.4829, 74.0020,  14.5922, -749.0773, 74.0020,  0, 127, 0
L 36.8081, -738.2686, 74.0019,  17.4245, -745.4829, 74.0020,  0, 127, 0
L 47.6691, -731.6190, 74.0020,  36.8081, -738.2686, 74.0019,  0, 127, 0
L 57.3540, -723.3426, 74.0019,  47.6691, -731.6190, 74.0020,  0, 127, 0
L 65.6106, -713.6799, 74.0019,  57.3540, -723.3426, 74.0019,  0, 127, 0
L 72.2625, -702.8221, 74.0020,  65.6106, -713.6799, 74.0019,  0, 127, 0
L 77.1195, -691.1036, 74.0020,  72.2625, -702.8221, 74.0020,  0, 127, 0
L 79.2424, -678.1059, 74.0020,  77.1195, -691.1036, 74.0020,  0, 127, 0
L 87.1084, -678.1084, 74.0019,  79.2424, -678.1059, 74.0020,  0, 127, 0
L 87.1084, -674.8511, 74.0019,  87.1084, -678.1084, 74.0019,  0, 127, 0
L 84.6233, -669.2890, 74.0020,  84.6220, -674.8380, 74.0020,  0, 127, 0
L 94.3915, -669.2928, 74.0019,  84.6233, -669.2890, 74.0020,  0, 127, 0
L 94.3885, -674.8561, 74.0019,  94.3915, -669.2928, 74.0020,  0, 127, 0
L 84.6220, -674.8380, 74.0019,  94.3885, -674.8561, 74.0019,  0, 127, 0
L 91.8918, -691.1237, 74.0019,  91.8920, -674.8515, 74.0019,  0, 127, 0
L 94.0330, -691.1187, 74.0020,  91.8918, -691.1237, 74.0019,  0, 127, 0
L 94.0278, -696.9127, 74.0020,  94.0330, -691.1187, 74.0019,  0, 127, 0
L 91.8916, -696.9067, 74.0019,  94.0278, -696.9127, 74.0019,  0, 127, 0
L 91.8915, -707.1581, 74.0019,  93.3303, -707.1542, 74.0019,  0, 127, 0
L 91.8908, -696.9384, 74.0020,  91.8915, -707.1581, 74.0019,  0, 127, 0
L 97.8547, -711.6826, 74.0019,  93.3303, -707.1542, 74.0019,  0, 127, 0
L 97.8519, -713.1085, 74.0019,  97.8547, -711.6826, 74.0019,  0, 127, 0
L 106.4466, -713.0817, 74.0020,  97.8519, -713.1085, 74.0019,  0, 127, 0
L 106.4438, -711.1060, 74.0020,  106.4466, -713.0817, 74.0020,  0, 127, 0
L 112.2332, -711.1103, 74.0020,  106.4438, -711.1060, 74.0019,  0, 127, 0
L 112.2292, -713.1084, 74.0019,  112.2332, -711.1103, 74.0019,  0, 127, 0
L 126.3692, -713.1085, 74.0019,  112.2292, -713.1084, 74.0019,  0, 127, 0
L 126.3647, -711.1057, 74.0019,  126.3692, -713.1085, 74.0019,  0, 127, 0
L 132.1552, -711.1088, 74.0019,  126.3647, -711.1057, 74.0020,  0, 127, 0
L 132.1525, -713.1080, 74.0019,  132.1552, -711.1088, 74.0020,  0, 127, 0
L 143.1765, -713.1078, 74.0019,  132.1525, -713.1080, 74.0019,  0, 127, 0
L 143.1713, -711.6826, 74.0020,  143.1765, -713.1078, 74.0019,  0, 127, 0
L 147.7013, -707.1543, 74.0020,  143.1713, -711.6826, 74.0020,  0, 127, 0
L 149.1084, -707.1581, 74.0019,  147.7013, -707.1543, 74.0020,  0, 127, 0
L 149.1084, -696.8592, 74.0019,  149.1084, -707.1581, 74.0019,  0, 127, 0
L 146.9746, -696.8638, 74.0019,  149.1084, -696.8592, 74.0019,  0, 127, 0
L 146.9780, -691.0691, 74.0020,  146.9746, -696.8638, 74.0020,  0, 127, 0
L 149.1084, -691.0762, 74.0019,  146.9780, -691.0691, 74.0020,  0, 127, 0
L 149.1084, -681.8244, 74.0019,  149.1084, -691.0762, 74.0019,  0, 127, 0
L 147.0454, -681.8299, 74.0020,  149.1084, -681.8244, 74.0019,  0, 127, 0
L 147.0467, -676.0369, 74.0019,  147.0454, -681.8299, 74.0020,  0, 127, 0
L 149.1084, -676.0418, 74.0019,  147.0467, -676.0369, 74.0020,  0, 127, 0
L 149.1083, -667.7204, 74.0019,  149.1084, -676.0418, 74.0019,  0, 127, 0
L 147.0067, -667.7244, 74.0019,  149.1083, -667.7204, 74.0019,  0, 127, 0
L 147.0067, -667.7244, 74.0019,  147.0061, -661.9313, 74.0020,  0, 127, 0
L 149.1082, -661.9378, 74.0019,  147.0061, -661.9313, 74.0019,  0, 127, 0
L 149.1087, -652.8087, 74.0019,  149.1082, -661.9378, 74.0019,  0, 127, 0
L 147.7285, -652.8148, 74.0020,  149.1087, -652.8087, 74.0019,  0, 127, 0
L 143.2002, -648.2821, 74.0019,  147.7285, -652.8148, 74.0019,  0, 127, 0
L 143.2039, -646.8916, 74.0019,  143.2002, -648.2821, 74.0020,  0, 127, 0
L 132.1525, -646.8916, 74.0019,  143.2039, -646.8916, 74.0019,  0, 127, 0
L 132.1559, -648.9781, 74.0019,  132.1525, -646.8916, 74.0019,  0, 127, 0
L 132.1559, -648.9781, 74.0019,  126.3633, -648.9813, 74.0019,  0, 127, 0
L 126.3696, -646.8915, 74.0019,  126.3633, -648.9813, 74.0019,  0, 127, 0
L 112.2295, -646.8918, 74.0019,  126.3696, -646.8915, 74.0019,  0, 127, 0
L 112.2418, -649.0054, 74.0020,  112.2295, -646.8918, 74.0019,  0, 127, 0
L 106.4410, -649.0056, 74.0019,  112.2418, -649.0054, 74.0019,  0, 127, 0
L 106.4467, -646.8915, 74.0019,  106.4410, -649.0056, 74.0019,  0, 127, 0
L 97.8187, -646.8914, 74.0019,  106.4467, -646.8915, 74.0019,  0, 127, 0
L 97.8340, -646.8915, 74.0020,  97.8139, -648.2781, 74.0019,  0, 127, 0
L 93.3956, -652.8074, 74.0019,  97.8139, -648.2781, 74.0020,  0, 127, 0
L 91.8915, -652.8096, 74.0019,  93.3956, -652.8074, 74.0019,  0, 127, 0
L 91.8918, -657.1156, 74.0019,  91.8915, -652.8096, 74.0019,  0, 127, 0
L 94.3870, -657.1370, 74.0020,  94.3925, -662.6749, 74.0020,  0, 127, 0
L 84.6245, -662.6747, 74.0020,  94.3925, -662.6749, 74.0020,  0, 127, 0
L 84.6245, -662.6747, 74.0019,  84.6212, -657.1085, 74.0020,  0, 127, 0
L 94.3870, -657.1370, 74.0019,  84.6212, -657.1085, 74.0019,  0, 127, 0
L 87.1079, -653.9449, 74.0019,  87.1084, -657.1158, 74.0019,  0, 127, 0
L 79.0968, -653.8789, 74.0019,  87.1079, -653.9449, 74.0019,  0, 127, 0
L 79.1058, -647.5800, 74.0019,  79.0968, -653.8789, 74.0019,  0, 127, 0
L 56.8914, -647.6877, 74.0019,  79.1058, -647.5800, 74.0019,  0, 127, 0
L 56.8910, -681.1085, 74.0019,  56.8914, -647.6877, 74.0019,  0, 127, 0
L 59.9160, -681.1037, 74.0020,  56.8910, -681.1085, 74.0019,  0, 127, 0
L 60.0619, -684.9302, 74.0020,  59.9160, -681.1037, 74.0020,  0, 127, 0
L 56.1954, -694.4905, 74.0020,  60.0619, -684.9302, 74.0020,  0, 127, 0
L 51.3358, -702.4348, 74.0019,  56.1954, -694.4905, 74.0020,  0, 127, 0
L 44.4201, -710.6502, 74.0019,  51.3358, -702.4348, 74.0019,  0, 127, 0
L 37.4914, -716.6301, 74.0020,  44.4201, -710.6502, 74.0019,  0, 127, 0
L 28.9529, -721.9168, 74.0020,  37.4914, -716.6301, 74.0020,  0, 127, 0
L 17.1070, -726.3080, 74.0019,  28.9529, -721.9168, 74.0020,  0, 127, 0
L 17.1083, -709.8920, 74.0019,  17.1070, -726.3080, 74.0020,  0, 127, 0
L 12.9026, -709.8915, 74.0019,  17.1083, -709.8920, 74.0019,  0, 127, 0
L 5.4392, -710.9610, 74.0020,  12.8950, -710.9587, 74.0020,  0, 127, 0
L 5.4373, -701.1736, 74.0020,  5.4392, -710.9610, 74.0020,  0, 127, 0
L 12.9057, -701.1780, 74.0019,  5.4373, -701.1736, 74.0020,  0, 127, 0
L 12.8950, -710.9587, 74.0019,  12.9057, -701.1780, 74.0020,  0, 127, 0
L 15.8061, -704.0966, 74.0019,  12.9025, -704.1083, 74.0019,  0, 127, 0
L 29.6969, -696.9022, 74.0019,  15.8061, -704.0966, 74.0019,  0, 127, 0
L 40.8917, -685.7136, 74.0019,  29.6969, -696.9022, 74.0019,  0, 127, 0
L 48.0645, -671.6378, 74.0020,  40.8917, -685.7136, 74.0019,  0, 127, 0
L 50.5476, -656.0031, 74.0020,  48.0645, -671.6378, 74.0020,  0, 127, 0
L 48.0760, -640.3964, 74.0019,  50.5476, -656.0031, 74.0020,  0, 127, 0
L 40.8692, -626.2394, 74.0019,  48.0760, -640.3964, 74.0019,  0, 127, 0
L 40.8692, -626.2394, 74.0019,  29.3511, -614.7497, 74.0019,  0, 127, 0
L 29.3275, -595.7782, 74.0019,  29.3511, -614.7497, 74.0019,  0, 127, 0
L 15.1051, -588.5454, 74.0020,  29.3275, -595.7782, 74.0019,  0, 127, 0
L 15.1085, -580.8915, 72.0019,  15.1051, -588.5454, 72.0019,  0, 127, 0
L -15.1083, -580.8916, 72.0019,  15.1085, -580.8915, 72.0019,  0, 127, 0
L -15.1081, -588.5434, 72.0019,  -15.1083, -580.8916, 72.0019,  0, 127, 0
L -29.3501, -595.8271, 74.0019,  -15.1081, -588.5434, 74.0019,  0, 127, 0
L -29.3484, -614.7505, 74.0019,  -29.3501, -595.8271, 74.0019,  0, 127, 0
L -29.3484, -614.7505, 74.0019,  -40.8219, -626.1478, 74.0027,  0, 127, 0
L -48.0756, -640.3928, 74.0019,  -40.8219, -626.1478, 74.0019,  0, 127, 0
L -50.5463, -656.0060, 74.0019,  -48.0756, -640.3928, 74.0019,  0, 127, 0
L -48.0710, -671.6235, 74.0019,  -50.5463, -656.0060, 74.0019,  0, 127, 0
L -40.8931, -685.7111, 74.0019,  -48.0710, -671.6235, 74.0019,  0, 127, 0
L -29.7076, -696.8968, 74.0020,  -40.8931, -685.7111, 74.0019,  0, 127, 0
L -15.7584, -704.1086, 74.0019,  -29.7076, -696.8968, 74.0020,  0, 127, 0
L -12.8801, -704.1085, 74.0019,  -15.7584, -704.1086, 74.0019,  0, 127, 0
L -12.8904, -701.1744, 74.0019,  -12.8562, -710.9595, 74.0019,  0, 127, 0
L -5.4156, -701.1767, 74.0019,  -12.8904, -701.1744, 74.0019,  0, 127, 0
L -5.4163, -710.9617, 74.0020,  -5.4156, -701.1767, 74.0020,  0, 127, 0
L -12.8562, -710.9595, 74.0020,  -5.4163, -710.9617, 74.0020,  0, 127, 0
L -17.1077, -709.8914, 74.0019,  -12.8800, -709.8918, 74.0019,  0, 127, 0
L -17.1081, -726.2556, 74.0020,  -17.1077, -709.8914, 74.0019,  0, 127, 0
L -28.0334, -722.4765, 74.0020,  -17.1081, -726.2556, 74.0020,  0, 127, 0
L -36.8239, -717.1510, 74.0020,  -28.0334, -722.4765, 74.0020,  0, 127, 0
L -44.0786, -710.9406, 74.0020,  -36.8239, -717.1510, 74.0020,  0, 127, 0
L -51.0872, -702.8447, 74.0020,  -44.0786, -710.9406, 74.0020,  0, 127, 0
L -55.9589, -694.8954, 74.0020,  -51.0872, -702.8447, 74.0020,  0, 127, 0
L -59.9609, -685.1176, 74.0020,  -55.9589, -694.8954, 74.0020,  0, 127, 0
L -59.9612, -681.1024, 74.0020,  -59.9609, -685.1176, 74.0020,  0, 127, 0
L -56.8915, -681.1085, 74.0019,  -59.9612, -681.1024, 74.0020,  0, 127, 0
L -56.8908, -647.6852, 74.0019,  -56.8915, -681.1085, 74.0019,  0, 127, 0
L -56.8917, -647.6725, 74.0019,  -79.1070, -647.7383, 74.0020,  0, 127, 0
L -79.1002, -653.8865, 74.0020,  -79.1070, -647.7383, 74.0019,  0, 127, 0
L -87.1083, -653.9019, 74.0020,  -79.1002, -653.8865, 74.0020,  0, 127, 0
L -87.1085, -657.1155, 74.0019,  -87.1083, -653.9019, 74.0020,  0, 127, 0
L -85.0926, -662.6757, 74.0020,  -85.0913, -657.1283, 74.0020,  0, 127, 0
L -94.8580, -662.6772, 74.0020,  -85.0926, -662.6757, 74.0020,  0, 127, 0
L -94.8580, -662.6772, 74.0020,  -94.8621, -657.1099, 74.0020,  0, 127, 0
L -85.0913, -657.1283, 74.0019,  -94.8621, -657.1099, 74.0020,  0, 127, 0
L -91.9171, -652.8088, 74.0019,  -91.8918, -657.1155, 74.0019,  0, 127, 0
L -93.2704, -652.8169, 74.0020,  -91.9171, -652.8088, 74.0019,  0, 127, 0
L -97.8021, -648.2833, 74.0019,  -93.2704, -652.8169, 74.0020,  0, 127, 0
L -97.7994, -646.8915, 74.0019,  -97.8021, -648.2833, 74.0020,  0, 127, 0
L -108.8505, -646.9232, 74.0020,  -97.7994, -646.8915, 74.0019,  0, 127, 0
L -108.8507, -648.9825, 74.0020,  -108.8505, -646.9232, 74.0020,  0, 127, 0
L -114.6375, -648.9777, 74.0019,  -108.8507, -648.9825, 74.0020,  0, 127, 0
L -114.6338, -646.8917, 74.0019,  -114.6375, -648.9777, 74.0020,  0, 127, 0
L -129.1076, -646.8915, 74.0019,  -114.6338, -646.8917, 74.0019,  0, 127, 0
L -129.1038, -649.0080, 74.0020,  -129.1076, -646.8915, 74.0019,  0, 127, 0
L -134.8961, -649.0045, 74.0020,  -129.1038, -649.0080, 74.0020,  0, 127, 0
L -134.8905, -646.8915, 74.0019,  -134.8961, -649.0045, 74.0019,  0, 127, 0
L -143.1846, -646.8915, 74.0019,  -134.8905, -646.8915, 74.0019,  0, 127, 0
L -143.1813, -648.2849, 74.0019,  -143.1846, -646.8915, 74.0019,  0, 127, 0
L -147.7091, -652.8112, 74.0019,  -143.1813, -648.2849, 74.0019,  0, 127, 0
L -149.1081, -652.8087, 74.0019,  -147.7091, -652.8112, 74.0019,  0, 127, 0
L -149.1086, -661.9642, 74.0019,  -149.1081, -652.8087, 74.0019,  0, 127, 0
L -146.9782, -661.9610, 74.0019,  -149.1086, -661.9642, 74.0019,  0, 127, 0
L -146.9818, -667.7513, 74.0020,  -146.9782, -661.9610, 74.0019,  0, 127, 0
L -149.1084, -667.7475, 74.0019,  -146.9818, -667.7513, 74.0020,  0, 127, 0
L -149.0757, -676.9987, 74.0020,  -149.1084, -667.7475, 74.0019,  0, 127, 0
L -146.9781, -676.9957, 74.0019,  -149.0757, -676.9987, 74.0020,  0, 127, 0
L -146.9815, -682.7451, 74.0020,  -146.9781, -676.9957, 74.0020,  0, 127, 0
L -149.1077, -682.8410, 74.0020,  -146.9815, -682.7451, 74.0020,  0, 127, 0
L -149.1083, -691.1035, 74.0019,  -149.1077, -682.8410, 74.0020,  0, 127, 0
L -146.9775, -691.0978, 74.0020,  -149.1083, -691.1035, 74.0019,  0, 127, 0
L -146.9819, -696.8884, 74.0019,  -146.9775, -691.0978, 74.0019,  0, 127, 0
L -149.1080, -696.8865, 74.0019,  -146.9819, -696.8884, 74.0019,  0, 127, 0
L -149.1085, -707.1581, 74.0019,  -149.1080, -696.8865, 74.0019,  0, 127, 0
L -147.6750, -707.1516, 74.0019,  -149.1085, -707.1581, 74.0019,  0, 127, 0
L -143.1475, -711.6842, 74.0020,  -147.6750, -707.1516, 74.0020,  0, 127, 0
L -143.1511, -713.1084, 74.0019,  -143.1475, -711.6842, 74.0020,  0, 127, 0
L -134.8907, -713.1087, 74.0019,  -143.1511, -713.1084, 74.0019,  0, 127, 0
L -134.8933, -711.1053, 74.0020,  -134.8907, -713.1087, 74.0019,  0, 127, 0
L -129.1046, -711.1094, 74.0020,  -134.8933, -711.1053, 74.0020,  0, 127, 0
L -129.1076, -713.1083, 74.0019,  -129.1046, -711.1094, 74.0020,  0, 127, 0
L -114.6342, -713.1083, 74.0019,  -129.1076, -713.1083, 74.0019,  0, 127, 0
L -114.6363, -711.1104, 74.0020,  -114.6342, -713.1083, 74.0019,  0, 127, 0
L -114.6363, -711.1104, 74.0019,  -108.8443, -711.1056, 74.0019,  0, 127, 0
L -108.8512, -713.1080, 74.0019,  -108.8443, -711.1056, 74.0020,  0, 127, 0
L -97.8267, -713.1078, 74.0019,  -108.8512, -713.1080, 74.0019,  0, 127, 0
L -97.8309, -711.6808, 74.0019,  -97.8267, -713.1078, 74.0019,  0, 127, 0
L -93.2968, -707.1514, 74.0020,  -97.8309, -711.6808, 74.0020,  0, 127, 0
L -91.8919, -707.1583, 74.0019,  -93.2968, -707.1514, 74.0020,  0, 127, 0
L -91.8916, -696.8866, 74.0019,  -91.8919, -707.1583, 74.0019,  0, 127, 0
L -93.9987, -696.8872, 74.0020,  -91.8916, -696.8866, 74.0019,  0, 127, 0
L -93.9987, -696.8872, 74.0019,  -94.0035, -691.1375, 74.0020,  0, 127, 0
L -91.8919, -691.0665, 74.0019,  -94.0035, -691.1375, 74.0020,  0, 127, 0
L -91.8924, -674.8514, 74.0019,  -91.8919, -691.0665, 74.0019,  0, 127, 0
L -94.8589, -669.2906, 74.0020,  -94.8592, -674.8373, 74.0019,  0, 127, 0
L -85.0911, -669.2924, 74.0020,  -94.8589, -669.2906, 74.0020,  0, 127, 0
L -85.0929, -674.8551, 74.0020,  -85.0911, -669.2924, 74.0020,  0, 127, 0
L -94.8592, -674.8373, 74.0019,  -85.0929, -674.8551, 74.0020,  0, 127, 0
L -87.1079, -678.1083, 74.0019,  -87.1085, -674.8514, 74.0019,  0, 127, 0
L -79.2398, -678.1052, 74.0020,  -87.1079, -678.1083, 74.0019,  0, 127, 0
L -77.1208, -691.1016, 74.0020,  -79.2398, -678.1052, 74.0020,  0, 127, 0
L -72.2637, -702.8195, 74.0020,  -77.1208, -691.1016, 74.0020,  0, 127, 0
L -65.6081, -713.6829, 74.0020,  -72.2637, -702.8195, 74.0020,  0, 127, 0
L -57.3489, -723.3474, 74.0020,  -65.6081, -713.6829, 74.0020,  0, 127, 0
L -47.7304, -731.5674, 74.0020,  -57.3489, -723.3474, 74.0020,  0, 127, 0
L -36.8067, -738.2692, 74.0020,  -47.7304, -731.5674, 74.0020,  0, 127, 0
L -17.5140, -745.4139, 74.0020,  -36.8067, -738.2692, 74.0020,  0, 127, 0
L -14.5709, -749.1054, 74.0020,  -17.5140, -745.4139, 74.0020,  0, 127, 0
L -12.8799, -749.1086, 74.0020,  -14.5709, -749.1054, 74.0020,  0, 127, 0
L -12.8808, -745.1042, 74.0020,  -12.8785, -754.8867, 74.0020,  0, 127, 0
L -5.4177, -745.1041, 74.0020,  -12.8808, -745.1042, 74.0020,  0, 127, 0
L -5.4166, -754.8878, 74.0020,  -5.4177, -745.1041, 74.0020,  0, 127, 0
L -12.8785, -754.8867, 74.0020,  -5.4166, -754.8878, 74.0020,  0, 127, 0
L -9.5395, -766.8920, 74.0020,  -9.5396, -754.8872, 74.0020,  0, 127, 0
L 9.5392, -766.8918, 74.0020,  9.5380, -781.3837, 74.0020,  0, 127, 0
L 9.5397, -754.8873, 74.0020,  9.5394, -766.8918, 74.0020,  0, 127, 0
L 5.4355, -754.8877, 74.0020,  12.8949, -754.8868, 74.0020,  0, 127, 0
L -28.8870, -781.4316, 74.0020,  9.5380, -781.3837, 74.0020,  0, 127, 0
L -28.8351, -798.7151, 74.0020,  -28.8870, -781.4316, 74.0020,  0, 127, 0
L 28.5342, -798.7062, 52.0020,  -28.8351, -798.7151, 74.0020,  0, 127, 0
L 28.4517, -781.6861, 52.0020,  28.5342, -798.7062, 52.0020,  0, 127, 0
L -28.0923, -781.7736, 44.0020,  28.4517, -781.6861, 52.0020,  0, 127, 0
L -28.1132, -798.4656, 44.0020,  -28.0923, -781.7736, 44.0020,  0, 127, 0
L 28.7408, -798.3597, 22.0020,  -28.1132, -798.4656, 44.0020,  0, 127, 0
L 28.7746, -781.7123, 22.0020,  28.7408, -798.3597, 22.0020,  0, 127, 0
L 10.5116, -781.7646, 14.2355,  28.7746, -781.7123, 22.0020,  0, 127, 0
L 10.4702, -782.8933, 14.1819,  10.5116, -781.7646, 14.2355,  0, 0, 0
L -30.7514, -738.7942, 44.0020,  -20.3262, -743.8454, 44.0020,  0, 127, 0
L -42.7995, -727.0860, 44.0020,  -30.7514, -738.7942, 44.0020,  0, 127, 0
L -46.6466, -718.6450, 44.0020,  -42.7995, -727.0860, 44.0020,  0, 127, 0
L -62.1111, -717.8912, 44.0020,  -48.0457, -717.8906, 44.0020,  0, 127, 0
L -53.8807, -735.1586, 44.0020,  -62.1111, -717.8912, 44.0020,  0, 127, 0
L -39.1650, -749.8751, 44.0020,  -53.8807, -735.1586, 44.0020,  0, 127, 0
L -20.5782, -759.3522, 44.0020,  -39.1650, -749.8751, 44.0020,  0, 127, 0
L -8.8678, -761.3812, 44.0020,  -20.5782, -759.3522, 44.0020,  0, 127, 0
L -3.3067, -759.1174, 44.0020,  -8.8598, -759.1142, 44.0020,  0, 127, 0
L -3.3089, -768.8845, 44.0020,  -3.3067, -759.1174, 44.0020,  0, 127, 0
L -8.8706, -768.8828, 44.0020,  -3.3089, -768.8845, 44.0020,  0, 127, 0
L -8.8598, -759.1142, 44.0020,  -8.8706, -768.8828, 44.0020,  0, 127, 0
L -43.1082, -766.8916, 44.0020,  -8.8684, -766.8914, 44.0020,  0, 127, 0
L -43.1086, -813.1084, 44.0020,  -43.1082, -766.8916, 44.0020,  0, 127, 0
L -28.0347, -813.1069, 44.0020,  -43.1086, -813.1084, 44.0020,  0, 127, 0
L 27.7056, -813.1074, 22.1308,  -28.0347, -813.1069, 44.0020,  0, 127, 0
L 43.1083, -813.1084, 22.0020,  27.7056, -813.1074, 22.1308,  0, 127, 0
L 43.1085, -766.8917, 22.0020,  43.1083, -813.1084, 22.0020,  0, 127, 0
L 27.9883, -766.8924, 22.0014,  43.1085, -766.8917, 22.0020,  0, 127, 0
L 12.9439, -766.8916, 15.3172,  27.9883, -766.8924, 22.0014,  0, 127, 0
L 68.8902, -665.4371, 14.1819,  68.8960, -672.8925, 14.1819,  0, 0, 0
L 59.1059, -665.4354, 14.1819,  68.8902, -665.4371, 14.1819,  0, 0, 0
L 59.1057, -672.9039, 14.1819,  59.1059, -665.4354, 14.1819,  0, 0, 0
L 68.8960, -672.8925, 14.1819,  59.1057, -672.9039, 14.1819,  0, 0, 0
L 61.1084, -679.1081, 14.1819,  61.1078, -672.9016, 14.1819,  0, 0, 0
L 24.8955, -679.1085, 14.1819,  61.1084, -679.1081, 14.1819,  0, 0, 0
L 24.8950, -672.9012, 14.1819,  24.8955, -679.1085, 14.1819,  0, 0, 0
L 26.8924, -665.4364, 14.1819,  26.8893, -672.8846, 14.1819,  0, 0, 0
L 17.1036, -665.4373, 14.1819,  26.8924, -665.4364, 14.1819,  0, 0, 0
L 17.1074, -672.9067, 14.1819,  17.1036, -665.4373, 14.1819,  0, 0, 0
L 26.8893, -672.8846, 14.1819,  17.1074, -672.9067, 14.1819,  0, 0, 0
L 19.1071, -689.8924, 14.1819,  19.1108, -672.9022, 14.1819,  0, 0, 0
L 52.1049, -694.5734, 14.1819,  61.8956, -694.5714, 14.1819,  0, 0, 0
L 52.1084, -689.8922, 14.1819,  52.1049, -694.5734, 14.1819,  0, 0, 0
L 19.1071, -689.8924, 14.1819,  52.1084, -689.8922, 14.1819,  0, 0, 0
L -128.8931, -709.1064, -21.9980,  -128.8925, -718.8937, -21.9980,  127, 64, 0
L -63.6424, -709.1079, 14.1819,  -128.8931, -709.1064, -21.8145,  127, 64, 0
L -61.8935, -709.1083, 14.1819,  -63.6424, -709.1079, 14.1819,  0, 0, 0
L -61.8954, -705.4272, 14.1819,  -61.8935, -709.1083, 14.1819,  0, 0, 0
L -52.1063, -705.4251, 14.1819,  -61.8954, -705.4272, 14.1819,  0, 0, 0
L -52.1103, -710.1086, 14.1819,  -52.1063, -705.4251, 14.1819,  0, 0, 0
L -48.3279, -710.1086, 14.1829,  -52.1103, -710.1086, 14.1819,  0, 0, 0
L -47.8227, -709.4933, 14.1819,  -48.3279, -710.1086, 14.1829,  0, 0, 0
L -45.1214, -708.6505, 14.1819,  -47.8227, -709.4933, 14.1819,  0, 0, 0
L -42.3483, -709.2868, 14.1819,  -45.1214, -708.6505, 14.1819,  0, 0, 0
L -40.2599, -711.4449, 14.1819,  -42.3483, -709.2868, 14.1819,  0, 0, 0
L -39.7569, -713.9755, 14.1819,  -40.2599, -711.4449, 14.1819,  0, 0, 0
L -40.5925, -716.6960, 14.1819,  -39.7569, -713.9755, 14.1819,  0, 0, 0
L -42.7938, -718.7419, 14.1819,  -40.5925, -716.6960, 14.1819,  0, 0, 0
L -45.2643, -719.2809, 14.1819,  -42.7938, -718.7419, 14.1819,  0, 0, 0
L -47.7032, -718.5565, 14.1819,  -45.2643, -719.2809, 14.1819,  0, 0, 0
L -48.3654, -717.8936, 14.1827,  -47.7032, -718.5565, 14.1819,  0, 0, 0
L -62.1111, -717.8911, 14.1819,  -48.3654, -717.8936, 14.1827,  0, 0, 0
L -53.8653, -735.1754, 14.1819,  -62.1111, -717.8911, 14.1819,  0, 0, 0
L -39.1346, -749.8969, 14.1819,  -53.8653, -735.1754, 14.1819,  0, 0, 0
L -20.5494, -759.3584, 14.1819,  -39.1346, -749.8969, 14.1819,  0, 0, 0
L -12.8911, -760.7505, 14.1819,  -20.5494, -759.3584, 14.1819,  0, 0, 0
L -5.4258, -759.1107, 14.1819,  -12.8677, -759.1044, 14.1819,  0, 0, 0
L -5.4289, -768.8906, 14.1819,  -5.4258, -759.1107, 14.1819,  0, 0, 0
L 27.1037, -782.8914, 14.1819,  10.4702, -782.8933, 14.1819,  0, 0, 0
L 27.1086, -797.0613, 14.1819,  27.1037, -782.8914, 14.1819,  0, 0, 0
L -43.1086, -797.1083, 14.1819,  27.1086, -797.0613, 14.1819,  0, 0, 0
L -43.1084, -766.8911, 14.1819,  -43.1086, -797.1083, 14.1819,  0, 0, 0
L -12.8912, -766.8914, 14.1819,  -43.1084, -766.8911, 14.1819,  0, 0, 0
L -12.8973, -768.8931, 14.1819,  -12.8677, -759.1044, 14.1819,  0, 0, 0
L -5.4289, -768.8906, 14.1819,  -12.8973, -768.8931, 14.1819,  0, 0, 0
L 5.4271, -768.8940, 14.1819,  12.8923, -768.8912, 14.1819,  0, 0, 0
L 5.4279, -759.1078, 14.1819,  5.4271, -768.8940, 14.1819,  0, 0, 0
L 12.8911, -759.1078, 14.1819,  5.4279, -759.1078, 14.1819,  0, 0, 0
L 12.8923, -768.8912, 14.1819,  12.8911, -759.1078, 14.1819,  0, 0, 0
L 20.5589, -759.3569, 14.1819,  12.8913, -760.7505, 14.1819,  0, 0, 0
L 39.1365, -749.8959, 14.1819,  20.5589, -759.3569, 14.1819,  0, 0, 0
L 53.8674, -735.1727, 14.1819,  39.1365, -749.8959, 14.1819,  0, 0, 0
L 62.1113, -717.8912, 14.1819,  53.8674, -735.1727, 14.1819,  0, 0, 0
L 48.3431, -717.8950, 14.1829,  62.1113, -717.8912, 14.1819,  0, 0, 0
L 47.8909, -718.4973, 14.1819,  48.3431, -717.8950, 14.1829,  0, 0, 0
L 44.6234, -719.2698, 14.1819,  47.8909, -718.4973, 14.1819,  0, 0, 0
L 42.4060, -718.7762, 14.1819,  44.6234, -719.2698, 14.1819,  0, 0, 0
L 40.3050, -716.6353, 14.1819,  42.4060, -718.7762, 14.1819,  0, 0, 0
L 39.6091, -714.0190, 14.1819,  40.3050, -716.6353, 14.1819,  0, 0, 0
L 40.3675, -711.2316, 14.1819,  39.6091, -714.0190, 14.1819,  0, 0, 0
L 42.2753, -709.4174, 14.1819,  40.3675, -711.2316, 14.1819,  0, 0, 0
L 44.9079, -708.6887, 14.1819,  42.2753, -709.4174, 14.1819,  0, 0, 0
L 47.8177, -709.6292, 14.1819,  44.9079, -708.6887, 14.1819,  0, 0, 0
L 48.3055, -710.1082, 14.1821,  47.8177, -709.6292, 14.1819,  0, 0, 0
L 52.1084, -710.1083, 14.1818,  48.3055, -710.1082, 14.1821,  0, 0, 0
L 52.1046, -705.4258, 14.1819,  52.1084, -710.1083, 14.1818,  0, 0, 0
L 61.8965, -705.4280, 14.1819,  52.1046, -705.4258, 14.1819,  0, 0, 0
L 128.8927, -718.8920, -23.0451,  63.1079, -718.8940, -50.2161,  127, 64, 0
L 128.8923, -709.1064, -21.9980,  128.8927, -718.8920, -21.9980,  127, 64, 0
L 61.8915, -709.1085, 14.1819,  128.8923, -709.1064, -20.7617,  127, 64, 0
L 61.8965, -705.4280, 14.1819,  61.8915, -709.1085, 14.1819,  0, 0, 0
L 128.6870, -735.1059, -21.9980,  63.1084, -735.1061, -49.4413,  127, 64, 0
L 147.1086, -735.1078, -21.9980,  128.6870, -735.1059, -21.9980,  127, 64, 0
L 147.1078, -690.8914, -21.9980,  147.1086, -735.1078, -21.9980,  127, 64, 0
L 128.3601, -690.8927, -21.9980,  147.1078, -690.8914, -21.9980,  127, 64, 0
L 63.7327, -690.8922, 14.1819,  128.3601, -690.8927, -21.9980,  127, 64, 0
L 61.8916, -690.8912, 14.1819,  63.7327, -690.8922, 14.1819,  127, 64, 0
L 61.8956, -694.5714, 14.1819,  61.8916, -690.8912, 14.1819,  0, 0, 0
L 8.6379, -544.8914, -50.1438,  15.1095, -526.7734, -50.0281,  127, 64, 0
L 8.9566, -544.8915, -55.5627,  11.4344, -539.6936, -57.7593,  127, 64, 0
L -15.1089, -520.8915, -45.3263,  15.1101, -520.8920, -45.3330,  127, 64, 0
L -8.0392, -544.8909, -50.5156,  -15.1088, -525.8611, -49.5481,  127, 64, 0
L -12.5021, -522.4269, -51.3381,  -5.9014, -541.2007, -52.5117,  0, 0, 240
L 12.5025, -522.4269, -51.3400,  -12.5021, -522.4269, -51.3381,  0, 0, 240
L 5.8973, -541.2038, -52.5116,  12.5025, -522.4269, -51.3400,  0, 0, 240
L -5.8951, -541.2038, -52.5116,  5.8973, -541.2038, -52.5116,  0, 0, 240
L 15.1067, -556.8911, -56.0344,  32.8943, -556.8906, -56.0339,  127, 64, 0
L 15.1101, -520.8920, -56.0346,  15.1067, -556.8911, -56.0346,  127, 64, 0
L 14.0009, -537.6053, -56.0346,  15.1085, -537.3459, -56.0346,  127, 64, 0
L 11.4344, -539.6936, -56.0346,  14.0009, -537.6053, -56.0346,  127, 64, 0
L -8.4514, -544.8909, -56.0346,  8.9566, -544.8915, -56.0346,  127, 64, 0
L -11.5608, -539.5914, -56.0353,  -8.4514, -544.8909, -56.0346,  127, 64, 0
L -13.9968, -537.6086, -56.0354,  -11.5608, -539.5914, -56.0353,  127, 64, 0
L -15.1087, -537.3572, -56.0354,  -13.9968, -537.6086, -56.0354,  127, 64, 0
L -15.1085, -556.8914, -56.0354,  -15.1089, -520.8915, -56.0354,  127, 64, 0
L -32.8931, -556.8911, -56.0366,  -15.1085, -556.8914, -56.0357,  127, 64, 0
L -32.8915, -520.8908, -51.9959,  -32.8931, -556.8911, -51.9959,  127, 64, 0
L -51.5941, -520.8916, -51.9939,  -32.8915, -520.8908, -51.9959,  127, 64, 0
L -51.5941, -543.1085, -51.9939,  -51.5941, -520.8916, -51.9939,  127, 64, 0
L -47.5931, -543.1070, -51.9959,  -51.5941, -543.1085, -51.9939,  127, 64, 0
L -47.5933, -576.8939, -51.9959,  -47.5931, -543.1070, -51.9959,  127, 64, 0
L -79.0839, -576.8915, -51.9959,  -47.5933, -576.8939, -51.9959,  127, 64, 0
L -79.1082, -607.0541, -51.9959,  -79.0839, -576.8915, -51.9959,  127, 64, 0
L -47.5934, -607.1195, -51.9959,  -79.1082, -607.0541, -51.9959,  127, 64, 0
L -47.5934, -640.5377, -51.9959,  -47.5934, -607.1195, -51.9959,  127, 64, 0
L -79.1086, -640.8914, -51.9958,  -47.5934, -640.5377, -51.9959,  127, 64, 0
L -79.1084, -671.1085, -51.9958,  -79.1086, -640.8914, -51.9958,  127, 64, 0
L -47.5937, -671.1083, -51.9959,  -79.1084, -671.1085, -51.9958,  127, 64, 0
L -47.5935, -704.8872, -51.9959,  -47.5937, -671.1083, -51.9959,  127, 64, 0
L -63.1083, -704.9470, -51.9959,  -47.5935, -704.8872, -51.9959,  127, 64, 0
L -63.1067, -718.8939, -51.9959,  -63.1083, -704.9470, -51.9959,  127, 64, 0
L -128.8925, -718.8937, -22.1894,  -63.1067, -718.8939, -51.8886,  127, 64, 0
L -31.1087, -779.0213, -53.9182,  -31.1075, -556.8911, -55.5473,  0, 0, 240
L 31.1084, -778.9988, -53.9182,  31.0970, -556.8906, -55.5442,  0, 0, 240
L 27.1025, -783.1085, -53.9182,  -27.1742, -783.1066, -53.9182,  127, 64, 0
L -36.9392, -778.9843, -51.9710,  -27.1782, -779.0463, -51.9602,  127, 64, 0
L -36.9339, -788.7561, -51.9959,  -36.9392, -778.9843, -51.9959,  127, 64, 0
L -27.1686, -788.7481, -51.9959,  -36.9339, -788.7561, -51.9959,  127, 64, 0
L -27.1782, -779.0463, -51.9959,  -27.1686, -788.7481, -51.9959,  127, 64, 0
L 27.1125, -788.7501, -51.9959,  27.0952, -778.9983, -51.9959,  127, 64, 0
L 36.8739, -788.7496, -51.9959,  27.1125, -788.7501, -51.9959,  127, 64, 0
L 36.8712, -778.9997, -51.9959,  36.8739, -788.7496, -51.9959,  127, 64, 0
L 27.0952, -778.9983, -51.9669,  36.8712, -778.9997, -51.9665,  127, 64, 0
L 32.8917, -520.9536, -51.9959,  32.8943, -556.8906, -51.9959,  127, 64, 0
L 51.5940, -520.8916, -51.9949,  32.8917, -520.9536, -51.9959,  127, 64, 0
L 51.5943, -543.1082, -51.9939,  51.5940, -520.8916, -51.9949,  127, 64, 0
L 47.5936, -543.1078, -51.9959,  51.5943, -543.1082, -51.9939,  127, 64, 0
L 47.5935, -576.8911, -51.9959,  47.5936, -543.1078, -51.9959,  127, 64, 0
L 79.1085, -576.8915, -51.9959,  47.5935, -576.8911, -51.9959,  127, 64, 0
L 79.1085, -607.1084, -51.9959,  79.1085, -576.8915, -51.9959,  127, 64, 0
L 47.5940, -607.1084, -51.9959,  79.1085, -607.1084, -51.9959,  127, 64, 0
L 47.5928, -640.8914, -51.9957,  47.5940, -607.1084, -51.9959,  127, 64, 0
L 79.1087, -640.8925, -51.9959,  47.5928, -640.8914, -51.9959,  127, 64, 0
L 79.1085, -671.1086, -51.9959,  79.1087, -640.8925, -51.9959,  127, 64, 0
L 47.5933, -671.1081, -51.9959,  79.1085, -671.1086, -51.9959,  127, 64, 0
L 47.5934, -704.8916, -51.9959,  47.5933, -671.1081, -51.9959,  127, 64, 0
L 63.1086, -704.8914, -51.9959,  47.5934, -704.8916, -51.9959,  127, 64, 0
L 63.1079, -718.8940, -51.9959,  63.1086, -704.8914, -51.9959,  127, 64, 0
L 63.1084, -749.1090, -51.9959,  63.1084, -735.1061, -51.9959,  127, 64, 0
L 47.5936, -749.1082, -51.9959,  63.1084, -749.1090, -51.9959,  127, 64, 0
L 47.5933, -784.8954, -51.9959,  47.5936, -749.1082, -51.9959,  127, 64, 0
L 63.1086, -784.8923, -51.9959,  47.5933, -784.8954, -51.9959,  127, 64, 0
L 63.1085, -815.1088, -51.9959,  63.1086, -784.8923, -51.9959,  127, 64, 0
L -63.1084, -815.1080, -51.9959,  63.1085, -815.1088, -51.9959,  127, 64, 0
L -63.1086, -784.8913, -51.9959,  -63.1084, -815.1080, -51.9959,  127, 64, 0
L -47.5933, -784.8918, -51.9959,  -63.1086, -784.8913, -51.9959,  127, 64, 0
L -47.5932, -749.1045, -51.9959,  -47.5933, -784.8918, -51.9959,  127, 64, 0
L -63.1088, -749.1084, -51.9959,  -47.5932, -749.1045, -51.9959,  127, 64, 0
L -63.1074, -735.1057, -51.9959,  -63.1088, -749.1084, -51.9959,  127, 64, 0
L -128.4905, -735.1079, -21.9980,  -63.1074, -735.1057, -51.0998,  127, 64, 0
L -147.1084, -735.1083, -21.9980,  -128.4905, -735.1079, -21.9980,  127, 64, 0
L -147.1086, -690.8914, -21.9980,  -147.1084, -735.1083, -21.9980,  127, 64, 0
L -128.2751, -690.8919, -21.9980,  -147.1086, -690.8914, -21.9980,  127, 64, 0
L -63.9752, -690.8919, 14.1819,  -128.2751, -690.8919, -21.9980,  127, 64, 0
L -61.8929, -690.8915, 14.1819,  -63.9752, -690.8919, 14.1819,  127, 64, 0
L -61.8963, -694.5742, 14.1819,  -61.8929, -690.8915, 14.1819,  0, 0, 0
L -52.1049, -694.5714, 14.1819,  -61.8963, -694.5742, 14.1819,  0, 0, 0
L -52.1101, -689.8923, 14.1819,  -52.1049, -694.5714, 14.1819,  0, 0, 0
L -19.1060, -689.8950, 14.1819,  -52.1101, -689.8923, 14.1819,  0, 0, 0
L -19.1102, -672.9495, 14.1819,  -19.1060, -689.8950, 14.1819,  0, 0, 0
L -18.7371, -672.9025, 14.1819,  -19.1102, -672.9495, 14.1819,  0, 0, 0
L -17.0996, -665.4427, 14.1819,  -17.1005, -672.8814, 14.1819,  0, 0, 0
L -26.8866, -665.4348, 14.1819,  -17.0996, -665.4427, 14.1819,  0, 0, 0
L -26.8849, -672.9064, 14.1819,  -26.8866, -665.4348, 14.1819,  0, 0, 0
L -17.1005, -672.8814, 14.1819,  -26.8849, -672.9064, 14.1819,  0, 0, 0
L -24.8948, -679.1088, 14.1819,  -24.8950, -672.9013, 14.1819,  0, 0, 0
L -61.1084, -679.1081, 14.1819,  -24.8948, -679.1088, 14.1819,  0, 0, 0
L -61.1082, -672.9014, 14.1819,  -61.1084, -679.1081, 14.1819,  0, 0, 0
L -68.9015, -672.8868, 14.1819,  -59.1123, -672.9052, 14.1819,  0, 0, 0
L -59.1133, -665.4346, 14.1819,  -59.1123, -672.9052, 14.1819,  0, 0, 0
L -68.8963, -665.4380, 14.1819,  -59.1133, -665.4346, 14.1819,  0, 0, 0
L -68.9015, -672.8868, 14.1819,  -68.8963, -665.4380, 14.1819,  0, 0, 0
L -66.9067, -679.1085, 14.1819,  -66.8916, -672.9302, 14.1819,  0, 0, 0
L -123.1119, -679.1083, 14.1819,  -66.9067, -679.1085, 14.1819,  0, 0, 0
L -123.1097, -669.1033, 14.1819,  -123.1119, -679.1083, 14.1819,  0, 0, 0
L -127.1120, -669.1083, 14.1819,  -123.1097, -669.1033, 14.1819,  0, 0, 0
L -127.1120, -650.8911, 14.1819,  -127.1120, -669.1083, 14.1819,  0, 0, 0
L -123.1118, -650.8923, 14.1819,  -127.1120, -650.8911, 14.1819,  0, 0, 0
L -123.1120, -642.8911, 14.1819,  -123.1118, -650.8923, 14.1819,  0, 0, 0
L -108.8858, -642.8913, 14.1819,  -123.1120, -642.8911, 14.1819,  0, 0, 0
L -108.8869, -644.8915, 14.1819,  -108.8815, -635.1057, 14.1819,  0, 0, 0
L -99.4274, -644.8914, 14.1819,  -108.8869, -644.8915, 14.1819,  0, 0, 0
L -88.5715, -644.8901, 17.0020,  -88.5711, -635.1027, 17.0020,  0, 0, 0
L -79.0703, -644.8918, 14.1819,  -88.5715, -644.8901, 14.1819,  0, 0, 0
L -79.0864, -635.1104, 14.1819,  -79.0703, -644.8918, 14.1819,  0, 0, 0
L -66.8915, -642.9458, 14.1819,  -79.0736, -642.8918, 14.1819,  0, 0, 0
L -66.8915, -647.1186, 14.1819,  -66.8915, -642.9458, 14.1819,  0, 0, 0
L -68.8976, -654.5821, 14.1819,  -68.8997, -647.1367, 14.1819,  0, 0, 0
L -59.1139, -654.5829, 14.1819,  -68.8976, -654.5821, 14.1819,  0, 0, 0
L -59.1134, -647.1140, 14.1819,  -59.1139, -654.5829, 14.1819,  0, 0, 0
L -68.8997, -647.1367, 14.1819,  -59.1134, -647.1140, 14.1819,  0, 0, 0
L -61.1087, -642.8920, 14.1819,  -61.1081, -647.1187, 14.1819,  0, 0, 0
L -54.8916, -642.8913, 14.1819,  -61.1087, -642.8920, 14.1819,  0, 0, 0
L -54.8932, -644.8937, 14.1819,  -54.8853, -635.1106, 14.1819,  0, 0, 0
L -47.4250, -644.8902, 14.1819,  -54.8932, -644.8937, 14.1819,  0, 0, 0
L -47.4283, -635.1045, 14.1819,  -47.4250, -644.8902, 14.1819,  0, 0, 0
L -54.8853, -635.1106, 14.1818,  -47.4283, -635.1045, 14.1819,  0, 0, 0
L -52.1044, -628.0536, 14.1819,  -52.1085, -635.1083, 14.1818,  0, 0, 0
L -50.7578, -620.0432, 12.8485,  -52.1044, -628.0536, 12.8483,  0, 0, 0
L -47.6731, -612.5972, 11.3998,  -50.7578, -620.0432, 12.8485,  0, 0, 0
L -42.7935, -606.2379, 9.9378,  -47.6731, -612.5972, 11.3998,  0, 0, 0
L -36.4169, -601.3380, 8.5089,  -42.7935, -606.2379, 9.9378,  0, 0, 0
L -28.9631, -598.2475, 7.2235,  -36.4169, -601.3380, 8.5089,  0, 0, 0
L -23.8592, -597.5762, 5.9458,  -28.9631, -598.2475, 7.2235,  0, 0, 0
L -23.8626, -601.5825, 5.9458,  -23.8592, -597.5762, 5.9458,  0, 0, 0
L -14.0707, -601.5807, 5.9458,  -23.8626, -601.5825, 5.9458,  0, 0, 0
L -14.0760, -597.1922, 5.9458,  -14.0707, -601.5807, 5.9458,  0, 0, 0
L -10.6031, -597.1929, 5.9458,  -14.0760, -597.1922, 5.9458,  0, 0, 0
L -10.6036, -582.8913, 5.9458,  -10.6031, -597.1929, 5.9458,  0, 0, 0
L -5.4261, -582.8925, 5.9458,  -10.6036, -582.8913, 5.9458,  0, 0, 0
L -5.4282, -573.1275, 5.9458,  -5.4261, -582.8925, 5.9458,  0, 0, 0
L -10.6033, -573.0564, 5.9458,  -5.4282, -573.1275, 5.9458,  0, 0, 0
L -10.6011, -554.9169, 5.9458,  -10.6033, -573.0564, 5.9458,  0, 0, 0
L -12.2719, -553.1017, 5.9458,  -10.6011, -554.9169, 5.9458,  0, 0, 0
L -14.8584, -553.1084, 5.9458,  -12.2719, -553.1017, 5.9458,  0, 0, 0
L -14.8535, -549.3264, 5.9458,  -14.8584, -553.1084, 5.9458,  0, 0, 0
L -17.4425, -535.7166, 0.9458,  -15.9237, -549.3232, 5.9458,  0, 0, 0
L -18.9391, -530.7668, 0.0020,  -17.4425, -535.7166, 0.9458,  0, 0, 0
L -21.4337, -526.3973, -0.5581,  -18.9391, -530.7668, 0.0020,  0, 0, 0
L -24.6933, -522.6437, -0.5585,  -21.4337, -526.3973, -0.5581,  0, 0, 0
L -28.3978, -520.4620, -0.5581,  -24.6933, -522.6437, -0.5585,  0, 0, 0
L -32.7450, -519.8317, -0.5581,  -28.3978, -520.4620, -0.5581,  0, 0, 0
L -48.8954, -519.8325, -0.5581,  -32.7450, -519.8317, -0.5581,  0, 0, 0
L -48.8918, -536.4342, 0.0020,  -48.8954, -519.8325, -0.5581,  0, 0, 0
L -31.4900, -536.4330, 0.0020,  -48.8918, -536.4342, 0.0020,  0, 0, 0
L -30.8286, -536.7794, 0.0030,  -31.4900, -536.4330, 0.0028,  0, 0, 0
L -29.8894, -538.0344, 0.0010,  -30.8286, -536.7794, 0.0030,  0, 0, 0
L -29.3207, -539.1546, 0.0020,  -29.8894, -538.0344, 0.0010,  0, 0, 0
L -28.0770, -549.2872, 0.0020,  -29.3207, -539.1546, 0.0020,  0, 0, 0
L -30.1866, -549.2809, 0.0020,  -14.8535, -549.3264, 0.0020,  0, 0, 0
L -30.1853, -561.1686, 0.0020,  -30.1866, -549.2809, 0.0020,  0, 0, 0
L -33.9745, -563.0942, 0.0020,  -30.1853, -561.1686, 0.0020,  0, 0, 0
L -43.9983, -573.0887, 0.0020,  -33.9745, -563.0942, 0.0020,  0, 0, 0
L -44.3926, -572.8121, 0.0020,  -43.9983, -573.0887, 0.0020,  0, 0, 0
L -46.7763, -572.5497, 0.0020,  -44.3926, -572.8121, 0.0020,  0, 0, 0
L -48.7878, -573.5344, 0.0020,  -46.7763, -572.5497, 0.0020,  0, 0, 0
L -50.0140, -575.3815, 0.0020,  -48.7878, -573.5344, 0.0020,  0, 0, 0
L -50.1915, -577.5256, 0.0020,  -50.0140, -575.3815, 0.0020,  0, 0, 0
L -49.1077, -579.6166, 0.0020,  -50.1915, -577.5256, 0.0020,  0, 0, 0
L -48.8206, -579.8439, 0.0020,  -49.1077, -579.6166, 0.0020,  0, 0, 0
L -54.9905, -591.9520, 0.0020,  -48.8206, -579.8439, 0.0020,  0, 0, 0
L -56.0161, -598.0874, 0.0020,  -54.9905, -591.9520, 0.0020,  0, 0, 0
L -58.0715, -598.6010, 0.0020,  -56.0161, -598.0874, 0.0020,  0, 0, 0
L -59.7198, -600.1966, 0.0020,  -58.0715, -598.6010, 0.0020,  0, 0, 0
L -60.2879, -602.3932, 0.0020,  -59.7198, -600.1966, 0.0020,  0, 0, 0
L -59.5471, -604.6771, 0.0020,  -60.2879, -602.3932, 0.0020,  0, 0, 0
L -70.2859, -615.4171, 0.0020,  -59.5471, -604.6771, 0.0020,  0, 0, 0
L -88.9318, -560.5557, 0.0020,  -67.0551, -612.1859, 0.0020,  0, 0, 0
L -89.2699, -553.1393, 0.0020,  -88.9318, -560.5557, 0.0020,  0, 0, 0
L -88.4743, -549.3562, 0.0020,  -89.2699, -553.1393, 0.0020,  0, 0, 0
L -85.1755, -543.0354, 0.0020,  -88.4743, -549.3562, 0.0020,  0, 0, 0
L -110.4870, -525.6364, -0.7494,  -85.1755, -543.0354, 0.0020,  0, 0, 0
L -125.4584, -512.6769, 0.0209,  -110.4870, -525.6364, -0.7494,  0, 0, 0
L -145.1279, -492.8898, -0.6804,  -125.4584, -512.6769, 0.0209,  0, 0, 0
L -147.3545, -519.2131, -0.3723,  -145.1279, -492.8898, -0.6804,  0, 0, 0
L -150.2253, -537.7352, 0.0020,  -147.3545, -519.2131, -0.3723,  0, 0, 0
L -158.9217, -569.8911, 0.0020,  -150.2253, -537.7352, 0.0020,  0, 0, 0
L -152.4270, -572.5668, 0.0020,  -158.9217, -569.8911, 0.0020,  0, 0, 0
L -149.4210, -574.8958, 0.0030,  -152.4270, -572.5668, 0.0020,  0, 0, 0
L -147.2369, -577.6279, 0.0020,  -149.4210, -574.8958, 0.0030,  0, 0, 0
L -138.5907, -601.3562, 0.0020,  -147.2369, -577.6279, 0.0020,  0, 0, 0
L -130.0533, -633.3405, 0.0020,  -138.5907, -601.3562, 0.0020,  0, 0, 0
L -140.6670, -633.3383, 0.0020,  -127.1030, -633.3411, 0.0020,  0, 0, 0
L -140.6602, -637.1083, 0.0020,  -140.6670, -633.3383, 0.0020,  0, 0, 0
L -151.1086, -637.1083, 0.0030,  -140.6602, -637.1083, 0.0020,  0, 0, 0
L -151.1059, -633.3324, 0.0020,  -151.1086, -637.1083, 0.0030,  0, 0, 0
L -164.6623, -633.3403, 0.0020,  -151.1059, -633.3324, 0.0020,  0, 0, 0
L -164.6599, -644.8137, 0.0020,  -164.6623, -633.3403, 0.0020,  0, 0, 0
L -163.5485, -644.8112, 0.0020,  -164.6599, -644.8137, 0.0020,  0, 0, 0
L -163.5484, -655.1086, 0.0020,  -163.5485, -644.8112, 0.0020,  0, 0, 0
L -173.8990, -655.1078, 0.0020,  -163.5484, -655.1086, 0.0020,  0, 0, 0
L -169.3491, -272.8931, -4.4607,  -173.8925, -272.8916, -3.9542,  0, 0, 0
L -169.3528, -254.7543, -2.4700,  -169.3491, -272.8931, -3.9747,  0, 0, 0
L -157.6969, -256.8876, -2.2912,  -169.3524, -256.9200, -2.4700,  63, 63, 63
L -190.9988, -254.7548, 12.0020,  -169.3528, -254.7543, 12.0020,  0, 0, 0
L -190.9160, -213.9031, 10.6687,  -190.9988, -254.7548, 12.0020,  0, 0, 0
L -186.9233, -213.9037, 10.6687,  -190.9160, -213.9031, 10.6687,  0, 0, 0
L -186.9221, -202.1194, 10.6687,  -186.9233, -213.9037, 10.6687,  0, 0, 0
L -190.9397, -202.1202, 10.6709,  -186.9221, -202.1194, 10.6687,  0, 0, 0
L -190.9397, -149.8779, 10.6709,  -190.9397, -202.1202, 10.6709,  0, 0, 0
L -186.9228, -149.8789, 10.6687,  -190.9397, -149.8779, 10.6709,  0, 0, 0
L -186.9225, -138.0939, 10.6687,  -186.9228, -149.8789, 10.6687,  0, 0, 0
L -190.9397, -138.0950, 10.6709,  -186.9225, -138.0939, 10.6687,  0, 0, 0
L -190.9397, -85.8462, 10.6709,  -190.9397, -138.0950, 10.6709,  0, 0, 0
L -186.9235, -85.8478, 10.6687,  -190.9397, -85.8462, 10.6709,  0, 0, 0
L -186.9208, -74.6688, 10.6687,  -186.9235, -85.8478, 10.6687,  0, 0, 0
L -191.0749, -74.6571, 12.9331,  -186.9208, -74.6688, 12.9331,  0, 0, 0
L -191.0103, -53.8863, 20.3998,  -191.0749, -74.6571, 12.9331,  0, 0, 0
L -186.9225, -53.8871, 20.3998,  -191.0103, -53.8863, 20.3998,  0, 0, 0
L -186.9225, -42.1028, 21.3353,  -186.9225, -53.8871, 21.3353,  0, 0, 0
L -190.7786, -42.1030, 21.3363,  -186.9225, -42.1028, 21.3353,  0, 0, 0
L -190.7790, 10.1763, 21.3373,  -190.7786, -42.1030, 21.3363,  0, 0, 0
L -186.9228, 10.1748, 21.3353,  -190.7790, 10.1763, 21.3373,  0, 0, 0
L -186.9226, 21.2985, 21.3353,  -186.9228, 10.1748, 21.3353,  0, 0, 0
L -190.8404, 21.3266, 23.6016,  -186.9226, 21.2985, 23.5998,  0, 0, 0
L -190.7926, 44.1094, 31.0674,  -190.8404, 21.3266, 23.6016,  0, 0, 0
L -186.9228, 44.1086, 31.0664,  -190.7926, 44.1094, 31.0674,  0, 0, 0
L -186.9226, 55.8926, 32.0020,  -186.9228, 44.1086, 32.0020,  0, 0, 0
L -190.7532, 55.8926, 32.0020,  -186.9226, 55.8926, 32.0020,  0, 0, 0
L -190.7527, 74.0716, 32.0020,  -190.7532, 55.8926, 32.0020,  0, 0, 0
L -186.9227, 74.0707, 32.0020,  -190.7527, 74.0716, 32.0020,  0, 0, 0
L -186.9228, 85.8557, 32.0020,  -186.9227, 74.0707, 32.0020,  0, 0, 0
L -189.5701, 85.8541, 32.0020,  -186.9228, 85.8557, 32.0020,  0, 0, 0
L -184.7639, 109.9935, 32.0020,  -189.5701, 85.8541, 32.0020,  0, 0, 0
L -171.2196, 130.3622, 32.0020,  -184.7639, 109.9935, 32.0020,  0, 0, 0
L -169.0587, 128.1313, 32.0020,  -171.2196, 130.3622, 32.0020,  0, 0, 0
L -160.5969, 136.3337, 32.0020,  -169.0587, 128.1313, 32.0020,  0, 0, 0
L -162.9918, 138.8024, 32.0020,  -160.5969, 136.3337, 32.0020,  0, 0, 0
L -142.1542, 152.7256, 32.0020,  -162.9918, 138.8024, 32.0020,  0, 0, 0
L -117.8847, 157.5726, 32.0020,  -142.1542, 152.7256, 32.0020,  0, 0, 0
L -117.8865, 154.1092, 32.0020,  -117.8847, 157.5726, 32.0020,  0, 0, 0
L -106.1006, 154.1076, 32.0020,  -117.8865, 154.1092, 32.0020,  0, 0, 0
L -106.1020, 158.7643, 32.0020,  -106.1006, 154.1076, 32.0020,  0, 0, 0
L -85.9647, 158.7637, 32.0020,  -106.1020, 158.7643, 32.0020,  0, 0, 0
L -85.9656, 154.1083, 32.0020,  -85.9647, 158.7637, 32.0020,  0, 0, 0
L -74.1818, 154.1080, 32.0020,  -85.9656, 154.1083, 32.0020,  0, 0, 0
L -74.1820, 158.7636, 32.0020,  -74.1818, 154.1080, 32.0020,  0, 0, 0
L -35.8157, 158.7638, 32.0020,  -74.1820, 158.7636, 32.0020,  0, 0, 0
L -35.8211, 148.1036, 32.0020,  -35.8157, 158.7638, 32.0019,  0, 0, 0
L -19.0318, 148.1056, 32.0020,  -35.8211, 148.1036, 32.0020,  0, 0, 0
L -19.0333, 158.1087, 32.0020,  -19.0318, 148.1056, 32.0020,  0, 0, 0
L -15.0328, 158.1060, 32.0020,  -19.0333, 158.1087, 32.0020,  0, 0, 0
L -15.0332, 161.1084, 32.2295,  -15.0328, 158.1060, 32.2295,  0, 0, 0
L 15.1087, 161.1086, 32.2295,  -15.0332, 161.1084, 32.2295,  0, 0, 0
L 15.1072, 158.1045, 32.2295,  15.1087, 161.1086, 32.2295,  0, 0, 0
L 15.1072, 158.1045, 32.0020,  19.1087, 158.1081, 32.0020,  0, 0, 0
L 19.1087, 158.1081, 32.0020,  19.1066, 148.1058, 32.0020,  0, 0, 0
L 19.1066, 148.1058, 32.0020,  35.8840, 148.1066, 32.0020,  0, 0, 0
L 35.8840, 148.1066, 32.0020,  35.9063, 158.7641, 32.0020,  0, 0, 0
L 74.0509, 158.7635, 32.0020,  74.0476, 154.1074, 32.0020,  0, 0, 0
L 74.0509, 158.7635, 32.0020,  35.9063, 158.7641, 32.0020,  0, 0, 0
L 74.0476, 154.1074, 32.0020,  85.8347, 154.1089, 32.0020,  0, 0, 0
L 85.8347, 154.1089, 32.0020,  85.8336, 158.7638, 32.0020,  0, 0, 0
L 85.8336, 158.7638, 32.0020,  106.2292, 158.7637, 32.0020,  0, 0, 0
L 106.2292, 158.7637, 32.0020,  106.2280, 154.1071, 32.0020,  0, 0, 0
L 106.2280, 154.1071, 32.0020,  118.0134, 154.1090, 32.0020,  0, 0, 0
L 118.0134, 154.1090, 32.0020,  118.0119, 157.5495, 32.0020,  0, 0, 0
L 118.0119, 157.5495, 32.0020,  142.1335, 152.7474, 32.0020,  0, 0, 0
L 142.1335, 152.7474, 32.0020,  162.6973, 139.0067, 32.0020,  0, 0, 0
L 162.6973, 139.0067, 32.0020,  160.1050, 136.3331, 32.0020,  0, 0, 0
L 160.1050, 136.3331, 32.0020,  168.5662, 128.1316, 32.0020,  0, 0, 0
L 168.5662, 128.1316, 32.0020,  171.0254, 130.6695, 32.0020,  0, 0, 0
L 171.0254, 130.6695, 32.0020,  184.7440, 110.1384, 32.0020,  0, 0, 0
L 184.7440, 110.1384, 32.0020,  189.5809, 85.8542, 32.0020,  0, 0, 0
L 189.5809, 85.8542, 32.0020,  186.2829, 85.8573, 32.0020,  0, 0, 0
L 186.2829, 85.8573, 32.0020,  186.2829, 74.0702, 32.0020,  0, 0, 0
L 186.2829, 74.0702, 32.0020,  190.7638, 74.0712, 32.0020,  0, 0, 0
L 190.7638, 74.0712, 32.0020,  190.7636, 55.8927, 32.0020,  0, 0, 0
L 190.7636, 55.8927, 32.0020,  186.2829, 55.8936, 32.0020,  0, 0, 0
L 186.2829, 55.8936, 32.0020,  186.2829, 44.1078, 32.0020,  0, 0, 0
L 186.2829, 44.1078, 31.0664,  190.8039, 44.1098, 31.0674,  0, 0, 0
L 190.8039, 44.1098, 31.0674,  190.7080, 21.3266, 23.6016,  0, 0, 0
L 190.7080, 21.3266, 23.6016,  186.2829, 21.3467, 23.5998,  0, 0, 0
L 186.2829, 10.1752, 21.3353,  186.2829, 21.3467, 21.3353,  0, 0, 0
L 186.2829, 10.1752, 21.3353,  190.7901, 10.1764, 21.3373,  0, 0, 0
L 190.7901, 10.1764, 21.3373,  190.7266, -42.1030, 21.3353,  0, 0, 0
L 190.7266, -42.1030, 21.3353,  186.2829, -42.1022, 21.3353,  0, 0, 0
L 186.2829, -42.1022, 21.3353,  186.2829, -53.8870, 21.3353,  0, 0, 0
L 186.2829, -53.8870, 20.3998,  192.1085, -53.8859, 21.3698,  0, 0, 0
L 192.1085, -53.8859, 21.3698,  192.1083, -74.6020, 14.2486,  0, 0, 0
L 192.1083, -74.6020, 14.2486,  186.2829, -74.5769, 12.9331,  0, 0, 0
L 186.2829, -85.8472, 10.6687,  186.2829, -74.5769, 10.6687,  0, 0, 0
L 186.2829, -85.8472, 10.6687,  190.9507, -85.8463, 10.6709,  0, 0, 0
L 190.9507, -85.8463, 10.6709,  190.9508, -138.0949, 10.6708,  0, 0, 0
L 190.9508, -138.0949, 10.6708,  186.2826, -138.0936, 10.6687,  0, 0, 0
L 186.2826, -138.0936, 10.6687,  186.2831, -149.8787, 10.6687,  0, 0, 0
L 186.2831, -149.8787, 10.6687,  190.9508, -149.8777, 10.6709,  0, 0, 0
L 190.9508, -149.8777, 10.6709,  190.9508, -202.1201, 10.6709,  0, 0, 0
L 190.9508, -202.1201, 10.6709,  186.2811, -202.1179, 10.6687,  0, 0, 0
L 186.2811, -202.1179, 10.6687,  186.2838, -213.9038, 10.6687,  0, 0, 0
L 186.2838, -213.9038, 10.6687,  190.9495, -213.9033, 10.6692,  0, 0, 0
L 190.9495, -213.9033, 10.6692,  190.8331, -254.7548, 12.0020,  0, 0, 0
L 190.8331, -254.7548, 12.0020,  169.1085, -254.7514, 12.0020,  0, 0, 0
L 169.1085, -254.7514, -1.7272,  169.1082, -272.8945, -5.4062,  0, 0, 0
L 169.1082, -272.8945, -6.2110,  171.1084, -272.8912, -6.1294,  0, 0, 0
L 171.1084, -272.8912, -6.1294,  171.1085, -655.1084, 0.0020,  0, 0, 0
L 171.1085, -655.1084, 0.0020,  160.8923, -655.1084, 0.0020,  0, 0, 0
L 160.8923, -655.1084, 0.0020,  160.8915, -644.8655, 0.0020,  0, 0, 0
L 160.8915, -644.8655, 0.0020,  164.6593, -644.8687, 0.0020,  0, 0, 0
L 164.6593, -644.8687, 0.0020,  164.6607, -633.3400, 0.0020,  0, 0, 0
L 164.6607, -633.3400, 0.0020,  151.1037, -633.3383, 0.0020,  0, 0, 0
L 151.1037, -633.3383, 0.0020,  151.1085, -637.1000, 0.0020,  0, 0, 0
L 151.1085, -637.1000, 0.0020,  140.6887, -637.1080, 0.0020,  0, 0, 0
L 140.6315, -633.3344, 0.0020,  127.1048, -633.3420, 0.0020,  0, 0, 0
L 140.6988, -637.1086, 0.0020,  140.6315, -633.3344, 0.0020,  0, 0, 0
L 129.4899, -633.3406, 0.0020,  129.7814, -631.6059, 0.0020,  0, 0, 0
L 129.7814, -631.6059, 0.0020,  137.9903, -601.4550, 0.0020,  0, 0, 0
L 137.9903, -601.4550, 0.0020,  146.6589, -577.6456, 0.0020,  0, 0, 0
L 146.6589, -577.6456, 0.0020,  148.7597, -574.9725, 0.0020,  0, 0, 0
L 148.7597, -574.9725, 0.0020,  151.8124, -572.5875, 0.0020,  0, 0, 0
L 151.8124, -572.5875, 0.0020,  158.0264, -570.0278, 0.0020,  0, 0, 0
L 158.0264, -570.0278, 0.0020,  146.8753, -517.6458, 2.8510,  0, 0, 0
L 146.8753, -517.6458, 2.8510,  145.1108, -491.9009, -0.4175,  0, 0, 0
L 145.1108, -491.9009, -0.5035,  126.3239, -511.2081, 1.5415,  0, 0, 0
L 126.3239, -511.2081, 1.5415,  111.0744, -524.7382, -0.4765,  0, 0, 0
L 111.0744, -524.7382, -0.4765,  84.6196, -543.0506, 0.0020,  0, 0, 0
L 84.6196, -543.0506, 0.0020,  87.9000, -549.3222, 0.0020,  0, 0, 0
L 87.9000, -549.3222, 0.0020,  88.7047, -553.1041, 0.0020,  0, 0, 0
L 88.7047, -553.1041, 0.0020,  88.5982, -556.5073, 0.0020,  0, 0, 0
L 88.5982, -556.5073, 0.0020,  66.6797, -611.8105, 0.0020,  0, 0, 0
L 70.2936, -615.4247, 0.0020,  59.5707, -604.7008, 0.0020,  0, 0, 0
L 59.5707, -604.7008, 0.0020,  59.9835, -604.2235, 0.0020,  0, 0, 0
L 59.9835, -604.2235, 0.0020,  60.3775, -602.1271, 0.0020,  0, 0, 0
L 60.3775, -602.1271, 0.0020,  59.7475, -600.1262, 0.0020,  0, 0, 0
L 59.7475, -600.1262, 0.0020,  58.0578, -598.5015, 0.0020,  0, 0, 0
L 58.0578, -598.5015, 0.0020,  56.0167, -598.0909, 0.0020,  0, 0, 0
L 56.0167, -598.0909, 0.0020,  55.1042, -592.3090, 0.0020,  0, 0, 0
L 55.1042, -592.3090, 0.0020,  48.7783, -579.7607, 0.0020,  0, 0, 0
L 48.7783, -579.7607, 0.0020,  49.3556, -579.2985, 0.0020,  0, 0, 0
L 49.3556, -579.2985, 0.0020,  50.0830, -577.1524, 0.0020,  0, 0, 0
L 50.0830, -577.1524, 0.0020,  49.7337, -574.7923, 0.0020,  0, 0, 0
L 49.7337, -574.7923, 0.0020,  48.6039, -573.5129, 0.0020,  0, 0, 0
L 48.6039, -573.5129, 0.0020,  46.5554, -572.5556, 0.0020,  0, 0, 0
L 46.5554, -572.5556, 0.0020,  44.3000, -572.7739, 0.0020,  0, 0, 0
L 44.3000, -572.7739, 0.0020,  43.9002, -573.0211, 0.0020,  0, 0, 0
L 43.9002, -573.0211, 0.0020,  33.5128, -562.6293, 0.0020,  0, 0, 0
L 33.5128, -562.6293, 0.0020,  30.5967, -561.3965, 0.0020,  0, 0, 0
L 30.5967, -561.3965, 0.0020,  30.5975, -549.0020, 0.0020,  0, 0, 0
L 30.5975, -549.0020, 0.0020,  14.9792, -549.0131, 0.0020,  0, 0, 0
L 28.0830, -549.0038, 0.0020,  29.0984, -540.1001, 0.0020,  0, 0, 0
L 29.0984, -540.1001, 0.0020,  30.1978, -537.4854, 0.0020,  0, 0, 0
L 30.1978, -537.4854, 0.0020,  31.5489, -536.3395, 0.0020,  0, 0, 0
L 31.5489, -536.3395, 0.0020,  48.8923, -536.3018, 0.0020,  0, 0, 0
L 48.8923, -536.3018, 0.0020,  48.8927, -520.1688, -0.5581,  0, 0, 0
L 48.8927, -520.1688, -0.5581,  32.9687, -520.1692, -0.5581,  0, 0, 0
L 32.9687, -520.1692, -0.5581,  29.0009, -520.7051, -0.5581,  0, 0, 0
L 29.0009, -520.7051, -0.5581,  25.0081, -522.7746, -0.5581,  0, 0, 0
L 25.0081, -522.7746, -0.5581,  21.5096, -526.3114, -0.5581,  0, 0, 0
L 21.5096, -526.3114, -0.5581,  18.9361, -530.7749, 0.0020,  0, 0, 0
L 18.9361, -530.7749, 0.0020,  17.4105, -535.9207, 0.9458,  0, 0, 0
L 15.9480, -549.0123, 5.9458,  17.4105, -535.9207, 0.9458,  0, 0, 0
L 14.9792, -549.0131, 5.9458,  14.9856, -553.1083, 5.9458,  0, 0, 0
L 14.9856, -553.1083, 5.9458,  12.2724, -553.1031, 5.9458,  0, 0, 0
L 12.2724, -553.1031, 5.9458,  10.6011, -554.9141, 5.9458,  0, 0, 0
L 10.6011, -554.9141, 5.9458,  10.6037, -573.0640, 5.9458,  0, 0, 0
L 10.6037, -573.0640, 5.9458,  5.4286, -573.1546, 5.9458,  0, 0, 0
L 5.4286, -573.1546, 5.9458,  5.4263, -582.8949, 5.9458,  0, 0, 0
L 5.4263, -582.8949, 5.9458,  10.6031, -582.8914, 5.9458,  0, 0, 0
L 10.6031, -582.8914, 5.9458,  10.6011, -597.1941, 5.9458,  0, 0, 0
L 10.6011, -597.1941, 5.9458,  14.1045, -597.1924, 5.9458,  0, 0, 0
L 14.1045, -597.1924, 5.9458,  14.0993, -601.5828, 5.9458,  0, 0, 0
L 14.0993, -601.5828, 5.9458,  23.8899, -601.5815, 5.9458,  0, 0, 0
L 23.8899, -601.5815, 5.9458,  23.8876, -597.5797, 5.9458,  0, 0, 0
L 23.8876, -597.5797, 5.9458,  28.9538, -598.2464, 7.2235,  0, 0, 0
L 28.9538, -598.2464, 7.2235,  36.3867, -601.3201, 8.5090,  0, 0, 0
L 36.3867, -601.3201, 8.5090,  42.7647, -606.2092, 9.9378,  0, 0, 0
L 42.7647, -606.2092, 9.9378,  47.6817, -612.6171, 11.3997,  0, 0, 0
L 47.6817, -612.6171, 11.3997,  50.7506, -620.0255, 12.8485,  0, 0, 0
L 50.7506, -620.0255, 12.8485,  52.0768, -627.9059, 12.8483,  0, 0, 0
L 52.0768, -627.9059, 14.1819,  52.1085, -635.1085, 14.1819,  0, 0, 0
L 54.8884, -635.1107, 14.1819,  47.4260, -635.1048, 14.1819,  0, 0, 0
L 47.4260, -635.1048, 14.1819,  47.4279, -644.8936, 14.1819,  0, 0, 0
L 47.4279, -644.8936, 14.1819,  54.8928, -644.8920, 14.1819,  0, 0, 0
L 54.8928, -644.8920, 14.1819,  54.8884, -635.1107, 14.1819,  0, 0, 0
L 54.8919, -642.8915, 14.1819,  61.0641, -642.8912, 14.1819,  0, 0, 0
L 61.1087, -642.8914, 14.1819,  61.1087, -647.1185, 14.1819,  0, 0, 0
L 59.1075, -647.1319, 14.1819,  59.1075, -654.5817, 14.1819,  0, 0, 0
L 59.1075, -654.5817, 14.1819,  68.8923, -654.5835, 14.1819,  0, 0, 0
L 68.8923, -654.5835, 14.1819,  68.8919, -647.1140, 14.1819,  0, 0, 0
L 68.8919, -647.1140, 14.1819,  59.1075, -647.1319, 14.1819,  0, 0, 0
L 66.8914, -647.1177, 14.1819,  66.8915, -642.8912, 14.1819,  0, 0, 0
L -173.8925, -272.8916, 0.0020,  -173.8988, -655.1083, 0.0020,  0, 0, 0
L -12.7251, -422.8251, 3.1274,  -27.0115, -422.8267, 3.1274,  0, 0, 0
L -27.0115, -422.8267, 3.1274,  -27.0133, -408.5416, 3.1274,  0, 0, 0
L -27.0133, -408.5416, 3.1274,  -12.7282, -408.5413, 3.1274,  0, 0, 0
L -12.7282, -408.5413, 3.1274,  -12.7251, -422.8251, 3.1274,  0, 0, 0
L 12.8571, -422.8329, 3.1274,  12.8569, -408.5411, 3.1274,  0, 0, 0
L 12.8569, -408.5411, 3.1274,  27.1424, -408.5408, 3.1274,  0, 0, 0
L 27.1424, -408.5408, 3.1274,  27.1449, -422.8243, 3.1274,  0, 0, 0
L 27.1449, -422.8243, 3.1274,  12.8571, -422.8329, 3.1274,  0, 0, 0
L 14.1719, -407.2146, 0.5935,  14.2567, -295.1435, 0.7653,  240, 240, 240
L 27.1468, -295.1408, 3.1274,  12.8580, -295.1438, 3.1274,  0, 0, 0
L 12.8580, -295.1438, 3.1274,  12.8558, -280.8550, 3.1274,  0, 0, 0
L 12.8558, -280.8550, 3.1274,  27.1425, -280.8554, 3.1274,  0, 0, 0
L 27.1425, -280.8554, 3.1274,  27.1468, -295.1408, 3.1274,  0, 0, 0
L -12.7276, -280.8569, 3.1274,  -12.7267, -295.1416, 3.1274,  0, 0, 0
L -12.7267, -295.1416, 3.1274,  -27.0111, -295.1431, 3.1274,  0, 0, 0
L -27.0111, -295.1431, 3.1274,  -27.0135, -280.8573, 3.1274,  0, 0, 0
L -27.0135, -280.8573, 3.1274,  -12.7276, -280.8569, 3.1274,  0, 0, 0
L -14.0259, -295.1417, 0.2932,  -13.9847, -408.5413, 0.2128,  240, 240, 240
L 110.2191, -525.3303, -1.6986,  87.5979, -522.3529, -1.4935,  63, 63, 63
L 87.5979, -522.3529, -1.4935,  65.5053, -512.6204, -2.1700,  63, 63, 63
L 65.5053, -512.6204, -2.1700,  46.2292, -497.7935, -4.1878,  63, 63, 63
L 46.2292, -497.7935, -4.1878,  31.4801, -478.5773, -4.2802,  63, 63, 63
L 31.4801, -478.5773, -4.2802,  22.1365, -456.0764, -2.3973,  63, 63, 63
L 22.1365, -456.0764, -2.3973,  18.9428, -433.8008, -6.9476,  63, 63, 63
L 18.9428, -433.8008, -6.9476,  16.9312, -431.6610, -7.5275,  63, 63, 63
L 16.9312, -431.6610, -7.5275,  16.8835, -422.8305, -13.6708,  63, 63, 63
L 169.1086, -256.8913, -1.7263,  157.5833, -256.8980, -3.6556,  63, 63, 63
L 157.5833, -256.8980, -3.5559,  157.5838, -223.1024, 1.7499,  63, 63, 63
L 157.5838, -223.1024, 2.4054,  159.1085, -223.1088, 2.4490,  63, 63, 63
L 159.1085, -223.1088, 2.4490,  159.1080, -176.9300, 3.2221,  63, 63, 63
L 159.1080, -176.9300, 3.2221,  112.2880, -176.8925, -3.7822,  63, 63, 63
L 112.2880, -176.8925, -3.7822,  110.4264, -178.9099, -4.1237,  63, 63, 63
L 110.4264, -178.9099, -4.1237,  87.8940, -182.1502, -6.8282,  63, 63, 63
L 87.8940, -182.1502, -6.8282,  65.4673, -191.4454, -6.8657,  63, 63, 63
L 65.4673, -191.4454, -6.8657,  46.2306, -206.2058, -5.6854,  63, 63, 63
L 46.2306, -206.2058, -5.6854,  31.4316, -225.4852, -3.5951,  63, 63, 63
L 31.4316, -225.4852, -3.5951,  22.1331, -247.9485, -6.4951,  63, 63, 63
L 22.1331, -247.9485, -6.4951,  18.9385, -270.2263, -7.0002,  63, 63, 63
L 18.9385, -270.2263, -7.0002,  16.9244, -272.2751, -7.6932,  63, 63, 63
L 16.9244, -272.2751, -7.6932,  16.8857, -280.8551, -14.3246,  63, 63, 63
L -16.9032, -279.5306, -15.5819,  -16.8919, -272.4025, -10.0849,  63, 63, 63
L -16.8919, -272.4025, -10.0849,  -19.0569, -270.0515, -8.9790,  63, 63, 63
L -19.0569, -270.0515, -8.9790,  -22.1424, -247.9117, -3.9376,  63, 63, 63
L -22.1424, -247.9117, -3.9376,  -31.4516, -225.4592, -5.2440,  63, 63, 63
L -31.4516, -225.4592, -5.2440,  -46.5823, -205.9368, -3.5975,  63, 63, 63
L -46.5823, -205.9368, -3.5975,  -65.8077, -191.2988, -3.9945,  63, 63, 63
L -65.8077, -191.2988, -3.9945,  -87.9397, -182.1342, -6.2042,  63, 63, 63
L -87.9397, -182.1342, -6.2042,  -110.4516, -178.9068, -5.3933,  63, 63, 63
L -110.4516, -178.9068, -5.3933,  -112.2665, -176.9151, -5.2569,  63, 63, 63
L -112.2665, -176.9151, -5.2569,  -159.1085, -176.8912, 8.0355,  63, 63, 63
L -159.1085, -176.8912, 8.0355,  -159.1085, -223.1084, 2.6231,  63, 63, 63
L -159.1085, -223.1084, 2.6231,  -157.6982, -223.0993, 2.5137,  63, 63, 63
L -157.6982, -223.0993, 1.5541,  -157.6969, -256.8876, -1.0727,  63, 63, 63
L -159.1081, -143.0893, 4.7695,  -112.2896, -143.1086, -3.4581,  63, 63, 63
L -112.2896, -143.1086, -3.4581,  -109.9569, -140.8235, -3.1217,  63, 63, 63
L -109.9569, -140.8235, -3.1217,  -87.9252, -137.8632, -3.2222,  63, 63, 63
L -87.9252, -137.8632, -3.2222,  -65.1978, -128.8239, -1.7064,  63, 63, 63
L -65.1978, -128.8239, -1.7064,  -46.2055, -113.7701, -2.3942,  63, 63, 63
L -46.2055, -113.7701, -2.3942,  -31.4211, -94.4873, -3.9857,  63, 63, 63
L -31.4211, -94.4873, -3.9857,  -22.1364, -72.0720, -6.1070,  63, 63, 63
L -22.1364, -72.0720, -6.1070,  -18.9599, -49.9130, -4.7240,  63, 63, 63
L -18.9599, -49.9130, -4.7240,  -16.8916, -47.6918, -3.7839,  63, 63, 63
L -16.8916, -47.6918, -3.7839,  -16.8905, 119.3027, 24.2867,  63, 63, 63
L -16.8909, 61.1290, 24.1155,  -33.0089, 61.1285, 23.0350,  0, 0, 0
L -33.0089, 61.1285, 22.7112,  -32.9515, 78.0695, 22.1621,  0, 0, 0
L -32.9515, 78.0695, 22.3552,  -16.8909, 78.0662, 23.0555,  0, 0, 0
L -12.9093, 119.3031, 30.3834,  -24.7006, 119.3020, 30.4457,  0, 0, 0
L -24.7006, 119.3020, 30.4320,  -24.6992, 131.0843, 30.2737,  0, 0, 0
L -24.6992, 131.0843, 32.0020,  -12.9163, 131.0902, 32.0020,  0, 0, 0
L -12.9163, 131.0902, 32.0020,  -12.9093, 119.3031, 32.0020,  0, 0, 0
L 12.9766, 131.0876, 32.0020,  12.9746, 119.2994, 32.0020,  0, 0, 0
L 12.9766, 131.0876, 32.0020,  24.7627, 131.0892, 32.0020,  0, 0, 0
L 24.7543, 119.3195, 32.0020,  24.7627, 131.0892, 32.0020,  0, 0, 0
L 24.7543, 119.3195, 32.0020,  12.9746, 119.2994, 32.0020,  0, 0, 0
L 16.8915, 78.0681, 24.3274,  32.4699, 78.0701, 25.8387,  0, 0, 0
L 32.4699, 78.0701, 26.4111,  32.4724, 61.1317, 24.7738,  0, 0, 0
L 32.4724, 61.1317, 24.2346,  16.8917, 61.1163, 23.4382,  0, 0, 0
L 16.9243, -47.7196, -6.3295,  18.9021, -49.5529, -6.5481,  63, 63, 63
L 18.9021, -49.5529, -6.7010,  22.1785, -72.1742, -5.5372,  63, 63, 63
L 16.8913, -47.6873, -6.3286,  16.8918, 119.3060, 23.4421,  63, 63, 63
L 22.2709, -72.3969, -5.5079,  31.4353, -94.5192, -3.9117,  63, 63, 63
L 31.4353, -94.5192, -3.9117,  46.4077, -113.9291, -5.6050,  63, 63, 63
L 46.4077, -113.9291, -5.6050,  65.4659, -128.5537, -4.9178,  63, 63, 63
L 65.4659, -128.5537, -4.9178,  88.0173, -137.9267, -2.1427,  63, 63, 63
L 88.0173, -137.9267, -2.1427,  111.1173, -141.8477, -1.3274,  63, 63, 63
L 111.1173, -141.8477, -1.3274,  111.9227, -143.1107, -1.5441,  63, 63, 63
L 111.9227, -143.1107, -1.5441,  159.1084, -143.1086, 1.9794,  63, 63, 63
L 159.1084, -143.1086, 1.9794,  159.1088, -93.8969, 4.6231,  63, 63, 63
L 163.8953, -93.8963, 4.6231,  152.1081, -93.8979, 3.8540,  0, 0, 0
L 152.1081, -93.8979, 3.8281,  152.1050, -82.0753, 4.3364,  0, 0, 0
L 154.2026, -82.0934, 4.9923,  154.2018, -49.8975, 6.8180,  63, 63, 63
L 163.8947, -49.8763, 6.8180,  152.1067, -49.9021, 6.7068,  0, 0, 0
L 152.1067, -49.9021, 6.6014,  152.1062, -38.1121, 6.5852,  0, 0, 0
L 152.1062, -38.1121, 6.6849,  163.8912, -38.1137, 6.9401,  0, 0, 0
L 159.1085, -38.1131, 6.9401,  159.1086, 0.2511, 9.1079,  63, 63, 63
L 163.8947, 0.2528, 9.1079,  152.1068, 0.2486, 9.1073,  0, 0, 0
L 152.1068, 0.2486, 9.7154,  152.1059, 12.0425, 11.5356,  0, 0, 0
L 152.1059, 12.0425, 11.9669,  163.8920, 12.0025, 11.9665,  0, 0, 0
L 154.2021, 12.0354, 11.9665,  154.2023, 44.2524, 20.9327,  63, 63, 63
L 163.8956, 44.2944, 20.9327,  152.1064, 44.2433, 20.9321,  0, 0, 0
L 152.1064, 44.2433, 21.7742,  152.1079, 56.0368, 22.8376,  0, 0, 0
L 152.1079, 56.0368, 23.6947,  163.8913, 56.0338, 23.6952,  0, 0, 0
L 158.0553, 56.0353, 23.6952,  156.4162, 68.6318, 24.9975,  63, 63, 63
L 156.4162, 68.6318, 24.9975,  148.2983, 87.8777, 24.9975,  63, 63, 63
L 148.2983, 87.8777, 24.9975,  135.2860, 104.4723, 24.8391,  63, 63, 63
L 135.2860, 104.4723, 24.8391,  118.3868, 117.1395, 25.3403,  63, 63, 63
L 118.3868, 117.1395, 25.3403,  99.0405, 125.0130, 27.6698,  63, 63, 63
L 99.0405, 125.0130, 27.6698,  86.1212, 126.4335, 27.6927,  63, 63, 63
L 86.1192, 131.0911, 27.6927,  86.1242, 119.3035, 25.2692,  0, 0, 0
L 86.1242, 119.3035, 24.0766,  74.3361, 119.3004, 23.8181,  0, 0, 0
L 74.3361, 119.3004, 24.1282,  74.3394, 131.0827, 24.5614,  0, 0, 0
L 74.3383, 127.1073, 24.5614,  24.7608, 127.1085, 29.5711,  63, 63, 63
L 74.3394, 131.0827, 32.0020,  86.1192, 131.0911, 32.0020,  0, 0, 0
L 163.8913, 56.0338, 32.0020,  163.8956, 44.2944, 32.0020,  0, 0, 0
L 163.8920, 12.0025, 21.3353,  163.8947, 0.2528, 21.3353,  0, 0, 0
L 163.8912, -38.1137, 21.3353,  163.8947, -49.8763, 21.3353,  0, 0, 0
L 163.8911, -82.1171, 10.6687,  163.8953, -93.8963, 10.6687,  0, 0, 0
L 152.1050, -82.0753, 4.9930,  163.8911, -82.1171, 10.6687,  0, 0, 0
L 31.3124, -137.2624, 1.0019,  22.4718, -128.5802, 1.0020,  63, 63, 63
L 22.4718, -128.5802, 1.0020,  12.2184, -123.3530, 1.0020,  63, 63, 63
L 12.2184, -123.3530, 1.0020,  -0.1677, -121.3238, 1.0020,  63, 63, 63
L -0.1677, -121.3238, 1.0020,  -11.9505, -123.2258, 1.0020,  63, 63, 63
L -11.9505, -123.2258, 1.0020,  -22.4353, -128.7240, 1.0017,  63, 63, 63
L -22.4353, -128.7240, 1.0017,  -31.2398, -137.2151, 1.0020,  63, 63, 63
L -31.2398, -137.2151, 1.0020,  -36.8414, -148.2339, 1.0020,  63, 63, 63
L -36.8143, -171.9165, 1.0020,  -31.3856, -182.3639, 1.0019,  63, 63, 63
L -31.3856, -182.3639, 1.0019,  -22.6132, -191.4199, 1.0020,  63, 63, 63
L -22.6132, -191.4199, 1.0020,  -12.2883, -196.6153, 1.0020,  63, 63, 63
L -12.2883, -196.6153, 1.0020,  0.2803, -198.6348, 1.0020,  63, 63, 63
L 0.2803, -198.6348, 1.0020,  11.7070, -196.8309, 1.0020,  63, 63, 63
L 11.7070, -196.8309, 1.0020,  22.6349, -191.3329, 1.0019,  63, 63, 63
L 22.6349, -191.3329, 1.0019,  31.4765, -182.3708, 1.0020,  63, 63, 63
L 31.4765, -182.3708, 1.0020,  36.8858, -171.2792, 1.0020,  63, 63, 63
L 36.8858, -171.2792, 1.0020,  38.6660, -160.2311, 1.0020,  63, 63, 63
L 38.6660, -160.2311, 1.0020,  36.6606, -147.8284, 1.0012,  63, 63, 63
L 36.6606, -147.8284, 1.0012,  31.3124, -137.2624, 1.0020,  63, 63, 63
L 17.3421, -136.8810, 3.4051,  8.0372, -132.1962, 3.7932,  0, 0, 240
L 8.0372, -132.1962, 3.7932,  -0.0525, -131.0734, 3.5742,  0, 0, 240
L -0.0525, -131.0734, 3.5742,  -9.5508, -132.5807, 3.8696,  0, 0, 240
L -9.5508, -132.5807, 3.8696,  -17.3589, -136.8377, 3.6902,  0, 0, 240
L -17.3589, -136.8377, 3.6902,  -23.7747, -143.2165, 3.9248,  0, 0, 240
L -23.7747, -143.2165, 3.9248,  -27.5191, -150.6252, 3.8831,  0, 0, 240
L -27.5191, -150.6252, 3.8831,  -29.0482, -159.8327, 3.7908,  0, 0, 240
L -29.0482, -159.8327, 3.7908,  -27.9733, -169.2462, 4.4249,  0, 0, 240
L -27.9733, -169.2462, 4.4249,  -23.6209, -177.6779, 4.5493,  0, 0, 240
L -23.6209, -177.6779, 4.5493,  -17.2156, -183.7399, 4.1828,  0, 0, 240
L -17.2156, -183.7399, 4.1828,  -8.4609, -188.2180, 4.5360,  0, 0, 240
L -8.4609, -188.2180, 4.5360,  0.2850, -189.4482, 4.4361,  0, 0, 240
L 0.2850, -189.4482, 4.4361,  8.8248, -188.0123, 4.3083,  0, 0, 240
L 8.8248, -188.0123, 4.3083,  17.7144, -183.4130, 4.3616,  0, 0, 240
L 17.7144, -183.4130, 4.3616,  23.6944, -177.1136, 4.0471,  0, 0, 240
L 23.6944, -177.1136, 4.0471,  27.6971, -169.1871, 3.9978,  0, 0, 240
L 27.6971, -169.1871, 3.9978,  29.0568, -159.9311, 3.7792,  0, 0, 240
L 29.0568, -159.9311, 3.7792,  27.7601, -150.7858, 4.1039,  0, 0, 240
L 27.7601, -150.7858, 4.1039,  22.9079, -142.4244, 3.6493,  0, 0, 240
L 22.9079, -142.4244, 3.6493,  17.3421, -136.8810, 3.6234,  0, 0, 240
L -36.8414, -148.2339, 1.0020,  -38.6178, -160.3058, 1.0011,  63, 63, 63
L -38.6178, -160.3058, 1.0011,  -36.8143, -171.9165, 1.0020,  63, 63, 63
L -159.1084, -143.1085, 4.7692,  -159.1084, -93.8965, 6.2782,  63, 63, 63
L -163.9004, -93.8942, 6.2782,  -152.1124, -93.8999, 4.8101,  0, 0, 0
L -152.1124, -93.8999, 4.6061,  -152.1067, -82.1088, 5.9261,  0, 0, 0
L -152.1067, -82.1088, 7.2593,  -163.8932, -82.1345, 7.6668,  0, 0, 0
L -154.1831, -82.1133, 7.6668,  -154.2039, -49.8967, 9.5867,  63, 63, 63
L -163.8987, -49.8771, 9.5867,  -152.1125, -49.9009, 9.0927,  0, 0, 0
L -152.1125, -49.9009, 8.6544,  -152.1078, -38.1301, 8.6029,  0, 0, 0
L -152.1078, -38.1301, 8.2049,  -163.8941, -38.0574, 8.5783,  0, 0, 0
L -159.1084, -38.0869, 8.5783,  -159.1087, 0.2525, 12.5624,  63, 63, 63
L -163.8972, 0.2553, 12.5624,  -152.1139, 0.2485, 12.0498,  0, 0, 0
L -152.1139, 0.2485, 13.0691,  -152.1059, 12.0213, 13.7149,  0, 0, 0
L -154.2043, 12.0606, 15.5919,  -154.2047, 44.2525, 23.7969,  63, 63, 63
L -163.8977, 44.2811, 23.7969,  -152.1121, 44.2463, 23.7120,  0, 0, 0
L -152.1121, 44.2463, 23.9080,  -152.1064, 56.0393, 24.5347,  0, 0, 0
L -152.1064, 56.0393, 25.9730,  -163.8951, 56.0301, 26.9910,  0, 0, 0
L -158.0557, 56.0347, 26.9910,  -156.4153, 68.6356, 29.0552,  63, 63, 63
L -156.4153, 68.6356, 29.0552,  -148.3432, 87.7805, 27.6911,  63, 63, 63
L -148.3432, 87.7805, 27.6911,  -135.4279, 104.3561, 29.3108,  63, 63, 63
L -135.4279, 104.3561, 29.3108,  -118.5975, 117.0542, 28.0757,  63, 63, 63
L -118.5975, 117.0542, 28.0757,  -99.0077, 125.0213, 24.8906,  63, 63, 63
L -99.0077, 125.0213, 24.8906,  -86.3939, 126.4037, 25.9827,  63, 63, 63
L -86.3892, 131.0893, 25.9827,  -86.4009, 119.3026, 25.6573,  0, 0, 0
L -86.4009, 119.3026, 25.7039,  -74.6088, 119.3014, 26.8053,  0, 0, 0
L -74.6088, 119.3014, 27.3785,  -74.6126, 131.0860, 27.6510,  0, 0, 0
L -74.6113, 127.1070, 27.6510,  -24.6988, 127.1168, 30.2454,  63, 63, 63
L -74.6126, 131.0860, 32.0020,  -86.3892, 131.0893, 32.0020,  0, 0, 0
L -163.8951, 56.0301, 32.0020,  -163.8977, 44.2811, 32.0020,  0, 0, 0
L -163.8928, 12.0386, 21.3353,  -163.8972, 0.2553, 21.3353,  0, 0, 0
L -163.8941, -38.0574, 21.3353,  -163.8987, -49.8771, 21.3353,  0, 0, 0
L -163.8932, -82.1345, 10.6687,  -163.9004, -93.8942, 10.6687,  0, 0, 0
L -190.7991, 41.0136, 29.9998,  -154.2046, 41.0138, 29.9998,  127, 127, 127
L -190.8058, 37.8142, 28.9331,  -154.2046, 37.8132, 28.9331,  127, 127, 127
L -190.8125, 34.6140, 27.8665,  -154.2045, 34.6168, 27.8669,  127, 127, 127
L -190.8192, 31.4050, 26.8003,  -154.2045, 31.4358, 26.8028,  127, 127, 127
L -190.8260, 28.2066, 25.7337,  -154.2045, 28.2336, 25.7367,  127, 127, 127
L -190.8327, 25.0066, 24.6669,  -154.2044, 25.0306, 24.6696,  127, 127, 127
L -190.8394, 21.7934, 23.6009,  -154.2044, 21.8376, 23.6041,  127, 127, 127
L -186.9226, 18.7836, 22.5341,  -154.2043, 18.7878, 22.5343,  127, 127, 127
L -186.9227, 15.4199, 21.3353,  -154.2043, 15.4224, 21.3353,  127, 127, 127
L -152.1059, 12.0213, 21.3353,  -163.8928, 12.0386, 21.3353,  0, 0, 0
L -154.2027, -51.7590, 20.3998,  -186.9225, -51.5843, 20.3998,  127, 127, 127
L -191.0137, -54.9865, 19.3331,  -154.2006, -54.9861, 19.3331,  127, 127, 127
L -191.0237, -58.1862, 18.2664,  -154.1985, -58.1861, 18.2664,  127, 127, 127
L -191.0336, -61.3901, 17.2002,  -154.1965, -61.3739, 17.2024,  127, 127, 127
L -191.0535, -67.7863, 15.0665,  -154.1924, -67.7835, 15.0668,  127, 127, 127
L -191.0436, -64.5848, 16.1334,  -154.1944, -64.5862, 16.1333,  127, 127, 127
L -191.0635, -70.9825, 14.0020,  -154.1903, -70.9814, 14.0021,  127, 127, 127
L -191.0734, -74.1850, 12.9339,  -154.1882, -74.1833, 12.9340,  127, 127, 127
L -186.9214, -77.2154, 11.8669,  -154.1863, -77.2152, 11.8669,  127, 127, 127
L -154.1841, -80.5850, 10.6687,  -186.9222, -80.5764, 10.6687,  127, 127, 127
L 47.5286, 78.0704, 27.3192,  64.4699, 78.0702, 25.3407,  0, 0, 0
L 64.4699, 78.0702, 23.2490,  64.4713, 61.1295, 20.5489,  0, 0, 0
L 64.4713, 61.1295, 18.7734,  47.5275, 61.1274, 20.0184,  0, 0, 0
L 47.5275, 61.1274, 21.5078,  47.5286, 78.0704, 25.4309,  0, 0, 0
L -47.5274, 78.0709, 24.0657,  -47.5353, 61.1281, 23.2322,  0, 0, 0
L -47.5353, 61.1281, 19.7178,  -64.4700, 61.1278, 17.9819,  0, 0, 0
L -64.4700, 61.1278, 20.0113,  -64.4704, 78.0685, 21.8733,  0, 0, 0
L -64.4704, 78.0685, 23.7875,  -47.5274, 78.0709, 24.4854,  0, 0, 0
L 190.7908, 41.0139, 29.9998,  154.2023, 41.0139, 29.9998,  127, 127, 127
L 190.7774, 37.8136, 28.9331,  154.2023, 37.8142, 28.9331,  127, 127, 127
L 190.7639, 34.6062, 27.8674,  154.2022, 34.6351, 27.8704,  127, 127, 127
L 190.7504, 31.4096, 26.8013,  154.2022, 31.4423, 26.8052,  127, 127, 127
L 190.7370, 28.2135, 25.7331,  154.2022, 28.2161, 25.7337,  127, 127, 127
L 190.7235, 25.0146, 24.6672,  154.2022, 25.0167, 24.6674,  127, 127, 127
L 190.7100, 21.8133, 23.5999,  154.2021, 21.8163, 23.6002,  127, 127, 127
L 186.2829, 18.7854, 22.5342,  154.2021, 18.7866, 22.5343,  127, 127, 127
L 186.2829, 15.4183, 21.3353,  154.2021, 15.4285, 21.3354,  127, 127, 127
L 192.1085, -54.9874, 19.3337,  154.2020, -54.9802, 19.3344,  127, 127, 127
L 192.1085, -58.1906, 18.2686,  154.2020, -58.1566, 18.2724,  127, 127, 127
L 192.1084, -61.3878, 17.1998,  154.2021, -61.3823, 17.2001,  127, 127, 127
L 192.1084, -64.5770, 16.1362,  154.2022, -64.5895, 16.1336,  127, 127, 127
L 192.1084, -67.7915, 15.0669,  154.2023, -67.7707, 15.0694,  127, 127, 127
L 192.1083, -71.0057, 14.0010,  154.2023, -70.9250, 14.0096,  127, 127, 127
L 192.1083, -74.1906, 12.9331,  154.2024, -74.1774, 12.9346,  127, 127, 127
L 186.2829, -77.2139, 11.8667,  154.2025, -77.2184, 11.8665,  127, 127, 127
L 186.2829, -80.5800, 10.6687,  154.2026, -80.5765, 10.6687,  127, 127, 127
L -16.8993, -422.8256, -13.6923,  -16.8907, -431.5689, -9.2913,  63, 63, 63
L -16.8907, -431.5689, -9.2913,  -18.9589, -433.9161, -8.8753,  63, 63, 63
L -18.9589, -433.9161, -8.8753,  -22.1185, -455.9455, -3.3047,  63, 63, 63
L -22.1185, -455.9455, -3.3047,  -31.4307, -478.5125, -4.2604,  63, 63, 63
L -31.4307, -478.5125, -4.2604,  -46.1419, -497.7269, -2.2265,  63, 63, 63
L -46.1419, -497.7269, -2.2265,  -65.4830, -512.5671, -2.5470,  63, 63, 63
L -65.4830, -512.5671, -2.5470,  -87.9279, -521.8640, -5.4832,  63, 63, 63
L -87.9279, -521.8640, -5.4832,  -110.9524, -525.4076, -0.7035,  63, 63, 63
L -99.4274, -644.8914, 17.0020,  -99.4302, -635.1088, 17.0020,  0, 0, 0
L -99.4302, -635.1088, 16.0020,  -108.8815, -635.1057, 16.0020,  0, 0, 0
L -123.2904, -637.1087, 14.0020,  -149.1512, -565.7545, 14.0020,  63, 63, 63
L -149.1512, -565.7545, 14.0020,  -141.9379, -501.8375, 14.0020,  63, 63, 63
L -141.9379, -501.8375, 14.0020,  -95.2346, -546.2536, 14.0020,  63, 63, 63
L -95.2346, -546.2536, 14.0020,  -70.4237, -615.5548, 14.0020,  63, 63, 63
L -70.2859, -615.4171, 16.0020,  -81.4337, -635.1085, 16.0020,  63, 63, 63
L -79.0864, -635.1104, 16.0020,  -88.5711, -635.1027, 16.0020,  0, 0, 0
L -108.8854, -637.1084, 16.0020,  -127.1081, -637.0585, 16.0020,  63, 63, 63
L -127.1081, -637.0585, 14.0020,  -127.1030, -633.3411, 14.0020,  63, 63, 63
P 2.4208, -480.7921, 0.0020,  0, 0, 0,  2,  H:29_L:29_inside_temple
P 0.0000, 300.0000, 0.0000,  0, 0, 0,  2,  Map_by_Goodurden
