P 1523.9120, -418.6039, -115.9989,  0, 0, 240,  2,  Indanrian_Lyshius
P 929.7390, -300.9180, -115.9599,  0, 0, 240,  2,  Malarn_Sinius
P 939.8990, -299.5939, -115.9290,  0, 0, 240,  2,  Lynda_Tapper
P 959.4789, -299.5980, -115.9110,  0, 0, 240,  2,  Mumaru_Likaeu
P -109.7450, -604.9290, -38.3250,  0, 0, 240,  2,  Judge_Marion_Teld`mare
P -142.3240, -599.9600, -36.3780,  0, 0, 240,  2,  Event_Coordinator_Baublie_Diggs
P -219.7429, 164.8629, -42.5339,  0, 0, 240,  2,  Rigg_Nostra
P -196.9759, 142.9200, -44.8000,  0, 0, 240,  2,  Tenni_Kohern
P 764.6399, 42.1859, -191.8000,  0, 0, 240,  2,  Charia_Betou_(Spells)
P 778.7480, 48.3830, -191.8000,  0, 0, 240,  2,  Bello_Fruegnos_(Tasks)
P 756.2369, 352.5559, -191.8000,  0, 0, 240,  2,  Dulia_Jestes
P 886.9279, 507.3919, -191.8000,  0, 0, 240,  2,  Opal_Darkbriar
P 924.2039, 562.7408, -191.8000,  0, 0, 240,  2,  Lorme_Tredore
P 947.5240, 558.4679, -191.8000,  0, 0, 240,  2,  Mirpa_Arana_(Spells)
P 1075.5291, 360.4200, -191.8000,  0, 0, 240,  2,  Voglan_Dransed
P 1075.8926, 53.5150, -191.8000,  0, 0, 240,  2,  Xinari_Anara_(Spells)
P 1059.8571, 41.3890, -191.8000,  0, 0, 240,  2,  Dooly_Jonkers
P 956.4479, -120.2000, -191.8000,  0, 0, 240,  2,  Chardo_Ahdelia_(Spells)
P 957.1789, -149.6270, -191.8000,  0, 0, 240,  2,  Lynce_Renardo
P 906.3920, -176.1459, -191.8000,  0, 0, 240,  2,  Hemia_Skemner
P 887.5449, -162.2789, -191.8000,  0, 0, 240,  2,  Respin_Yawg
P 1000.2569, -278.8149, -116.6959,  0, 0, 240,  2,  Neas_Levati
P 1062.2090, -279.7710, -115.8769,  0, 0, 240,  2,  Soren_the_Sorcerer_(Missions)
P 959.5768, -277.6829, -116.2890,  0, 0, 240,  2,  Filrian_Lylius
P 949.5539, -279.2900, -115.9939,  0, 0, 240,  2,  Informant_Famy
P 929.8658, -274.6960, -116.9490,  0, 0, 240,  2,  Qilanyon_Saenius
P 1278.5896, 342.6429, -139.7069,  0, 0, 240,  2,  Taxonomist_Darwin_Grisk
P 786.8519, -61.4889, -131.2589,  0, 0, 240,  2,  Quanarn_Deneyus
P 806.6819, -72.6009, -132.9939,  0, 0, 240,  2,  Janam_Rekish
P 818.7920, -57.8609, -133.4530,  0, 0, 240,  2,  Rebby_Willend
P 540.2350, 285.8029, -71.3269,  0, 0, 240,  2,  Alchemist_Bauer
P 535.6440, 263.5670, -89.8370,  0, 0, 240,  2,  Innkeep_Rille
P 525.2830, 262.5439, -89.8370,  0, 0, 240,  2,  Innkeep_Evelona
P 490.6200, 210.9290, -89.8370,  0, 0, 240,  2,  Chaenthe_Osere
P 378.9759, 147.3089, -65.9390,  0, 0, 240,  2,  Danubi
P 425.7180, 152.1510, -65.9390,  0, 0, 240,  2,  Genniau_Noghce
P 436.6730, 214.4970, -61.7349,  0, 0, 240,  2,  Braden
P 375.6619, 211.9329, -91.9390,  0, 0, 240,  2,  Gern_Tassel
P 359.6700, 191.2719, -91.9390,  0, 0, 240,  2,  Judicla_Riverfield_(Brewing)
P 367.9600, 191.9610, -91.9390,  0, 0, 240,  2,  Shania_Tassel_(Brewing)
P 374.8809, 172.4269, -91.9390,  0, 0, 240,  2,  Hyrill_Pon
P 411.4169, 196.2920, -91.9390,  0, 0, 240,  2,  Darrisa_Nyny
P 426.1139, 187.9480, -91.9390,  0, 0, 240,  2,  Dunore_Moorwing
P 417.8020, 168.7510, -91.9390,  0, 0, 240,  2,  Onytir_Seavin
P 290.4669, 243.3629, -91.1389,  0, 0, 240,  2,  Lystyn_Wyspin
P 301.6580, 243.3400, -91.1389,  0, 0, 240,  2,  Svinal_Wyspin
P 310.6400, 213.7160, -91.1389,  0, 0, 240,  2,  Sayec_Kellye
P 270.2760, -22.7369, -86.1979,  0, 0, 240,  2,  Wahnig_Nooz
P 268.3039, -55.2209, -86.2000,  0, 0, 240,  2,  Naltor_Kohon
P 271.3480, -69.5400, -86.2189,  0, 0, 240,  2,  Jallen_Nooz
P 549.5919, 4.6590, -91.6209,  0, 0, 240,  2,  Valla_Strongbranch_(Fletching)
P 536.1760, 36.7000, -92.3900,  0, 0, 240,  2,  Timor_Strongbranch_(Fletching)
P 621.6720, -118.1690, -65.9390,  0, 0, 240,  2,  Jyle_Windshot
P 649.7569, -105.9729, -91.9390,  0, 0, 240,  2,  Rothoch_Bilye
P 652.2119, -113.6400, -91.9390,  0, 0, 240,  2,  Swin_Blackeye
P 650.4100, -172.6570, -91.9390,  0, 0, 240,  2,  Lady_Shae
P 627.4890, -148.4950, -91.9390,  0, 0, 240,  2,  Shintl_Lowbrew
P 612.2200, -171.5759, -91.9390,  0, 0, 240,  2,  Trissa_Whistlesong_(Tasks)
P 524.5710, -107.1000, -91.8469,  0, 0, 240,  2,  Galio
P 170.9970, -1109.9668, -170.4830,  0, 0, 240,  2,  Orex_Nolus_(Spells)
P 136.2700, -1018.2679, -170.4830,  0, 0, 240,  2,  Merko_Quetalis
P 256.3519, -810.8569, -190.4830,  0, 0, 240,  2,  Markin_Ironwhite
P 307.1689, -763.9650, -190.4830,  0, 0, 240,  2,  Jusia_Vapious
P 168.6579, -768.8900, -170.4830,  0, 0, 240,  2,  Kalatrina_Plossen
P 381.3399, -951.2820, -218.4209,  0, 0, 240,  2,  Valeron_Dushire
P 114.8179, -894.7740, -218.4199,  0, 0, 240,  2,  Theron_Rolius
P 592.5760, -860.3578, -180.4830,  0, 0, 240,  2,  Edwardian_Holyblade
P 705.3149, -803.7770, -170.4830,  0, 0, 240,  2,  Donala_Baris_(Spells)
P 806.7140, -806.2889, -170.4830,  0, 0, 240,  2,  Eestyana_Naestra
P 611.4659, -579.9510, -90.7349,  0, 0, 240,  2,  Arinna_Trueblade
P 543.8650, -401.3129, -90.9689,  0, 0, 240,  2,  Bran_Greenglade
P 579.1630, -409.7760, -90.9410,  0, 0, 240,  2,  Rodenn_Irygh
P 586.1400, -422.1929, -90.9060,  0, 0, 240,  2,  Alec_Greenglade
P 663.2050, -692.6219, -91.2660,  0, 0, 240,  2,  Queliel_Phanus
P 662.2569, -707.1979, -91.2870,  0, 0, 240,  2,  Innkeep_Palola
P 887.0000, -908.9449, -124.6640,  0, 0, 240,  2,  Tarsa_Yovar
P 897.1899, -916.6150, -126.7169,  0, 0, 240,  2,  Raenna_Griff
P 921.0000, -925.1548, -130.1119,  0, 0, 240,  2,  Ulia_Yovar
P 909.9109, -933.8369, -133.9619,  0, 0, 240,  2,  Yovik_Splegle
P 793.7350, -537.8840, -106.5639,  0, 0, 240,  2,  Soris_Silverfield_(Banker)
P 702.9349, -395.9649, -94.1020,  0, 0, 240,  2,  Eyunrian_Claibus
P 695.4199, -434.3990, -91.1119,  0, 0, 240,  2,  Amie_Moonspin_(Jewelry)
P 776.6910, -556.5118, -106.5639,  0, 0, 240,  2,  Peran_Silverfield_(Banker)
P 687.3619, -705.2259, -91.2750,  0, 0, 240,  2,  Slan_ODonner
P 692.6819, -692.5309, -91.3930,  0, 0, 240,  2,  Chasmos_Throusk
P 762.5549, -600.5720, -106.5949,  0, 0, 240,  2,  a_Town_Crier
P 1295.6520, -464.2640, -93.9260,  0, 0, 240,  2,  Karl_Saffio_(Tribute)
P 1302.9977, -764.9310, -93.9260,  0, 0, 240,  2,  Yellus_Gravien
P 1310.4258, -724.2980, -93.9260,  0, 0, 240,  2,  Gibbon_Morfield
P 1019.1799, -601.6200, -102.9609,  0, 0, 240,  2,  Rashinda_Elore_(Baking)
P 1176.5811, -709.7960, -98.3529,  0, 0, 240,  2,  Tradesman_Lyna
P 1210.6189, -710.7140, -98.3529,  0, 0, 240,  2,  Tradesman_Tulan
P 1011.3799, -726.1158, -87.7969,  0, 0, 240,  2,  Whittle_Rentorp_(Missions)
P 1358.1935, -810.7458, -115.9830,  0, 0, 240,  2,  Ston_O`Donner
P 1429.5829, -530.3578, -116.2590,  0, 0, 240,  2,  Jillian_Dayson_(Smithing)
P 1189.3051, -368.8550, -105.8089,  0, 0, 240,  2,  a_Town_Crier
P 1179.6520, 252.9800, -140.6450,  0, 0, 240,  2,  Ran_Brownloe_(Baking)
P 1172.9668, 235.1690, -140.6450,  0, 0, 240,  2,  Pincia_Brownloe_(Baking)
P 1531.2770, 213.9470, -120.9980,  0, 0, 240,  2,  Velan_Torresk
P 1519.6630, 220.3739, -139.5080,  0, 0, 240,  2,  Asnod_Marnoc
P 1548.3810, 231.1289, -139.5080,  0, 0, 240,  2,  Fania_Esruc
P 1547.9977, 240.6479, -139.5080,  0, 0, 240,  2,  Puab_Closk
P 1492.7260, 259.3500, -139.5080,  0, 0, 240,  2,  Klom_Jysun
P 1499.1299, 185.5349, -140.8569,  0, 0, 240,  2,  Ran`un
P 1499.9446, 171.3290, -140.8619,  0, 0, 240,  2,  Thena_Lonnes
P 1445.2898, 82.7180, -140.7359,  0, 0, 240,  2,  Erista_Tidius
P 1426.9706, 56.1150, -140.6250,  0, 0, 240,  2,  Jenna_Smith
P 1423.2880, 88.3730, -140.7129,  0, 0, 240,  2,  Qilcil_Doezius
P 1319.1060, 158.5289, -141.1310,  0, 0, 240,  2,  Jade_(Jewelry)
P 1332.2079, 148.9060, -141.1409,  0, 0, 240,  2,  Amber_(Jewelry)
P 1347.3108, 159.7690, -141.1790,  0, 0, 240,  2,  Zigg_Flin
P 1447.4329, -54.4990, -131.5920,  0, 0, 240,  2,  Muro_Kouai
P 1526.8599, -236.8389, -116.4180,  0, 0, 240,  2,  Roma_Pulawaoo
P 1654.5558, -279.5240, -116.6100,  0, 0, 240,  2,  Yoson_Wea
P 1625.2859, -277.3799, -116.6600,  0, 0, 240,  2,  Oresan_Kai
P 1847.7206, -254.4010, -115.8760,  0, 0, 240,  2,  Orlyna_Mudel_(Alchemy)
P 1837.3788, -265.7889, -115.8790,  0, 0, 240,  2,  Torlig_Mudel_(Alchemy)
P 1455.8300, -530.6730, -116.7000,  0, 0, 240,  2,  Quarenarn_Elditia
P 1456.5209, -515.3350, -116.2200,  0, 0, 240,  2,  Malrion_Rilius
P 1457.6089, -497.3759, -116.4200,  0, 0, 240,  2,  Indrian_Rakeaus
P 1606.5009, -418.1290, -114.7319,  0, 0, 240,  2,  Ardiflah_Steadirt
P 1621.4290, -431.5640, -114.7319,  0, 0, 240,  2,  Trudie_Steelbone
P 1643.9186, -411.8100, -114.7319,  0, 0, 240,  2,  Kyrin_Steelbone
P 1647.9230, -377.4159, -114.7319,  0, 0, 240,  2,  Rhensa_Steadirt
P 1625.6980, -302.2690, -116.6000,  0, 0, 240,  2,  Krystin_Charcoal
P -176.7979, 159.9488, -44.1441,  0, 0, 240,  2,  Ping_Fuzzlecutter
P 1892.2339, -577.1359, -115.8419,  0, 0, 240,  2,  Teniyu_Emua
P 1859.5176, -567.7679, -115.9789,  0, 0, 240,  2,  Plink_Gemtosser_(Missions)
P 1728.2321, -964.6720, -145.9780,  0, 0, 240,  2,  Salinsa_Delfdosan
P 1754.3257, -1460.7616, -198.9759,  0, 0, 240,  2,  Nosspri_Andrika
P 1752.8998, -1473.9778, -198.9759,  0, 0, 240,  2,  Quanarn_Dereus
P 1754.2609, -1406.9539, -198.9759,  0, 0, 240,  2,  Perep_Chen
P 1753.4340, -1388.2129, -198.9759,  0, 0, 240,  2,  Wahe_Oopi
P 1621.6438, -1390.8949, -198.9759,  0, 0, 240,  2,  Gygus_Remnara
P 1622.1349, -1459.9960, -198.9759,  0, 0, 240,  2,  Direlee_Furme
P 1620.8639, -1467.1099, -198.9759,  0, 0, 240,  2,  Palious_Jarten
P 1636.4889, -1606.9728, -198.9759,  0, 0, 240,  2,  Gubbly_Gippledo
P 1749.1908, -1606.9020, -198.9759,  0, 0, 240,  2,  Mevah_Toklius
P 1687.7936, -1612.5009, -198.9759,  0, 0, 240,  2,  Jemoz_Lerkarson
P 1721.7328, -1456.4308, -72.9789,  0, 0, 240,  2,  Celsar_Vestagon
P 1664.8179, -1432.4590, -72.9789,  0, 0, 240,  2,  Plur_Etinu
P 1663.7936, -1475.7699, -72.9789,  0, 0, 240,  2,  Lanis_Herion
P 1626.4369, -1504.7439, -72.9789,  0, 0, 240,  2,  Captain_Victor_Lis_(Missions)
P 1736.6829, -1541.8689, -102.9789,  0, 0, 240,  2,  Geep_Tresoj
P 1717.9109, -1536.1819, -132.7990,  0, 0, 240,  2,  Serna_Tasknon
P 1657.7638, -1533.8699, -132.7990,  0, 0, 240,  2,  Locarme_Zennix
P 1760.4960, -1480.6259, -132.7990,  0, 0, 240,  2,  Uroshira_Keiwiuko
P 1813.6698, -1328.5049, -130.9780,  0, 0, 240,  2,  Ghonic_Erharn
P 1805.1790, -1474.6747, -132.7990,  0, 0, 240,  2,  Hulos_Ghenar
P 1616.6908, -1482.7349, -132.7990,  0, 0, 240,  2,  Etomuno_Imihao
P 1574.6010, -1470.3440, -132.7990,  0, 0, 240,  2,  Amata_D`Lavi
P 161.1769, -1026.6420, -84.4290,  0, 0, 0,  1,  Bondl_Felligan
P 932.9365, 224.4841, -79.4716,  0, 0, 240,  2,  Palon_Deskeb_(Q)
P 1051.6624, 341.1315, -189.4621,  0, 0, 240,  2,  Nusk_Treton_(Q)
