P 465.1512, -148.9621, -89.9175,  0, 0, 0,  1,  Pottery
P 503.8326, -210.1691, -91.4943,  0, 0, 0,  1,  Pottery
P 868.2690, -253.7820, -100.8439,  0, 0, 0,  1,  a_Town_Crier
P 343.8809, -9.8500, -86.4399,  0, 0, 0,  1,  a_Town_Crier
P 1194.1050, 253.2870, -140.6450,  127, 64, 0,  2,  Brownloe_Bakery
P 1499.2780, 253.3050, -139.5080,  127, 64, 0,  2,  The_Ashen_Order
P 1689.3069, -664.1879, -114.9789,  127, 64, 0,  2,  Temple_of_Marr
P 1822.3279, -275.9519, -115.8610,  127, 64, 0,  2,  Torlig's_Herbs_&_Medicines
P 1635.9849, -381.5020, -114.7319,  127, 64, 0,  2,  Groflah's_Forge
P 1194.3101, -598.7250, -107.6179,  127, 64, 0,  3,  Freeport_City_Hall
P 795.7980, -552.1630, -103.7439,  127, 64, 0,  3,  Bank
P 433.5389, -521.7640, -90.6410,  127, 64, 0,  3,  Hall_of_Truth
P 489.2309, -123.8550, -91.8469,  127, 64, 0,  3,  Smithy
P 616.6779, -139.7040, -91.9390,  127, 64, 0,  3,  Hogcallers'_Inn
P 515.8250, 215.8079, -89.8370,  127, 64, 0,  3,  The_Jade_Tiger's_Den
P 396.4320, 159.5690, -91.9390,  127, 64, 0,  3,  Tassel's_Tavern
P 919.9850, 196.7200, -181.9310,  127, 64, 0,  3,  The_Academy_of_Arcane_Science
P 296.2110, 194.5090, -91.4000,  127, 64, 0,  3,  The_Emporium
P 161.1769, -1026.6420, -84.4290,  0, 0, 127,  2,  Bondl_Felligan_(Shm_1.0)
P 537.6761, 204.3737, -108.2695,  0, 0, 127,  2,  a_greater_spirit_(Shm_1.0)
P 601.5334, 186.7521, -108.2695,  0, 0, 127,  2,  a_greater_spirit(Shm_1.0)
P 528.2311, 250.1420, -69.4668,  0, 0, 127,  2,  Elder_Spirit_of_Enlightenment(Shm_Pre1.5)
P 1501.6852, 153.9851, -139.1178,  0, 0, 127,  2,  Reyia_Beslin(Mnk1.0)
P 1559.4148, -1325.3230, -129.4165,  0, 0, 127,  2,  Arem_Ulosia(Pal2.0)
P 1656.8207, -1426.9009, -67.5082,  0, 0, 0,  1,  Freeport_Prayer_Bead(Pal2.0)
P 612.9233, -100.8337, -88.9411,  0, 0, 127,  2,  Pandos_Flintside(FACTION_Q)
P 907.9750, 178.7062, -79.4552,  0, 0, 127,  2,  Shana_Liskia(Rng1.5)
P 650.8406, -173.4333, -89.5468,  0, 0, 127,  2,  Lady_Shae(FACTION_Q)
P 859.9818, 18.3803, -189.4352,  0, 0, 127,  2,  Ginehl_Wiquar(LDoN)
P 913.9578, 195.0036, 8.9916,  0, 0, 240,  2,  an_epic_request_(Wiz)
P 50.3140, -2.5872, -84.4672,  0, 0, 127,  2,  3-a_strange_black_cat_'good_kitty'
P 405.1083, 171.3940, -89.2355,  0, 240, 240,  3,  1
P 471.2169, -84.5168, -90.2878,  0, 0, 127,  2,  Falia_Frikniller
P 433.6629, 157.5718, -89.4789,  0, 127, 127,  2,  Llaydo_Tamms_(24th)
