P 212.347, -4.583, -69.9676, 0, 0, 0, 3, Lynda_(Brewer)
P 204.511, -20.463, -83.9676, 0, 0, 0, 3, Nesin_(Bar)
P 170.84, -134.543, -69.9676, 0, 0, 0, 3, Jenna_(Smith)
P 137.439, -116.159, -83.9676, 0, 0, 0, 3, Gord_(Weapons)
P 260.171, -273.971, -97.9676, 0, 0, 0, 3, Konious_(GM_Enchanter)
P 262.888, -258.135, -97.9676, 0, 0, 0, 3, Heneva_(GM_Magician)
P 247.196, -249.782, -97.9676, 0, 0, 0, 3, Nexvok_(GM_Wizard)
P 229.494, -279.179, -97.9676, 0, 0, 0, 3, Brutol_(GM_Warrior)
P 184.436, -240.011, -97.9676, 0, 0, 0, 3, Opal_(GM_Necromancer)
P 177.772, -231.156, -97.9676, 0, 0, 0, 3, Brek_(GM_Cleric)
P 276.492, -111.567, -83.9676, 0, 0, 0, 3, Rolfic_(Weapons)
P 456.249, -215.309, -55.9677, 0, 0, 0, 3, Tohsan_(Weapons)
P 492.332, -260.099, -55.9677, 0, 0, 0, 3, Harg_(Weapons)
P 333.743, -376.089, -55.9677, 0, 0, 0, 3, Slan_(Bar)
P 720.276, -312.196, -55.9677, 0, 0, 0, 3, Brew_Barrel
P 836.757, 30.851, -112.9737, 0, 0, 0, 3, Harkin_(GM_Rogue)
P 835.814, -106.996, -97.9676, 0, 0, 0, 3, Nestral_(GM_Rogue)
P 885.178, -77.782, -13.999, 0, 0, 0, 3, Tenni_(Weapons)
P 854.725, -91.233, -55.9677, 0, 0, 0, 3, Brew_Barrel
P 833.531, -63.213, -55.9677, 0, 0, 0, 3, Gregor_(Bar)
P 844.924, -58.337, -55.9677, 0, 0, 0, 3, Henna_(Bar)
P 247.871, -54.26, -111.9676, 0, 0, 0, 3, Marv_(GM_Necromancer)
P 231.904, -74.543, -111.9676, 0, 0, 0, 3, Banor_(Merchant)
P 302.45, -93.078, -111.9676, 0, 0, 0, 3, Pietro_(GM_Shadow_Knight)
P 311.93, -95.362, -111.9676, 0, 0, 0, 3, Celanie_(Weapons)
P 228.584, -125.109, -111.9676, 0, 0, 0, 3, Vesagar_(GM_Cleric)
P 253.115, -116.891, -111.9676, 0, 0, 0, 3, Spell_Merchants
P 285.635, -227.553, -97.9676, 0, 0, 0, 3, Netuk_(GM_Shadow_Knight)
P 271.456, -216.394, -97.9676, 0, 0, 0, 3, Merchants
P 849.162, -387.188, -41.9677, 0, 0, 0, 3, Tanlok_(Merchant)
P 885.761, -361.499, -55.9677, 0, 0, 0, 3, Merchants
P 745.441, -343.735, -54.9677, 0, 0, 0, 3, Jaleel_(Bar)
P 727.302, -343.715, -54.9677, 0, 0, 0, 3, Winda_(Merchant)
P 649.271, -265.572, -54.9677, 0, 0, 0, 3, Gruns_(Soulbinder)
P 697.924, -222.941, -55.9677, 0, 0, 0, 3, Hunter_(Merchant)
P 719.466, -224.172, -55.9677, 0, 0, 0, 3, Nasumi_(Merchant)
P 549.41, -343.708, -41.9677, 0, 0, 0, 3, Sissin_(Tailor)
P 567.154, -372.584, -55.9677, 0, 0, 0, 3, Sanhan_(Tailor)
P 434.134, -382.668, -55.9677, 0, 0, 0, 3, Myrissa_(Bar)
P 377.26, -405.816, -55.9677, 0, 0, 0, 3, Monita_(Bar)
P 369.954, -458.409, -55.9677, 0, 0, 0, 3, Jillian_(Pottery)
P 331.235, -443.186, -55.9677, 0, 0, 0, 3, Brew_Barrel
P 296.925, -434.029, -55.9677, 0, 0, 0, 3, Tislan_(Baking)
P 252.49, -426.872, -55.9677, 0, 0, 0, 3, Sun_(Brewer)
P 200.254, -342.004, -55.9677, 0, 0, 0, 3, Ikthar_(Armor)
P 166.261, -354.091, -41.9677, 0, 0, 0, 3, Valentin_(Smith)
