P 3078.0000, -3705.0000, 159.0000,  0, 0, 240,  2,  Ingisitorma_Varro_(Q)
P 3317.5596, -3567.9539, 198.4893,  0, 0, 240,  2,  Envoy_Kresh'va_(Q)
P 3318.3875, -3558.9573, 198.4890,  0, 0, 240,  2,  Agent_Honeydrop(Q)
P -2730.2388, -3538.1272, 348.2072,  0, 0, 240,  2,  Diplomat_Dirtlick_(Q)
P -15.7950, -1281.1492, 65.6255,  0, 0, 240,  2,  Blocker_Wigh_(Q)
P 1712.3096, -2458.5525, 270.2309,  0, 0, 240,  2,  Skarp_(Q)
P 394.5955, 501.7525, -165.1719,  0, 0, 240,  2,  Urul_Twigslam_(Q)
P 17.7186, 1803.7166, -216.4024,  0, 0, 240,  2,  Odd_Algot_(Q)
P -2057.6963, 729.6136, 348.6997,  0, 0, 240,  2,  Bothrosz_Aspaar_(Q)
P 3736.9761, -3633.4185, 318.2690,  0, 0, 240,  2,  Praetor_Elsvine_(Q)
P 887.9371, 3405.9114, -308.5808,  0, 0, 240,  2,  Praetor_Garly_(Mi)
P 881.8577, 3400.2686, -308.5369,  0, 0, 240,  2,  Vasyryx_Teken'tlar_(Q)
P 871.7274, 3405.3511, -306.7547,  0, 0, 240,  2,  Praetor_Aberic_(HA)
P -19.6561, -1542.4137, 28.9819,  127, 64, 0,  3,  Flatpost_Tower
P 1014.8586, -204.2672, -163.9273,  127, 64, 0,  3,  Konikor's_Central_Fort
P 200.9970, 1534.2217, -225.5272,  127, 64, 0,  3,  Lowpost_Tower
P -2150.7178, -3527.6509, 133.3880,  127, 64, 0,  3,  Druid_Rings
P -4054.7737, -3423.4600, 326.6630,  127, 64, 0,  3,  Fort_Syldon
P -1041.3329, -88.5280, -69.6068,  127, 64, 0,  3,  Farpost_Tower
P 3022.3423, 977.8876, -213.2062,  127, 64, 0,  3,  Nearpost_Tower
P -2303.6858, 1822.8467, -329.1832,  127, 64, 0,  1,  Legion_miners
P -720.2681, 2441.1729, -400.3890,  127, 64, 0,  1,  Bears_Valley
P 623.8929, 2991.7881, -439.2240,  127, 64, 0,  1,  Drogans
P 2129.8511, 2419.1509, -355.6263,  127, 64, 0,  1,  Highweb_Valley
P 2992.5247, -2764.6946, 467.5701,  127, 64, 0,  1,  Brutes_Peaks
P 2939.6680, -761.2237, -55.4874,  127, 64, 0,  1,  Legion_pacifist
P 1093.6377, -3342.8936, 6.4081,  127, 64, 0,  1,  Wolfs_Hills
P -1463.1365, -5475.1338, 415.7271,  127, 64, 0,  2,  Grove_Guardian's_Canyon
P -2724.7393, -3919.3245, 122.2313,  127, 64, 0,  1,  Droga_camp
P -2678.5752, -370.2900, 136.2631,  127, 64, 0,  2,  Western_Sarnak_Outpost
