P -1186.7638, 41.2160, -39.7252,  240, 0, 0,  2,  Bloodrinker_Furasa
P -1126.1702, 29.6518, -63.9243,  240, 0, 0,  2,  Blood
P -1122.2914, 177.5903, -64.3375,  240, 0, 0,  2,  Blood
P -1050.4612, 327.7520, -90.8389,  240, 0, 0,  2,  Blood
P -2657.1819, -3911.6680, 126.9947,  240, 0, 0,  2,  Bi'faak_(6)
P -2708.9927, -4030.4622, 142.6630,  240, 0, 0,  2,  Dellirious_Beserker
P -2442.8953, -3926.6331, 129.4917,  240, 0, 0,  2,  Delirious
P 1368.4574, 222.5133, -164.7937,  240, 0, 0,  2,  Belligeremt_Biarn
P 3395.4302, -2476.7168, 355.5473,  240, 0, 0,  2,  Brute_Herder_Ar'shok(roam)
P 2552.5938, -2380.1343, 540.7753,  240, 0, 0,  2,  Brute_Herder_(agitator)
P -237.9295, -673.4261, 130.4641,  240, 0, 0,  2,  Reese_the_Rhinopocalyspe
P 1346.3125, -974.2607, -39.5550,  240, 0, 0,  2,  Reese
P 1147.6476, -1123.8805, -39.3492,  240, 0, 0,  2,  Reese
P 476.1170, -401.9999, -70.8743,  240, 0, 0,  2,  Reese(poacher)
P -1155.1642, 1143.4495, -206.4714,  240, 0, 0,  2,  Flintikki_Peltpile
P -3083.1631, 150.2248, -48.2000,  240, 0, 0,  2,  Flintikki_(roam)
P -1483.1989, 3365.5789, -436.6299,  240, 0, 0,  2,  Flintikki
P -3237.2405, -2285.8748, 66.4087,  240, 0, 0,  2,  Spyhunter_Zath'ran
P -3313.1475, -633.5965, -7.4772,  240, 0, 0,  2,  Spyhunter
P -3818.5945, -3298.6636, 188.8348,  240, 0, 0,  2,  Masterchef_Ram'see(chef)
P -3310.1038, -2277.4917, 66.6564,  240, 0, 0,  2,  Masterchef
P -4008.9263, -3123.6985, 204.6664,  240, 0, 0,  2,  Masterchef
P -3856.1702, -3260.9795, 187.3300,  240, 0, 0,  2,  Drillmaster_Mak'tak
P -3848.6731, -2970.8113, 191.7201,  240, 0, 0,  2,  Drillmaster_(drill_sergeant)
P -3546.9727, -573.3827, -6.5492,  240, 0, 0,  2,  Flamewarden_Zev'ran
P -2018.5723, 2074.6277, -282.2402,  240, 0, 0,  2,  Orechomper
P -2422.7522, 2410.5291, -379.5717,  240, 0, 0,  2,  Orechomper
P -2336.4375, 1992.9159, -328.7600,  240, 0, 0,  2,  Orechomper
P -1681.2328, -4506.3438, 303.6485,  240, 0, 0,  2,  Corrupted
P -1307.6167, -4577.7437, 264.4406,  240, 0, 0,  2,  Corrupted_Grove_Guardian
P -1839.6675, -6073.2935, 411.9350,  240, 0, 0,  2,  Corrupted
P -2220.8289, -3940.5840, 131.5723,  240, 0, 0,  2,  Corrupted
P -2200.7524, 1591.1915, -105.0892,  240, 0, 0,  2,  Flintikki
P -734.8819, 3142.8606, -386.3693,  240, 0, 0,  2,  Flintiki
P -3710.9712, -3288.7615, 189.2512,  240, 0, 0,  2,  Drillmaster
P -2349.7964, -3113.7500, 152.1108,  240, 0, 0,  2,  Delirious_Beserker
P -3955.9976, -3053.2107, 205.1200,  240, 0, 0,  2,  Ched
P -3308.5376, -513.3899, -7.5891,  240, 0, 0,  2,  Flamewarder
P -3851.1072, -2843.5801, 188.2206,  240, 0, 0,  2,  Drillmaster
P 1285.4280, 741.8101, -160.4644,  240, 0, 0,  2,  Belligerent_Biarn
P 1028.9939, 744.9147, -162.3085,  240, 0, 0,  2,  Belligerent_Biarn
P 794.4675, 405.2370, -165.3120,  240, 0, 0,  2,  Belligerent_Biarn*
P 580.6422, 62.2199, -165.5546,  240, 0, 0,  2,  Belligerent_Biarn
