P 790.2444, 1685.6554, -163.3908,  127, 0, 0,  2,  a_slydon_deserter
P 2866.6641, 1785.6310, -45.2449,  127, 0, 0,  2,  Rikki'ti_Crikk't
P 1991.5197, 2745.2952, -222.3961,  0, 0, 127,  2,  Venomrider_Di'aak
P 1134.9198, 82.5884, -165.3694,  0, 0, 127,  2,  Stak
P 5660.0000, 529.0000, -80.0000,  0, 0, 127,  2,  Asza_Do'Saraken
P -174.8685, -1293.8146, 65.5776,  0, 0, 127,  2,  Ottar
P 5556.8809, 331.5251, -73.5285,  0, 0, 127,  2,  Soothsayer_Kaar
P -517.5389, -266.3378, -18.4547,  0, 0, 127,  2,  Roald
P -2051.2168, -3675.1658, 132.8571,  0, 0, 127,  2,  Augur_Gwellen
P 763.2599, 40.9076, -162.7940,  0, 0, 127,  2,  Gasi
P -2050.4712, -3666.7417, 132.8634,  0, 0, 127,  2,  Tenlu_Coi
P 3289.7996, -3687.9673, 200.6846,  0, 0, 127,  2,  Jrah_Shu'Bit_(walk_to_Konikor)*
P -2192.6790, 1716.6980, -165.6720,  127, 0, 0,  2,  Gerald_the_Obnoxious
P -1296.7361, 2245.4036, -310.6789,  0, 0, 127,  2,  Earthcaller_Quill
P 2872.3257, -689.1086, -66.7190,  0, 0, 240,  1,  pacifist
P 3067.3655, -724.8536, -62.4429,  0, 0, 240,  1,  pacifist
P 3029.5789, -826.9573, -66.4600,  0, 0, 240,  1,  pacifist
P 2923.4595, -902.3651, -64.2338,  0, 0, 240,  1,  pacifist
P 3389.4065, -879.8672, 30.1049,  0, 0, 240,  1,  pacifist
P 3161.9546, -1203.9507, 32.7132,  0, 0, 240,  1,  pacifist
P 2754.5359, -797.6775, -62.1869,  0, 0, 127,  2,  Elder_Gemhummer*
P 2942.5972, -796.2811, -65.3007,  127, 0, 0,  2,  Ancient_Destroyer
P 2313.6226, 2380.8516, -333.3043,  127, 0, 0,  2,  Ancient_Broodmother
P 566.2278, -3476.6956, 56.2359,  127, 0, 0,  2,  Ancient_Starcollector
P -2203.2122, 1716.5138, -167.2173,  127, 0, 0,  2,  Ancient_Denmother
P -710.1485, -2315.3079, 56.8063,  127, 0, 0,  2,  Ancient_Whitehorn
P -1782.2161, -6770.8765, 427.5104,  240, 0, 0,  2,  Corrupted
P -1065.3324, -1958.8372, 70.9741,  0, 0, 0,  3,  1
P -1072.7532, -2055.7012, 60.8905,  0, 0, 0,  3,  2
P -472.4941, -1760.1554, -14.8552,  0, 0, 0,  3,  4
P -248.7310, -2365.3296, 92.6901,  0, 0, 0,  3,  5
P -534.8949, -2417.2830, 94.9244,  0, 0, 0,  3,  3
P -606.6081, -2221.9949, 66.6983,  0, 0, 0,  2,  caster_spot_1
P -413.7728, -2173.2305, 85.9068,  0, 0, 0,  2,  caster_spot_2
P -428.1211, -2065.2610, 55.6360,  0, 0, 0,  2,  caster_spot_3
P -994.2047, -1903.3512, 79.8995,  0, 0, 0,  2,  melee_spot
