P 1.4773, -266.5534, -73.4304,  0, 0, 0,  2,  click(R)
P -32.0000, -1588.0000, -234.0000,  0, 0, 0,  1,  click_torch
P -335.4565, -1991.6823, -266.4304,  127, 64, 0,  3,  Shade_Prison
P 270.0000, -1867.0000, -145.0000,  127, 64, 0,  3,  Shade_Treasure
P 349.2762, -1324.7820, -146.1603,  127, 64, 0,  3,  Shade_Temple
P -294.9159, -485.5251, -149.3095,  127, 64, 0,  3,  Shade_Meeting
P 20.5804, -1929.8689, -266.3043,  0, 0, 0,  1,  a_wall_of_ice
P 61.3104, -1941.6985, -264.8496,  0, 0, 0,  1,  a_wall_of_ice
P 168.1650, -1762.8445, -308.5025,  0, 0, 0,  1,  one_way
P 51.5380, -1703.5070, -271.8498,  0, 0, 0,  1,  one_way
P 360.1469, -1478.1111, -147.4816,  0, 0, 0,  1,  Kromtus_Longsword_(GS)
P -111.8299, -1858.5236, -306.6705,  0, 0, 0,  1,  Gorod's_Medallion_(GS)
P 191.4644, -2135.5054, -266.4060,  240, 0, 0,  1,  a_block_of_ice
P -166.9936, -2135.2625, -266.4966,  240, 0, 0,  1,  a_block_of_ice
P 192.3708, -1775.5359, -266.4965,  240, 0, 0,  1,  a_block_of_ice
P -167.1145, -1776.1128, -266.4965,  240, 0, 0,  1,  a_block_of_ice
P 0.4773, -1576.4463, -224.6280,  127, 64, 0,  2,  (WL)Statue_of_Shade_King
P 219.0000, -76.0000, -69.9800,  127, 64, 0,  2,  (WL)East_Wing
P -218.0000, -80.0000, -69.9200,  127, 64, 0,  2,  (WL)West_Wing
P -9.9502, -250.9483, -56.7447,  127, 64, 0,  2,  (WL)Entry_Hall
P -37.7267, -1907.8987, -306.6798,  127, 0, 0,  2,  Icecore
P 37.3855, -1982.6852, -306.6766,  0, 0, 0,  1,  Gorod's_Medallion(GS)
P 74.9943, -79.6442, -26.2791,  0, 127, 127,  2,  Ancient_Red_Covered_Tome_(GS)
