P -453.3390, -247.6536, -230.6999,  127, 0, 0,  3,  The_Overseer
P -473.6659, 405.1121, -242.6553,  127, 0, 0,  3,  Fried
P -1102.5365, -269.1241, -242.6714,  127, 0, 0,  3,  Harfange_the_Black
P -445.5085, -877.8591, -242.6596,  127, 0, 0,  3,  Wulfnor_the_Gladiator
P 720.0000, -999.0000, -97.0000,  240, 0, 0,  2,  Rallosian_Acolyte_Aemon
P -1.0000, -1388.0000, -238.0000,  240, 0, 0,  2,  Lorekeeper_Thoren_Goldentongue
P -0.3790, -1387.5176, -237.3290,  127, 0, 0,  3,  Lorekeeper_Bentolf_'Quiet
P 141.5680, -1315.9751, -197.2464,  240, 0, 0,  2,  Icecrack*
P 28.8492, -1949.2986, -266.4965,  127, 0, 0,  3,  Grenrik_the_Addled
P 190.3760, -1777.8185, -266.4965,  127, 0, 0,  2,  Haze
P 190.1714, -2139.5330, -266.4965,  127, 0, 0,  2,  Fallow
P -171.5382, -2113.2017, -266.3041,  127, 0, 0,  2,  Crusher
P -174.6810, -1765.3976, -266.4965,  127, 0, 0,  2,  The_Fleshless
P 117.1624, -2524.7361, -266.3102,  127, 0, 0,  3,  King_Beltron
P -270.1838, -485.3378, -149.1310,  240, 0, 0,  2,  Firbulg
P -197.3660, -304.1206, -72.5216,  240, 0, 0,  2,  Guard_Commander_Bowulf*
P 128.2479, -601.9053, -139.7030,  240, 0, 0,  2,  Juha
P -476.1533, -913.3340, -147.2475,  240, 0, 0,  2,  Gadrik
P 408.0000, -827.0000, -149.0000,  240, 0, 0,  2,  Shangkai
P -440.7409, -205.5631, -72.7297,  240, 0, 0,  2,  Barvig_Bloodaxe
P 394.1330, -241.4262, -72.7181,  240, 0, 0,  2,  Tharvig_the_Haunted(NA)
P -668.1620, -640.4009, -94.8727,  240, 0, 0,  2,  Quartermaster_Balrik(NA)
P 247.1502, -1721.9518, -147.3901,  240, 0, 0,  2,  Lorekeeper_Heimdul(NA)
P 27.2107, -1704.4292, -264.7126,  240, 0, 0,  2,  Krag_the_Icelord
P -65.4262, -1106.2948, -222.3341,  240, 0, 0,  2,  Havik_the_Faithful
P 1.8306, -615.4084, -147.3164,  240, 0, 0,  2,  Geshan_the_Wretched
P -494.4635, -752.5464, -147.5267,  240, 0, 0,  2,  Captain_Hectov
P 129.7939, -2052.5330, -306.8927,  240, 0, 0,  2,  Floe*
P -85.4613, -1858.7277, -306.9015,  240, 0, 0,  2,  Ice*
