P -147.9648, -327.4456, -6.6808,  240, 0, 0,  2,  Xalgoti*
P -157.0589, -748.0508, 175.1766,  240, 0, 0,  2,  D'dee_the_Chilled
P -403.2036, -812.2833, 71.7799,  240, 0, 0,  2,  Cara_Omica
P -124.0231, -304.0424, -6.6808,  240, 0, 0,  2,  Xagolti
P -109.6495, -285.7676, -3.9101,  240, 0, 0,  2,  a_skeleton_sleeper
P -247.1475, -775.2761, 175.1767,  240, 0, 0,  2,  Amontehepna_the_Second
P -65.2510, -174.9806, -6.8436,  240, 0, 0,  2,  Xalgoti
P -628.7986, -379.6258, 54.7858,  240, 0, 0,  2,  Zogrim_the_Dead
P -646.8350, -464.6349, 56.8656,  240, 0, 0,  2,  Zogrim
P -461.7752, -806.6940, 71.7607,  240, 0, 0,  2,  Cara_Omica
P 12.3499, -1011.8235, 175.0725,  240, 0, 0,  2,  Narmak_Berreka
P -171.6701, -1067.7959, 174.9521,  240, 0, 0,  2,  Amon
P -155.7531, -1063.5474, 174.9521,  240, 0, 0,  2,  Amon
P -133.7602, -1001.0226, 114.7630,  240, 0, 0,  2,  Amon*
P -361.9658, -244.1569, -6.5527,  240, 0, 0,  2,  Xalgoti
P 31.0771, -889.0583, 175.0724,  240, 0, 0,  2,  D'dee*
P 307.7354, -345.7499, 214.0993,  240, 0, 0,  2,  Dark_Huntress
P 34.8549, -352.2537, 214.0994,  240, 0, 0,  2,  Dark_Huntress
P 11.1304, -534.8285, 214.2035,  240, 0, 0,  2,  Dark_Huntress
P 18.0292, -345.4631, 214.2035,  240, 0, 0,  2,  Dark_Huntress
P -31.9290, -418.0794, 351.2251,  240, 0, 0,  2,  Ascendant_Svartmane
P 287.6797, -353.9462, 214.0993,  240, 0, 0,  2,  Dark_Huntress
P 133.1960, -428.2828, 214.2035,  240, 0, 0,  2,  Dark_Huntress
P 462.5889, -322.1950, 1.9314,  240, 0, 0,  2,  a_shrouded_bat
P -463.8722, -1060.3263, 66.1190,  240, 0, 0,  2,  Cara_Omica
P -332.7532, -411.4266, -3.7899,  240, 0, 0,  2,  a_skeleton_sleeper
P -675.7169, -396.6184, 54.2729,  240, 0, 0,  2,  Zorglim
P 41.3284, -888.8547, 174.6638,  240, 0, 0,  2,  Narmak
P 319.4673, -849.4313, -0.2941,  240, 0, 0,  2,  Deacon_Foels_Tomorin*
P 356.3362, -1104.0901, -0.2937,  240, 0, 0,  2,  Vhal'Sera
P -80.0875, -197.0982, -6.9082,  240, 0, 0,  2,  a_skeleton_sleeper
P -119.7870, -460.9977, -8.9764,  240, 0, 0,  2,  Xalgoti
P -58.0410, -224.2830, -6.5311,  240, 0, 0,  2,  Xalgoti
P 465.2777, -865.9380, -0.3983,  240, 0, 0,  2,  Deacon
P 423.8534, -185.0462, 1.8271,  240, 0, 0,  2,  a_shrouded_bat
P -260.2616, -190.6392, -6.6026,  240, 0, 0,  2,  a_skeleton_sleeper
P -41.4637, -347.7791, -6.8731,  240, 0, 0,  2,  Xalgoti
P 353.4129, -1146.9751, -0.4976,  240, 0, 0,  2,  Vhal'Sera
P 197.1008, -908.2263, -0.4983,  240, 0, 0,  2,  Deacon
P -320.7695, -307.7722, -6.4507,  240, 0, 0,  2,  a_skeleton_sleeper
P -69.8098, -803.2961, 175.1765,  240, 0, 0,  2,  D'dee*
P 111.7244, -742.5660, 175.0724,  240, 0, 0,  2,  D`dee
P 67.2135, -775.8406, 175.0724,  240, 0, 0,  2,  Narmak_Berreka
P -272.6115, -747.9397, 175.1767,  240, 0, 0,  2,  D'dee
P -234.9514, -875.7822, 175.1766,  240, 0, 0,  2,  Namak*
P 8.8642, -422.0669, 249.1939,  240, 0, 0,  2,  Dark_Huntress*
P -144.3128, -1026.4192, 114.7632,  240, 0, 0,  2,  D'dee
P 238.4820, -550.5994, 214.0993,  240, 0, 0,  2,  Dark_Huntress
P 283.2012, -565.3481, 20.6952,  240, 0, 0,  2,  a_shrouded_bat
P -491.5138, -1003.4904, 66.1272,  240, 0, 0,  2,  Cara_Omica
P 52.3463, -1043.4369, 175.0725,  240, 0, 0,  2,  D'dee
P 102.5183, -615.8560, 214.0993,  240, 0, 0,  2,  Dark_Huntress
P 442.9763, -1148.3982, -0.5177,  240, 0, 0,  2,  Val'Sera
