P 54.4097, 109.7398, -202.8681,  0, 0, 0,  2,  pile_of_salt
P 808.7167, 94.9491, -32.1980,  0, 0, 0,  2,  Snow_Peas
P 771.0234, 49.9349, -31.4956,  0, 0, 0,  2,  Snow_Peas
P 13.6042, 425.1227, -62.2575,  0, 0, 0,  2,  Mountain_Tuber
P 26.3235, 423.7754, -62.2574,  0, 0, 0,  2,  M_T
P -176.3182, 411.2553, -55.1508,  0, 0, 0,  2,  M_T
P -230.4624, 308.0218, -59.1212,  0, 0, 0,  2,  M_T
P 154.3055, 337.3574, -54.9274,  0, 0, 0,  2,  M_T
P 220.5411, 269.3176, -58.6157,  0, 0, 0,  2,  M_T
P 255.4021, 246.5574, -56.4837,  0, 0, 0,  2,  M_T
P 718.7939, 173.1634, -27.5668,  0, 0, 127,  2,  gigglegibber_purse
P 607.1024, 160.1727, -31.9218,  0, 0, 0,  2,  Snow_Peas
P 625.0687, 213.8553, -32.9452,  0, 0, 0,  2,  Snow_Peas
P 731.8187, 136.6209, -27.2234,  100, 0, 100,  2,  FrostellTree/_Village
P 791.2794, 243.4984, -22.9237,  100, 0, 100,  2,  Messy_Hall
P 784.3702, 70.4259, -29.3718,  100, 0, 100,  2,  Barracks
P -11.1491, 29.1408, -37.9953,  100, 0, 100,  2,  Gifty_Giver
P -421.7104, -40.1631, -49.8911,  100, 0, 216,  2,  Yetis
P 660.6852, 189.3687, -34.3952,  100, 0, 100,  2,  Chest_
