L 234.4512, -219.1520, -67.8391,  222.9404, -213.3986, -67.8391,  0, 0, 0
L 222.9404, -213.3986, -67.8391,  209.6857, -215.2460, -67.8391,  0, 0, 0
L 209.6857, -215.2460, -67.8391,  196.3961, -228.9798, -67.8391,  0, 0, 0
L 196.3961, -228.9798, -67.8391,  177.1418, -209.2335, -67.8391,  0, 0, 240
L 177.1418, -209.2335, -67.8391,  182.9782, -183.3902, -67.8391,  0, 0, 240
L 182.9782, -183.3902, -67.8391,  162.1201, -171.3389, -67.8391,  0, 0, 240
L 162.1201, -171.3389, -67.8391,  143.0932, -154.1546, -67.8391,  0, 0, 240
L 143.0932, -154.1546, -67.8391,  131.9448, -136.3096, -67.8391,  0, 0, 240
L 131.9448, -136.3096, -67.8391,  121.8921, -144.3444, -67.8391,  0, 0, 240
L 121.8921, -144.3444, -67.8391,  132.4504, -159.4696, -67.8127,  0, 0, 240
L 132.4504, -159.4696, -67.8127,  145.5909, -171.3375, -67.8127,  0, 0, 240
L 145.5909, -171.3375, -67.8127,  135.5911, -188.1932, -67.8127,  0, 0, 240
L 135.5911, -188.1932, -67.8127,  129.7612, -191.4997, -67.8127,  0, 0, 240
L 129.7612, -191.4997, -67.8127,  123.9384, -193.9954, -67.8127,  0, 0, 240
L 123.9384, -193.9954, -67.8127,  117.2016, -194.1150, -67.8127,  0, 0, 240
L 117.2016, -194.1150, -67.8127,  105.5743, -177.1631, -67.8127,  0, 0, 240
L 105.5743, -177.1631, -67.8127,  97.8948, -170.2026, -67.8127,  0, 0, 240
L 97.8948, -170.2026, -67.8127,  89.0417, -163.1546, -67.8127,  0, 0, 240
L 89.0417, -163.1546, -67.8127,  77.1636, -157.8890, -67.8127,  0, 0, 240
L 77.1636, -157.8890, -67.8127,  69.0688, -147.8767, -67.8127,  0, 0, 240
L 69.0688, -147.8767, -67.8127,  74.2632, -134.9720, -67.8127,  0, 0, 240
L 74.2632, -134.9720, -67.8127,  80.7501, -125.0893, -67.8127,  0, 0, 240
L 80.7501, -125.0893, -67.8127,  90.6343, -119.5810, -67.8127,  0, 0, 240
L 90.6343, -119.5810, -67.8127,  87.7496, -116.1528, -67.8127,  0, 0, 240
L 87.7496, -116.1528, -67.8127,  71.6970, -123.6995, -67.8187,  0, 0, 240
L 71.6970, -123.6995, -67.8187,  52.8999, -110.9512, -67.8187,  0, 0, 240
L 52.8999, -110.9512, -67.8187,  40.3734, -109.5486, -67.8187,  0, 0, 240
L 40.3734, -109.5486, -67.8187,  34.5675, -92.8937, -67.8404,  0, 0, 240
L 34.5675, -92.8937, -67.8404,  55.8411, -73.0532, -67.8404,  0, 0, 240
L 55.8411, -73.0532, -67.8404,  50.3791, -55.9310, -67.8404,  0, 0, 240
L 50.3791, -55.9310, -67.8404,  51.9221, -36.9344, -67.8404,  0, 0, 240
L 51.9221, -36.9344, -67.8404,  37.5383, -27.6961, -67.8457,  0, 0, 240
L 37.5383, -27.6961, -67.8457,  30.0434, -7.8691, -67.8457,  0, 0, 240
L 30.0434, -7.8691, -67.8457,  44.5092, 4.2794, -67.8457,  0, 0, 240
L 44.5092, 4.2794, -67.8270,  43.2209, 11.1951, -67.8270,  0, 0, 240
L 41.7820, 23.3197, -67.8294,  29.6494, 31.3535, -67.8294,  0, 0, 240
L 29.6494, 31.3535, -67.8294,  29.1475, 50.1021, -67.8294,  0, 0, 240
L 29.1475, 50.1021, -67.8294,  18.3472, 70.9034, -67.8294,  0, 0, 240
L 18.3472, 70.9034, -67.8294,  27.8872, 86.3445, -67.8294,  0, 0, 240
L 27.8872, 86.3445, -67.8294,  14.0945, 103.4378, -67.8294,  0, 0, 240
L 14.0945, 103.4378, -67.8294,  1.0100, 97.7442, -67.8294,  0, 0, 240
L 1.0100, 97.7442, -67.8294,  1.2615, 114.3515, -67.8294,  0, 0, 240
L 1.2615, 114.3515, -67.8294,  -5.9537, 119.6000, -67.8294,  0, 0, 240
L -5.9537, 119.6000, -67.8294,  -5.0156, 145.6504, -67.8294,  0, 0, 240
L -5.0156, 145.6504, -67.8294,  -11.6017, 141.9238, -67.8294,  0, 0, 240
L -11.6017, 141.9238, -67.8294,  -11.8896, 125.4886, -67.8294,  0, 0, 240
L -11.8896, 125.4886, -67.8294,  -15.4247, 121.6725, -67.8294,  0, 0, 240
L -15.4247, 121.6725, -67.8294,  -24.7628, 124.5887, -67.8294,  0, 0, 240
L -24.7628, 124.5887, -67.8294,  -20.8547, 107.8386, -67.8294,  0, 0, 240
L -20.8547, 107.8386, -67.8294,  -29.3541, 94.8023, -67.8294,  0, 0, 240
L -29.3541, 94.8023, -67.8294,  -39.0466, 103.6741, -67.8294,  0, 0, 240
L -39.0466, 103.6741, -67.8294,  -51.6594, 87.5057, -67.8294,  0, 0, 240
L -51.6594, 87.5057, -67.8294,  -45.3605, 62.0737, -67.8294,  0, 0, 240
L -45.3605, 62.0737, -67.8294,  -50.0293, 62.3508, -67.8294,  0, 0, 240
L -50.0293, 62.3508, -67.8294,  -55.9369, 59.4740, -67.8294,  0, 0, 240
L -55.9369, 59.4740, -67.8294,  -62.9029, 41.0222, -67.8294,  0, 0, 240
L -62.9029, 41.0222, -67.8294,  -67.6602, 23.6094, -67.8294,  0, 0, 240
L -69.2984, 11.1336, -67.8294,  -72.6306, 1.5657, -67.8294,  0, 0, 240
L -72.6306, 1.5657, -67.8294,  -80.6816, -26.3210, -67.8294,  0, 0, 240
L -80.6816, -26.3210, -67.8294,  -62.2977, -50.2070, -67.8294,  0, 0, 240
L -62.2977, -50.2070, -67.8294,  -76.9360, -73.2013, -67.8294,  0, 0, 240
L -76.9360, -73.2013, -67.8294,  -91.1579, -79.3059, -67.8294,  0, 0, 240
L -91.1579, -79.3059, -67.8294,  -95.1427, -87.0897, -67.8294,  0, 0, 240
L -95.1427, -87.0897, -67.8294,  -85.7992, -105.5014, -67.8294,  0, 0, 240
L -85.7992, -105.5014, -67.8294,  -87.4355, -121.2149, -67.8360,  0, 0, 240
L -87.4355, -121.2149, -67.8360,  -78.2840, -129.5992, -67.8360,  0, 0, 240
L -78.2840, -129.5992, -67.8360,  -76.5686, -142.4409, -67.8360,  0, 0, 240
L -76.5686, -142.4409, -67.8360,  -101.9552, -185.7366, -67.8360,  0, 0, 240
L -101.9552, -185.7366, -67.8360,  -131.0613, -185.5203, -67.8360,  0, 0, 240
L -131.0613, -185.5203, -67.8360,  -136.1820, -174.6160, -67.8360,  0, 0, 240
L -136.1820, -174.6160, -67.8360,  -149.7041, -170.0048, -67.8360,  0, 0, 240
L -149.7041, -170.0048, -67.8360,  -176.9351, -176.3313, -67.8360,  0, 0, 240
L -176.9351, -176.3313, -67.8360,  -159.3152, -215.8737, -67.8360,  0, 0, 240
L -159.3152, -215.8737, -67.8360,  -178.9161, -236.6358, -67.8453,  0, 0, 240
L -178.9161, -236.6358, -67.8453,  -202.3326, -227.4862, -67.8432,  0, 0, 240
L -202.3326, -227.4862, -67.8432,  -203.4853, -227.7153, -67.8432,  0, 0, 240
L -275.2964, 394.8054, -105.7659,  -275.3026, 394.8114, -105.7659,  0, 0, 0
L -265.9314, 404.8504, -105.5191,  -275.5385, 390.8394, -105.5189,  255, 0, 255
L -83.7679, 406.1198, -69.3769,  -73.3229, 365.5233, -69.3768,  0, 0, 240
L -73.3229, 365.5233, -69.3768,  -20.4329, 358.5475, -67.8416,  0, 0, 240
L -20.4329, 358.5475, -67.8416,  22.8579, 354.8690, -69.3768,  0, 0, 240
L 22.8579, 354.8690, -69.3768,  50.8929, 384.5554, -69.4897,  0, 0, 240
L -265.9314, 404.8504, -106.1924,  -257.9240, 398.0672, -107.0339,  0, 0, 0
L -257.9240, 398.0672, -107.0339,  -211.3662, 369.0267, -80.1585,  0, 0, 0
L -211.3662, 369.0267, -80.1585,  -207.0086, 364.4518, -76.1730,  0, 0, 0
L -275.5385, 390.8394, -106.4995,  -228.3307, 348.3098, -71.6632,  0, 0, 0
L -228.3307, 348.3098, -71.6632,  -218.6872, 342.8289, -62.8403,  0, 0, 0
L -147.0667, 328.2218, -68.2968,  -130.1051, 336.6485, -68.3023,  0, 127, 127
L -130.1051, 336.6485, -68.3023,  -128.4028, 343.8243, -67.5776,  0, 127, 127
L -128.4028, 343.8243, -67.5776,  -118.1027, 347.5185, -68.4264,  0, 127, 127
L -118.1027, 347.5185, -68.4264,  -111.4740, 376.1676, -68.2351,  0, 127, 127
L -111.4740, 376.1676, -68.2351,  -105.1727, 388.5073, -67.9822,  0, 127, 127
L -105.1727, 388.5073, -67.9822,  -94.7724, 399.6452, -67.7167,  0, 127, 127
L -94.7724, 399.6452, -67.7167,  -83.7679, 406.1198, -67.9649,  0, 127, 127
L -83.6856, 405.8000, -67.9649,  -51.6643, 406.0807, -70.8844,  0, 127, 127
L -51.6643, 406.0807, -70.8844,  -41.8166, 404.6705, -70.6126,  0, 127, 127
L -41.8166, 404.6705, -70.6126,  -26.2913, 403.2114, -70.6775,  0, 127, 127
L -26.2913, 403.2114, -70.6775,  -14.1819, 405.9925, -70.5036,  0, 127, 127
L -14.1819, 405.9925, -70.5036,  7.4959, 407.0811, -70.7352,  0, 127, 127
L 7.4959, 407.0811, -70.7352,  28.3904, 411.5832, -70.5827,  0, 127, 127
L 28.3904, 411.5832, -70.5827,  48.4665, 384.7622, -70.7987,  0, 127, 127
L 48.4665, 384.7622, -70.7987,  52.4370, 384.4238, -69.1917,  0, 127, 127
L 52.4370, 384.4238, -69.2285,  71.8972, 360.3966, -69.3789,  0, 127, 127
L 71.8972, 360.3966, -69.3789,  115.8835, 301.1816, -68.7040,  0, 127, 127
L 115.8835, 301.1816, -68.7040,  141.4854, 274.8606, -67.7242,  0, 127, 127
L 141.4854, 274.8606, -67.7242,  148.1951, 270.1028, -67.6869,  0, 127, 127
L 148.1951, 270.1028, -67.6869,  172.4713, 261.3656, -68.3431,  0, 127, 127
L 172.4713, 261.3656, -68.3431,  181.8453, 255.3662, -68.7879,  0, 127, 127
L 181.8453, 255.3662, -68.7879,  189.0935, 248.9808, -69.3789,  0, 127, 127
L 189.0935, 248.9808, -69.3789,  195.8197, 245.8665, -69.1518,  0, 127, 127
L 195.8197, 245.8665, -69.1518,  210.7317, 235.4470, -69.3789,  0, 127, 127
L 210.7317, 235.4470, -69.3789,  217.0823, 224.0036, -69.1251,  0, 127, 127
L 217.0823, 224.0036, -69.1251,  225.8866, 211.8227, -69.3595,  0, 127, 127
L 225.8866, 211.8227, -69.3595,  231.2493, 206.9451, -68.2934,  0, 127, 127
L 231.2493, 206.9451, -68.2934,  236.2067, 170.4220, -68.9785,  0, 127, 127
L 236.2067, 170.4220, -68.9785,  239.5545, 156.7478, -68.8856,  0, 127, 127
L 239.5545, 156.7478, -68.8856,  245.5715, 137.1736, -68.9802,  0, 127, 127
L 245.5715, 137.1736, -68.9802,  248.0423, 130.9810, -68.8141,  0, 127, 127
L 248.0423, 130.9810, -68.8141,  250.0632, 123.4716, -69.3789,  0, 127, 127
L 250.0632, 123.4716, -69.3789,  251.6823, 120.0715, -68.5002,  0, 127, 127
L 251.6823, 120.0715, -68.5002,  254.5903, 116.7213, -68.7054,  0, 127, 127
L 254.5903, 116.7213, -68.7054,  256.5980, 113.0141, -68.3265,  0, 127, 127
L 256.5980, 113.0141, -68.3265,  259.1537, 104.5998, -66.2645,  0, 127, 127
L 259.6791, 107.1002, -66.2645,  237.3754, 0.9560, -67.5137,  0, 127, 127
L 237.3754, 0.9560, -67.5137,  219.5684, -37.0729, -69.3789,  0, 127, 127
L 219.5684, -37.0729, -69.3789,  203.3358, -102.1401, -68.2275,  0, 127, 127
L 203.3358, -102.1401, -68.2275,  195.3400, -136.6235, -69.3789,  0, 127, 127
L 195.3400, -136.6235, -69.3789,  200.8719, -148.1564, -69.3789,  0, 127, 127
L 200.8719, -148.1564, -69.3789,  213.3416, -177.4729, -69.3789,  0, 127, 127
L 213.3416, -177.4729, -69.3789,  233.5763, -217.7551, -69.3789,  0, 127, 127
L 233.5763, -217.7551, -69.3789,  237.0651, -226.9929, -73.0379,  0, 127, 127
L 237.0651, -226.9929, -73.0379,  250.1966, -254.0394, -69.5117,  0, 127, 127
L 250.1966, -254.0394, -70.2507,  242.3052, -300.4283, -72.0196,  0, 127, 127
L 242.3052, -300.4283, -72.0196,  218.2858, -339.9557, -67.2898,  0, 127, 127
L 218.2858, -339.9557, -68.3437,  174.5692, -377.6322, -71.5319,  0, 127, 127
L 145.0070, -398.9420, -68.7675,  174.5692, -377.6322, -69.8160,  0, 127, 127
L 145.0070, -398.9420, -69.3180,  49.5323, -433.4516, -70.3094,  0, 127, 127
L 49.5323, -433.4516, -69.9052,  12.3356, -443.1084, -67.5449,  0, 127, 127
L 12.3356, -443.1084, -68.7717,  -51.4083, -439.4296, -71.0040,  0, 127, 127
L -51.4083, -439.4296, -71.0040,  -115.4217, -431.7970, -69.7991,  0, 127, 127
L -115.4217, -431.7970, -69.9520,  -188.4044, -414.3924, -70.1343,  0, 127, 127
L -188.4044, -414.3924, -70.0424,  -217.4919, -404.4479, -68.0022,  0, 127, 127
L -217.4919, -404.4479, -70.0607,  -264.5895, -363.8018, -70.1874,  0, 127, 127
L -264.5895, -363.8018, -67.3182,  -230.4859, -342.4574, -69.9472,  0, 0, 0
L -230.4859, -342.4574, -69.9472,  -205.2915, -306.9819, -69.7659,  0, 0, 0
L -205.2915, -306.9819, -69.7659,  -201.4006, -279.3521, -69.7458,  0, 0, 0
L -201.4006, -279.3521, -69.7458,  -208.4969, -271.1197, -69.7453,  0, 0, 0
L -208.4969, -271.1197, -69.7453,  -218.1913, -264.5256, -65.7236,  0, 0, 0
L -218.1913, -264.5256, -65.7236,  -229.7318, -256.9931, -65.7033,  0, 0, 0
L -229.7318, -256.9931, -65.7033,  -235.9405, -252.4075, -69.1674,  0, 0, 0
L -216.1032, -229.4688, -69.8152,  -203.5327, -229.2129, -69.7428,  0, 0, 0
L -203.5327, -229.2129, -69.7428,  -202.4444, -194.8328, -67.8368,  0, 0, 0
L -202.4444, -194.8328, -67.8368,  -208.7493, -180.5048, -65.7487,  0, 0, 0
L -208.7493, -180.5048, -65.7487,  -207.4810, -160.0824, -65.4082,  0, 0, 0
L -207.4810, -160.0824, -65.4082,  -256.6272, -69.7866, -66.5457,  0, 127, 127
L -256.6272, -69.7866, -66.5457,  -272.2420, -33.1927, -66.5449,  0, 127, 127
L -272.2420, -33.1927, -66.5449,  -278.1774, -0.3976, -66.5441,  0, 127, 127
L -278.1774, -0.3976, -66.5441,  -276.9894, 33.7737, -66.5432,  0, 127, 127
L -276.9894, 33.7737, -66.5432,  -249.9381, 165.7618, -67.7020,  0, 127, 127
L -249.9381, 165.7618, -67.7020,  -249.1275, 179.6882, -67.2712,  0, 127, 127
L -249.1275, 179.6882, -67.2712,  -248.8336, 243.7815, -66.6126,  0, 127, 127
L -248.8336, 243.7815, -66.6126,  -250.0711, 272.9621, -66.9851,  0, 127, 127
L -250.0711, 272.9621, -66.9851,  -247.6536, 297.3845, -56.5401,  0, 0, 0
L -247.6536, 297.3845, -56.5401,  -245.9934, 313.3804, -52.4536,  0, 0, 0
L -245.9934, 313.3804, -52.4536,  -246.1595, 318.8514, -47.9514,  0, 0, 0
L -246.1595, 318.8514, -47.9514,  -245.5740, 339.6436, -47.9532,  0, 0, 0
L -245.5740, 339.6436, -47.9532,  -247.3569, 365.4505, -45.5494,  0, 0, 0
L -238.3148, 385.8359, -52.4961,  -221.3597, 402.2146, -60.3337,  0, 0, 0
L -221.3597, 402.2146, -60.3337,  -206.7729, 411.7157, -56.8941,  0, 0, 0
L -206.7729, 411.7157, -56.8941,  -155.7655, 420.7222, -52.1339,  0, 0, 0
L -155.7655, 420.7222, -52.1339,  -113.1056, 425.1123, -54.6929,  0, 0, 0
L -113.1056, 425.1123, -54.6929,  -53.1671, 446.6535, -58.6613,  0, 0, 0
L -53.1671, 446.6535, -58.6613,  -18.8713, 450.7597, -57.0278,  0, 0, 0
L -18.8713, 450.7597, -57.0278,  15.9615, 443.9859, -58.8513,  0, 0, 0
L 15.9615, 443.9859, -58.8513,  39.2867, 435.5924, -59.8195,  0, 0, 0
L 39.2867, 435.5924, -59.8195,  53.9115, 429.4491, -57.4794,  0, 0, 0
L 53.9115, 429.4491, -57.4794,  141.6143, 393.0332, -54.5867,  0, 0, 0
L 141.6143, 393.0332, -54.5867,  164.8885, 367.9597, -54.5494,  0, 0, 0
L 164.8885, 367.9597, -54.5494,  195.8943, 342.2960, -53.2527,  0, 0, 0
L 195.8943, 342.2960, -53.2527,  198.2123, 335.7776, -51.8618,  0, 0, 0
L 198.2123, 335.7776, -51.8618,  209.0958, 343.6223, -58.6658,  0, 0, 0
L 209.0958, 343.6223, -58.6658,  209.6496, 344.7416, -58.4639,  0, 0, 0
L 209.6496, 344.7416, -58.4639,  209.6288, 349.7287, -54.1854,  0, 0, 0
L 209.6288, 349.7287, -54.1854,  244.2268, 374.4728, -62.7565,  0, 0, 0
L 244.2268, 374.4728, -62.7565,  251.5323, 384.6060, -66.0693,  0, 0, 0
L 251.5323, 384.6060, -66.0693,  263.5979, 389.4859, -62.3756,  0, 0, 0
L 263.5979, 389.4859, -62.3756,  283.1224, 404.8787, -62.6880,  0, 0, 0
L 283.1224, 404.8787, -62.6880,  290.4690, 407.6169, -58.4085,  0, 0, 0
L 290.4690, 407.6169, -58.4085,  295.3500, 409.4624, -60.8562,  0, 0, 0
L 295.3500, 409.4624, -60.8562,  307.9589, 416.3440, -62.6548,  0, 0, 0
L 307.9589, 416.3440, -62.6548,  321.1474, 421.3347, -62.3002,  0, 0, 0
L 321.1474, 421.3347, -62.3002,  332.2428, 428.7872, -64.8885,  0, 0, 0
L 332.2428, 428.7872, -64.8885,  343.1820, 434.1422, -65.9925,  0, 0, 0
L 343.1820, 434.1422, -65.9925,  350.0842, 452.7458, -63.8337,  0, 0, 0
L 350.0842, 452.7458, -63.8337,  348.0044, 471.4808, -60.8979,  0, 0, 0
L 348.0044, 471.4808, -60.8979,  351.9578, 484.4049, -62.2791,  0, 0, 0
L 351.9578, 484.4049, -62.8646,  343.4583, 488.3270, -63.0690,  0, 0, 0
L 343.4583, 488.3270, -63.0690,  333.5237, 491.7979, -62.3890,  0, 0, 0
L 333.5237, 491.7979, -62.3890,  314.1348, 488.9505, -65.9268,  0, 0, 0
L 314.1348, 488.9505, -65.9268,  302.0649, 493.3744, -68.7691,  0, 0, 0
L 302.0649, 493.3744, -68.7691,  284.4140, 488.4007, -66.4934,  0, 0, 0
L 284.4140, 488.4007, -66.4934,  267.5869, 491.9226, -68.9333,  0, 0, 0
L 267.5869, 491.9226, -68.9333,  243.4330, 490.3433, -75.3251,  0, 0, 0
L 243.4330, 490.3433, -75.3251,  222.0094, 497.9984, -76.2769,  0, 0, 0
L 222.0094, 497.9984, -76.2769,  212.2695, 509.4379, -75.4163,  0, 0, 0
L 212.2695, 509.4379, -75.4163,  207.0125, 527.8605, -74.7039,  0, 0, 0
L 207.0125, 527.8605, -74.7039,  211.1793, 545.6530, -78.1385,  0, 0, 0
L 211.1793, 545.6530, -78.1385,  208.8503, 568.5693, -75.9999,  0, 0, 0
L 208.8503, 568.5693, -75.9999,  216.5668, 590.2783, -74.9731,  0, 0, 0
L 216.5668, 590.2783, -74.9731,  226.3412, 598.6688, -71.8463,  0, 0, 0
L 226.3412, 598.6688, -71.8463,  244.1245, 609.3492, -66.8638,  0, 0, 0
L 244.1245, 609.3492, -66.8638,  254.5098, 612.3209, -64.8887,  0, 0, 0
L 254.5098, 612.3209, -64.8887,  262.4114, 617.9608, -65.8313,  0, 0, 0
L 262.4114, 617.9608, -65.8313,  272.4565, 620.6429, -62.0478,  0, 0, 0
L 272.4565, 620.6429, -62.0478,  279.6235, 628.5923, -59.2433,  0, 0, 0
L 279.6235, 628.5923, -59.2433,  292.4205, 636.2660, -54.8515,  0, 0, 0
L 292.4205, 636.2660, -54.8515,  304.4555, 640.7289, -53.2562,  0, 0, 0
L 304.4555, 640.7289, -53.2562,  317.9331, 651.3896, -47.6642,  0, 0, 0
L 317.9331, 651.3896, -47.6642,  324.0352, 655.9836, -48.8307,  0, 0, 0
L 324.0352, 655.9836, -48.8307,  336.6765, 661.2094, -47.9829,  0, 0, 0
L 336.6765, 661.2094, -47.9829,  343.7145, 671.0682, -47.1247,  0, 0, 0
L 343.7145, 671.0682, -47.1247,  360.4341, 675.0289, -48.7495,  0, 0, 0
L 360.4341, 675.0289, -48.7495,  370.0674, 676.4041, -47.7668,  0, 0, 0
L 370.0674, 676.4041, -47.7668,  380.8289, 677.3015, -45.5987,  0, 0, 0
L 380.8289, 677.3015, -45.5987,  395.4911, 666.9604, -45.9401,  0, 0, 0
L 395.4911, 666.9604, -45.9401,  417.9240, 660.2823, -47.1798,  0, 0, 0
L 417.9240, 660.2823, -47.1798,  435.5651, 643.2289, -46.6993,  0, 0, 0
L 435.5651, 643.2289, -46.6993,  439.3299, 631.4881, -43.8224,  0, 0, 0
L 439.3299, 631.4881, -43.8224,  442.4393, 612.4338, -38.8861,  0, 0, 0
L 442.4393, 612.4338, -38.8861,  441.5119, 601.9210, -39.1174,  0, 0, 0
L 441.5119, 601.9210, -39.1174,  443.5454, 592.1377, -36.7357,  0, 0, 0
L 443.5454, 592.1377, -36.7357,  442.1917, 581.2366, -32.5319,  0, 0, 0
L 442.1917, 581.2366, -32.5319,  447.0140, 572.0372, -30.1498,  0, 0, 0
L 447.0140, 572.0372, -30.1498,  449.1242, 562.4354, -28.6177,  0, 0, 0
L 449.1242, 562.4354, -28.6177,  461.9542, 543.1603, -29.0112,  0, 0, 0
L 461.9542, 543.1603, -29.0112,  464.6834, 525.4590, -27.8071,  0, 0, 0
L 464.6834, 525.4590, -27.8071,  469.4773, 515.6389, -28.6853,  0, 0, 0
L 469.4773, 515.6389, -28.6853,  470.6535, 506.0111, -28.2116,  0, 0, 0
L 470.6535, 506.0111, -28.2116,  467.7717, 496.1953, -33.0923,  0, 0, 0
L 467.7717, 496.1953, -33.0923,  462.9428, 486.1645, -35.8395,  0, 0, 0
L 462.9428, 486.1645, -35.8395,  462.2560, 476.6736, -35.2924,  0, 0, 0
L 462.2560, 476.6736, -35.2924,  458.0068, 466.2756, -37.9571,  0, 0, 0
L 458.0068, 466.2756, -37.9571,  457.3445, 456.9512, -38.9260,  0, 0, 0
L 457.3445, 456.9512, -38.9260,  455.4717, 446.9630, -42.4965,  0, 0, 0
L 455.4717, 446.9630, -42.4965,  464.6987, 430.7516, -44.6529,  0, 0, 0
L 464.6987, 430.7516, -44.6529,  481.7386, 419.4961, -44.4588,  0, 0, 0
L 481.7386, 419.4961, -44.4588,  488.9749, 409.1820, -44.4135,  0, 0, 0
L 485.9121, 382.2256, -48.5668,  468.4076, 389.9302, -47.0743,  0, 0, 0
L 468.4076, 389.9302, -47.0743,  457.5085, 404.2700, -45.9734,  0, 0, 0
L 457.5085, 404.2700, -45.9734,  438.2733, 417.1918, -47.4784,  0, 0, 0
L 438.2733, 417.1918, -47.4784,  426.4203, 437.0586, -47.4684,  0, 0, 0
L 426.4203, 437.0586, -47.4684,  426.4540, 451.1104, -43.3329,  0, 0, 0
L 426.4540, 451.1104, -43.3329,  428.1337, 459.2435, -41.0328,  0, 0, 0
L 428.1337, 459.2435, -41.0328,  429.5381, 471.0592, -37.7840,  0, 0, 0
L 429.5381, 471.0592, -37.7840,  433.2164, 479.5850, -37.8583,  0, 0, 0
L 433.2164, 479.5850, -37.8583,  434.7585, 491.0920, -35.4964,  0, 0, 0
L 434.7585, 491.0920, -35.4964,  438.6273, 499.4658, -32.7507,  0, 0, 0
L 438.6273, 499.4658, -32.7507,  436.7589, 510.1436, -29.5775,  0, 0, 0
L 436.7589, 510.1436, -29.5775,  438.0029, 520.4517, -29.8793,  0, 0, 0
L 438.0029, 520.4517, -29.8793,  435.3865, 530.9758, -29.8781,  0, 0, 0
L 435.3865, 530.9758, -29.8781,  430.2400, 541.6868, -26.7973,  0, 0, 0
L 430.2400, 541.6868, -26.7973,  425.8639, 548.9189, -31.8248,  0, 0, 0
L 425.8639, 548.9189, -31.8248,  418.1851, 557.3430, -28.0427,  0, 0, 0
L 418.1851, 557.3430, -28.0427,  416.1600, 561.7228, -27.9628,  0, 0, 0
L 416.1600, 561.7228, -27.9628,  414.2032, 565.9263, -30.6188,  0, 0, 0
L 414.2032, 565.9263, -30.6188,  413.9408, 576.4843, -31.4577,  0, 0, 0
L 413.9408, 576.4843, -31.4577,  415.2235, 586.8657, -36.3592,  0, 0, 0
L 415.2235, 586.8657, -36.3592,  413.0277, 596.8704, -35.1323,  0, 0, 0
L 413.0277, 596.8704, -35.1323,  414.1886, 607.5361, -37.0351,  0, 0, 0
L 414.1886, 607.5361, -37.0351,  412.0812, 617.5319, -41.7604,  0, 0, 0
L 412.0812, 617.5319, -41.7604,  410.9085, 626.9595, -44.3840,  0, 0, 0
L 410.9085, 626.9595, -44.3840,  399.8629, 635.7306, -44.3551,  0, 0, 0
L 399.8629, 635.7306, -44.3551,  384.1377, 642.8658, -47.8097,  0, 0, 0
L 384.1377, 642.8658, -47.8097,  377.6935, 644.5110, -47.8787,  0, 0, 0
L 377.6935, 644.5110, -47.8787,  366.8509, 653.4352, -46.6654,  0, 0, 0
L 366.8509, 653.4352, -46.6654,  359.1463, 648.4542, -46.6971,  0, 0, 0
L 359.1463, 648.4542, -46.6971,  351.7794, 639.4608, -47.5831,  0, 0, 0
L 351.7794, 639.4608, -47.5831,  339.6751, 634.5350, -48.9064,  0, 0, 0
L 339.6751, 634.5350, -48.9064,  333.0905, 629.4144, -47.3423,  0, 0, 0
L 333.0905, 629.4144, -47.3423,  320.2180, 619.2045, -52.8231,  0, 0, 0
L 320.2180, 619.2045, -52.8231,  308.8470, 610.7728, -56.0784,  0, 0, 0
L 308.8470, 610.7728, -56.0784,  298.3663, 601.5792, -57.1796,  0, 0, 0
L 298.3663, 601.5792, -57.1796,  288.2383, 597.4702, -60.5390,  0, 0, 0
L 288.2383, 597.4702, -60.5390,  278.1513, 594.7982, -64.4354,  0, 0, 0
L 278.1513, 594.7982, -64.4354,  270.5640, 589.3773, -64.4098,  0, 0, 0
L 270.5640, 589.3773, -64.4098,  259.4021, 585.6859, -66.4569,  0, 0, 0
L 259.4021, 585.6859, -66.4569,  251.8425, 580.4886, -69.2340,  0, 0, 0
L 251.8425, 580.4886, -69.2340,  242.9804, 575.8152, -70.6055,  0, 0, 0
L 242.9804, 575.8152, -70.6055,  236.6239, 558.5243, -75.8512,  0, 0, 0
L 236.6239, 558.5243, -75.8512,  239.4369, 538.6124, -77.0505,  0, 0, 0
L 239.4369, 538.6124, -77.0505,  235.0782, 525.0849, -75.3937,  0, 0, 0
L 235.0782, 525.0849, -75.3937,  253.9042, 517.9142, -75.3956,  0, 0, 0
L 253.9042, 517.9142, -75.3956,  263.7327, 519.4181, -70.6944,  0, 0, 0
L 263.7327, 519.4181, -70.6944,  273.7365, 520.8008, -69.0478,  0, 0, 0
L 273.7365, 520.8008, -69.0478,  285.4565, 516.3389, -68.3263,  0, 0, 0
L 285.4565, 516.3389, -68.3263,  303.8779, 521.0718, -64.9730,  0, 0, 0
L 303.8779, 521.0718, -64.9730,  320.5586, 517.2175, -63.2748,  0, 0, 0
L 320.5586, 517.2175, -63.2748,  343.5330, 519.7800, -62.5080,  0, 0, 0
L 343.5330, 519.7800, -62.5080,  365.4099, 511.8445, -61.8123,  0, 0, 0
L 365.4099, 511.8445, -61.8123,  374.0403, 501.2625, -62.7865,  0, 0, 0
L 374.0403, 501.2625, -62.7865,  379.8321, 482.3952, -64.3777,  0, 0, 0
L 379.8321, 482.3952, -64.3777,  375.6508, 464.4222, -62.4064,  0, 0, 0
L 375.6508, 464.4222, -62.4064,  377.9771, 441.5117, -58.4674,  0, 0, 0
L 377.9771, 441.5117, -58.4674,  370.3558, 420.0728, -61.4206,  0, 0, 0
L 370.3558, 420.0728, -61.4206,  359.4018, 411.1309, -66.1328,  0, 0, 0
L 359.4018, 411.1309, -66.1328,  348.4414, 405.7656, -66.3469,  0, 0, 0
L 348.4414, 405.7656, -66.3469,  337.2210, 398.2376, -62.6429,  0, 0, 0
L 337.2210, 398.2376, -62.6429,  324.1102, 393.2745, -63.9655,  0, 0, 0
L 324.1102, 393.2745, -63.9655,  310.5635, 386.1138, -62.5964,  0, 0, 0
L 310.5635, 386.1138, -62.5964,  299.0556, 381.7283, -64.2446,  0, 0, 0
L 299.0556, 381.7283, -64.2446,  278.9475, 366.0961, -65.2690,  0, 0, 0
L 278.9475, 366.0961, -65.2690,  266.9945, 361.2614, -67.6255,  0, 0, 0
L 266.9945, 361.2614, -67.6255,  260.0873, 351.4472, -65.1527,  0, 0, 0
L 260.0873, 351.4472, -65.1527,  221.5616, 324.1572, -55.7794,  0, 0, 0
L 221.5616, 324.1572, -55.7794,  217.1659, 323.6753, -56.2715,  0, 0, 0
L 217.1659, 323.6753, -56.2715,  214.6200, 322.3869, -56.6605,  0, 0, 0
L 214.6200, 322.3869, -56.6605,  207.1239, 313.3773, -56.2837,  0, 0, 0
L 207.1239, 313.3773, -56.2837,  202.4703, 303.9799, -59.3344,  0, 0, 0
L 202.4703, 303.9799, -59.3344,  203.8563, 298.5935, -59.7966,  0, 0, 0
L 203.8563, 298.5935, -59.7966,  207.7628, 289.2925, -60.3974,  0, 0, 0
L 207.7628, 289.2925, -60.3974,  214.4729, 283.4222, -60.1588,  0, 0, 0
L 214.4729, 283.4222, -60.1588,  220.2886, 282.8698, -60.0088,  0, 0, 0
L 220.2886, 282.8698, -60.0088,  226.3381, 283.7675, -59.9761,  0, 0, 0
L 226.3381, 283.7675, -59.9761,  222.7285, 271.1464, -59.9055,  0, 0, 0
L 488.9749, 409.1820, -44.2030,  506.5049, 418.7461, -45.0654,  0, 0, 0
L 506.5049, 418.7461, -45.0654,  516.9944, 434.9089, -43.9652,  0, 0, 0
L 516.9944, 434.9089, -43.9652,  523.7172, 441.7974, -40.5571,  0, 0, 0
L 523.7172, 441.7974, -40.5571,  543.3254, 457.9148, -46.7291,  0, 0, 0
L 543.3254, 457.9148, -46.7291,  549.2499, 477.4422, -46.5796,  0, 0, 0
L 549.2499, 477.4422, -46.5796,  557.0109, 484.0143, -53.1009,  0, 0, 0
L 557.0109, 484.0143, -53.1009,  558.2180, 485.5585, -51.2704,  0, 0, 0
L 558.2180, 485.5585, -51.2704,  561.4371, 504.0051, -51.9267,  0, 0, 0
L 561.4371, 504.0051, -51.9267,  572.2319, 517.9175, -51.9006,  0, 0, 0
L 572.2319, 517.9175, -51.9006,  579.8018, 540.2010, -50.2380,  0, 0, 0
L 579.8018, 540.2010, -50.2380,  585.4406, 546.7922, -45.4762,  0, 0, 0
L 585.4406, 546.7922, -45.4762,  595.4384, 557.4252, -43.3303,  0, 0, 0
L 595.4384, 557.4252, -43.3303,  601.9930, 558.8777, -45.8364,  0, 0, 0
L 601.9930, 558.8777, -45.8364,  607.2165, 559.4299, -52.3052,  0, 0, 0
L 607.2165, 559.4299, -52.3052,  610.3994, 560.2700, -52.9876,  0, 0, 0
L 610.3994, 560.2700, -52.9876,  628.6146, 557.6243, -50.4985,  0, 0, 0
L 628.6146, 557.6243, -50.4985,  643.1487, 546.4380, -51.7015,  0, 0, 0
L 643.1487, 546.4380, -51.7015,  664.1736, 539.0406, -54.2393,  0, 0, 0
L 664.1736, 539.0406, -54.2393,  678.8558, 525.4984, -50.0293,  0, 0, 0
L 678.8558, 525.4984, -50.0293,  681.4749, 522.9195, -51.2673,  0, 0, 0
L 681.4749, 522.9195, -51.2673,  684.9861, 509.3836, -57.0719,  0, 0, 0
L 684.9861, 509.3836, -57.0719,  685.5441, 496.1101, -54.8155,  0, 0, 0
L 685.5441, 496.1101, -54.8155,  687.4584, 484.3461, -51.5303,  0, 0, 0
L 687.4584, 484.3461, -51.5303,  686.7473, 473.7529, -52.2744,  0, 0, 0
L 686.7473, 473.7529, -52.2744,  687.5521, 456.5514, -50.4107,  0, 0, 0
L 687.5521, 456.5514, -50.4107,  686.6497, 442.5123, -46.7579,  0, 0, 0
L 686.6497, 442.5123, -46.7579,  689.7817, 429.7453, -44.3361,  0, 0, 0
L 689.7817, 429.7453, -44.3361,  691.9911, 404.7999, -39.0894,  0, 0, 0
L 691.9911, 404.7999, -39.0894,  697.7744, 394.4066, -37.7123,  0, 0, 0
L 697.7744, 394.4066, -37.7123,  704.3631, 358.9641, -31.6599,  0, 0, 0
L 704.7328, 358.8674, -31.6599,  699.0615, 360.3496, -37.2571,  0, 0, 0
L 699.0615, 360.3496, -37.2571,  700.5895, 345.5074, -33.2668,  0, 0, 0
L 700.5895, 345.5074, -33.2668,  703.4764, 331.5677, -31.3033,  0, 0, 0
L 686.7493, 325.0891, -31.5260,  684.3600, 335.2628, -30.7403,  0, 0, 0
L 684.3600, 335.2628, -30.7403,  683.8104, 341.4211, -32.2851,  0, 0, 0
L 683.8104, 341.4211, -32.2851,  679.4145, 350.5102, -34.4576,  0, 0, 0
L 677.7202, 357.0856, -30.9839,  668.4117, 354.2963, -29.9115,  0, 0, 0
L 677.7202, 357.0856, -31.2677,  679.4145, 350.5102, -31.3042,  0, 0, 0
L 676.9197, 356.8458, -29.9367,  669.4955, 390.0317, -38.0143,  0, 0, 0
L 669.4955, 390.0317, -38.0143,  663.4828, 401.4794, -41.4034,  0, 0, 0
L 663.4828, 401.4794, -41.4034,  664.0568, 414.9183, -43.5999,  0, 0, 0
L 664.0568, 414.9183, -43.5999,  658.1469, 438.4692, -48.1174,  0, 0, 0
L 658.1469, 438.4692, -48.1174,  658.4704, 443.3714, -46.2376,  0, 0, 0
L 658.4704, 443.3714, -46.2376,  659.0199, 451.6757, -51.1673,  0, 0, 0
L 659.0199, 451.6757, -51.1673,  658.0031, 467.2657, -51.4084,  0, 0, 0
L 658.0031, 467.2657, -51.4084,  659.0425, 480.5718, -51.8858,  0, 0, 0
L 659.0425, 480.5718, -51.8858,  656.8381, 493.2281, -54.1503,  0, 0, 0
L 656.8381, 493.2281, -54.1503,  657.4601, 504.3236, -53.7515,  0, 0, 0
L 657.4601, 504.3236, -53.7515,  643.5089, 518.9083, -55.5220,  0, 0, 0
L 643.5089, 518.9083, -55.6707,  624.2198, 524.6769, -53.2324,  0, 0, 0
L 624.2198, 524.6769, -53.2324,  614.6136, 534.0305, -52.0277,  0, 0, 0
L 614.6136, 534.0305, -52.3208,  600.1498, 520.4908, -52.5974,  0, 0, 0
L 600.1498, 520.4908, -52.5974,  594.4988, 501.2855, -53.9983,  0, 0, 0
L 594.4988, 501.2855, -53.9983,  585.6846, 492.6148, -53.1189,  0, 0, 0
L 585.6846, 492.6148, -53.1189,  581.2059, 472.5219, -52.3172,  0, 0, 0
L 581.2059, 472.5219, -52.3172,  570.3226, 453.7806, -46.3141,  0, 0, 0
L 570.3226, 453.7806, -46.3141,  548.0001, 421.5781, -45.9867,  0, 0, 0
L 548.0001, 421.5781, -45.9867,  540.3657, 418.5887, -44.1477,  0, 0, 0
L 540.3657, 418.5887, -44.1477,  533.8441, 413.5191, -43.5793,  0, 0, 0
L 533.8441, 413.5191, -43.5793,  524.9485, 400.3236, -47.7280,  0, 0, 0
L 524.9485, 400.3236, -47.7280,  520.7919, 394.2184, -47.4047,  0, 0, 0
L 520.7919, 394.2184, -47.4047,  501.0322, 382.4388, -48.6410,  0, 0, 0
L 501.0322, 382.4388, -48.6410,  485.9121, 382.2256, -48.5875,  0, 0, 0
L 703.4764, 331.5677, -30.5238,  711.2534, 333.5746, -31.0881,  0, 0, 0
L 711.2534, 333.5746, -31.0881,  716.1266, 332.6852, -31.7319,  0, 0, 0
L 716.1266, 332.6852, -31.7319,  722.5853, 336.1724, -30.4575,  0, 0, 0
L 722.5853, 336.1724, -30.4575,  726.9420, 337.7555, -29.2355,  0, 0, 0
L 726.9420, 337.7555, -29.2355,  726.5342, 339.8333, -28.6338,  0, 0, 0
L 726.5320, 339.7910, -28.6447,  727.2073, 349.5432, -26.4415,  0, 0, 0
L 727.2073, 349.5432, -26.4415,  721.8025, 359.9314, -5.7984,  0, 0, 0
L 721.8025, 359.9314, -5.7984,  714.5234, 360.3380, 9.5420,  0, 0, 0
L 714.5234, 360.3380, 9.5420,  707.7330, 355.3706, 8.0293,  0, 0, 0
L 707.7330, 355.3706, 8.0293,  704.7328, 358.8674, -30.7438,  0, 0, 0
L 686.7493, 325.0891, -30.0695,  678.9058, 324.1856, -29.6659,  0, 0, 0
L 678.9058, 324.1856, -29.6659,  675.4399, 322.3788, -30.4059,  0, 0, 0
L 675.4399, 322.3788, -30.4059,  671.7217, 324.0318, -29.7749,  0, 0, 0
L 671.7217, 324.0318, -29.7749,  664.7385, 323.2242, -29.5431,  0, 0, 0
L 664.7385, 323.2242, -29.5431,  662.8188, 332.4707, -30.6781,  0, 0, 0
L 662.8188, 332.4707, -30.6781,  660.9172, 336.1955, -30.5212,  0, 0, 0
L 660.9172, 336.1955, -30.5212,  660.8574, 342.5387, -28.6090,  0, 0, 0
L 660.8574, 342.5387, -28.6090,  662.0372, 349.0075, -13.4122,  0, 0, 0
L 662.0372, 349.0075, -13.4122,  668.4117, 354.2963, 14.6469,  0, 0, 0
L 663.0438, 329.4553, -30.1630,  660.4094, 319.7607, -29.6465,  0, 0, 0
L 660.4094, 319.7607, -29.6465,  659.1059, 307.6235, -29.8505,  0, 0, 0
L 659.1059, 307.6235, -29.8505,  669.2610, 282.6678, -34.6456,  0, 0, 0
L 669.2610, 282.6678, -34.6456,  653.8077, 280.3528, -34.6456,  0, 0, 0
L 653.8077, 280.3528, -34.6456,  605.5565, 216.2152, -34.0326,  0, 0, 0
L 605.5565, 216.2152, -34.0326,  593.3077, 192.2356, -33.5414,  0, 0, 0
L 593.3077, 192.2356, -33.5414,  594.0724, 167.9051, -33.2803,  0, 0, 0
L 594.0724, 167.9051, -33.2803,  608.3967, 103.3319, -33.2803,  0, 0, 0
L 611.8494, 92.0477, -37.7988,  628.5164, 68.7893, -37.3752,  0, 0, 0
L 628.5164, 68.7893, -37.3752,  670.2054, 39.3804, -38.1271,  0, 0, 0
L 670.2054, 39.3804, -38.1271,  701.7169, 27.0364, -37.8625,  0, 0, 0
L 701.7169, 27.0364, -37.8625,  776.4271, 35.8911, -35.7489,  0, 0, 0
L 776.4271, 35.8911, -35.7489,  803.6132, 44.2596, -34.6201,  0, 0, 0
L 803.6132, 44.2596, -34.6201,  822.5436, 63.8766, -34.5460,  0, 0, 0
L 822.5436, 63.8766, -34.5460,  840.8632, 94.6411, -34.5457,  0, 0, 0
L 840.8632, 94.6411, -34.2228,  852.5929, 110.5216, -34.2225,  0, 0, 0
L 852.5929, 110.5216, -34.2225,  865.8776, 132.3538, -34.2223,  0, 0, 0
L 865.8776, 132.3538, -34.2223,  861.8573, 181.6643, -34.2219,  0, 0, 0
L 861.8573, 181.6643, -34.2219,  846.7153, 236.1533, -32.2431,  0, 0, 0
L 846.7153, 236.1533, -32.2431,  828.1458, 256.2031, -32.2429,  0, 0, 0
L 828.1458, 256.2031, -32.2429,  808.8680, 271.6536, -32.2428,  0, 0, 0
L 808.8680, 271.6536, -32.2428,  785.4240, 285.8777, -32.2426,  0, 0, 0
L 785.4240, 285.8777, -32.2426,  760.0118, 297.8623, -37.6607,  0, 0, 0
L 760.0118, 297.8623, -37.6607,  736.2574, 295.1652, -36.1955,  0, 0, 0
L 736.2574, 295.1652, -36.1955,  737.2220, 323.1265, -31.9155,  0, 0, 0
L 737.2220, 323.1265, -31.9155,  726.9377, 345.6520, -25.7301,  0, 0, 0
L 731.7438, 237.6985, -27.9535,  733.7670, 262.3546, -27.8690,  0, 0, 0
L 733.7670, 262.3546, -27.2515,  756.2899, 272.9219, -27.4550,  0, 0, 0
L 756.2899, 272.9219, -27.1888,  775.3397, 259.7068, -27.8635,  0, 0, 0
L 775.3397, 259.7068, -27.8635,  796.7675, 269.5405, -27.8331,  0, 0, 0
L 796.7675, 269.5405, -27.5593,  816.8409, 255.2414, -27.6941,  0, 0, 0
L 816.8409, 255.2414, -27.3715,  815.0649, 231.7629, -27.8708,  0, 0, 0
L 815.0649, 231.7629, -27.8708,  834.1349, 218.3202, -27.9157,  0, 0, 0
L 834.1349, 218.3202, -27.8833,  832.1037, 193.6217, -27.6541,  0, 0, 0
L 832.1037, 193.6217, -27.4240,  809.6661, 182.9909, -27.6637,  0, 0, 0
L 809.6661, 182.9909, -27.6089,  789.3240, 197.4036, -27.5253,  0, 0, 0
L 789.3240, 197.4036, -26.7529,  790.2214, 204.8772, -26.7040,  0, 0, 0
L 790.0223, 203.2196, -26.4529,  778.4303, 204.2244, -32.5334,  0, 0, 0
L 778.4303, 204.2244, -32.5262,  778.6520, 206.7924, -32.5118,  0, 0, 0
L 778.6520, 206.7924, -32.4650,  789.4061, 205.8681, -26.4553,  0, 0, 0
L 789.3314, 204.9606, -26.4553,  789.5085, 207.1142, -26.4573,  0, 0, 0
L 790.2053, 207.0508, -26.1974,  790.7764, 212.5170, -26.1774,  127, 127, 0
L 793.6127, 212.2815, -26.1774,  789.9879, 212.5824, -26.2402,  0, 0, 0
L 793.1321, 206.7845, -26.1972,  789.5085, 207.1142, -26.2033,  0, 0, 0
L 789.9879, 212.5824, -26.4573,  790.1932, 214.8214, -26.4445,  0, 0, 0
L 790.1031, 213.8381, -26.4445,  779.3549, 214.8425, -32.2694,  0, 0, 0
L 779.5846, 217.4057, -32.2457,  779.3549, 214.8425, -32.2630,  0, 0, 0
L 779.5846, 217.4057, -32.1892,  791.1614, 216.3941, -26.4611,  0, 0, 0
L 791.1092, 214.7440, -26.8228,  791.3026, 220.8532, -27.7613,  0, 0, 0
L 791.3026, 220.8532, -27.7613,  773.3812, 233.3419, -27.3563,  0, 0, 0
L 769.1760, 231.4336, -26.6056,  773.9634, 221.2651, -32.2379,  0, 0, 0
L 771.5764, 220.1641, -32.3109,  773.9634, 221.2651, -32.2916,  0, 0, 0
L 773.3812, 233.3419, -27.3571,  767.7186, 230.7722, -27.3080,  0, 0, 0
L 765.4283, 230.4202, -26.2612,  760.3088, 228.3322, -26.1807,  127, 127, 0
L 760.6014, 227.7060, -26.4573,  758.5508, 226.7526, -26.3699,  0, 0, 0
L 759.4310, 227.1619, -26.3699,  764.2795, 216.7579, -32.5599,  0, 0, 0
L 764.2795, 216.7579, -32.5956,  761.9456, 215.6693, -32.6186,  0, 0, 0
L 761.9456, 215.6693, -32.6390,  757.1269, 225.9913, -26.5066,  0, 0, 0
L 731.7438, 237.6985, -27.5952,  752.1138, 223.3154, -27.6646,  0, 0, 0
L 771.5764, 220.1641, -32.3227,  766.7300, 230.5658, -26.4573,  0, 0, 0
L 767.6201, 230.9831, -26.4573,  765.6481, 230.0585, -26.4573,  0, 0, 0
L 768.1732, 227.5382, -27.4585,  760.8221, 224.1480, -27.4548,  127, 127, 127
L 768.7180, 226.3737, -28.5098,  761.3782, 222.9554, -28.5106,  127, 127, 127
L 761.9131, 221.8094, -29.5510,  769.2521, 225.2274, -29.5515,  127, 127, 127
L 769.8253, 223.9992, -30.6204,  762.4883, 220.5772, -30.6226,  127, 127, 127
L 763.0372, 219.3975, -31.6367,  770.3972, 222.8372, -31.6116,  127, 127, 127
L 763.5878, 218.3041, -32.5529,  770.8934, 221.6359, -32.3230,  127, 127, 127
L 765.6481, 230.0585, -26.1888,  764.0399, 233.3588, -26.1801,  0, 0, 0
L 760.6014, 227.7060, -25.9709,  759.0541, 231.0247, -25.9950,  0, 0, 0
L 756.9973, 230.0636, -26.3064,  759.0541, 231.0247, -26.3064,  0, 0, 0
L 759.6523, 229.7668, -26.0192,  764.7957, 231.8612, -25.9561,  127, 127, 0
L 764.0399, 233.3588, -26.3064,  766.0752, 234.2906, -26.3064,  0, 0, 0
L 766.0752, 234.2906, -26.3064,  767.7186, 230.7722, -26.3064,  0, 0, 0
L 766.5182, 233.3419, -26.3064,  773.5997, 236.7318, -26.3064,  0, 0, 0
L 773.5997, 236.7318, -26.3064,  794.5306, 221.9597, -26.3064,  0, 0, 0
L 794.5306, 221.9597, -26.3064,  793.7684, 214.5192, -26.3064,  0, 0, 0
L 793.8083, 214.5159, -26.3064,  790.1932, 214.8214, -26.3064,  0, 0, 0
L 793.8083, 214.5159, -26.3064,  793.6127, 212.2815, -26.3064,  0, 0, 0
L 792.3474, 212.3802, -26.0618,  791.7808, 206.9114, -26.0420,  127, 127, 0
L 793.1321, 206.7845, -26.3064,  792.9426, 204.6221, -26.3064,  0, 0, 0
L 793.0138, 204.6154, -26.3064,  789.3314, 204.9606, -26.3064,  0, 0, 0
L 793.0138, 204.6154, -26.3064,  792.5029, 198.7673, -26.3064,  0, 0, 0
L 792.5029, 198.7673, -26.3064,  809.7289, 186.3506, -26.3064,  0, 0, 0
L 809.7289, 186.3506, -26.3064,  829.3690, 195.4680, -26.3064,  0, 0, 0
L 829.3690, 195.4680, -26.3064,  831.1691, 216.7095, -26.3064,  0, 0, 0
L 831.1691, 216.7095, -26.3064,  811.7272, 230.3604, -26.3064,  0, 0, 0
L 811.7272, 230.3604, -26.3064,  813.8599, 253.8119, -26.3064,  0, 0, 0
L 813.8599, 253.8119, -26.3064,  796.9417, 265.7114, -26.3044,  0, 0, 0
L 796.9417, 265.7114, -26.3044,  774.9879, 256.0449, -26.3064,  0, 0, 0
L 774.9879, 256.0449, -26.3064,  755.6215, 269.6897, -26.3064,  0, 0, 0
L 755.6215, 269.6897, -26.3064,  736.6642, 260.3442, -26.3064,  0, 0, 0
L 736.6642, 260.3442, -26.3064,  734.7672, 239.1786, -26.3064,  0, 0, 0
L 734.7672, 239.1786, -26.3064,  752.2610, 226.8927, -26.3064,  0, 0, 0
L 752.2610, 226.8927, -26.3064,  757.3943, 229.2174, -26.3064,  0, 0, 0
L 756.9973, 230.0636, -26.3064,  758.5508, 226.7526, -26.3064,  0, 0, 0
L 758.5511, 226.7516, -27.2876,  752.1138, 223.3154, -27.3976,  0, 0, 0
L 787.5237, 214.1320, -27.4560,  786.7570, 206.0736, -27.4552,  127, 127, 127
L 785.3241, 206.1970, -28.5196,  786.1722, 214.2507, -28.5108,  127, 127, 127
L 784.9149, 214.3606, -29.5510,  784.2092, 206.2948, -29.5516,  127, 127, 127
L 782.8542, 206.4131, -30.6215,  783.5624, 214.4789, -30.6214,  127, 127, 127
L 782.2693, 214.5924, -31.6391,  781.5619, 206.5262, -31.6365,  127, 127, 127
L 780.4208, 206.6404, -32.4464,  781.1155, 214.6437, -32.2490,  127, 127, 127
L 792.3289, 139.7375, -34.7554,  803.6805, 137.7503, -29.1513,  0, 0, 0
L 804.0090, 139.3123, -29.2576,  802.2375, 130.8890, -29.3034,  0, 0, 0
L 802.2375, 130.8890, -29.7500,  823.5726, 113.0808, -29.8529,  0, 0, 0
L 823.5726, 113.0808, -29.4974,  849.5157, 122.4957, -29.5484,  0, 0, 0
L 849.5157, 122.4957, -29.2413,  854.3325, 149.7681, -29.2422,  0, 0, 0
L 854.3325, 149.7681, -29.2301,  833.1633, 167.5461, -29.3748,  0, 0, 0
L 833.1633, 167.5461, -29.6456,  807.0869, 158.0652, -29.3622,  0, 0, 0
L 807.0869, 158.0652, -29.6264,  805.6171, 149.1685, -29.3592,  0, 0, 0
L 805.8835, 150.7812, -29.1506,  794.6292, 152.7746, -34.7098,  0, 0, 0
L 794.6292, 152.7746, -34.8829,  794.1747, 150.2336, -34.8928,  0, 0, 0
L 792.3289, 139.7375, -34.8033,  792.7714, 142.2666, -34.8298,  0, 0, 0
L 792.7714, 142.2666, -34.8749,  803.8958, 140.3414, -29.0731,  0, 0, 0
L 803.7255, 139.3642, -29.0731,  804.1113, 141.5769, -29.0731,  0, 0, 0
L 804.5306, 141.5321, -28.8429,  805.6379, 146.9493, -28.7846,  127, 127, 0
L 805.0690, 147.0479, -29.0731,  805.4678, 149.1946, -29.0731,  0, 0, 0
L 805.2878, 148.2262, -29.0731,  794.1747, 150.2336, -34.8534,  0, 0, 0
L 805.0690, 147.0479, -28.7403,  808.6760, 146.4103, -28.7050,  0, 0, 0
L 804.1113, 141.5769, -28.5605,  807.7143, 140.9486, -28.6906,  0, 0, 0
L 807.7143, 140.9486, -29.0032,  807.3229, 138.7070, -29.0032,  0, 0, 0
L 803.7255, 139.3642, -29.0032,  807.3229, 138.7070, -29.0032,  0, 0, 0
L 807.0818, 138.7511, -29.0032,  805.9230, 132.1647, -29.0032,  0, 0, 0
L 805.9230, 132.1647, -29.0032,  824.1608, 116.8254, -29.0032,  0, 0, 0
L 824.1608, 116.8254, -29.0032,  846.4069, 123.8442, -29.0032,  0, 0, 0
L 846.4069, 123.8442, -29.0032,  850.7410, 148.3859, -29.0032,  0, 0, 0
L 850.7410, 148.3859, -29.0032,  831.9315, 163.5438, -29.0031,  0, 0, 0
L 831.9315, 163.5438, -29.0031,  810.0403, 155.5847, -29.0032,  0, 0, 0
L 810.0403, 155.5847, -29.0032,  808.8076, 148.6109, -29.0032,  0, 0, 0
L 805.4678, 149.1946, -29.0032,  809.0624, 148.5664, -29.0032,  0, 0, 0
L 808.6760, 146.4103, -29.0032,  809.0624, 148.5664, -29.0032,  0, 0, 0
L 807.1942, 146.6759, -28.5970,  806.0880, 141.2305, -28.5680,  127, 127, 0
L 800.7856, 140.8546, -30.0704,  802.2159, 148.8217, -30.0725,  127, 127, 127
L 799.5093, 141.0777, -31.1250,  800.9153, 149.0513, -31.1267,  127, 127, 127
L 798.2671, 141.2965, -32.1640,  799.6724, 149.2704, -32.1663,  127, 127, 127
L 798.3337, 149.5052, -33.2385,  796.9290, 141.5325, -33.2362,  127, 127, 127
L 795.6111, 141.7666, -34.2569,  797.0522, 149.7328, -34.2525,  127, 127, 127
L 794.6257, 142.1746, -34.8206,  795.9948, 149.8592, -34.7916,  127, 127, 127
L 771.6661, 102.0635, -34.4480,  765.0159, 97.6317, -34.7294,  127, 127, 127
L 765.6492, 96.6603, -34.2505,  772.2809, 101.3039, -34.2526,  127, 127, 127
L 768.6425, 92.3868, -30.0718,  775.2842, 97.0124, -30.0708,  127, 127, 127
L 774.5306, 98.0903, -31.1265,  767.8979, 93.4469, -31.1252,  127, 127, 127
L 767.1745, 94.4803, -32.1651,  773.8073, 99.1240, -32.1663,  127, 127, 127
L 766.3954, 95.5933, -33.2364,  773.0265, 100.2380, -33.2372,  127, 127, 127
L 770.5746, 103.6736, -34.4460,  777.0844, 94.4211, -29.0711,  0, 0, 0
L 777.8712, 94.9707, -29.0711,  776.0880, 93.7250, -29.0731,  0, 0, 0
L 771.5370, 90.5369, -29.0731,  769.6862, 89.2425, -29.0731,  0, 0, 0
L 770.4915, 89.8056, -29.0731,  763.9882, 99.0610, -34.7336,  0, 0, 0
L 763.9882, 99.0610, -34.7761,  761.8651, 97.5718, -34.7992,  0, 0, 0
L 772.7224, 105.1724, -34.4052,  770.5746, 103.6736, -34.4118,  0, 0, 0
L 772.7224, 105.1724, -34.3849,  779.3083, 95.7991, -29.3744,  0, 0, 0
L 777.9659, 94.8359, -29.3965,  785.3165, 100.1098, -29.5561,  0, 0, 0
L 785.3165, 100.1098, -29.3647,  810.4689, 88.0674, -29.3634,  0, 0, 0
L 810.4689, 88.0674, -29.3624,  812.8274, 60.8215, -29.2288,  0, 0, 0
L 812.8274, 60.8215, -29.2409,  790.1417, 44.9531, -29.2392,  0, 0, 0
L 790.1417, 44.9531, -29.5261,  765.1492, 56.6115, -29.5184,  0, 0, 0
L 765.1492, 56.6115, -29.8283,  762.6874, 84.3196, -29.6810,  0, 0, 0
L 762.6874, 84.3196, -29.2912,  769.8431, 89.0173, -29.2735,  0, 0, 0
L 768.5010, 88.1362, -29.1516,  761.8651, 97.5718, -34.8554,  0, 0, 0
L 772.0188, 89.8474, -28.7239,  776.6573, 92.9044, -28.6881,  0, 0, 0
L 778.1808, 90.7259, -28.7924,  776.0880, 93.7250, -28.6838,  0, 0, 0
L 777.5618, 91.6131, -28.6838,  772.9205, 88.5614, -28.6503,  0, 0, 0
L 771.5370, 90.5369, -28.6503,  773.6337, 87.5430, -28.8299,  0, 0, 0
L 773.6337, 87.5430, -29.0032,  771.7781, 86.2405, -29.0032,  0, 0, 0
L 778.1808, 90.7259, -29.0032,  779.9756, 91.9814, -29.0032,  0, 0, 0
L 777.8712, 94.9707, -29.0032,  779.9756, 91.9814, -29.0032,  0, 0, 0
L 771.7781, 86.2405, -29.0032,  769.6862, 89.2425, -29.0032,  0, 0, 0
L 771.6417, 86.4361, -29.0032,  766.1490, 82.5967, -29.0032,  0, 0, 0
L 768.2164, 58.7834, -29.0032,  789.8369, 48.7115, -29.0032,  0, 0, 0
L 768.2164, 58.7834, -29.0032,  766.1490, 82.5967, -29.0032,  0, 0, 0
L 789.8369, 48.7115, -29.0032,  809.3947, 62.4356, -29.0032,  0, 0, 0
L 809.3947, 62.4356, -29.0032,  806.9288, 86.3297, -29.0032,  0, 0, 0
L 806.9288, 86.3297, -29.0032,  785.5107, 96.1698, -29.0032,  0, 0, 0
L 785.5107, 96.1698, -29.0032,  779.8339, 92.1828, -29.0032,  0, 0, 0
L 661.1727, 342.4776, -26.6816,  645.2861, 357.2780, -31.3347,  0, 0, 0
L 645.2861, 357.2780, -31.3347,  626.3116, 363.1827, -31.3347,  0, 0, 0
L 626.3116, 363.1827, -31.3347,  601.9933, 359.1793, -33.3183,  0, 0, 0
L 601.9933, 359.1793, -33.3183,  553.0245, 306.4404, -41.3841,  0, 0, 0
L 553.0245, 306.4404, -41.3841,  517.6497, 261.4273, -41.4042,  0, 0, 0
L 517.6497, 261.4273, -41.4042,  497.5075, 211.8112, -41.1425,  0, 0, 0
L 497.5075, 211.8112, -41.1425,  499.4443, 162.0315, -41.4103,  0, 0, 0
L 499.4443, 162.0315, -41.4103,  523.3370, 63.6334, -41.4103,  0, 0, 0
L 523.3370, 63.6334, -41.4103,  529.6833, 35.3062, -41.4103,  0, 0, 0
L 529.6833, 35.3062, -41.4103,  562.0759, -0.9243, -41.5636,  0, 0, 0
L 562.0759, -0.9243, -41.5636,  590.4525, -19.7290, -41.5664,  0, 0, 0
L 590.4525, -19.7290, -41.5664,  632.3151, -47.2534, -41.5664,  0, 0, 0
L 632.3151, -47.2534, -41.5664,  651.7618, -58.9792, -41.6928,  0, 0, 0
L 651.7618, -58.9792, -41.6928,  678.3671, -71.0984, -42.0864,  0, 0, 0
L 678.3757, -71.1022, -42.0864,  667.8270, -60.7917, -42.9541,  0, 0, 0
L 667.8270, -60.7917, -42.9541,  665.7334, -56.2536, -41.0561,  0, 0, 0
L 665.7334, -56.2536, -41.0561,  672.7424, -45.3478, -43.2731,  0, 0, 0
L 672.7424, -45.3478, -43.2731,  682.3596, -37.0604, -47.0829,  0, 0, 0
L 682.3596, -37.0604, -47.0829,  691.2305, -43.3157, -51.1361,  0, 0, 0
L 691.2305, -43.3157, -51.1361,  699.7386, -53.7282, -50.9884,  0, 0, 0
L 699.7386, -53.7282, -50.9884,  684.7726, -70.7975, -41.9238,  0, 0, 0
L 678.3671, -71.0984, -41.9238,  752.0446, -67.6375, -40.3716,  0, 0, 0
L 752.0446, -67.6375, -40.3716,  800.9756, -59.7700, -39.3804,  0, 0, 0
L 800.9756, -59.7700, -39.3804,  857.3358, -38.8959, -38.5742,  0, 0, 0
L 857.3358, -38.8959, -38.5742,  943.8207, 80.9869, -43.0854,  0, 0, 0
L 943.8207, 80.9869, -43.0854,  961.3582, 109.9714, -41.8943,  0, 0, 0
L 961.3582, 109.9714, -41.8943,  956.8423, 160.8028, -41.5906,  0, 0, 0
L 956.8423, 160.8028, -41.5906,  943.5251, 210.5751, -39.3117,  0, 0, 0
L 943.5251, 210.5751, -39.3117,  926.5544, 288.2863, -27.3648,  0, 0, 0
L 926.5544, 288.2863, -27.3648,  820.5052, 372.4143, -38.1313,  0, 0, 0
L 820.5052, 372.4143, -38.1313,  779.5132, 393.6584, -39.6031,  0, 0, 0
L 779.5132, 393.6584, -39.6031,  759.2795, 389.7332, -40.0533,  0, 0, 0
L 759.2795, 389.7332, -40.0533,  726.1288, 364.1207, -22.5190,  0, 0, 0
L 726.1288, 364.1207, -22.5190,  725.2429, 352.8741, -18.8421,  0, 0, 0
L 736.6227, 305.7553, -63.0835,  761.6478, 309.2155, -62.8073,  0, 0, 240
L 761.6478, 309.2155, -62.8073,  787.4012, 298.0363, -62.8383,  0, 0, 240
L 787.4012, 298.0363, -62.8383,  813.2816, 282.8500, -64.7861,  0, 0, 240
L 813.2816, 282.8500, -64.7861,  834.7531, 265.7795, -63.2897,  0, 0, 240
L 834.7531, 265.7795, -63.2897,  858.5693, 243.7305, -62.2144,  0, 0, 240
L 858.5693, 243.7305, -62.2144,  872.9668, 184.1672, -61.2044,  0, 0, 240
L 872.9668, 184.1672, -61.2044,  876.8329, 128.8293, -61.2039,  0, 0, 240
L 876.8329, 128.8293, -61.2039,  863.9562, 106.7118, -61.2035,  0, 0, 240
L 863.9562, 106.7118, -61.2035,  833.4177, 57.8976, -61.6341,  0, 0, 240
L 833.4177, 57.8976, -61.6341,  810.3938, 33.2397, -61.6338,  0, 0, 240
L 810.3938, 33.2397, -61.6338,  782.5317, 25.4295, -61.6334,  0, 0, 240
L 782.5317, 25.4295, -61.6334,  699.4673, 15.8863, -61.4998,  0, 0, 240
L 699.4673, 15.8863, -61.4998,  665.4557, 30.4934, -61.4994,  0, 0, 240
L 665.4557, 30.4934, -61.4994,  621.8331, 60.8163, -61.4989,  0, 0, 240
L 621.8331, 60.8163, -61.4989,  601.6783, 87.3451, -61.9671,  0, 0, 240
L 597.4385, 99.6936, -61.9671,  582.3130, 167.4279, -61.9395,  0, 0, 240
L 582.3130, 167.4279, -61.9395,  581.4457, 194.4802, -61.9393,  0, 0, 240
L 581.4457, 194.4802, -61.9393,  596.0380, 222.2196, -61.7908,  0, 0, 240
L 596.0380, 222.2196, -61.7908,  612.7010, 242.3945, -61.7904,  0, 0, 240
L 612.7010, 242.3945, -61.7904,  648.0084, 289.3693, -61.7898,  0, 0, 240
L 648.0084, 289.3693, -61.7898,  662.7101, 290.8973, -60.9119,  0, 0, 240
L 652.1584, 325.4299, -65.4747,  650.9086, 330.6784, -65.4438,  0, 0, 240
L 608.8182, 336.0378, -62.6808,  620.7947, 332.5669, -62.2708,  0, 0, 240
L 620.7947, 332.5669, -62.2708,  628.2346, 332.8594, -61.9703,  0, 0, 240
L 628.2346, 332.8594, -61.9703,  637.9324, 335.8324, -61.8904,  0, 0, 240
L 637.9324, 335.8324, -61.8904,  643.9268, 339.1285, -61.8904,  0, 0, 240
L 643.9268, 339.1285, -61.8904,  645.5224, 341.4793, -61.2669,  0, 0, 240
L 645.5224, 341.4793, -61.2669,  650.9086, 330.6784, -63.5625,  0, 0, 240
L 656.0677, 321.1442, -66.3100,  649.9188, 327.8483, -65.7832,  0, 0, 0
L 649.9188, 327.8483, -65.7832,  641.7771, 333.0981, -65.4156,  0, 0, 0
L 641.7771, 333.0981, -65.4156,  635.9969, 327.7534, -63.2405,  0, 0, 0
L 635.9969, 327.7534, -63.2405,  632.0507, 320.5468, -62.5070,  0, 0, 146
L 632.0507, 320.5468, -62.5070,  638.6747, 314.1480, -62.2566,  0, 0, 146
L 638.6747, 314.1480, -62.2566,  646.1637, 309.2274, -65.5585,  0, 0, 0
L 646.1637, 309.2274, -65.5585,  651.8925, 313.9660, -65.4925,  0, 0, 0
L 651.8925, 313.9660, -65.4925,  656.0677, 321.1442, -65.7641,  0, 0, 0
L 654.1052, 317.7701, -65.7641,  662.7101, 290.8973, -57.1181,  0, 0, 240
L 608.1379, 335.0565, -63.4088,  539.9734, 258.6053, -62.8921,  0, 0, 240
L 539.9734, 258.6053, -62.8921,  527.9012, 228.3468, -62.8921,  0, 0, 240
L 527.9012, 228.3468, -62.8921,  527.7771, 220.6593, -61.1876,  0, 0, 240
L 527.7018, 220.7297, -61.1876,  535.0151, 213.8813, -61.4508,  0, 0, 146
L 535.0151, 213.8813, -61.4508,  540.6573, 204.0928, -61.6040,  0, 0, 146
L 540.6573, 204.0928, -61.6040,  535.2228, 198.7291, -61.5784,  0, 0, 146
L 535.2228, 198.7291, -61.5784,  514.5279, 196.7546, -52.7295,  0, 0, 146
L 514.5279, 196.7546, -52.7295,  509.4115, 207.3051, -52.4930,  0, 0, 146
L 509.4115, 207.3051, -52.4930,  519.1074, 214.4555, -53.6447,  0, 0, 146
L 519.1074, 214.4555, -53.6447,  527.7018, 220.7297, -58.3272,  0, 0, 146
L 519.9573, 197.2726, -57.3755,  519.5807, 165.5098, -59.6327,  0, 0, 240
L 519.5807, 165.5098, -59.6327,  538.8312, 83.9467, -63.2386,  0, 0, 240
L 552.5185, 56.7364, -63.2386,  569.7419, 21.1967, -62.8526,  0, 0, 240
L 569.7419, 21.1967, -61.6585,  604.2972, -4.7100, -61.6582,  0, 0, 240
L 604.2972, -4.7100, -61.6582,  635.9463, -25.7965, -61.6579,  0, 0, 240
L 635.9463, -25.7965, -61.6579,  661.2795, -38.3455, -61.6577,  0, 0, 240
L 661.2795, -38.3455, -61.6577,  681.8600, -37.4908, -58.8370,  0, 0, 240
L 694.2708, -47.0365, -62.9997,  751.8985, -43.3181, -62.9997,  0, 0, 240
L 751.8985, -43.3181, -62.9997,  756.4321, -43.2929, -63.1250,  0, 0, 240
L 756.4321, -43.2929, -63.1250,  796.3849, -34.6245, -63.0869,  0, 0, 240
L 796.3849, -34.6245, -63.2286,  843.3299, -13.1748, -62.9234,  0, 0, 240
L 843.3299, -13.1748, -62.4067,  896.5436, 56.3584, -62.4067,  0, 0, 240
L 896.5436, 56.3584, -62.4067,  917.8524, 79.8276, -63.3594,  0, 0, 240
L 917.8524, 79.8276, -63.3594,  931.9673, 102.1498, -62.2613,  0, 0, 240
L 931.9673, 102.1498, -62.2613,  935.4867, 109.4171, -62.6986,  0, 0, 240
L 934.9994, 149.9433, -62.7736,  923.2863, 188.4861, -62.9626,  0, 0, 240
L 923.2863, 188.4861, -62.9626,  907.5749, 251.3771, -62.2586,  0, 0, 240
L 934.9994, 149.9433, -60.7225,  935.4867, 109.4171, -60.7225,  0, 0, 240
L 907.5749, 251.3771, -56.2003,  887.5276, 285.5387, -62.9760,  0, 0, 240
L 887.5276, 285.5387, -62.9760,  790.4456, 363.0110, -63.1098,  0, 0, 240
L 791.1626, 361.8891, -63.4102,  777.4291, 368.7996, -61.2561,  0, 0, 240
L 731.1505, 336.4247, -63.1385,  759.1880, 345.7069, -62.4705,  0, 0, 240
L 759.1880, 345.7069, -62.4705,  764.3030, 348.5615, -62.4705,  0, 0, 240
L 764.3030, 348.5615, -62.4705,  769.0626, 353.2866, -62.4334,  0, 0, 240
L 769.0626, 353.2866, -62.4334,  773.8667, 359.7656, -62.4334,  0, 0, 240
L 773.8667, 359.7656, -62.4334,  776.4594, 364.2159, -62.4334,  0, 0, 240
L 776.4594, 364.2159, -62.4334,  777.4291, 368.7996, -62.4334,  0, 0, 240
L 660.0978, 184.4975, -35.9870,  659.6500, 181.9474, -36.0514,  0, 0, 0
L 657.7974, 171.4504, -35.6517,  658.2460, 173.9861, -35.6462,  0, 0, 0
L 657.7974, 171.4504, -35.6049,  646.6131, 173.4335, -29.1480,  0, 0, 0
L 646.8782, 175.0440, -29.3785,  645.4150, 166.1577, -29.5503,  0, 0, 0
L 645.4150, 166.1577, -29.3611,  619.3278, 156.6829, -29.5975,  0, 0, 0
L 619.3278, 156.6829, -29.4102,  598.1746, 174.4542, -29.2280,  0, 0, 0
L 598.1746, 174.4542, -29.2414,  602.9775, 201.6964, -29.2415,  0, 0, 0
L 602.9775, 201.6964, -29.5176,  628.9603, 211.1837, -29.5727,  0, 0, 0
L 628.9603, 211.1837, -30.0263,  650.2479, 193.2880, -29.6968,  0, 0, 0
L 650.2479, 193.2880, -29.3156,  648.5032, 184.9096, -29.2696,  0, 0, 0
L 648.8271, 186.4649, -29.1513,  660.0978, 184.4975, -35.8680,  0, 0, 0
L 658.2460, 173.9861, -35.3552,  647.2057, 175.9546, -29.0954,  0, 0, 0
L 647.0374, 175.0162, -29.0954,  647.4233, 177.1665, -29.0973,  0, 0, 0
L 646.4861, 177.3299, -28.6971,  647.6036, 182.7707, -28.7352,  127, 127, 0
L 648.3854, 182.6320, -29.0974,  648.7765, 184.8612, -29.0974,  0, 0, 0
L 648.6022, 183.8676, -29.0974,  659.6500, 181.9474, -35.3378,  0, 0, 0
L 658.2015, 182.1991, -35.3378,  656.6297, 174.2933, -35.3257,  127, 127, 127
L 651.6396, 183.3718, -30.0944,  650.1931, 175.4072, -30.0964,  127, 127, 127
L 651.4312, 175.1877, -30.9911,  652.8730, 183.1553, -31.1494,  127, 127, 127
L 654.2790, 182.9067, -32.1999,  652.7521, 174.9547, -32.1907,  127, 127, 127
L 654.0903, 174.7193, -33.2622,  655.4960, 182.6924, -33.2608,  127, 127, 127
L 655.3737, 174.4931, -34.2770,  656.7787, 182.4666, -34.2766,  127, 127, 127
L 644.7827, 183.2670, -28.6380,  648.3854, 182.6320, -28.6619,  0, 0, 0
L 647.4233, 177.1665, -28.6273,  643.8209, 177.8011, -28.6772,  0, 0, 0
L 644.9359, 177.6158, -28.6732,  646.0466, 183.0449, -28.6427,  127, 127, 0
L 645.1776, 185.4985, -29.0032,  644.7827, 183.2670, -29.0032,  0, 0, 0
L 643.8209, 177.8011, -29.0032,  643.4373, 175.6465, -29.0032,  0, 0, 0
L 643.4373, 175.6465, -29.0032,  647.0374, 175.0162, -29.0032,  0, 0, 0
L 645.1776, 185.4985, -29.0032,  648.7765, 184.8612, -29.0032,  0, 0, 0
L 645.2986, 185.4771, -29.0032,  646.5774, 192.0563, -29.0032,  0, 0, 0
L 646.5774, 192.0563, -29.0032,  629.3146, 207.8111, -29.0032,  0, 0, 0
L 629.3146, 207.8111, -29.0032,  605.8606, 199.2279, -29.0032,  0, 0, 0
L 605.8606, 199.2279, -29.0032,  601.7963, 175.7382, -29.0032,  0, 0, 0
L 601.7963, 175.7382, -29.0032,  620.0453, 160.4732, -29.0032,  0, 0, 0
L 620.0453, 160.4732, -29.0032,  642.4618, 168.6490, -29.0032,  0, 0, 0
L 642.4618, 168.6490, -29.0032,  643.6827, 175.6036, -29.0032,  0, 0, 0
L 710.7911, 99.5447, -32.5719,  704.3674, 96.1193, -32.3307,  0, 0, 0
L 710.7911, 99.5447, -32.8517,  731.1689, 85.3710, -32.7539,  0, 0, 0
L 731.1689, 85.3710, -33.0225,  729.1450, 60.5358, -32.9683,  0, 0, 0
L 729.1450, 60.5358, -32.3536,  706.6094, 49.9109, -32.8152,  0, 0, 0
L 706.6094, 49.9109, -32.7025,  687.7094, 63.1434, -32.8388,  0, 0, 0
L 687.7094, 63.1434, -32.8388,  666.2458, 53.3273, -33.0509,  0, 0, 0
L 666.2458, 53.3273, -32.4026,  646.0569, 67.6397, -32.7183,  0, 0, 0
L 646.0569, 67.6397, -32.5798,  647.9041, 90.9921, -32.8739,  0, 0, 0
L 647.9041, 90.9921, -32.8739,  628.8022, 104.5384, -33.0357,  0, 0, 0
L 628.8022, 104.5384, -32.9691,  630.7697, 129.2297, -32.8515,  0, 0, 0
L 653.2957, 139.8266, -32.4498,  630.7697, 129.2297, -32.5300,  0, 0, 0
L 653.2957, 139.8266, -32.6631,  673.5919, 125.4752, -32.6692,  0, 0, 0
L 673.5919, 125.4752, -32.3146,  672.5817, 117.0220, -31.8212,  0, 0, 0
L 673.4006, 115.7560, -31.5613,  673.5071, 116.9441, -31.5613,  0, 0, 0
L 672.5817, 117.0220, -31.5613,  684.2692, 116.0384, -37.6264,  0, 0, 0
L 684.2692, 116.0384, -37.6974,  684.4955, 118.6230, -37.7499,  0, 0, 0
L 684.4955, 118.6230, -37.7607,  672.8918, 119.6174, -31.5720,  0, 0, 0
L 683.3369, 105.4000, -37.6264,  683.5652, 107.9827, -37.6264,  0, 0, 0
L 683.3369, 105.4000, -37.6264,  671.7403, 106.4449, -31.5826,  0, 0, 0
L 671.7806, 108.1224, -31.9184,  671.6335, 101.9992, -32.8771,  0, 0, 0
L 671.6335, 101.9992, -32.8771,  689.5233, 89.5186, -32.4770,  0, 0, 0
L 689.5233, 89.5186, -32.4770,  695.1978, 92.0989, -32.4253,  0, 0, 0
L 693.7641, 91.4470, -31.7254,  688.9944, 101.6616, -37.6265,  0, 0, 0
L 691.3149, 102.7365, -37.6264,  688.9944, 101.6616, -37.6264,  0, 0, 0
L 691.3149, 102.7365, -37.6265,  696.2057, 92.3115, -31.5613,  0, 0, 0
L 695.2960, 91.8881, -31.5613,  697.2795, 92.8113, -31.5613,  0, 0, 0
L 697.2795, 92.8113, -31.2682,  698.8237, 89.4965, -31.1655,  0, 0, 0
L 697.8533, 91.5795, -31.1655,  702.8910, 93.9274, -31.1649,  127, 127, 0
L 703.8655, 91.8493, -31.1649,  702.3137, 95.1583, -31.4329,  0, 0, 0
L 702.3137, 95.1583, -31.5613,  704.3672, 96.1197, -31.5613,  0, 0, 0
L 703.4740, 95.7015, -31.5613,  698.6495, 106.1613, -37.6467,  0, 0, 0
L 700.9966, 107.2523, -37.7723,  698.6495, 106.1613, -37.7570,  0, 0, 0
L 700.9966, 107.2523, -37.7768,  705.8066, 96.8868, -31.6258,  0, 0, 0
L 703.8655, 91.8493, -31.4260,  705.9180, 92.8007, -31.4260,  0, 0, 0
L 698.5259, 90.1348, -31.2919,  703.5583, 92.4960, -31.2889,  127, 127, 0
L 698.8237, 89.4965, -31.4260,  696.8431, 88.5697, -31.4260,  0, 0, 0
L 696.8431, 88.5697, -31.4260,  695.1978, 92.0989, -31.4260,  0, 0, 0
L 696.3976, 89.5250, -31.4260,  689.3147, 86.1358, -31.4260,  0, 0, 0
L 689.3147, 86.1358, -31.4260,  668.3851, 100.9078, -31.4260,  0, 0, 0
L 668.3851, 100.9078, -31.4260,  669.1410, 108.3505, -31.4260,  0, 0, 0
L 669.1078, 108.3534, -31.4260,  669.3036, 110.6016, -31.4260,  0, 0, 0
L 672.7256, 108.0407, -31.4260,  669.1078, 108.3534, -31.4260,  0, 0, 0
L 669.8184, 110.5541, -31.3508,  670.3098, 116.0284, -31.3481,  127, 127, 0
L 669.7831, 116.0720, -31.4260,  669.9727, 118.2407, -31.4260,  0, 0, 0
L 669.8976, 118.2472, -31.4260,  672.6988, 118.0018, -31.4260,  0, 0, 0
L 669.7831, 116.0720, -31.1450,  673.4006, 115.7560, -31.1916,  0, 0, 0
L 672.9258, 110.2817, -31.2792,  669.3036, 110.6016, -31.0961,  0, 0, 0
L 669.8976, 118.2472, -31.4260,  670.4108, 124.0776, -31.4260,  0, 0, 0
L 670.4108, 124.0776, -31.4260,  652.9572, 136.4073, -31.4260,  0, 0, 0
L 652.9572, 136.4073, -31.4260,  633.5377, 127.3960, -31.4260,  0, 0, 0
L 633.5377, 127.3960, -31.4260,  631.7700, 106.1029, -31.4260,  0, 0, 0
L 631.7700, 106.1029, -31.4260,  651.1805, 92.5396, -31.4260,  0, 0, 0
L 651.1805, 92.5396, -31.4260,  649.0577, 69.0712, -31.4260,  0, 0, 0
L 649.0577, 69.0712, -31.4260,  666.5536, 56.7931, -31.4260,  0, 0, 0
L 666.5536, 56.7931, -31.4260,  687.8480, 66.8757, -31.4260,  0, 0, 0
L 687.8480, 66.8757, -31.4260,  706.9036, 53.4792, -31.4260,  0, 0, 0
L 706.9036, 53.4792, -31.4260,  726.2074, 62.4687, -31.4260,  0, 0, 0
L 726.2074, 62.4687, -31.4260,  728.1250, 83.7438, -31.4260,  0, 0, 0
L 728.1250, 83.7438, -31.4260,  710.6490, 95.9789, -31.4260,  0, 0, 0
L 710.6490, 95.9789, -31.4260,  705.4918, 93.7127, -31.4260,  0, 0, 0
L 704.3672, 96.1197, -31.4260,  705.9180, 92.8007, -31.4260,  0, 0, 0
L 702.1132, 98.7299, -32.5574,  694.7511, 95.3652, -32.5587,  127, 127, 127
L 694.1042, 96.7473, -33.6329,  701.5402, 99.9590, -33.6149,  127, 127, 127
L 700.8925, 101.0516, -34.6546,  693.6689, 97.6826, -34.6552,  127, 127, 127
L 693.0943, 98.9132, -35.7247,  700.4314, 102.3335, -35.7268,  127, 127, 127
L 692.7053, 100.1692, -36.7362,  699.8816, 103.5145, -36.7414,  127, 127, 127
L 699.3459, 104.5841, -37.6246,  692.0659, 101.1855, -37.6245,  127, 127, 127
L 683.5652, 107.9827, -37.6264,  672.8130, 108.9998, -31.5613,  0, 0, 0
L 672.7256, 108.0407, -31.5613,  672.9258, 110.2817, -31.5613,  0, 0, 0
L 671.3846, 110.4165, -31.1413,  671.8907, 115.8885, -31.1515,  127, 127, 0
L 675.4527, 108.7019, -32.5619,  676.1675, 116.7635, -32.5607,  127, 127, 127
L 677.4285, 116.6542, -33.6146,  676.7482, 108.5867, -33.6145,  127, 127, 127
L 678.7133, 116.5419, -34.6542,  678.0082, 108.4764, -34.6546,  127, 127, 127
L 680.0668, 116.4240, -35.7234,  679.3611, 108.3585, -35.7257,  127, 127, 127
L 681.3577, 116.3109, -36.7414,  680.6568, 108.2447, -36.7406,  127, 127, 127
L 682.5594, 116.1778, -37.6239,  681.8589, 108.1724, -37.6231,  127, 127, 127
L 222.7285, 271.1464, -60.0043,  224.4434, 263.7228, -58.6037,  0, 0, 0
L 224.4434, 263.7228, -58.6037,  233.9635, 256.9072, -58.3685,  0, 0, 0
L 233.9635, 256.9072, -58.3685,  246.1964, 254.8597, -57.0335,  0, 0, 0
L 246.1964, 254.8597, -57.0335,  255.7096, 262.0723, -56.4566,  0, 0, 0
L 255.7096, 262.0723, -56.4566,  261.5963, 273.1522, -55.7811,  0, 0, 0
L 261.5963, 273.1522, -55.7811,  258.8258, 280.8284, -54.9478,  0, 0, 0
L 258.8258, 280.8284, -54.9478,  268.9712, 275.4858, -54.9814,  0, 0, 0
L 268.9712, 275.4858, -54.9814,  271.2510, 216.3824, -56.1830,  0, 0, 0
L 271.2510, 216.3824, -56.1830,  268.0081, 162.9292, -57.9754,  0, 0, 0
L 268.0081, 162.9292, -57.9754,  259.6791, 107.1002, -64.1230,  0, 0, 0
L -145.7469, 327.5999, -67.2612,  -189.6651, 328.8622, -67.8284,  0, 127, 127
L -189.9413, 328.3500, -67.8284,  -191.3409, 325.7557, -67.8284,  0, 0, 0
L -191.3409, 325.7557, -67.8284,  -191.9977, 319.4347, -67.8284,  0, 0, 0
L -191.9977, 319.4347, -67.8284,  -211.3089, 316.3068, -64.5909,  0, 0, 0
L -211.3089, 316.3068, -64.5909,  -211.5145, 320.9544, -57.1501,  0, 0, 0
L -211.5145, 320.9544, -57.1501,  -214.7236, 329.0406, -55.8849,  0, 0, 0
L -214.7236, 329.0406, -55.8849,  -210.6282, 335.9486, -56.0818,  0, 0, 0
L -210.6282, 335.9486, -56.0818,  -205.6074, 340.5120, -62.5287,  0, 0, 0
L -205.6074, 340.5120, -62.5287,  -199.1414, 341.8518, -62.5287,  0, 0, 0
L -199.1414, 341.8518, -62.5287,  -189.4787, 338.8130, -66.6701,  0, 0, 0
L -189.4787, 338.8130, -66.6701,  -187.5470, 333.5389, -68.0547,  0, 0, 0
L -187.5470, 333.5389, -68.0547,  -187.9604, 330.6261, -68.0690,  0, 0, 0
L -187.9604, 330.6261, -68.0690,  -189.9413, 328.3500, -69.3772,  0, 0, 0
L -201.1052, 317.9595, -67.4119,  -213.3752, 304.7744, -67.4119,  0, 127, 127
L -215.9215, 306.7698, -67.4119,  -210.4629, 302.4921, -67.4119,  0, 0, 0
L -210.4629, 302.4921, -67.4119,  -208.9860, 295.7770, -67.8329,  0, 0, 0
L -208.9860, 295.7770, -67.8329,  -211.6940, 288.1230, -67.8370,  0, 0, 0
L -211.6940, 288.1230, -67.8370,  -217.1775, 287.5066, -69.3789,  0, 0, 0
L -217.1775, 287.5066, -69.3789,  -218.5890, 285.9299, -67.8393,  0, 0, 0
L -218.5890, 285.9299, -67.8393,  -226.4528, 286.2442, -66.7086,  0, 0, 0
L -226.4781, 286.3239, -66.7086,  -224.3902, 279.7498, -67.3542,  0, 0, 0
L -224.3902, 279.7498, -67.3542,  -228.2460, 272.9842, -67.2224,  0, 0, 0
L -228.2460, 272.9842, -67.2224,  -235.2463, 269.7414, -67.2224,  0, 0, 0
L -235.2463, 269.7414, -67.2224,  -242.9144, 272.7205, -67.2224,  0, 0, 0
L -242.9144, 272.7205, -67.2224,  -249.4588, 279.1472, -65.6223,  0, 0, 0
L -248.8281, 285.5187, -60.0900,  -245.2679, 291.4503, -59.6395,  0, 0, 0
L -245.2679, 291.4503, -59.6395,  -242.5932, 292.8790, -59.6395,  0, 0, 0
L -242.5932, 292.8790, -59.6395,  -238.2135, 293.7036, -59.6395,  0, 0, 0
L -238.2135, 293.7036, -59.6395,  -234.5271, 292.7516, -65.5375,  0, 0, 0
L -233.2325, 291.7178, -65.5375,  -234.9145, 295.8953, -62.2404,  0, 0, 0
L -234.9145, 295.8953, -62.2404,  -234.3102, 299.8140, -61.1046,  0, 0, 0
L -234.3102, 299.8140, -61.1046,  -232.6897, 302.5464, -60.7910,  0, 0, 0
L -232.6897, 302.5464, -60.7910,  -226.1536, 306.2239, -63.6772,  0, 0, 0
L -226.1536, 306.2239, -63.6772,  -215.9215, 306.7698, -67.2339,  0, 0, 0
L -234.5271, 292.7516, -60.8958,  -226.4781, 286.3239, -69.3747,  0, 0, 0
L -100.2113, 11.1381, -67.8230,  -48.4178, 11.1306, -37.6275,  240, 240, 240
L -48.4666, 11.1306, -37.6275,  -48.4666, 23.6306, -37.6274,  240, 240, 240
L -100.1877, 23.5734, -67.8460,  -100.2113, 11.1381, -67.8460,  240, 240, 240
L -100.1877, 23.5734, -67.0544,  -48.4105, 23.6307, -37.4923,  240, 240, 240
L -48.4091, 27.0764, -39.3612,  -42.9463, 27.0719, -39.4225,  127, 64, 0
L -42.9463, 27.0719, -39.4238,  -42.8064, 35.5506, -39.4238,  127, 64, 0
L -42.8064, 35.5506, -39.4238,  -42.2859, 35.5475, -39.4238,  127, 64, 0
L -42.2859, 35.5475, -39.4238,  -41.7851, 48.0291, -39.4238,  127, 64, 0
L -41.7851, 48.0291, -39.4238,  -37.1472, 63.2530, -38.7009,  127, 64, 0
L -37.1472, 63.2530, -38.7009,  -35.0444, 72.5484, -38.2557,  127, 64, 0
L -35.0550, 72.5167, -38.2549,  -11.9259, 109.1383, -30.1130,  127, 64, 0
L -11.9259, 109.1383, -30.1130,  11.8543, 73.0212, -38.1941,  127, 64, 0
L 11.8543, 73.0212, -38.1941,  17.8827, 48.0242, -39.4238,  127, 64, 0
L 17.8827, 48.0242, -39.4238,  18.3833, 35.5511, -39.4238,  127, 64, 0
L 18.3833, 35.5511, -39.4238,  20.2092, 35.5497, -39.4237,  127, 64, 0
L 20.2092, 35.5497, -39.4237,  20.3545, 27.0771, -39.4238,  127, 64, 0
L 20.3545, 27.0771, -39.4000,  24.7617, 27.0715, -39.3920,  127, 64, 0
L 24.7617, 27.0715, -39.8556,  24.7526, 24.4912, -39.8216,  127, 64, 0
L -48.4091, 27.0764, -40.0015,  -48.4105, 23.6307, -39.1564,  127, 64, 0
L -48.4178, 11.1306, -39.1853,  -48.3113, 6.8033, -39.1722,  127, 64, 0
L -48.3113, 6.8033, -39.3726,  -43.3098, 6.8069, -39.3934,  127, 64, 0
L -43.3098, 6.8069, -39.4238,  -43.6361, -50.2833, -39.4238,  127, 64, 0
L -40.6279, -31.2131, -39.4238,  -43.5271, -31.2097, -39.4238,  127, 64, 0
L -32.6014, -31.2131, -39.4238,  -35.3452, -31.2095, -39.4238,  127, 64, 0
L -32.6014, -31.2131, -39.4238,  -32.5735, -50.2819, -39.4238,  127, 64, 0
L -32.5761, -48.5035, -38.7102,  -29.6186, -48.3493, -38.7169,  127, 64, 0
L -29.5911, -51.0343, -38.7196,  -29.6283, -47.4038, -38.9571,  127, 64, 0
L -29.6283, -47.4038, -39.4238,  -27.4426, -47.3999, -39.4238,  127, 64, 0
L -27.4426, -47.3999, -39.4236,  -27.4486, -51.0314, -39.1954,  127, 64, 0
L -27.4447, -48.6596, -39.1954,  -21.9551, -48.6428, -39.1988,  127, 127, 0
L -21.9559, -51.0310, -39.1988,  -21.9548, -47.4024, -39.2787,  127, 64, 0
L -21.9548, -47.4024, -39.4238,  -19.7006, -47.4006, -39.4238,  127, 64, 0
L -19.7006, -47.4006, -39.4224,  -19.7118, -51.0342, -38.7218,  127, 64, 0
L -19.7040, -48.5032, -38.7134,  -4.2169, -48.5034, -38.7144,  127, 64, 0
L -4.2038, -50.9545, -38.8895,  -4.2231, -47.3395, -39.4237,  127, 64, 0
L -4.2231, -47.3395, -39.4238,  -2.0380, -47.3380, -39.4238,  127, 64, 0
L 3.4431, -47.3386, -39.4238,  5.6972, -47.3388, -39.4238,  127, 64, 0
L 5.6972, -47.3388, -38.8841,  5.6947, -50.9638, -38.7144,  127, 64, 0
L 5.6964, -48.5034, -38.7144,  9.0855, -48.5034, -38.7099,  127, 64, 0
L 9.0845, -50.2844, -38.7118,  9.0798, -31.2082, -39.4238,  127, 64, 0
L 11.7155, -31.2285, -39.4218,  9.0798, -31.2082, -39.4218,  127, 64, 0
L 16.9375, -31.2149, -39.4238,  19.7482, -31.2098, -39.4237,  127, 64, 0
L 19.7536, -50.2853, -39.4238,  19.7482, -31.2098, -39.4238,  127, 64, 0
L 19.7531, -48.4927, -38.7106,  20.8899, -48.4892, -38.7098,  127, 64, 0
L 20.6957, 6.8118, -39.4237,  20.8899, -48.4892, -39.4237,  127, 64, 0
L -43.4315, -48.5005, -38.7052,  -43.2601, -48.5012, -38.7058,  127, 64, 0
L 3.4431, -47.3386, -39.2697,  3.4425, -50.9722, -39.0981,  127, 64, 0
L -2.0745, -50.9751, -39.3007,  -2.0380, -47.3380, -39.3083,  127, 64, 0
L -2.0580, -49.3309, -39.0893,  3.4428, -49.3746, -39.1012,  127, 127, 0
L 3.4443, -47.8198, -39.3543,  -2.0452, -47.8128, -39.3538,  127, 127, 0
L 11.7155, -31.2285, -38.0247,  11.7414, -46.7360, -27.5203,  127, 64, 0
L 11.7414, -46.7360, -27.5203,  11.7217, -50.2825, -27.0757,  127, 64, 0
L 16.9375, -31.2149, -38.7753,  16.9459, -46.2897, -27.5771,  127, 64, 0
L 16.9459, -46.2897, -27.5771,  16.9563, -50.2810, -27.5203,  127, 64, 0
L 16.9563, -50.2810, -27.0776,  20.2427, -50.2861, -27.0776,  127, 64, 0
L 11.7217, -50.2825, -27.0776,  8.0371, -50.2852, -27.0776,  127, 64, 0
L 8.0371, -50.2852, -27.0776,  8.0368, -52.6599, -27.0776,  127, 64, 0
L 8.0368, -52.6599, -27.0776,  -31.4813, -52.6629, -27.0776,  127, 64, 0
L -31.4813, -52.6629, -27.0776,  -31.4854, -50.2809, -27.0776,  127, 64, 0
L -31.4854, -50.2809, -27.0776,  -35.2849, -50.2845, -27.0776,  127, 64, 0
L -43.3387, -50.2833, -27.0776,  -40.5996, -50.2832, -27.0776,  127, 64, 0
L -40.6279, -31.2131, -38.0149,  -40.6050, -46.3843, -27.5216,  127, 64, 0
L -40.6050, -46.3843, -27.5216,  -40.5996, -50.2832, -27.5203,  127, 64, 0
L -35.3452, -31.2095, -38.3433,  -35.3368, -45.4713, -28.2370,  127, 64, 0
L -35.3368, -45.4713, -28.2370,  -35.2849, -50.2845, -27.5203,  127, 64, 0
L -43.3387, -50.2833, -27.0776,  -43.5197, -78.0045, -27.0757,  127, 64, 0
L -43.5197, -78.0045, -27.0757,  20.9844, -78.0055, -27.0743,  127, 64, 0
L 20.2427, -50.2861, -27.0776,  20.9889, -78.0001, -27.0757,  127, 64, 0
L -21.9557, -50.4493, -39.3281,  -27.4477, -50.4597, -39.3314,  127, 127, 0
L -27.4486, -51.0314, -39.7198,  -29.5911, -51.0343, -39.7202,  127, 64, 0
L -21.9559, -51.0310, -39.7199,  -19.7118, -51.0342, -39.7200,  127, 64, 0
L -29.5919, -50.9628, -39.6252,  -42.6908, -51.1943, -39.8436,  240, 240, 240
L -42.6908, -51.1943, -39.8436,  -45.1281, -53.5087, -39.7850,  240, 240, 240
L -45.1281, -53.5087, -39.7850,  -45.1286, -75.1828, -39.7844,  240, 240, 240
L -45.1286, -75.1828, -39.7844,  -42.3957, -78.2165, -39.7714,  240, 240, 240
L -42.3957, -78.2165, -39.7714,  19.1147, -78.1963, -39.7899,  240, 240, 240
L 19.1147, -78.1963, -39.7899,  20.7217, -76.3638, -39.8261,  240, 240, 240
L 20.7217, -76.3638, -39.8261,  20.7383, -66.4134, -39.8048,  240, 240, 240
L 20.7383, -66.4134, -39.8048,  -5.3114, -66.5160, -40.0561,  240, 240, 240
L -5.3114, -66.5160, -40.0561,  -5.3104, -50.9522, -39.7141,  240, 240, 240
L -5.3104, -50.9522, -39.7141,  -19.7116, -50.9528, -39.6195,  240, 240, 240
L -4.2038, -50.9545, -40.0967,  -2.0745, -50.9751, -40.0989,  127, 64, 0
L 5.6947, -50.9638, -40.0971,  3.4425, -50.9722, -40.0988,  127, 64, 0
L 4.1219, -50.9698, -40.0980,  4.0867, -66.0034, -50.4235,  0, 0, 0
L -2.7061, -50.9702, -40.0968,  -2.5183, -76.7952, -50.8587,  0, 0, 0
L -2.5183, -76.7952, -50.8587,  12.0657, -76.7877, -51.0315,  0, 0, 0
L 12.0657, -76.7877, -51.0315,  12.0758, -65.0579, -51.1856,  0, 0, 0
L 12.0758, -65.0579, -51.1856,  12.8478, 50.3243, -56.6246,  0, 0, 0
L 12.8478, 50.3243, -56.8248,  -36.2033, 50.3244, -56.8221,  0, 0, 0
L -36.2033, 50.3244, -56.6204,  -36.2006, -21.8288, -56.6253,  0, 0, 0
L -36.2006, -21.8288, -57.0983,  5.9834, -21.8300, -57.0963,  0, 0, 0
L 5.9834, -21.8300, -56.8836,  6.0375, -66.0058, -51.4826,  0, 0, 0
L 4.0867, -66.0034, -51.0335,  6.0375, -66.0058, -51.0335,  0, 0, 0
L 23.8386, 11.1894, -39.3615,  23.8542, 23.3119, -39.3547,  240, 240, 240
L 77.1349, 23.3351, -67.8420,  77.1200, 11.2051, -67.3772,  240, 240, 240
L 77.1200, 11.2051, -67.3769,  23.8386, 11.1894, -37.4378,  240, 240, 240
L 25.3240, 11.2044, -37.6398,  25.2833, 6.6876, -38.3225,  127, 64, 0
L 25.2833, 6.6876, -39.2550,  20.6957, 6.8118, -37.8555,  127, 64, 0
L 77.1349, 23.3351, -68.1791,  23.8542, 23.3119, -37.7692,  240, 240, 240
L -199.5152, -89.7636, -67.3927,  -195.8283, -103.9890, -65.9458,  0, 0, 0
L -195.8283, -103.9890, -65.9458,  -197.6436, -105.1762, -65.6528,  0, 0, 0
L -197.6436, -105.1762, -65.6528,  -210.6121, -109.3703, -65.6522,  0, 0, 0
L -210.6121, -109.3703, -65.6522,  -219.0982, -101.0965, -65.6518,  0, 0, 0
L -219.0982, -101.0965, -65.6518,  -220.5779, -96.2674, -65.2349,  0, 0, 0
L -220.5779, -96.2674, -65.2349,  -212.9191, -86.0466, -65.2347,  0, 0, 0
L -212.9191, -86.0466, -65.2347,  -199.5152, -89.7636, -65.2345,  0, 0, 0
L -220.8467, -17.7321, -67.8362,  -209.0972, -2.3027, -67.8362,  0, 0, 0
L -209.0972, -2.3027, -67.8362,  -209.9205, 0.8465, -67.8385,  0, 0, 0
L -209.9205, 0.8465, -67.8385,  -224.2138, 13.3303, -67.7980,  0, 0, 0
L -224.2138, 13.3303, -67.7980,  -239.1722, 7.7037, -67.6897,  0, 0, 0
L -239.1722, 7.7037, -67.6897,  -238.2126, -7.9423, -65.5166,  0, 0, 0
L -238.2126, -7.9423, -65.5166,  -220.8467, -17.7321, -65.5166,  0, 0, 0
L -218.5161, -19.8535, -67.8377,  -211.0437, -30.3514, -67.8372,  0, 0, 0
L -211.0437, -30.3514, -67.8372,  -216.6932, -49.7327, -68.9034,  0, 0, 0
L -216.6932, -49.7327, -68.9034,  -219.1696, -52.2217, -68.3374,  0, 0, 0
L -219.1696, -52.2217, -68.3374,  -229.1050, -57.7098, -67.8131,  0, 0, 0
L -229.1050, -57.7098, -67.8131,  -232.4331, -57.9904, -67.8129,  0, 0, 0
L -232.4331, -57.9904, -67.8129,  -239.8641, -56.4772, -67.8126,  0, 0, 0
L -239.8641, -56.4772, -67.8126,  -242.0632, -54.7373, -67.8125,  0, 0, 0
L -242.0632, -54.7373, -67.8125,  -244.5660, -51.9242, -67.8123,  0, 0, 0
L -244.5660, -51.9242, -67.8123,  -246.0860, -47.9842, -67.8345,  0, 0, 0
L -246.0860, -47.9842, -67.8345,  -243.4147, -41.8812, -67.8523,  0, 0, 0
L -243.4147, -41.8812, -67.8523,  -244.3048, -31.1351, -67.8291,  0, 0, 0
L -244.3048, -31.1351, -67.8291,  -232.0346, -19.1964, -67.8291,  0, 0, 0
L -232.0346, -19.1964, -67.8291,  -218.5161, -19.8535, -67.8291,  0, 0, 0
L -252.7705, -213.8542, -92.2593,  -227.6537, -225.0979, -92.1844,  0, 127, 127
L -227.6537, -225.0979, -92.1844,  -216.1032, -229.4688, -69.8993,  0, 0, 0
L -252.7705, -213.8542, -91.0308,  -253.8262, -214.1704, -92.4877,  0, 127, 127
L -253.8262, -214.1704, -92.4877,  -268.4528, -208.0643, -94.4050,  0, 127, 127
L -268.4528, -208.0643, -94.4050,  -293.0952, -199.9851, -96.2141,  0, 127, 127
L -293.0952, -199.9851, -96.2141,  -323.8767, -187.8681, -105.4991,  0, 127, 127
L -323.8767, -187.8681, -105.4991,  -340.7328, -178.7689, -107.1178,  0, 127, 127
L -340.7328, -178.7689, -107.1178,  -358.1862, -174.8328, -105.8449,  0, 127, 127
L -358.1862, -174.8328, -105.8449,  -373.4321, -176.7849, -106.4960,  0, 127, 127
L -373.4321, -176.7849, -106.4960,  -412.9846, -203.3145, -108.7723,  0, 127, 127
L -412.9846, -203.3145, -108.7723,  -423.2532, -217.2466, -104.0945,  0, 127, 127
L -423.2532, -217.2466, -104.0945,  -458.0570, -236.5057, -137.8933,  0, 127, 127
L -458.0570, -236.5057, -137.8933,  -469.0605, -237.1547, -138.3396,  0, 127, 127
L -469.0605, -237.1547, -138.3396,  -477.0870, -229.2119, -142.5741,  0, 127, 127
L -477.0870, -229.2119, -142.5741,  -484.7502, -219.5956, -144.9457,  0, 127, 127
L -484.7502, -219.5956, -144.9457,  -489.4371, -207.0822, -143.8623,  0, 127, 127
L -489.4371, -207.0822, -143.8623,  -488.9199, -191.4449, -141.7077,  0, 127, 127
L -488.9199, -191.4449, -141.7077,  -479.1923, -169.8422, -138.5222,  0, 127, 127
L -479.1923, -169.8422, -138.5222,  -473.2692, -159.3711, -139.4287,  0, 127, 127
L -473.2692, -159.3711, -139.4287,  -459.2284, -134.6478, -133.7542,  0, 127, 127
L -459.2284, -134.6478, -133.7542,  -443.9775, -130.1546, -135.3981,  0, 127, 127
L -443.9775, -130.1546, -135.3981,  -418.9322, -121.3412, -135.0978,  0, 127, 127
L -418.9322, -121.3412, -135.0978,  -405.6252, -115.0438, -134.3994,  0, 127, 127
L -405.6252, -115.0438, -134.3994,  -393.5256, -105.9481, -133.4941,  0, 127, 127
L -393.5256, -105.9481, -133.4941,  -382.6805, -97.1166, -132.7438,  0, 127, 127
L -382.6805, -97.1166, -132.7438,  -376.2432, -85.9576, -133.4647,  0, 127, 127
L -376.2432, -85.9576, -133.4647,  -367.9706, -70.4945, -131.1869,  0, 127, 127
L -367.9706, -70.4945, -131.1869,  -363.9455, -53.5302, -132.1928,  0, 127, 127
L -363.9455, -53.5302, -132.1928,  -362.5381, -30.6347, -133.6500,  0, 127, 127
L -362.5381, -30.6347, -133.6500,  -365.3680, -18.0375, -136.2371,  0, 127, 127
L -365.3680, -18.0375, -136.2371,  -372.8985, -0.8227, -136.5472,  0, 127, 127
L -372.8985, -0.8227, -136.5472,  -383.8850, 13.4115, -134.9642,  0, 127, 127
L -383.8850, 13.4115, -134.9642,  -394.4905, 21.1480, -134.4865,  0, 127, 127
L -394.4905, 21.1480, -134.4865,  -410.0619, 28.6058, -133.4626,  0, 127, 127
L -410.0619, 28.6058, -133.4626,  -421.5060, 32.8593, -132.7751,  0, 127, 127
L -421.5060, 32.8593, -132.7751,  -435.8672, 36.6145, -131.5610,  0, 127, 127
L -435.8672, 36.6145, -131.5610,  -451.1133, 38.7299, -130.6204,  0, 127, 127
L -451.1133, 38.7299, -130.6204,  -457.5385, 36.8676, -124.4739,  0, 127, 127
L -457.5385, 36.8676, -124.4739,  -481.4461, 29.1229, -135.2238,  0, 127, 127
L -481.4461, 29.1229, -135.2238,  -495.6512, 19.5503, -135.4554,  0, 127, 127
L -495.6512, 19.5503, -135.4554,  -506.1431, 12.4766, -135.3701,  0, 127, 127
L -506.1431, 12.4766, -135.3701,  -518.5956, -16.0613, -133.4153,  0, 127, 127
L -518.5956, -16.0613, -133.4153,  -521.4469, -55.6513, -133.0517,  0, 127, 127
L -521.4469, -55.6513, -133.0517,  -509.3471, -84.7431, -135.6157,  0, 127, 127
L -509.3471, -84.7431, -135.6157,  -502.8278, -103.7692, -135.0970,  0, 127, 127
L -502.8278, -103.7692, -135.0970,  -486.4415, -120.7258, -133.9902,  0, 127, 127
L -486.4415, -120.7258, -133.9902,  -484.1030, -124.5762, -133.9279,  0, 127, 127
L -484.1030, -124.5762, -133.9279,  -497.2451, -146.5968, -140.1167,  0, 127, 127
L -497.2451, -146.5968, -140.1167,  -504.2655, -168.0813, -147.8769,  0, 127, 127
L -504.2655, -168.0813, -147.8769,  -519.7848, -193.5019, -142.4852,  0, 127, 127
L -519.7848, -193.5019, -142.4852,  -515.4526, -219.2477, -140.8715,  0, 127, 127
L -515.4526, -219.2477, -140.8715,  -505.3155, -228.5009, -145.1277,  0, 127, 127
L -505.3155, -228.5009, -145.1277,  -494.6468, -245.4318, -145.5563,  0, 127, 127
L -494.6468, -245.4318, -145.5563,  -483.6464, -261.8588, -140.3374,  0, 127, 127
L -483.6464, -261.8588, -140.3374,  -465.3329, -269.8254, -132.9679,  0, 127, 127
L -465.3329, -269.8254, -132.9679,  -450.3368, -267.0651, -132.8700,  0, 127, 127
L -450.3368, -267.0651, -132.8700,  -443.1550, -264.9677, -134.9475,  0, 127, 127
L -443.1550, -264.9677, -134.9475,  -425.6703, -252.1674, -123.2662,  0, 127, 127
L -425.6703, -252.1674, -123.2662,  -413.9267, -243.9104, -117.6932,  0, 127, 127
L -413.9267, -243.9104, -117.6932,  -386.3604, -223.0416, -109.4421,  0, 127, 127
L -386.3604, -223.0416, -109.4421,  -370.1765, -212.8249, -107.2867,  0, 127, 127
L -370.1765, -212.8249, -107.2867,  -354.2941, -208.0820, -106.3597,  0, 127, 127
L -354.2941, -208.0820, -106.3597,  -339.1414, -217.5653, -109.9311,  0, 127, 127
L -339.1414, -217.5653, -109.9311,  -322.2864, -220.3930, -108.1765,  0, 127, 127
L -322.2864, -220.3930, -108.1765,  -298.2917, -225.2348, -102.5374,  0, 127, 127
L -298.2917, -225.2348, -102.5374,  -270.5045, -231.9858, -100.0340,  0, 127, 127
L -270.5045, -231.9858, -100.0340,  -249.6460, -241.5886, -95.0884,  0, 127, 127
L -249.6460, -241.5886, -95.0884,  -235.9405, -252.4075, -66.8454,  0, 127, 127
L -386.8222, -21.6120, -75.8605,  -389.7445, -22.8057, -54.7289,  240, 240, 240
L -389.7445, -22.8057, -54.7289,  -387.0164, -29.9292, -55.2512,  240, 240, 240
L -384.1891, -28.8547, -72.7067,  -387.0164, -29.9292, -54.7473,  240, 240, 240
L -386.4093, -29.6985, -55.3735,  -382.8594, -40.3539, -53.5257,  0, 0, 0
L -382.8594, -40.3539, -53.5257,  -393.3119, -55.8602, -54.0040,  0, 0, 0
L -393.3119, -55.8602, -47.1047,  -394.2830, -70.0236, -47.1044,  0, 0, 0
L -394.2830, -70.0236, -47.1044,  -407.0321, -79.8202, -44.9783,  0, 0, 0
L -407.0321, -79.8202, -44.9783,  -422.5768, -83.8947, -42.6856,  0, 0, 0
L -422.5768, -83.8947, -42.6856,  -429.5811, -87.8567, -42.6854,  0, 0, 0
L -429.5811, -87.8567, -42.6854,  -442.9992, -82.2846, -42.6851,  0, 0, 0
L -442.9992, -82.2846, -42.6851,  -452.2635, -72.9661, -42.6591,  0, 0, 0
L -452.2635, -72.9661, -42.6591,  -471.2632, -62.7180, -42.7826,  0, 0, 0
L -471.2632, -62.7180, -44.2268,  -474.6879, -39.1060, -47.2649,  0, 0, 0
L -474.6879, -39.1060, -48.8905,  -467.4648, -26.4817, -50.0943,  0, 0, 0
L -467.4648, -26.4817, -50.0943,  -455.2147, -13.5109, -50.0939,  0, 0, 0
L -455.2147, -13.5109, -50.0939,  -442.0436, -5.2044, -50.0934,  0, 0, 0
L -442.0436, -5.2044, -50.0934,  -425.2599, -0.0728, -49.5277,  0, 0, 0
L -425.2599, -0.0728, -49.5277,  -398.8950, -12.8031, -51.6054,  0, 0, 0
L -388.7411, -22.3958, -53.3415,  -390.9686, -19.1269, -53.7809,  0, 0, 0
L -390.9686, -19.1269, -53.7809,  -398.8950, -12.8031, -52.9726,  0, 0, 0
L -386.8222, -21.6120, -82.1629,  -384.1891, -28.8547, -81.5203,  240, 240, 240
L 621.1341, 102.4371, -27.2654,  610.2773, 103.9564, -35.5759,  0, 0, 0
L 610.2773, 103.9564, -35.5759,  557.8754, 86.5576, -65.5754,  0, 0, 0
L 557.8754, 86.5576, -65.5754,  557.0583, 84.1469, -63.0259,  0, 0, 0
L 557.0583, 84.1469, -63.0259,  551.6810, 84.3818, -63.0259,  0, 0, 0
L 551.6810, 84.3818, -63.0259,  547.9548, 85.7793, -63.0259,  0, 0, 0
L 547.9548, 85.7793, -63.0259,  543.2407, 85.9779, -62.4602,  0, 0, 0
L 543.2407, 85.9779, -62.4602,  537.7250, 83.4371, -62.1719,  0, 0, 0
L 537.7250, 83.4371, -62.1719,  537.0129, 80.4446, -61.5759,  0, 0, 0
L 537.0129, 80.4446, -61.5759,  537.9914, 72.7408, -59.5760,  0, 0, 0
L 537.9914, 72.7408, -59.5760,  541.4426, 63.1262, -55.4594,  0, 0, 0
L 541.4426, 63.1262, -55.4594,  541.6760, 60.0288, -58.1020,  0, 0, 0
L 541.6760, 60.0288, -58.1020,  554.8785, 56.0198, -57.9532,  0, 0, 0
L 554.8785, 56.0198, -57.9532,  561.7812, 62.7680, -57.9532,  0, 0, 0
L 561.7812, 62.7680, -57.9532,  564.9240, 65.5580, -59.4553,  0, 0, 0
L 564.9240, 65.5580, -59.4553,  567.0732, 69.6074, -59.4553,  0, 0, 0
L 567.0732, 69.6074, -59.4553,  568.5597, 72.0328, -56.3833,  0, 0, 0
L 568.5597, 72.0328, -56.3833,  615.5482, 93.7578, -33.2619,  0, 0, 0
L 615.5482, 93.7578, -33.2619,  623.5157, 98.7741, -29.5511,  0, 0, 0
L 623.5157, 98.7741, -29.5511,  621.1341, 102.4371, -29.5511,  0, 0, 0
L 698.4481, 156.2450, -28.5997,  703.9886, 178.2358, -28.5995,  0, 99, 0
L 703.9886, 178.2358, -28.5995,  719.4406, 190.7607, -28.5994,  0, 99, 0
L 719.4406, 190.7607, -28.5994,  735.4321, 189.3135, -28.2885,  0, 99, 0
L 735.4321, 189.3135, -28.2885,  751.8323, 177.4315, -26.2851,  0, 99, 0
L 751.8323, 177.4315, -26.2851,  755.1216, 150.5733, -28.4173,  0, 99, 0
L 755.1216, 150.5733, -28.4173,  736.0334, 135.2619, -27.2858,  0, 99, 0
L 736.0334, 135.2619, -27.2858,  713.7825, 140.1260, -27.2856,  0, 99, 0
L 713.7825, 140.1260, -27.2856,  698.4481, 156.2450, -30.0318,  0, 99, 0
L 723.4330, 161.9057, -24.0107,  725.1465, 167.2421, -23.4432,  96, 63, 19
L 725.1465, 167.2421, -23.4432,  728.1097, 167.1813, -23.4432,  96, 63, 19
L 728.1097, 167.1813, -23.4432,  732.3362, 168.6211, -22.7614,  96, 63, 19
L 732.3362, 168.6211, -22.7614,  735.7502, 166.5984, -25.0863,  96, 63, 19
L 735.7502, 166.5984, -25.0863,  737.8159, 162.5964, -24.7202,  96, 63, 19
L 737.8159, 162.5964, -24.7202,  736.1418, 160.7343, -26.5526,  96, 63, 19
L 736.1418, 160.7343, -26.5526,  734.0189, 159.1482, -26.2777,  96, 63, 19
L 734.0189, 159.1482, -26.2777,  732.3174, 155.9069, -26.0248,  96, 63, 19
L 732.3174, 155.9069, -26.0248,  727.3635, 156.0763, -25.6563,  96, 63, 19
L 727.3635, 156.0763, -25.6563,  723.4330, 161.9057, -25.3785,  96, 63, 19
P -272.0000, 396.0000, -105.7667,  0, 127, 0,  3,  To_Everfrost
P -20.0000, 550.0000, 0.0000,  0, 0, 0,  1,  Map_by_Goodurden
