P -185.8852, -523.1376, 857.2427,  0, 0, 127,  2,  Lysara
P 245.3789, -260.0194, 947.7531,  127, 0, 0,  2,  Ballafore
P -148.9719, -239.1356, 856.0350,  0, 0, 127,  2,  Narthu
P -205.0151, -296.9932, 856.4844,  0, 0, 127,  2,  Quirin
P -250.7031, -402.5489, 854.8245,  0, 0, 127,  2,  Valanor
P -328.0956, -407.5648, 1155.8750,  127, 64, 0,  2,  Command_Room
P 283.3354, -418.7498, 279.9729,  0, 0, 0,  2,  First_Plant_-_(GS)_Mushroom
P 489.7223, -657.7186, 651.2678,  0, 0, 0,  2,  Second_Plant_-_(GS)_Bamboo
P -500.0736, -178.8177, 703.9686,  0, 0, 0,  2,  Third_Plant_-_(GS)_Pumpkin
P 170.4410, -258.4995, 8.4309,  0, 0, 0,  2,  Controlling_Magic
P -175.7006, -264.1885, 8.4305,  0, 0, 0,  2,  Healing_Magic
P -160.0113, -603.1487, 8.4299,  0, 0, 0,  2,  Destruction_Magic
P 180.0047, -602.1155, 8.4295,  0, 0, 0,  2,  Beneficial_Magic
P -339.3868, -25.2188, 696.3477,  0, 0, 0,  3,  (GS)
P 596.9787, -231.6872, 711.5687,  0, 0, 0,  2,  (GS)
P 1.3059, -434.1207, 0.5627,  0, 0, 0,  2,  Pile_of_Crab
P 1.2540, -267.2500, -1.3597,  127, 64, 0,  2,  Lobby
P 5.0562, -90.6611, 271.4495,  127, 64, 0,  2,  to_Lobby
P 4.8464, -818.9260, -1.1099,  127, 64, 0,  2,  to_1st_Floor
P 2.8962, -792.5760, 275.2586,  127, 64, 0,  2,  to_2nd_Floor
P -0.4120, -68.3615, 540.1200,  127, 64, 0,  3,  to_1st_Floor
P 1.9506, -718.4417, 585.1198,  127, 64, 0,  3,  to_3rd_Floor
P 355.4881, -773.0417, 646.8306,  0, 0, 0,  2,  (GS)
P 509.5632, -201.0644, 700.8873,  0, 0, 0,  2,  (GS)
P 395.9501, -79.4267, 699.6155,  0, 0, 0,  2,  (GS)
P -1.6123, -135.7545, 783.8578,  127, 64, 0,  2,  Jump_to_2nd_Floor
P 1.2888, -692.4984, 845.9106,  127, 64, 0,  2,  to_4th_Floor
P 338.7640, -672.3914, 1152.8798,  127, 64, 0,  2,  to_5th_Floor
P 220.3957, -691.7654, 1140.9657,  127, 64, 0,  2,  to_3th_Floor
P -451.1747, -514.9244, 1463.6449,  127, 64, 0,  2,  to_4th_Floor
P 264.8613, -439.6622, 276.2685,  0, 0, 0,  2,  (GS)
P 297.1704, -429.2813, 280.8674,  0, 0, 0,  2,  (GS)
P -293.0327, -431.1703, 280.8741,  0, 0, 0,  2,  (GS)
P -321.3138, -436.0984, 284.6506,  0, 0, 0,  2,  (GS)
P -548.1024, -245.2707, 695.0562,  0, 0, 0,  2,  (GS)
P -481.8720, -101.6610, 701.6068,  0, 0, 0,  2,  (GS)
P -418.9630, -39.0392, 698.0258,  0, 0, 0,  2,  (GS)
P 1.0000, 52.0000, -1.1068,  0, 0, 0,  1,  Succor
