P -3653.3943, 3819.1438, -245.5927,  127, 64, 0,  3,  Dragon_Circle
P 2706.7637, 1885.8831, -48.2715,  127, 64, 0,  3,  Great_Spires
P -3192.4209, 5791.7520, -47.2948,  0, 0, 127,  2,  Coldain_Smuggler
P 1296.7732, 3940.7820, -218.6228,  0, 0, 127,  2,  Karkador
P 450.5645, 4938.8643, -403.3416,  127, 0, 0,  2,  Vluudeen
P -513.4340, 6909.8062, -677.8840,  0, 0, 127,  2,  Vores_the_Hunter
P -3170.5691, 5930.7876, -108.9354,  0, 0, 127,  2,  bloody_gnome_captive
P -3670.1448, 5900.4185, 129.5330,  0, 0, 127,  1,  Lapker_Geynion
P -3594.6099, 5861.7310, 129.5330,  0, 0, 127,  1,  Fomgrut_Borkel
P -3709.6597, 5880.3770, 129.5330,  0, 0, 127,  1,  Gerton_Dumkin
P -3714.7581, 5919.7813, 129.5330,  0, 0, 127,  2,  Murdrick_Tardok
P -3670.1226, 5940.2271, 129.5330,  0, 0, 127,  1,  Herga_Ratgur
P -3710.3865, 5960.9185, 129.5330,  0, 0, 127,  1,  Davin_Fatfist
P -3605.4568, 5960.3682, 129.5331,  0, 0, 127,  1,  Laima_Ratgur
P 175.5195, 1093.2134, 21.5255,  0, 0, 127,  2,  Captain_Stonefist
P 2590.9451, 2923.8855, 277.9422,  127, 0, 0,  2,  Fergul_Frostsky
P 2636.1487, 2925.6199, 277.9234,  127, 0, 0,  2,  Gralk_Dwarfkiller
P 3503.9424, 5078.8257, -515.6227,  127, 0, 0,  2,  Korf_Brokenhammer
P 3412.9634, 7100.5220, -301.7721,  127, 0, 0,  2,  Blizzent*
P 489.5991, 6112.2603, -561.4747,  0, 0, 127,  2,  Gavon_Morant(Cle_Pre-Q)
P 563.6752, 3918.7024, 794.8976,  0, 0, 127,  2,  gnomish_deserter
P 2621.8748, 2899.8870, 278.1945,  0, 127, 127,  2,  Zoog(T)
P -2984.9717, 6409.2139, -229.8820,  0, 127, 127,  2,  Zoog_1_Bram_Bandyboot
P 4030.6138, 783.1559, 459.5387,  0, 127, 127,  2,  Zoog_2_Hailie_Biggeyes
P -2433.5801, 1182.9402, 116.0049,  0, 127, 127,  2,  Zoog_3_Kanf_Shadowhands
P 1049.3528, 4579.2686, -335.1076,  0, 127, 127,  2,  Zoog_4_Gemmi_Goodkin
P 2672.5203, 5563.5376, -461.1161,  0, 127, 127,  2,  First_drop-off
P 1895.2216, 4013.6416, 35.7965,  0, 127, 127,  2,  Next_location
P 1324.9844, 3326.5557, -148.3654,  0, 127, 127,  2,  Laveer_Krass_-_Where_to_meet(27th)
