P -1409.1802, 452.5978, -66.1722,  127, 0, 0,  3,  Praetorian_Myral
P -1812.1747, -184.2528, -66.8417,  240, 0, 0,  2,  Bronus
P -2189.9539, -207.5492, -57.8417,  240, 0, 0,  2,  Hyraja_Mazarduruk
P -2323.4839, -205.1082, -57.8417,  240, 0, 0,  2,  Amnarra_Nogzabin
P -2395.7581, 589.3791, -57.8417,  127, 0, 0,  3,  Servitor_of_Luclin
P -2476.5513, 493.2060, -57.8417,  240, 0, 0,  2,  Khemot_Agarthizer
P -2656.8804, 211.9844, -57.8417,  240, 0, 0,  2,  Deoreo_Bexuarrana
P -3080.7039, -47.4245, -49.8417,  240, 0, 0,  2,  Kallian_Agarnuzum
P -2341.2969, -487.5776, 158.1580,  127, 0, 0,  3,  Grieg
P -2680.2859, 167.1134, -57.9979,  240, 0, 0,  2,  Doreo_Bexuarrana
P -2552.6814, 402.9918, -57.9979,  240, 0, 0,  2,  Khemot
P -2466.9583, -207.3748, -57.9979,  240, 0, 0,  2,  Amnarra
P -2324.2869, -180.4797, -57.9979,  240, 0, 0,  2,  Hyraja
P -1203.4385, -152.6528, -83.9980,  240, 0, 0,  2,  Kallian_Agarnuzum
P -1271.9065, -45.8421, -76.7010,  240, 0, 0,  2,  Deoreo_Bexuarrana*
