P 768.0000, -185.0000, 44.0000,  0, 0, 127,  2,  Husman_Arcanist(BST1.0)
P 297.0000, 1154.0000, 12.0000,  0, 0, 127,  2,  CAMP_3_VeteranDarznel_OfficerTregli(BST1.0)
P -939.0000, 134.0000, 11.0000,  0, 0, 127,  2,  CAMP_7_CaptNecin_Bloodgaurd(BST1.0)
P -22.0000, -852.0000, 0.0000,  0, 0, 127,  2,  CAMP_9_CaptNecin_NightKnife(BST1.0)
P 1127.5193, 599.1400, 7.5856,  0, 0, 127,  2,  Scout_Derrin(BST1.0)
P 1168.3300, 862.7681, 3.2590,  0, 0, 127,  2,  Scout_Husman(BST2.0)
P -133.9593, -540.3975, 53.6328,  127, 0, 0,  2,  Grimling_General
P 1409.8866, -38.2912, 129.9107,  127, 0, 0,  2,  Grimling_Colonel
P -472.9045, 1169.8217, 1.2855,  0, 0, 127,  2,  Camp_4
P -1182.1755, 1045.6295, 15.5477,  0, 0, 127,  2,  Camp_5
P -532.3760, 579.2842, -6.2933,  0, 0, 127,  2,  Camp_6
P -129.8468, -355.7822, -5.6248,  0, 0, 127,  2,  Camp_8
P 1045.9524, -1126.0114, 47.2127,  0, 0, 127,  2,  Camp_10
P 1083.4824, -611.8040, 81.7750,  0, 0, 127,  2,  Camp_Scout_2
P -1276.1592, -185.7666, 92.1026,  0, 0, 127,  2,  Camp_Scout_2
P 706.4150, -324.0099, -13.4802,  0, 0, 127,  2,  Camp_Scout_1
