P 239.9572, -709.2010, -6.5160,  240, 0, 0,  2,  Avisiris
P -1609.4893, -312.1218, -152.9665,  240, 0, 0,  2,  Highpriest_Giplish
P -1403.2429, -766.5644, -82.9667,  240, 0, 0,  2,  Spymaster_Gephes
P -1431.5154, 115.8349, -152.9665,  240, 0, 0,  2,  Spiritmaster_Ugreth
P -1142.9773, -511.7920, -117.9667,  240, 0, 0,  2,  Corrupter_Ahgra
P -593.7750, -593.5579, -5.6416,  240, 0, 0,  2,  Avisiris
P -1228.2892, 851.3931, -7.1938,  240, 0, 0,  2,  Avisiris
P 267.7479, -881.1182, 24.8580,  240, 0, 0,  2,  a_beaming_grimling
P -522.3105, 114.4175, 201.5192,  240, 0, 0,  2,  a_raspy_grimling
P 370.9190, -367.8752, 45.9806,  240, 0, 0,  2,  Sonus
P 314.1662, 58.4784, -36.8607,  240, 0, 0,  2,  Sonus
P 357.6992, 733.2509, 2.9819,  240, 0, 0,  2,  Sonus
