P 219.412, -323.79, -6.9360,  127, 64, 0,  2,  Weapon_and_Armor
P 414.48, -618.962, -9.9979,  0, 0, 240,  2,  Okun_(Blacksmith)
P 631.258, -426.164, 10.2000,  0, 0, 127,  2,  Kramf_(Spells)
P 621.353, -458.577, 10.2000,  0, 0, 127,  2,  Crilt_(Spells)
P 633.958, -452.425, 10.9900,  0, 0, 127,  2,  Trusk_(Spells)
P 1009.203, -376.982, 10.2000,  0, 0, 240,  2,  Gluku_(Weapons)
P 206.791, -438.828, -9.9979,  0, 0, 240,  2,  Garklog_(Baker)
P 237.628, -447.301, -9.9979,  0, 0, 240,  2,  Iksopa_(Cobbler)
P 220.292, -451.309, -9.9979,  0, 0, 240,  2,  Bimuk_(Merchant)
P 392.922, -304.713, 0.2000,  0, 0, 127,  2,  Tracab_(Spells)
P 399.629, -284.363, 0.2000,  0, 0, 127,  2,  Tokun_(Spells)
P 405.959, -261.597, 0.2000,  0, 0, 127,  2,  Hoart_(Spells)
P 414.735, -238.167, 0.2000,  0, 0, 127,  2,  Barsk_(Spells)
P 420.304, -219.801, 0.2000,  0, 0, 127,  2,  Cralk_(Spells)
P 439.211, -235.781, 0.2000,  0, 0, 127,  2,  Korff_(Spells)
P 494.696, -268.683, 0.2000,  0, 0, 240,  2,  Zumzal_(Merchant)
P 429.595, -348.582, 0.2000,  0, 0, 240,  2,  Blergagg_(Alchemist)
P 447.646, -358.248, 0.2000,  0, 0, 127,  2,  Glubtak_(Spells)
P 557.465, -391.026, 10.9900,  0, 0, 240,  2,  Spinkit_(Banker)
P 392.528, -377.562, -9.9979,  0, 0, 240,  2,  Raztara_(Alchemist)
P 318.417, -498.005, -9.9979,  0, 0, 240,  2,  Uzak_(Jewel_Crafter)
P 430.332, 46.565, 49.9707,  0, 0, 127,  2,  Chamt_(Spells)
P 272.642, -378.376, -9.9979,  0, 0, 240,  2,  Zazhar_(Fletcher)
P 180.153, -392.213, -9.9979,  0, 0, 240,  2,  Rezslog_(Armor)
P 172.291, -375.629, -9.9979,  0, 0, 240,  2,  Vynugga_(Pottery)
P 90.725, -325.283, -1.4277,  0, 0, 240,  2,  Grallvek_(Town_Crier)
P 214.219, -147.311, 0.2000,  0, 0, 240,  2,  Kagbkek_(Merchant)
P 274.644, -175.63, 0.2000,  0, 0, 240,  2,  Brenga_(Baker)
P 306.197, -76.747, 4.1900,  0, 0, 240,  2,  Gartonka_(Brewer)
P 280.397, -91.678, 4.1900,  0, 0, 240,  2,  Zatok_(Bar)
P 374.622, -67.429, 4.1900,  0, 0, 240,  2,  Wista_(Bar)
P 395.366, 11.988, 4.1900,  0, 0, 240,  2,  Graktak_(Satchels)
P 32.963, -168.92, 0.2000,  0, 0, 240,  2,  Ootok_(Merchant)
P -135.838, -137.518, -9.9979,  0, 0, 127,  2,  Luruk_(Berserker_Tomes)
P 81.77, -102.407, 0.2000,  0, 0, 240,  2,  Zignal_(Tribute_Master)
P -78.259, -4.539, 1.4109,  0, 0, 240,  2,  Snog_(Soulbinder)
P 10.455, 30.625, 0.2000,  0, 127, 0,  3,  Priest_of_Discord
P 457.506, -315.771, 7.5547,  0, 0, 240,  2,  Carver_Cagrek_(Q)
P 169.702, -243.218, 22.0020,  0, 0, 240,  2,  Ranjor_(Q)
P 216.486, -560.534, -29.9980,  0, 0, 127,  2,  Exterminator_Filrog_(Q)
