P 399.3086, -534.8830, -9.9979,  0, 0, 0,  1,  Oven
P 405.4850, -466.9569, -9.9969,  0, 0, 0,  1,  Loom
P 192.9175, -411.7656, -9.9979,  0, 0, 0,  1,  Forge
P 218.3862, -532.3900, -25.9980,  0, 0, 0,  1,  Forge
P 159.2905, -491.4556, -9.9979,  0, 0, 0,  1,  Kiln
P -182.1778, -219.6574, 2.1900,  0, 0, 0,  1,  Oven
P 142.5558, -440.8833, -9.9979,  0, 0, 0,  1,  Pottery_Wheel
P 335.7312, -88.8413, 4.1900,  0, 0, 0,  1,  Brew_Barrel
P 67.7001, 0.7610, 9.1234,  127, 0, 0,  2,  Basher_Nanrum(Ber_Pre-Q)
P 504.0929, -6.3903, 71.4868,  127, 0, 0,  2,  1-Urako's_Back
P -101.8431, -237.5299, -8.4485,  127, 0, 0,  2,  2-Daboo_Dogak's_Back
P 644.5099, -619.1049, 11.5518,  127, 0, 0,  2,  3-Rohga's_Back
P 168.8569, -268.1248, 12.5946,  127, 0, 0,  2,  4-Ranjor's_back
P 411.5601, -11.0562, 71.5107,  127, 0, 0,  2,  5-Gardunk's_back
P 439.2568, 41.2932, 71.5340,  127, 0, 0,  2,  6-Bregna's_back
P 462.0719, -380.4618, 7.5400,  127, 0, 0,  2,  7-Torrg_Elfsmasher
P 69.0180, 9.0192, 1.5493,  0, 0, 240,  2,  Basher_Nanrum_(Q)
