L 428.6720, -78.7530, -24.6519,  418.9130, -78.7548, -24.6519,  127, 64, 0
L 428.6709, -68.9920, -24.6519,  428.6720, -78.7530, -24.6519,  127, 64, 0
L 418.9116, -68.9945, -24.6519,  428.6709, -68.9920, -24.6519,  127, 64, 0
L 418.9130, -78.7548, -24.6519,  418.9116, -68.9945, -24.6519,  127, 64, 0
L 401.3300, -78.7527, -24.6519,  391.2441, -78.7550, -24.6519,  127, 64, 0
L 401.2000, -68.9923, -24.6519,  401.3300, -78.7527, -24.6519,  127, 64, 0
L 391.2425, -68.9941, -24.6519,  401.2000, -68.9923, -24.6519,  127, 64, 0
L 391.2441, -78.7550, -24.6519,  391.2425, -68.9941, -24.6519,  127, 64, 0
L 373.3342, -78.7527, -24.6519,  363.5749, -78.7548, -24.6519,  127, 64, 0
L 373.3322, -68.9920, -24.6519,  373.3342, -78.7527, -24.6519,  127, 64, 0
L 363.5733, -68.9939, -24.6519,  373.3322, -68.9920, -24.6519,  127, 64, 0
L 363.5749, -78.7548, -24.6519,  363.5733, -68.9939, -24.6519,  127, 64, 0
L 344.3951, -73.6015, -24.6519,  335.9431, -68.7223, -24.6519,  127, 64, 0
L 349.2744, -65.1466, -24.6519,  344.3951, -73.6015, -24.6519,  127, 64, 0
L 340.8217, -60.2687, -24.6519,  349.2744, -65.1466, -24.6519,  127, 64, 0
L 335.9431, -68.7223, -24.6519,  340.8217, -60.2687, -24.6519,  127, 64, 0
L 321.9642, -54.6107, -24.6519,  317.8310, -46.1597, -24.6519,  127, 64, 0
L 330.4168, -49.7295, -24.6519,  321.9642, -54.6107, -24.6519,  127, 64, 0
L 325.5353, -41.2790, -24.6519,  330.4168, -49.7295, -24.6519,  127, 64, 0
L 317.8310, -46.1597, -24.6519,  325.5353, -41.2790, -24.6519,  127, 64, 0
L 321.7542, -27.1584, -24.6519,  311.9932, -27.1598, -24.6519,  127, 64, 0
L 321.7518, -17.3995, -24.6519,  321.7542, -27.1584, -24.6519,  127, 64, 0
L 311.9916, -17.4005, -24.6519,  321.7518, -17.3995, -24.6519,  127, 64, 0
L 311.9932, -27.1598, -24.6519,  311.9916, -17.4005, -24.6519,  127, 64, 0
L 401.3300, 77.7626, -24.6519,  401.1500, 68.1300, -24.6519,  127, 64, 0
L 428.6711, 68.2200, -24.6519,  418.9123, 68.3700, -24.6519,  127, 64, 0
L 428.6718, 77.7625, -24.6519,  428.6711, 68.2200, -24.6519,  127, 64, 0
L 418.9128, 77.7643, -24.6519,  428.6718, 77.7625, -24.6519,  127, 64, 0
L 418.9123, 68.3700, -24.6519,  418.9128, 77.7643, -24.6519,  127, 64, 0
L 391.2434, 77.7643, -24.6519,  401.3300, 77.7626, -24.6519,  127, 64, 0
L 391.2431, 68.3700, -24.6519,  391.2434, 77.7643, -24.6519,  127, 64, 0
L 401.1500, 68.1300, -24.6519,  391.2431, 68.3700, -24.6519,  127, 64, 0
L 363.5733, 68.3600, -24.6519,  373.3331, 68.1400, -24.6519,  127, 64, 0
L 363.5744, 77.7646, -24.6519,  363.5733, 68.3600, -24.6519,  127, 64, 0
L 373.3344, 77.7626, -24.6519,  363.5744, 77.7646, -24.6519,  127, 64, 0
L 373.3331, 68.1400, -24.6519,  373.3344, 77.7626, -24.6519,  127, 64, 0
L 349.2749, 64.1560, -24.6519,  340.8222, 59.2779, -24.6519,  127, 64, 0
L 344.3951, 72.6101, -24.6519,  349.2749, 64.1560, -24.6519,  127, 64, 0
L 335.9420, 67.7323, -24.6519,  344.3951, 72.6101, -24.6519,  127, 64, 0
L 340.8222, 59.2779, -24.6519,  335.9420, 67.7323, -24.6519,  127, 64, 0
L 330.4168, 48.7394, -24.6519,  325.5360, 40.2875, -24.6519,  127, 64, 0
L 321.9642, 53.6208, -24.6519,  330.4168, 48.7394, -24.6519,  127, 64, 0
L 317.8190, 45.1696, -24.6519,  321.9642, 53.6208, -24.6519,  127, 64, 0
L 325.5360, 40.2875, -24.6519,  317.8190, 45.1696, -24.6519,  127, 64, 0
L 311.9916, 26.1672, -24.6519,  321.7531, 26.1687, -24.6519,  127, 64, 0
L 311.9950, 16.4081, -24.6519,  311.9916, 26.1672, -24.6519,  127, 64, 0
L 321.7551, 16.4099, -24.6519,  311.9950, 16.4081, -24.6519,  127, 64, 0
L 321.7531, 26.1687, -24.6519,  321.7551, 16.4099, -24.6519,  127, 64, 0
L 505.1390, 44.5895, -18.4432,  493.1900, 40.6260, -18.4434,  127, 127, 127
L 504.6537, 45.6090, -19.2195,  492.7131, 40.6873, -19.2195,  127, 127, 127
L 504.9420, 46.7841, -19.8985,  492.1408, 41.8571, -19.8985,  127, 127, 127
L 503.4744, 48.8570, -20.5747,  491.5059, 43.1544, -20.5776,  127, 127, 127
L 490.9612, 44.2678, -21.2565,  502.9422, 49.2038, -21.2565,  127, 127, 127
L 185.4001, -17.2591, 3.3224,  203.9795, -17.2591, 3.3227,  127, 64, 0
L 203.9795, -17.2591, 3.3227,  203.9780, -3.5011, 3.3224,  127, 64, 0
L 203.9780, -3.5011, 3.3224,  203.9784, 2.9657, -0.1395,  127, 64, 0
L 203.9784, 2.9657, -0.1395,  203.9793, 17.2800, -0.1947,  127, 64, 0
L 203.9793, 17.2800, -0.1947,  190.2955, 17.1700, -0.1951,  127, 64, 0
L 190.2955, 17.1700, -0.1951,  174.7233, 17.1200, -8.2301,  127, 64, 0
L 174.7233, 17.1200, -8.2301,  159.3992, 17.2000, -8.2370,  127, 64, 0
L 159.3992, 17.2000, -17.7750,  159.4000, -7.9520, -17.7770,  127, 64, 0
L 159.4000, -7.9520, -17.7770,  155.4715, -7.9410, -17.7760,  127, 64, 0
L 138.9320, -21.1783, -17.7750,  155.4719, -21.1766, -17.7750,  127, 64, 0
L 155.4719, -21.1768, -16.5686,  160.7348, -21.1768, -14.8859,  127, 64, 0
L 160.7348, -21.1766, -14.1859,  174.6340, -21.1766, -14.1857,  127, 64, 0
L 174.6340, -21.1766, -14.1856,  174.6290, -5.8638, -14.1852,  127, 64, 0
L 190.6870, 3.7109, 0.5598,  190.6863, -3.9685, 2.4618,  127, 64, 0
L 174.6130, -3.9684, 10.9403,  190.6863, -3.9685, 5.5359,  127, 64, 0
L 174.7730, 3.7100, -6.6048,  190.6870, 3.7109, -3.1751,  127, 64, 0
L 174.6290, -5.8638, -13.1828,  174.7730, 3.7100, -12.9582,  127, 64, 0
L 174.6230, -17.2594, 9.9959,  185.4001, -17.2591, 5.4705,  127, 64, 0
L 159.3427, 16.4217, -17.7750,  151.6862, 16.4234, -17.7750,  127, 64, 0
L 151.6862, 16.4234, -17.7750,  129.8035, 31.7407, -17.7750,  127, 64, 0
L 129.8035, 31.7407, -17.7750,  128.1528, 29.3824, -17.7750,  127, 64, 0
L 128.1528, 29.3824, -17.7750,  120.1591, 34.9814, -17.7750,  127, 64, 0
L 120.1591, 34.9814, -17.7750,  121.8102, 37.3374, -17.7750,  127, 64, 0
L 121.8102, 37.3374, -17.7750,  101.8198, 51.3220, -17.7750,  127, 64, 0
L 101.8198, 51.3220, -17.7750,  90.5931, 51.3346, -17.7750,  127, 64, 0
L 90.5931, 51.3346, -17.7750,  90.5935, 48.4560, -17.7750,  127, 64, 0
L 90.5935, 48.4560, -17.7750,  80.8338, 48.4577, -17.7750,  127, 64, 0
L 80.8338, 48.4577, -17.7750,  80.8352, 51.3350, -17.7750,  127, 64, 0
L 80.8352, 51.3350, -17.7750,  69.9407, 51.3346, -17.7750,  127, 64, 0
L 69.9407, 51.3346, -17.7750,  69.9378, 14.3628, -17.7750,  127, 64, 0
L 69.9378, 14.3628, -17.7750,  80.8323, 14.3628, -17.7750,  127, 64, 0
L 80.8323, 14.3628, -17.7750,  80.8311, 17.2398, -17.7750,  127, 64, 0
L 80.8311, 17.2398, -17.7750,  90.5905, 17.2408, -17.7760,  127, 64, 0
L 90.5905, 17.2408, -17.7760,  90.5905, 14.3630, -17.7750,  127, 64, 0
L 90.5905, 14.3630, -17.7750,  103.4865, 14.3605, -17.7760,  127, 64, 0
L 103.4865, 14.3605, -17.7760,  103.4849, 4.5330, -17.7750,  127, 64, 0
L 103.4849, 4.5330, -17.7750,  106.3624, 4.5470, -17.7750,  127, 64, 0
L 106.3624, 4.5470, -17.7750,  106.3628, -5.7045, -17.7760,  127, 64, 0
L 106.3628, -5.7045, -17.7750,  103.4852, -5.7047, -17.7750,  127, 64, 0
L 103.4852, -5.7047, -17.7750,  103.4839, -15.4025, -17.7760,  127, 64, 0
L 103.4839, -15.4025, -17.7750,  90.5885, -15.4039, -17.7750,  127, 64, 0
L 90.5885, -15.4039, -17.7750,  90.5888, -18.2817, -17.7750,  127, 64, 0
L 90.5888, -18.2817, -17.7760,  80.8292, -18.2811, -17.7750,  127, 64, 0
L 80.8292, -18.2811, -17.7750,  80.8306, -15.4039, -17.7750,  127, 64, 0
L 80.8306, -15.4039, -17.7750,  69.9368, -15.4039, -17.7750,  127, 64, 0
L 69.9384, -52.3755, -17.7750,  80.8336, -52.3757, -17.7750,  127, 64, 0
L 80.8336, -52.3757, -17.7750,  80.8319, -49.4986, -17.7750,  127, 64, 0
L 69.9384, -52.3755, -17.7750,  69.9368, -15.4039, -17.7750,  127, 64, 0
L 80.8319, -49.4986, -17.7750,  90.5912, -49.4968, -17.7750,  127, 64, 0
L 90.5912, -49.4968, -17.7750,  90.5917, -52.3753, -17.7750,  127, 64, 0
L 90.5917, -52.3753, -17.7750,  101.7831, -52.3633, -17.7750,  127, 64, 0
L 101.7831, -52.3633, -17.7750,  116.1093, -40.3372, -17.7750,  127, 64, 0
L 116.1093, -40.3372, -17.7750,  114.2591, -38.1319, -17.7750,  127, 64, 0
L 114.2591, -38.1319, -17.7750,  121.7357, -31.8598, -17.7750,  127, 64, 0
L 121.7357, -31.8598, -17.7750,  123.5844, -34.6450, -17.7750,  127, 64, 0
L 123.5844, -34.6450, -17.7750,  138.9320, -21.1783, -17.7750,  127, 64, 0
L 199.9610, -58.9945, -17.7760,  199.9626, -64.2390, -17.7760,  127, 64, 0
L 199.9626, -64.2390, -17.7760,  191.7119, -72.4895, -17.7760,  127, 64, 0
L 191.7119, -72.4895, -17.7760,  191.6958, -114.5529, -17.7760,  127, 64, 0
L 191.6958, -114.5529, -17.7760,  202.3940, -125.2326, -17.7760,  127, 64, 0
L 202.3940, -125.2326, -17.7760,  221.9788, -125.2326, -17.7760,  127, 64, 0
L 221.9788, -125.2326, -17.7760,  232.6610, -114.5621, -17.7760,  127, 64, 0
L 232.6610, -114.5621, -17.7760,  232.6676, -72.5358, -17.7760,  127, 64, 0
L 232.6676, -72.5358, -17.7760,  224.4026, -64.2343, -17.7760,  127, 64, 0
L 224.4026, -64.2343, -17.7760,  224.4031, -58.9947, -17.7760,  127, 64, 0
L 224.4031, -58.9947, -17.7760,  222.7934, -58.9947, -17.7760,  127, 64, 0
L 222.7934, -58.9947, -17.7760,  222.7935, -59.2141, -17.7760,  127, 64, 0
L 222.7935, -59.2141, -17.7680,  221.6099, -61.5065, -17.7700,  127, 64, 0
L 199.9610, -58.9945, -17.7760,  201.8338, -58.9947, -17.7760,  127, 64, 0
L 201.8338, -58.9947, -17.7760,  201.8314, -59.2102, -17.7760,  127, 64, 0
L 203.1300, -61.4977, -17.7720,  201.8314, -59.2102, -17.7720,  127, 64, 0
L 203.1300, -61.4977, -17.7760,  205.1931, -60.9250, -17.7650,  127, 64, 0
L 205.1931, -60.9250, -17.7650,  207.3488, -60.9440, -17.7760,  127, 64, 0
L 221.6099, -61.5065, -17.7750,  219.4786, -60.1103, -17.7750,  127, 64, 0
L 219.4786, -60.1103, -17.7750,  217.2783, -60.6450, -17.7760,  127, 64, 0
L 217.2783, -60.6450, -16.3512,  217.2784, -52.9549, -16.3512,  127, 64, 0
L 207.3488, -52.9671, -16.3512,  207.3488, -60.9440, -16.3512,  127, 64, 0
L 207.2684, -88.9753, -18.7760,  217.2850, -88.9749, -18.7760,  127, 64, 0
L 217.2850, -88.9749, -18.7760,  217.2970, -98.7355, -18.7760,  127, 64, 0
L 217.2970, -98.7355, -18.7760,  207.2703, -98.7360, -18.7760,  127, 64, 0
L 207.2703, -98.7360, -18.7760,  207.2684, -88.9753, -18.7760,  127, 64, 0
L 217.2784, -52.9549, -17.7760,  219.4327, -52.9566, -17.7650,  127, 64, 0
L 219.4327, -52.9566, -17.7650,  221.6160, -51.5523, -17.7760,  127, 64, 0
L 221.6160, -51.5523, -17.7760,  222.6767, -53.6096, -17.7650,  127, 64, 0
L 222.6767, -53.6096, -17.7650,  222.6768, -47.8156, -17.7760,  127, 64, 0
L 207.3488, -52.9671, -17.7730,  205.1605, -52.9468, -17.7650,  127, 64, 0
L 205.1605, -52.9468, -17.7650,  203.1700, -51.5407, -17.7760,  127, 64, 0
L 203.1700, -51.5407, -17.7760,  201.9866, -53.5396, -17.7650,  127, 64, 0
L 201.9866, -53.5396, -17.7650,  201.9907, -47.8153, -17.7760,  127, 64, 0
L 89.4525, -56.5889, -14.4573,  106.2231, -56.5889, -16.5426,  127, 64, 0
L 106.2231, -56.5889, -17.7760,  142.5723, -27.1265, -17.7760,  127, 64, 0
L 142.5723, -27.1265, -17.7760,  241.1185, -27.1274, -17.1069,  127, 64, 0
L 241.1185, -27.1274, -17.1069,  266.2133, -27.1278, -24.4660,  127, 64, 0
L 266.2133, -27.1278, -24.4660,  274.3444, -27.1293, -24.6277,  127, 64, 0
L 274.3444, -27.1293, -24.6277,  272.2475, -28.2775, -24.6280,  127, 64, 0
L 222.6768, -47.8156, -17.7760,  240.8051, -47.8149, -17.7760,  127, 64, 0
L 240.8051, -47.8149, -17.7760,  266.7448, -47.8153, -24.6219,  127, 64, 0
L 266.7448, -47.8153, -24.6219,  274.1191, -47.8188, -24.6280,  127, 64, 0
L 274.1191, -47.8188, -24.6280,  272.2318, -46.8462, -24.6280,  127, 64, 0
L 272.2318, -46.8462, -24.6280,  273.6469, -44.6869, -24.6241,  127, 64, 0
L 273.6469, -44.6869, -24.6241,  273.6453, -42.5138, -24.6280,  127, 64, 0
L 273.6453, -42.5138, -23.8421,  280.7817, -42.5137, -23.8421,  127, 64, 0
L 280.7817, -42.5137, -24.6469,  280.7995, -44.7013, -24.6466,  127, 64, 0
L 280.7995, -44.7013, -24.6466,  282.2058, -46.8453, -24.6519,  127, 64, 0
L 282.2058, -46.8453, -24.6519,  280.2726, -47.8423, -24.6495,  127, 64, 0
L 280.2726, -47.8423, -24.6495,  286.5880, -47.8406, -24.6519,  127, 64, 0
L 272.2475, -28.2775, -24.6280,  273.6385, -30.3978, -24.6270,  127, 64, 0
L 273.6385, -30.3978, -24.6270,  273.6523, -32.5846, -24.6280,  127, 64, 0
L 273.6523, -32.5846, -23.8421,  280.7808, -32.5848, -23.8421,  127, 64, 0
L 280.7808, -32.5848, -24.6518,  280.7989, -30.3982, -24.6518,  127, 64, 0
L 280.7989, -30.3982, -24.6518,  282.1721, -28.3039, -24.6519,  127, 64, 0
L 286.1759, -27.1591, -24.6519,  280.1893, -27.1588, -24.6519,  127, 64, 0
L 280.1893, -27.1588, -24.6519,  282.1721, -28.3039, -24.6519,  127, 64, 0
L 171.6074, -47.8151, -17.7760,  201.9907, -47.8153, -17.7760,  127, 64, 0
L 171.6074, -47.8151, -17.7760,  171.6115, -52.9921, -17.7760,  127, 64, 0
L 171.6115, -52.9921, -17.7760,  170.8659, -51.5416, -17.7760,  127, 64, 0
L 170.8659, -51.5416, -17.7760,  168.7009, -52.9562, -17.7650,  127, 64, 0
L 168.7009, -52.9562, -17.7650,  166.5319, -52.9545, -17.7760,  127, 64, 0
L 166.5319, -52.9545, -16.3512,  166.5314, -60.9340, -16.3512,  127, 64, 0
L 166.5314, -60.9340, -17.7760,  168.6710, -60.9270, -17.7680,  127, 64, 0
L 168.6710, -60.9270, -17.7680,  170.8760, -61.4821, -17.7760,  127, 64, 0
L 170.8760, -61.4821, -17.7760,  172.4830, -59.2130, -17.7760,  127, 64, 0
L 172.4730, -58.9968, -17.7740,  172.4830, -59.2130, -17.7760,  127, 64, 0
L 150.9204, -47.8151, -17.7760,  150.9219, -53.7971, -17.7760,  127, 64, 0
L 150.9219, -53.7971, -17.7760,  152.4243, -51.6497, -17.7760,  127, 64, 0
L 152.4243, -51.6497, -17.7760,  154.4380, -52.9564, -17.7650,  127, 64, 0
L 154.4380, -52.9564, -17.7650,  156.6025, -52.9542, -17.7760,  127, 64, 0
L 156.6025, -52.9542, -16.3512,  156.6025, -60.9490, -16.3512,  127, 64, 0
L 156.6025, -60.9490, -17.7760,  154.4354, -60.9210, -17.7720,  127, 64, 0
L 154.4354, -60.9210, -17.7720,  152.2689, -61.5020, -17.7760,  127, 64, 0
L 152.2689, -61.5020, -17.7760,  151.8570, -59.2117, -17.7760,  127, 64, 0
L 151.8740, -58.9962, -17.7760,  151.8570, -59.2117, -17.7760,  127, 64, 0
L 151.8740, -58.9962, -17.7760,  149.2147, -58.9947, -17.7760,  127, 64, 0
L 149.2147, -58.9947, -17.7760,  149.2159, -64.2220, -17.7760,  127, 64, 0
L 172.4730, -58.9968, -17.7760,  173.6565, -58.9949, -17.7760,  127, 64, 0
L 173.6565, -58.9949, -17.7760,  173.6562, -64.2359, -17.7760,  127, 64, 0
L 173.6562, -64.2359, -17.7760,  181.9216, -72.5126, -17.7760,  127, 64, 0
L 181.9216, -72.5126, -17.7760,  181.9086, -114.5679, -17.7760,  127, 64, 0
L 181.9086, -114.5679, -17.7760,  171.2586, -125.2180, -17.7760,  127, 64, 0
L 171.2586, -125.2180, -17.7760,  151.6245, -125.2308, -17.7760,  127, 64, 0
L 151.6245, -125.2308, -17.7760,  140.9491, -114.5425, -17.7760,  127, 64, 0
L 140.9491, -114.5425, -17.7760,  140.9495, -72.5258, -17.7760,  127, 64, 0
L 140.9495, -72.5258, -17.7760,  149.2159, -64.2220, -17.7760,  127, 64, 0
L 156.5224, -88.9753, -18.7760,  166.2828, -88.9749, -18.7760,  127, 64, 0
L 166.2828, -88.9749, -18.7760,  166.2829, -98.7356, -18.7760,  127, 64, 0
L 166.2829, -98.7356, -18.7760,  156.5235, -98.7360, -18.7760,  127, 64, 0
L 156.5235, -98.7360, -18.7760,  156.5224, -88.9753, -18.7750,  127, 64, 0
L 150.9204, -47.8151, -17.7760,  142.8360, -47.8147, -17.7760,  127, 64, 0
L 142.8360, -47.8147, -17.7760,  105.7361, -77.2771, -17.7760,  127, 64, 0
L 105.7361, -77.2771, -16.4155,  90.9651, -77.2770, -15.4146,  127, 64, 0
L 91.9910, 76.2550, -15.2132,  105.7355, 76.2563, -17.2240,  127, 64, 0
L 222.6764, 46.7939, -17.7760,  240.6416, 46.7937, -17.7760,  127, 64, 0
L 240.6416, 46.7937, -17.7760,  266.1689, 46.7939, -24.4529,  127, 64, 0
L 266.1689, 46.7939, -24.4529,  274.3448, 46.7971, -24.6280,  127, 64, 0
L 274.3448, 46.7971, -24.6280,  272.2391, 45.6801, -24.6280,  127, 64, 0
L 272.2391, 45.6801, -24.6280,  273.6465, 43.5320, -24.6234,  127, 64, 0
L 273.6465, 43.5320, -24.6234,  273.6462, 41.3590, -24.6280,  127, 64, 0
L 273.6462, 41.3590, -23.8421,  280.7918, 41.3590, -23.8421,  127, 64, 0
L 280.7918, 41.3590, -24.6519,  280.7909, 43.5078, -24.6509,  127, 64, 0
L 280.7909, 43.5078, -24.6509,  282.1512, 45.6403, -24.6519,  127, 64, 0
L 282.1512, 45.6403, -24.6519,  280.1893, 46.8513, -24.6519,  127, 64, 0
L 280.1893, 46.8513, -24.6519,  286.5860, 46.8492, -24.6519,  127, 64, 0
L 286.1761, 26.1688, -24.6519,  280.4028, 26.1681, -24.6519,  127, 64, 0
L 280.4028, 26.1681, -24.6519,  282.2056, 27.9770, -24.6519,  127, 64, 0
L 282.2056, 27.9770, -24.6519,  280.7916, 29.2548, -24.6518,  127, 64, 0
L 280.7916, 29.2548, -24.6518,  280.7907, 31.4301, -24.6519,  127, 64, 0
L 280.7907, 31.4301, -23.8421,  273.6455, 31.4297, -23.8421,  127, 64, 0
L 273.6455, 31.4297, -24.6280,  273.6469, 29.2687, -24.6270,  127, 64, 0
L 273.6469, 29.2687, -24.6270,  272.2402, 27.9250, -24.6280,  127, 64, 0
L 272.2402, 27.9250, -24.6280,  274.1528, 26.1075, -24.6270,  127, 64, 0
L 274.1528, 26.1075, -24.6270,  266.7841, 26.1063, -24.6280,  127, 64, 0
L 266.7841, 26.1063, -24.6280,  240.9780, 26.1064, -17.7760,  127, 64, 0
L 240.9780, 26.1064, -17.7760,  142.5723, 26.1050, -17.7760,  127, 64, 0
L 106.2228, 55.5679, -16.5124,  89.1544, 55.5679, -15.3298,  127, 64, 0
L 142.8510, 46.7933, -17.7760,  105.7355, 76.2563, -17.7760,  127, 64, 0
L 150.9200, 46.7935, -17.7760,  142.8510, 46.7933, -17.7760,  127, 64, 0
L 171.6074, 46.7937, -17.7760,  201.9910, 46.7929, -17.7760,  127, 64, 0
L 142.5723, 26.1050, -17.7760,  106.2228, 55.5679, -17.7760,  127, 64, 0
L 150.9230, 52.7757, -17.7760,  151.1134, 52.7526, -17.7650,  127, 64, 0
L 151.1134, 52.7526, -17.7650,  152.2564, 50.4915, -17.7760,  127, 64, 0
L 171.6074, 46.7937, -17.7760,  171.6117, 51.9350, -17.7630,  127, 64, 0
L 171.5695, 51.8515, -17.7760,  170.8639, 50.4832, -17.7760,  127, 64, 0
L 170.8639, 50.4832, -17.7050,  168.7136, 51.8926, -17.7000,  127, 64, 0
L 168.7136, 51.8926, -17.7000,  166.5318, 51.9033, -17.7760,  127, 64, 0
L 166.5318, 51.9033, -16.3512,  166.5319, 59.3620, -16.3512,  127, 64, 0
L 166.5319, 59.3620, -17.7760,  168.6843, 59.3390, -17.7650,  127, 64, 0
L 168.6843, 59.3390, -17.7650,  170.8694, 60.4363, -17.7760,  127, 64, 0
L 170.8694, 60.4363, -17.7760,  171.9851, 58.2774, -17.7760,  127, 64, 0
L 173.6565, 58.2775, -17.7760,  173.6559, 63.5195, -17.7760,  127, 64, 0
L 149.2155, 63.5232, -17.7760,  149.2149, 58.2768, -17.7760,  127, 64, 0
L 149.2149, 58.2768, -17.7760,  151.1492, 58.2777, -17.7760,  127, 64, 0
L 151.1492, 58.2777, -17.7760,  152.2677, 60.4416, -17.7760,  127, 64, 0
L 152.2677, 60.4416, -17.7760,  154.4422, 59.3450, -17.7740,  127, 64, 0
L 154.4422, 59.3450, -17.7740,  156.6026, 59.3650, -17.7760,  127, 64, 0
L 156.6026, 59.3650, -16.3512,  156.6032, 51.8969, -16.3512,  127, 64, 0
L 156.6032, 51.8969, -17.7760,  154.4533, 51.8982, -17.6840,  127, 64, 0
L 154.4533, 51.8982, -17.6840,  152.2564, 50.4915, -17.7760,  127, 64, 0
L 166.3019, 88.2574, -18.7760,  156.5228, 88.2566, -18.7760,  127, 64, 0
L 156.5228, 88.2566, -18.7750,  156.5228, 98.1800, -18.7750,  127, 64, 0
L 156.5228, 98.1800, -18.7760,  166.2093, 98.1820, -18.7760,  127, 64, 0
L 166.2093, 98.1820, -18.7760,  166.3019, 88.2574, -18.7760,  127, 64, 0
L 149.2155, 63.5232, -17.7760,  140.9508, 71.7894, -17.7760,  127, 64, 0
L 140.9508, 71.7894, -17.7760,  140.9516, 113.8388, -17.7760,  127, 64, 0
L 140.9516, 113.8388, -17.7760,  151.6259, 124.5130, -17.7760,  127, 64, 0
L 151.6259, 124.5130, -17.7760,  171.2432, 124.5143, -17.7760,  127, 64, 0
L 171.2432, 124.5143, -17.7760,  181.9201, 113.8355, -17.7760,  127, 64, 0
L 181.9201, 113.8355, -17.7760,  181.9201, 71.7870, -17.7760,  127, 64, 0
L 181.9201, 71.7870, -17.7760,  173.6559, 63.5195, -17.7760,  127, 64, 0
L 150.9230, 52.7757, -17.7760,  150.9200, 46.7935, -17.7760,  127, 64, 0
L 171.9851, 58.2774, -17.7760,  173.6565, 58.2775, -17.7760,  127, 64, 0
L 222.6764, 46.7939, -17.7760,  222.6770, 52.5525, -17.7570,  127, 64, 0
L 222.6770, 52.5525, -17.7570,  221.6100, 50.4816, -17.7760,  127, 64, 0
L 221.6100, 50.4816, -17.7760,  219.4582, 51.8943, -17.7740,  127, 64, 0
L 219.4582, 51.8943, -17.7740,  217.2781, 51.9014, -17.7760,  127, 64, 0
L 207.3494, 51.9072, -17.7760,  205.1602, 51.8885, -17.7650,  127, 64, 0
L 205.1602, 51.8885, -17.7650,  203.1690, 50.4821, -17.7760,  127, 64, 0
L 201.9910, 46.7929, -17.7760,  201.9866, 52.4821, -17.7650,  127, 64, 0
L 201.9866, 52.4821, -17.7650,  203.1690, 50.4821, -17.7760,  127, 64, 0
L 217.2781, 51.9014, -16.3512,  217.2774, 59.3520, -16.3512,  127, 64, 0
L 207.3495, 59.1500, -16.3512,  207.3494, 51.9072, -16.3512,  127, 64, 0
L 203.1800, 60.4493, -17.7760,  205.1620, 59.4270, -17.7650,  127, 64, 0
L 205.1620, 59.4270, -17.7650,  207.3495, 59.1500, -17.7760,  127, 64, 0
L 217.2774, 59.3520, -17.7750,  219.4080, 59.3410, -17.7710,  127, 64, 0
L 219.4080, 59.3410, -17.7710,  221.6256, 60.4215, -17.7760,  127, 64, 0
L 222.7298, 58.2781, -17.7760,  221.6256, 60.4215, -17.7760,  127, 64, 0
L 222.7298, 58.2781, -17.7760,  224.6032, 58.2770, -17.7760,  127, 64, 0
L 224.6032, 58.2770, -17.7760,  224.6016, 63.5200, -17.7760,  127, 64, 0
L 224.6016, 63.5200, -17.7760,  232.8674, 71.7881, -17.7760,  127, 64, 0
L 232.8674, 71.7881, -17.7760,  232.8667, 113.8370, -17.7760,  127, 64, 0
L 232.8667, 113.8370, -17.7760,  222.1905, 124.5140, -17.7760,  127, 64, 0
L 222.1905, 124.5140, -17.7760,  202.5746, 124.5140, -17.7760,  127, 64, 0
L 202.5746, 124.5140, -17.7760,  191.8973, 113.8366, -17.7760,  127, 64, 0
L 191.8973, 113.8366, -17.7760,  191.8985, 71.7860, -17.7760,  127, 64, 0
L 191.8985, 71.7860, -17.7760,  200.1616, 63.5234, -17.7760,  127, 64, 0
L 200.1616, 63.5234, -17.7760,  200.1615, 58.2768, -17.7760,  127, 64, 0
L 200.1615, 58.2768, -17.7760,  201.8954, 58.2770, -17.7760,  127, 64, 0
L 201.8954, 58.2770, -17.7760,  203.1800, 60.4493, -17.7760,  127, 64, 0
L 217.2286, 88.2518, -18.7760,  207.4688, 88.2582, -18.7760,  127, 64, 0
L 207.4688, 88.2582, -18.7760,  207.4694, 98.1810, -18.7760,  127, 64, 0
L 207.4694, 98.1810, -18.7760,  217.2298, 98.1800, -18.7760,  127, 64, 0
L 217.2298, 98.1800, -18.7760,  217.2286, 88.2518, -18.7760,  127, 64, 0
L 286.7525, -11.4208, -6.4287,  339.7302, -11.4208, -13.1552,  127, 64, 0
L 339.7325, 10.4423, -16.5470,  286.7547, 10.4388, -9.7538,  127, 64, 0
L 286.1761, 26.1688, -24.6519,  286.1757, 11.8039, -24.6519,  127, 64, 0
L 286.1764, -12.7866, -24.6519,  286.1759, -27.1591, -24.6519,  127, 64, 0
L 343.9451, -4.1561, -22.6146,  343.9449, 2.9813, -22.6146,  127, 127, 127
L 345.9929, 3.5078, -23.2938,  345.9938, -4.6832, -23.2938,  127, 127, 127
L 347.9261, -5.4832, -23.9727,  347.9255, 4.3087, -23.9727,  127, 127, 127
L 347.9255, 4.3087, -23.9727,  339.7325, 10.1686, -23.9727,  127, 127, 127
L 347.9261, -5.4832, -23.9727,  339.7302, -11.1455, -23.9727,  127, 127, 127
L 339.9558, 10.9100, -23.2938,  345.9929, 3.5078, -23.2938,  127, 127, 127
L 343.9449, 2.9813, -22.6146,  339.8813, 10.6240, -22.6146,  127, 127, 127
L 339.7327, 11.8002, -21.6964,  339.7300, -12.7818, -21.6963,  127, 64, 0
L 345.9938, -4.6832, -23.2938,  339.9751, -10.9763, -23.2938,  127, 127, 127
L 343.9451, -4.1561, -22.6146,  339.9162, -11.1700, -22.6146,  127, 127, 127
L 339.7300, -12.7818, -24.6519,  286.1764, -12.7866, -24.6519,  127, 64, 0
L 339.7327, 11.8002, -24.6519,  286.1757, 11.8039, -24.6519,  127, 64, 0
L 286.5880, -47.8406, -24.6519,  288.8304, -62.4703, -24.6519,  127, 64, 0
L 288.8304, -62.4703, -24.6519,  294.7237, -59.6750, -24.6519,  127, 64, 0
L 294.7237, -59.6750, -24.6519,  299.6075, -67.5224, -24.6519,  127, 64, 0
L 299.6075, -67.5224, -24.6519,  293.8165, -70.8247, -24.6519,  127, 64, 0
L 293.8165, -70.8247, -24.6519,  319.7495, -96.7686, -24.6519,  127, 64, 0
L 319.7495, -96.7686, -24.6519,  323.3210, -91.7970, -24.6519,  127, 64, 0
L 323.3210, -91.7970, -24.6519,  331.4879, -95.9592, -24.6519,  127, 64, 0
L 331.4879, -95.9592, -24.6519,  328.3870, -101.8927, -24.6519,  127, 64, 0
L 328.3870, -101.8927, -24.6519,  363.5744, -111.3688, -24.6519,  127, 64, 0
L 363.5744, -111.3688, -24.6519,  363.5738, -104.5718, -24.6519,  127, 64, 0
L 363.5738, -104.5718, -24.6519,  373.3335, -104.5687, -24.6519,  127, 64, 0
L 373.3335, -104.5687, -24.6519,  373.3330, -111.8020, -24.6519,  127, 64, 0
L 373.3330, -111.8020, -24.6519,  391.2440, -111.8021, -24.6519,  127, 64, 0
L 391.2440, -111.8021, -24.6519,  391.2425, -104.5708, -24.6519,  127, 64, 0
L 391.2425, -104.5708, -24.6519,  401.3600, -104.5691, -24.6519,  127, 64, 0
L 401.3600, -104.5691, -24.6519,  401.2000, -111.8019, -24.6519,  127, 64, 0
L 401.2000, -111.8019, -24.6519,  418.9132, -111.8020, -24.6519,  127, 64, 0
L 418.9132, -111.8020, -24.6519,  418.9116, -104.5720, -24.6519,  127, 64, 0
L 418.9116, -104.5720, -24.6519,  428.6718, -104.5701, -24.6519,  127, 64, 0
L 428.6718, -104.5701, -24.6519,  428.6711, -111.8018, -24.6519,  127, 64, 0
L 428.6711, -111.8018, -24.6519,  446.9454, -111.7938, -24.6519,  127, 64, 0
L 446.9454, -111.7938, -24.6519,  463.6070, -102.4893, -24.6519,  127, 64, 0
L 463.6070, -102.4893, -24.6519,  461.6197, -99.9986, -24.6519,  127, 64, 0
L 461.6197, -99.9986, -24.6519,  470.7110, -95.1161, -24.6519,  127, 64, 0
L 470.7110, -95.1161, -24.6519,  471.5115, -97.6099, -24.6518,  127, 64, 0
L 471.5115, -97.6099, -24.6518,  487.7839, -88.2168, -24.6519,  127, 64, 0
L 487.7839, -88.2168, -24.6519,  501.8420, -74.9184, -24.6519,  127, 64, 0
L 501.8420, -74.9184, -24.6519,  499.4840, -72.8855, -24.6519,  127, 64, 0
L 499.4840, -72.8855, -24.6519,  505.9472, -65.9817, -24.6519,  127, 64, 0
L 505.9472, -65.9817, -24.6519,  507.9836, -68.1760, -24.6518,  127, 64, 0
L 507.9836, -68.1760, -24.6518,  521.6017, -54.3828, -24.6519,  127, 64, 0
L 521.6017, -53.2293, -24.6519,  508.2257, -48.1503, -24.6519,  127, 64, 0
L 508.2257, -48.1503, -24.6519,  503.2921, -58.3774, -24.6519,  127, 64, 0
L 503.2921, -58.3774, -24.6519,  499.8204, -56.7554, -24.6519,  127, 64, 0
L 505.6430, -45.7389, -21.2562,  499.8204, -56.7554, -24.6509,  127, 64, 0
L 493.2090, -40.6653, -20.5776,  487.7142, -51.8960, -23.2938,  127, 64, 0
L 487.7142, -51.8960, -24.6519,  484.2409, -50.1760, -24.6519,  127, 64, 0
L 484.2409, -50.1760, -24.6519,  489.8100, -40.4344, -24.6519,  127, 64, 0
L 489.8100, -40.4344, -24.6519,  481.1865, -33.4846, -24.6519,  127, 64, 0
L 481.1865, -33.4846, -24.6519,  476.4148, -23.5958, -24.6519,  127, 64, 0
L 480.1877, -31.4154, -24.6519,  478.1877, -27.2706, -24.6519,  127, 64, 0
L 476.4148, -23.5958, -24.6519,  472.9182, -13.6702, -24.6519,  127, 64, 0
L 472.9182, -13.6702, -24.6519,  467.2010, -10.5135, -24.6519,  127, 64, 0
L 467.2010, -10.5135, -24.6519,  457.8620, -8.4647, -24.6519,  127, 64, 0
L 457.8620, -8.4647, -24.6519,  426.7425, -8.4717, -24.6519,  127, 64, 0
L 426.7429, 7.5841, -24.6519,  457.8537, 7.5941, -24.6519,  127, 64, 0
L 457.8537, 7.5941, -24.6519,  467.4610, 9.6494, -24.6519,  127, 64, 0
L 467.4610, 9.6494, -24.6519,  472.9723, 12.8245, -24.6519,  127, 64, 0
L 472.9723, 12.8245, -24.6519,  476.4209, 22.6117, -24.6519,  127, 64, 0
L 476.4209, 22.6117, -24.6519,  481.1906, 32.4975, -24.6519,  127, 64, 0
L 481.1906, 32.4975, -24.6519,  488.9956, 39.3965, -24.6519,  127, 64, 0
L 488.9956, 39.3965, -24.6519,  484.2520, 49.1824, -24.6519,  127, 64, 0
L 484.2520, 49.1824, -24.6519,  487.7151, 50.9010, -24.6519,  127, 64, 0
L 487.7151, 50.9010, -23.9723,  493.1900, 40.6260, -21.9355,  127, 64, 0
L 505.1390, 44.5895, -21.9395,  499.8213, 55.7584, -23.9727,  127, 64, 0
L 499.8213, 55.7584, -24.6519,  503.2876, 57.3776, -24.6519,  127, 64, 0
L 503.2876, 57.3776, -24.6519,  508.2189, 47.1505, -24.6519,  127, 64, 0
L 508.2189, 47.1505, -24.6519,  521.6017, 52.2043, -24.6519,  127, 64, 0
L 521.6017, 53.3573, -24.6519,  507.9836, 67.2750, -24.6519,  127, 64, 0
L 507.9836, 67.2750, -24.6519,  505.9490, 64.9913, -24.6519,  127, 64, 0
L 505.9490, 64.9913, -24.6519,  499.4910, 71.8940, -24.6519,  127, 64, 0
L 499.4910, 71.8940, -24.6519,  501.8420, 73.9281, -24.6509,  127, 64, 0
L 501.8420, 73.9281, -24.6509,  487.7977, 87.2158, -24.6519,  127, 64, 0
L 487.7977, 87.2158, -24.6519,  471.5108, 96.6196, -24.6519,  127, 64, 0
L 471.5108, 96.6196, -24.6519,  470.7220, 94.1259, -24.6519,  127, 64, 0
L 470.7220, 94.1259, -24.6519,  461.6206, 99.7500, -24.6519,  127, 64, 0
L 461.6206, 99.7500, -24.6519,  463.6060, 101.4989, -24.6519,  127, 64, 0
L 463.6060, 101.4989, -24.6519,  446.9520, 110.7994, -24.6519,  127, 64, 0
L 446.9520, 110.7994, -24.6519,  428.6711, 110.8115, -24.6519,  127, 64, 0
L 428.6711, 110.8115, -24.6519,  428.6716, 103.5802, -24.6519,  127, 64, 0
L 428.6716, 103.5802, -24.6519,  418.9114, 103.5819, -24.6519,  127, 64, 0
L 418.9114, 103.5819, -24.6519,  418.9132, 110.8115, -24.6519,  127, 64, 0
L 418.9132, 110.8115, -24.6519,  401.2000, 110.8114, -24.6519,  127, 64, 0
L 401.2000, 110.8114, -24.6519,  401.2700, 103.5798, -24.6519,  127, 64, 0
L 401.2700, 103.5798, -24.6519,  391.2423, 103.5818, -24.6519,  127, 64, 0
L 391.2423, 103.5818, -24.6519,  391.2441, 110.8118, -24.6519,  127, 64, 0
L 391.2441, 110.8118, -24.6519,  373.3330, 110.8114, -24.6519,  127, 64, 0
L 373.3330, 110.8114, -24.6519,  373.3333, 103.5802, -24.6519,  127, 64, 0
L 373.3333, 103.5802, -24.6519,  363.5742, 103.5819, -24.6519,  127, 64, 0
L 363.5742, 103.5819, -24.6519,  363.5740, 110.3782, -24.6519,  127, 64, 0
L 363.5740, 110.3782, -24.6519,  328.3820, 100.9025, -24.6519,  127, 64, 0
L 328.3820, 100.9025, -24.6519,  331.4879, 94.9693, -24.6519,  127, 64, 0
L 331.4879, 94.9693, -24.6519,  323.3300, 90.9010, -24.6519,  127, 64, 0
L 323.3300, 90.9010, -24.6519,  319.7495, 95.7784, -24.6519,  127, 64, 0
L 319.7495, 95.7784, -24.6519,  293.8168, 69.8345, -24.6519,  127, 64, 0
L 293.8168, 69.8345, -24.6519,  299.6071, 66.5318, -24.6519,  127, 64, 0
L 299.6071, 66.5318, -24.6519,  294.7241, 58.7750, -24.6519,  127, 64, 0
L 294.7241, 58.7750, -24.6519,  288.8304, 61.4802, -24.6519,  127, 64, 0
L 288.8304, 61.4802, -24.6519,  286.5860, 46.8492, -24.6519,  127, 64, 0
L 515.7800, -37.3205, -17.9281,  508.9488, -21.7200, -17.9282,  127, 64, 0
L 216.8737, 88.6758, 41.6110,  219.3730, 88.6777, 41.5680,  100, 0, 75
L 214.7039, 90.8620, 41.5680,  216.8737, 88.6758, 41.6110,  100, 0, 75
L 213.5212, 87.7974, 41.5680,  214.7039, 90.8620, 41.5680,  100, 0, 75
L 213.5218, 87.3709, 41.5680,  213.5212, 87.7974, 41.5680,  100, 0, 75
L 211.8113, 87.3712, 41.5680,  213.5218, 87.3709, 41.5680,  100, 0, 75
L 211.8113, 91.5519, 41.5680,  211.8113, 87.3712, 41.5680,  100, 0, 75
L 217.4449, 97.2074, 41.5680,  211.8113, 91.5519, 41.5680,  100, 0, 75
L 210.5478, 104.1067, 40.5680,  217.4449, 97.2074, 40.5680,  100, 0, 75
L 205.4347, 98.9929, 41.5680,  210.5478, 104.1067, 41.5680,  100, 0, 75
L 203.5574, 100.8705, 41.5680,  205.4347, 98.9929, 41.5680,  100, 0, 75
L 203.5509, 142.9368, 41.5680,  203.5574, 100.8705, 41.5680,  100, 0, 75
L 205.4346, 144.8207, 41.5680,  203.5509, 142.9368, 41.5680,  100, 0, 75
L 210.5480, 139.7067, 41.5680,  205.4346, 144.8207, 41.5680,  100, 0, 75
L 217.4471, 146.6091, 40.5680,  210.5480, 139.7067, 40.5680,  100, 0, 75
L 212.3343, 151.7206, 41.5680,  217.4471, 146.6091, 41.5680,  100, 0, 75
L 214.2059, 153.5919, 41.5680,  212.3343, 151.7206, 41.5680,  100, 0, 75
L 233.8400, 153.6092, 41.5680,  214.2059, 153.5919, 41.5680,  100, 0, 75
L 235.7291, 151.7206, 41.5680,  233.8400, 153.6092, 41.5680,  100, 0, 75
L 230.6162, 146.6091, 41.5680,  235.7291, 151.7206, 41.5680,  100, 0, 75
L 237.5160, 139.7067, 40.5680,  230.6162, 146.6091, 40.5680,  100, 0, 75
L 242.6288, 144.8209, 41.5680,  237.5160, 139.7067, 41.5680,  100, 0, 75
L 244.5178, 142.9298, 41.5680,  242.6288, 144.8209, 41.5680,  100, 0, 75
L 244.5125, 100.8768, 41.5680,  244.5178, 142.9298, 41.5680,  100, 0, 75
L 242.6290, 98.9929, 41.5680,  244.5125, 100.8768, 41.5680,  100, 0, 75
L 237.5160, 104.1068, 41.5680,  242.6290, 98.9929, 41.5680,  100, 0, 75
L 230.6194, 97.2073, 40.5680,  237.5160, 104.1068, 40.5680,  100, 0, 75
L 236.2535, 91.5537, 41.5680,  230.6194, 97.2073, 41.5680,  100, 0, 75
L 236.2532, 87.3713, 41.5680,  236.2535, 91.5537, 41.5680,  100, 0, 75
L 234.4818, 87.3712, 41.5680,  236.2532, 87.3713, 41.5680,  100, 0, 75
L 234.4823, 87.7973, 41.5680,  234.4818, 87.3712, 41.5680,  100, 0, 75
L 233.2971, 90.9120, 41.5680,  234.4823, 87.7973, 41.5680,  100, 0, 75
L 231.1512, 88.6829, 41.6170,  233.2971, 90.9120, 41.5680,  100, 0, 75
L 228.9661, 88.6693, 41.5680,  231.1512, 88.6829, 41.6170,  100, 0, 75
L 165.8862, 88.6839, 41.6170,  168.6570, 88.6790, 41.5680,  100, 0, 75
L 163.7348, 90.9510, 41.5680,  165.8862, 88.6839, 41.6170,  100, 0, 75
L 162.5500, 87.8020, 41.5680,  163.7348, 90.9510, 41.5680,  100, 0, 75
L 162.5506, 87.3712, 41.5680,  162.5500, 87.8020, 41.5680,  100, 0, 75
L 160.8442, 87.3709, 41.5680,  162.5506, 87.3712, 41.5680,  100, 0, 75
L 160.8442, 91.5520, 41.5680,  160.8442, 87.3709, 41.5680,  100, 0, 75
L 166.4771, 97.2075, 41.5680,  160.8442, 91.5520, 41.5680,  100, 0, 75
L 159.5807, 104.1072, 40.5680,  166.4771, 97.2075, 40.5680,  100, 0, 75
L 154.4676, 98.9929, 41.5680,  159.5807, 104.1072, 41.5680,  100, 0, 75
L 152.5815, 100.8796, 41.5680,  154.4676, 98.9929, 41.5680,  100, 0, 75
L 152.5785, 142.9177, 41.5680,  152.5815, 100.8796, 41.5680,  100, 0, 75
L 154.4673, 144.8208, 41.5680,  152.5785, 142.9177, 41.5680,  100, 0, 75
L 159.5805, 139.7061, 41.5680,  154.4673, 144.8208, 41.5680,  100, 0, 75
L 166.4802, 146.6091, 40.5680,  159.5805, 139.7061, 40.5680,  100, 0, 75
L 161.3670, 151.7204, 41.5680,  166.4802, 146.6091, 41.5680,  100, 0, 75
L 163.2469, 153.6002, 41.5680,  161.3670, 151.7204, 41.5680,  100, 0, 75
L 182.8797, 153.6028, 41.5680,  163.2469, 153.6002, 41.5680,  100, 0, 75
L 184.7620, 151.7204, 41.5680,  182.8797, 153.6028, 41.5680,  100, 0, 75
L 179.6486, 146.6092, 41.5680,  184.7620, 151.7204, 41.5680,  100, 0, 75
L 186.5488, 139.7068, 40.5680,  179.6486, 146.6092, 40.5680,  100, 0, 75
L 191.6617, 144.8208, 41.5680,  186.5488, 139.7068, 41.5680,  100, 0, 75
L 193.5503, 142.9299, 41.5680,  191.6617, 144.8208, 41.5680,  100, 0, 75
L 193.5396, 100.8708, 41.5680,  193.5503, 142.9299, 41.5680,  100, 0, 75
L 191.6620, 98.9929, 41.5680,  193.5396, 100.8708, 41.5680,  100, 0, 75
L 186.5488, 104.1069, 41.5680,  191.6620, 98.9929, 41.5680,  100, 0, 75
L 179.6488, 97.2048, 40.5680,  186.5488, 104.1069, 40.5680,  100, 0, 75
L 185.2735, 91.5780, 41.5680,  179.6488, 97.2048, 41.5680,  100, 0, 75
L 185.2858, 87.3713, 41.5680,  185.2735, 91.5780, 41.5680,  100, 0, 75
L 183.5101, 87.3716, 41.5680,  185.2858, 87.3713, 41.5680,  100, 0, 75
L 183.5076, 87.8071, 41.5680,  183.5101, 87.3716, 41.5680,  100, 0, 75
L 182.3265, 90.9590, 41.5680,  183.5076, 87.8071, 41.5680,  100, 0, 75
L 180.1697, 88.6807, 41.6110,  182.3265, 90.9590, 41.5680,  100, 0, 75
L 177.9949, 88.6820, 41.5680,  180.1697, 88.6807, 41.6110,  100, 0, 75
L 58.5690, 88.6722, 28.6504,  60.7376, 88.6738, 28.6462,  100, 0, 75
L 56.4044, 90.8500, 28.6462,  58.5690, 88.6722, 28.6504,  100, 0, 75
L 55.4660, 88.2646, 28.6462,  56.4044, 90.8500, 28.6462,  100, 0, 75
L 55.4669, 93.3509, 28.6462,  55.4660, 88.2646, 28.6462,  100, 0, 75
L 32.9920, 93.3639, 28.6462,  55.4669, 93.3509, 28.6462,  100, 0, 75
L 30.2228, 95.2399, 28.6462,  32.9920, 93.3639, 28.6462,  100, 0, 75
L 35.3359, 100.3513, 28.6462,  30.2228, 95.2399, 28.6462,  100, 0, 75
L 28.4359, 107.2539, 28.6462,  35.3359, 100.3513, 28.6462,  100, 0, 75
L 23.3228, 102.1397, 28.6462,  28.4359, 107.2539, 28.6462,  100, 0, 75
L 21.4444, 104.1830, 28.6462,  23.3228, 102.1397, 28.6462,  100, 0, 75
L 21.4341, 143.1032, 28.6462,  21.4444, 104.1830, 28.6462,  100, 0, 75
L 23.3226, 145.8400, 28.6462,  21.4341, 143.1032, 28.6462,  100, 0, 75
L 28.4343, 139.8952, 28.6462,  23.3226, 145.8400, 28.6462,  100, 0, 75
L 35.3359, 146.7954, 28.6462,  28.4343, 139.8952, 28.6462,  100, 0, 75
L 30.2224, 151.9081, 28.6462,  35.3359, 146.7954, 28.6462,  100, 0, 75
L 32.1261, 153.7969, 28.6462,  30.2224, 151.9081, 28.6462,  100, 0, 75
L 130.5452, 153.7966, 28.6462,  32.1261, 153.7969, 28.6462,  100, 0, 75
L 132.4497, 151.9079, 28.6462,  130.5452, 153.7966, 28.6462,  100, 0, 75
L 127.3361, 146.7944, 28.6462,  132.4497, 151.9079, 28.6462,  100, 0, 75
L 134.2382, 139.8951, 28.6462,  127.3361, 146.7944, 28.6462,  100, 0, 75
L 139.3494, 145.8200, 28.6462,  134.2382, 139.8951, 28.6462,  100, 0, 75
L 141.2281, 143.1293, 28.6462,  139.3494, 145.8200, 28.6462,  100, 0, 75
L 141.2280, 104.1830, 28.6462,  141.2281, 143.1293, 28.6462,  100, 0, 75
L 139.3492, 102.1394, 28.6462,  141.2280, 104.1830, 28.6462,  100, 0, 75
L 134.2357, 107.2535, 28.6462,  139.3492, 102.1394, 28.6462,  100, 0, 75
L 127.3362, 100.3508, 28.6462,  134.2357, 107.2535, 28.6462,  100, 0, 75
L 132.4493, 95.2396, 28.6462,  127.3362, 100.3508, 28.6462,  100, 0, 75
L 130.5440, 93.3512, 28.6462,  132.4493, 95.2396, 28.6462,  100, 0, 75
L 76.1483, 93.3517, 28.6462,  130.5440, 93.3512, 28.6462,  100, 0, 75
L 76.1500, 87.8336, 28.6489,  76.1483, 93.3517, 28.6462,  100, 0, 75
L 75.7800, 90.9350, 28.6463,  76.1500, 87.8336, 28.6489,  100, 0, 75
L 72.8439, 88.6739, 28.6509,  75.7800, 90.9350, 28.6462,  100, 0, 75
L 70.6670, 88.6709, 28.6463,  72.8439, 88.6739, 28.6509,  100, 0, 75
L 72.8358, -89.8157, 28.6504,  70.6674, -89.8169, 28.6462,  100, 0, 75
L 75.9200, -91.2330, 28.6462,  72.8358, -89.8157, 28.6504,  100, 0, 75
L 76.1497, -88.9770, 28.6462,  75.9200, -91.2330, 28.6462,  100, 0, 75
L 76.1480, -94.5200, 28.6462,  76.1497, -88.9770, 28.6462,  100, 0, 75
L 130.5723, -94.5318, 28.6462,  76.1480, -94.5200, 28.6462,  100, 0, 75
L 132.4493, -96.4089, 28.6462,  130.5723, -94.5318, 28.6462,  100, 0, 75
L 127.3363, -101.5200, 28.6462,  132.4493, -96.4089, 28.6462,  100, 0, 75
L 134.2360, -108.4223, 28.6462,  127.3363, -101.5200, 28.6462,  100, 0, 75
L 139.3490, -103.3084, 28.6462,  134.2360, -108.4223, 28.6462,  100, 0, 75
L 141.2381, -105.2015, 28.6462,  139.3490, -103.3084, 28.6462,  100, 0, 75
L 141.2281, -144.2983, 28.6462,  141.2381, -105.2015, 28.6462,  100, 0, 75
L 139.3494, -146.1773, 28.6462,  141.2281, -144.2983, 28.6462,  100, 0, 75
L 134.2375, -141.6380, 28.6462,  139.3494, -146.1773, 28.6462,  100, 0, 75
L 127.3359, -147.9637, 28.6462,  134.2375, -141.6380, 28.6462,  100, 0, 75
L 132.4496, -153.7710, 28.6462,  127.3359, -147.9637, 28.6462,  100, 0, 75
L 130.5648, -154.9617, 28.6462,  132.4496, -153.7710, 28.6462,  100, 0, 75
L 32.1032, -154.9576, 28.6462,  130.5648, -154.9617, 28.6462,  100, 0, 75
L 30.2223, -153.7710, 28.6462,  32.1032, -154.9576, 28.6462,  100, 0, 75
L 35.3363, -147.9638, 28.6462,  30.2223, -153.7710, 28.6462,  100, 0, 75
L 28.4339, -141.6470, 28.6462,  35.3363, -147.9638, 28.6462,  100, 0, 75
L 23.3228, -146.1775, 28.6462,  28.4339, -141.6470, 28.6462,  100, 0, 75
L 21.4499, -144.3045, 28.6462,  23.3228, -146.1775, 28.6462,  100, 0, 75
L 21.4365, -105.1958, 28.6462,  21.4499, -144.3045, 28.6462,  100, 0, 75
L 23.3231, -103.3088, 28.6462,  21.4365, -105.1958, 28.6462,  100, 0, 75
L 28.4363, -108.4226, 28.6462,  23.3231, -103.3088, 28.6462,  100, 0, 75
L 35.3353, -101.5203, 28.6462,  28.4363, -108.4226, 28.6462,  100, 0, 75
L 30.2226, -96.4090, 28.6462,  35.3353, -101.5203, 28.6462,  100, 0, 75
L 32.1197, -94.5204, 28.6462,  30.2226, -96.4090, 28.6462,  100, 0, 75
L 55.4673, -94.5207, 28.6462,  32.1197, -94.5204, 28.6462,  100, 0, 75
L 55.4660, -89.4078, 28.6480,  55.4673, -94.5207, 28.6462,  100, 0, 75
L 56.4046, -91.2279, 28.6462,  55.4660, -89.4078, 28.6480,  100, 0, 75
L 58.5677, -89.8157, 28.6509,  56.4046, -91.2279, 28.6462,  100, 0, 75
L 60.7379, -89.8165, 28.6462,  58.5677, -89.8157, 28.6509,  100, 0, 75
L 180.1428, -89.8157, 41.6090,  177.9952, -89.8168, 41.5680,  100, 0, 75
L 182.3322, -91.2169, 41.5680,  180.1428, -89.8157, 41.6090,  100, 0, 75
L 183.5109, -88.9342, 41.5850,  182.3322, -91.2169, 41.5910,  100, 0, 75
L 183.5103, -88.4711, 41.5680,  183.5109, -88.9342, 41.5680,  100, 0, 75
L 185.2861, -88.4711, 41.5680,  183.5103, -88.4711, 41.5680,  100, 0, 75
L 185.2863, -92.6510, 41.5680,  185.2861, -88.4711, 41.5680,  100, 0, 75
L 179.6554, -98.3109, 41.5680,  185.2863, -92.6510, 41.5680,  100, 0, 75
L 186.5488, -105.2064, 40.5680,  179.6554, -98.3109, 40.5680,  100, 0, 75
L 191.6616, -100.9260, 41.5680,  186.5488, -105.2064, 41.5680,  100, 0, 75
L 193.5378, -101.9686, 41.5680,  191.6616, -100.9260, 41.5680,  100, 0, 75
L 193.5507, -144.2350, 41.5680,  193.5378, -101.9686, 41.5680,  100, 0, 75
L 191.6616, -145.9205, 41.5680,  193.5507, -144.2350, 41.5680,  100, 0, 75
L 186.5484, -140.8067, 41.5680,  191.6616, -145.9205, 41.5680,  100, 0, 75
L 179.6486, -147.7091, 40.5680,  186.5484, -140.8067, 40.5680,  100, 0, 75
L 184.7621, -152.8200, 41.5680,  179.6486, -147.7091, 41.5680,  100, 0, 75
L 182.8891, -154.6929, 41.5680,  184.7621, -152.8200, 41.5680,  100, 0, 75
L 163.2376, -154.6904, 41.5680,  182.8891, -154.6929, 41.5680,  100, 0, 75
L 161.3670, -152.8203, 41.5680,  163.2376, -154.6904, 41.5680,  100, 0, 75
L 166.4801, -147.7085, 41.5680,  161.3670, -152.8203, 41.5680,  100, 0, 75
L 159.5800, -140.8067, 40.5680,  166.4801, -147.7085, 40.5680,  100, 0, 75
L 154.4675, -145.9205, 41.5680,  159.5800, -140.8067, 41.5680,  100, 0, 75
L 152.5876, -144.4050, 41.5680,  154.4675, -145.9205, 41.5680,  100, 0, 75
L 152.5788, -101.9907, 41.5680,  152.5876, -144.4050, 41.5680,  100, 0, 75
L 154.4678, -100.9270, 41.5680,  152.5788, -101.9907, 41.5680,  100, 0, 75
L 159.5803, -105.2065, 41.5680,  154.4678, -100.9270, 41.5680,  100, 0, 75
L 166.4805, -98.3044, 40.5680,  159.5803, -105.2065, 40.5680,  100, 0, 75
L 160.8483, -92.6650, 41.5680,  166.4805, -98.3044, 41.5680,  100, 0, 75
L 160.8442, -88.4709, 41.5680,  160.8483, -92.6650, 41.5680,  100, 0, 75
L 162.5506, -88.4707, 41.5680,  160.8442, -88.4709, 41.5680,  100, 0, 75
L 162.5521, -88.9412, 41.5680,  162.5506, -88.4707, 41.5680,  100, 0, 75
L 163.7346, -91.2309, 41.5680,  162.5521, -88.9412, 41.5680,  100, 0, 75
L 165.8841, -89.8204, 41.6210,  163.7346, -91.2309, 41.5680,  100, 0, 75
L 168.6610, -89.8101, 41.5680,  165.8841, -89.8204, 41.6210,  100, 0, 75
L 231.1588, -89.8277, 41.6040,  228.9663, -89.7980, 41.5680,  100, 0, 75
L 233.2976, -91.2296, 41.5780,  231.1588, -89.8277, 41.6040,  100, 0, 75
L 234.4819, -88.9377, 41.5680,  233.2976, -91.2296, 41.5680,  100, 0, 75
L 234.4818, -88.4710, 41.5680,  234.4819, -88.9377, 41.5680,  100, 0, 75
L 236.2533, -88.4709, 41.5680,  234.4818, -88.4710, 41.5680,  100, 0, 75
L 236.2463, -92.6718, 41.5680,  236.2533, -88.4709, 41.5680,  100, 0, 75
L 230.6167, -98.3046, 41.5680,  236.2463, -92.6718, 41.5680,  100, 0, 75
L 237.5159, -105.2065, 40.5680,  230.6167, -98.3046, 40.5680,  100, 0, 75
L 242.6291, -100.9260, 41.5680,  237.5159, -105.2065, 41.5680,  100, 0, 75
L 244.5180, -101.9950, 41.5680,  242.6291, -100.9260, 41.5680,  100, 0, 75
L 244.4976, -144.5140, 41.5680,  244.5180, -101.9950, 41.5680,  100, 0, 75
L 242.6288, -145.9202, 41.5680,  244.4976, -144.5140, 41.5680,  100, 0, 75
L 237.5156, -140.8063, 41.5680,  242.6288, -145.9202, 41.5680,  100, 0, 75
L 230.6165, -147.7088, 40.5680,  237.5156, -140.8063, 40.5680,  100, 0, 75
L 235.7291, -152.8201, 41.5680,  230.6165, -147.7088, 41.5680,  100, 0, 75
L 233.8308, -154.7088, 41.5680,  235.7291, -152.8201, 41.5680,  100, 0, 75
L 214.2307, -154.7088, 41.5680,  233.8308, -154.7088, 41.5680,  100, 0, 75
L 212.3343, -152.8204, 41.5680,  214.2307, -154.7088, 41.5680,  100, 0, 75
L 217.4473, -147.7084, 41.5680,  212.3343, -152.8204, 41.5680,  100, 0, 75
L 210.5472, -140.8062, 40.5680,  217.4473, -147.7084, 40.5680,  100, 0, 75
L 205.4345, -145.9205, 41.5680,  210.5472, -140.8062, 41.5680,  100, 0, 75
L 203.5458, -144.1460, 41.5680,  205.4345, -145.9205, 41.5680,  100, 0, 75
L 203.5629, -101.9649, 41.5680,  203.5458, -144.1460, 41.5680,  100, 0, 75
L 205.4348, -100.9260, 41.5680,  203.5629, -101.9649, 41.5680,  100, 0, 75
L 210.5480, -105.2062, 41.5680,  205.4348, -100.9260, 41.5680,  100, 0, 75
L 217.4473, -98.3049, 40.5680,  210.5480, -105.2062, 40.5680,  100, 0, 75
L 211.8148, -92.6644, 41.5680,  217.4473, -98.3049, 41.5680,  100, 0, 75
L 211.8112, -88.4707, 41.5680,  211.8148, -92.6644, 41.5680,  100, 0, 75
L 213.5218, -88.4709, 41.5680,  211.8112, -88.4707, 41.5680,  100, 0, 75
L 213.5215, -88.8391, 41.5680,  213.5218, -88.4709, 41.5680,  100, 0, 75
L 214.6935, -91.1050, 41.5680,  213.5215, -88.8391, 41.5680,  100, 0, 75
L 216.8919, -89.7155, 41.6430,  214.6935, -91.1050, 41.5680,  100, 0, 75
L 219.3770, -89.7167, 41.5680,  216.8919, -89.7155, 41.6430,  100, 0, 75
L 23.5895, -33.8733, 13.4016,  28.5936, -47.4313, 13.4007,  100, 0, 75
L 31.6707, -45.8515, 14.7834,  25.3382, -33.2209, 14.7834,  100, 0, 75
L 26.8754, -32.1732, 16.1751,  34.7331, -44.2792, 16.1747,  100, 0, 75
L 37.8586, -42.6747, 17.5576,  28.3963, -31.1370, 17.5576,  100, 0, 75
L 29.9425, -30.8330, 18.9487,  40.2387, -40.1259, 18.9487,  100, 0, 75
L 42.2879, -37.3434, 20.3319,  31.5459, -28.9907, 20.3319,  100, 0, 75
L 32.6893, -27.4548, 21.7191,  44.3126, -34.5940, 21.7191,  100, 0, 75
L 46.2828, -31.7058, 23.1062,  33.6111, -25.8214, 23.1062,  100, 0, 75
L 34.5722, -24.1180, 24.4933,  47.1612, -28.4118, 24.4933,  100, 0, 75
L 48.3490, -25.1357, 25.8805,  35.5544, -22.3773, 25.8805,  100, 0, 75
L 36.3312, -20.4896, 27.2676,  48.9146, -21.8375, 27.2676,  100, 0, 75
L 36.7931, 12.5122, 28.6548,  36.7336, -14.7584, 28.6548,  100, 0, 75
L 36.3988, 19.6744, 28.6548,  36.7931, 12.5122, 28.6548,  100, 0, 75
L 48.9189, 20.6290, 27.2676,  36.4198, 19.2932, 27.2676,  100, 0, 75
L 35.5553, 21.1689, 25.8805,  48.4370, 23.9303, 25.8805,  100, 0, 75
L 47.1743, 27.2092, 24.4933,  34.5715, 22.9117, 24.4933,  100, 0, 75
L 33.6246, 24.5893, 23.1062,  46.2894, 30.5473, 23.1062,  100, 0, 75
L 44.1529, 33.2905, 21.7191,  32.6886, 26.2475, 21.7191,  100, 0, 75
L 42.8400, 35.9264, 20.3319,  31.5505, 27.7814, 20.3319,  100, 0, 75
L 29.9412, 28.8776, 18.9448,  39.8671, 38.5587, 18.9448,  100, 0, 75
L 37.6779, 41.2496, 17.5576,  28.3964, 29.9299, 17.5576,  100, 0, 75
L 26.8738, 30.9670, 16.1705,  34.7496, 43.9870, 16.1705,  100, 0, 75
L 31.6980, 44.7032, 14.7834,  25.3375, 32.1350, 14.7834,  100, 0, 75
L 28.6277, 46.3177, 13.3962,  23.5873, 32.6638, 13.3962,  100, 0, 75
L 37.2381, 41.7903, 17.5576,  26.6316, 47.3671, 16.1705,  100, 0, 75
L 46.2434, 30.7206, 23.7280,  37.2381, 41.7903, 23.1051,  100, 0, 75
L 49.6002, 18.5880, 28.6548,  46.2434, 30.7206, 23.7280,  100, 0, 75
L 49.6019, 9.8557, 28.6589,  49.6002, 18.5880, 28.6548,  100, 0, 75
L 47.7316, 8.8262, 28.6546,  49.6019, 9.8557, 28.6589,  100, 0, 75
L 49.1084, 6.6424, 28.6640,  47.7316, 8.8262, 28.6546,  100, 0, 75
L 49.1077, 4.5174, 28.6546,  49.1084, 6.6424, 28.6640,  100, 0, 75
L 31.9957, -28.6842, 18.9448,  24.5844, -33.7344, 16.1705,  0, 0, 0
L 36.2903, -21.7310, 25.8805,  31.9957, -28.6842, 23.1062,  100, 0, 75
L 36.7336, -14.7584, 28.6546,  36.2903, -21.7310, 28.6553,  100, 0, 75
L 31.9927, 27.4802, 23.1062,  36.3988, 19.6744, 25.8805,  100, 0, 75
L 24.5890, 32.5234, 16.1705,  31.5505, 27.7814, 18.9448,  0, 0, 0
L 26.5554, -48.4776, 16.1705,  38.6676, -42.2593, 17.5576,  100, 0, 75
L 46.1938, -32.3970, 21.7190,  38.6676, -42.2593, 20.3319,  100, 0, 75
L 49.6015, -19.2617, 28.6546,  46.1938, -32.3970, 23.1045,  100, 0, 75
L 49.6015, -10.7972, 28.6570,  49.6015, -19.2617, 28.6546,  100, 0, 75
L 47.6229, -9.7146, 28.6548,  49.6015, -10.7972, 28.6570,  100, 0, 75
L 49.8600, -7.5697, 28.6594,  47.6229, -9.7146, 28.6548,  100, 0, 75
L 49.7500, -5.4118, 28.6548,  49.8600, -7.5697, 28.6594,  100, 0, 75
L 47.5187, -57.1565, 28.6530,  47.5219, -77.8440, 28.6530,  100, 0, 75
L 219.3730, 88.6777, 41.8472,  219.3720, 81.5309, 41.8472,  100, 0, 75
L 228.9663, 81.5352, 41.8472,  228.9661, 88.6693, 41.8472,  100, 0, 75
L 177.9949, 88.6820, 41.8472,  177.9949, 81.5358, 41.8472,  100, 0, 75
L 168.6610, 81.5358, 41.8472,  168.6570, 88.6790, 41.8472,  100, 0, 75
L 60.7376, 88.6738, 29.4399,  60.7379, 81.5284, 29.4399,  100, 0, 75
L 70.6670, 81.5281, 29.4399,  70.6670, 88.6709, 29.4399,  100, 0, 75
L 49.7500, -5.4118, 29.4399,  56.1525, -5.4115, 29.4399,  100, 0, 75
L 56.1411, 4.5175, 29.4399,  49.1077, 4.5174, 29.4399,  100, 0, 75
L 70.6674, -89.8169, 29.4399,  70.6668, -82.6719, 29.4399,  100, 0, 75
L 60.7379, -82.6762, 29.4399,  60.7379, -89.8165, 29.4399,  100, 0, 75
L 58.5593, -82.6698, 28.6584,  60.7379, -82.6762, 28.6530,  100, 0, 75
L 56.4067, -81.2566, 28.6530,  58.5593, -82.6698, 28.6584,  100, 0, 75
L 55.3628, -83.2801, 28.6530,  56.4067, -81.2566, 28.6530,  100, 0, 75
L 55.3616, -77.8430, 28.6530,  55.3628, -83.2801, 28.6530,  100, 0, 75
L 47.5219, -77.8440, 28.6530,  55.3616, -77.8430, 28.6530,  100, 0, 75
L 55.3624, -57.1555, 28.6530,  47.5187, -57.1565, 28.6530,  100, 0, 75
L 55.3605, -38.1910, 28.6541,  55.3624, -57.1555, 28.6530,  100, 0, 75
L 56.3988, -40.3390, 28.6530,  55.3605, -38.1910, 28.6541,  100, 0, 75
L 58.5844, -38.6317, 28.6586,  56.3988, -40.3390, 28.6530,  100, 0, 75
L 60.7379, -38.6323, 28.6539,  58.5844, -38.6317, 28.6586,  100, 0, 75
L 60.7379, -31.5362, 29.4399,  60.7379, -38.6323, 29.4399,  100, 0, 75
L 58.5422, -31.4749, 28.6585,  60.7379, -31.5362, 28.6530,  100, 0, 75
L 56.4065, -30.7330, 28.6530,  58.5422, -31.4749, 28.6585,  100, 0, 75
L 55.4583, -31.9116, 28.6530,  56.4065, -30.7330, 28.6530,  100, 0, 75
L 55.4590, -10.8407, 28.6555,  55.4583, -31.9116, 28.6530,  100, 0, 75
L 57.5305, -9.7448, 28.6530,  55.4590, -10.8407, 28.6555,  100, 0, 75
L 56.1518, -6.8289, 28.6530,  56.1516, -7.5865, 28.6583,  100, 0, 75
L 56.1514, -7.5667, 28.6582,  57.5305, -9.7448, 28.6530,  100, 0, 75
L 56.1525, -5.4115, 28.6530,  56.1514, -7.5667, 28.6582,  100, 0, 75
L 56.1698, 6.7195, 28.6588,  56.1411, 4.5175, 28.6530,  100, 0, 75
L 57.5670, 8.8498, 28.6530,  56.1698, 6.7195, 28.6588,  100, 0, 75
L 55.4759, 9.9278, 28.6530,  57.5670, 8.8498, 28.6530,  100, 0, 75
L 55.4585, 30.8220, 28.6539,  55.4759, 9.9278, 28.6530,  100, 0, 75
L 56.4067, 28.9838, 28.6530,  55.4585, 30.8220, 28.6539,  100, 0, 75
L 58.5489, 30.3898, 28.6591,  56.4067, 28.9838, 28.6530,  100, 0, 75
L 60.7379, 30.4167, 28.6530,  58.5489, 30.3898, 28.6591,  100, 0, 75
L 60.7378, 37.5230, 29.4399,  60.7379, 30.4167, 29.4399,  100, 0, 75
L 58.5493, 37.5518, 28.6594,  60.7378, 37.5230, 28.6530,  100, 0, 75
L 56.4074, 38.9587, 28.6530,  58.5493, 37.5518, 28.6594,  100, 0, 75
L 55.3603, 36.9296, 28.6531,  56.4074, 38.9587, 28.6530,  100, 0, 75
L 55.3614, 56.1488, 28.6530,  55.3603, 36.9296, 28.6531,  100, 0, 75
L 47.5197, 56.1473, 28.6530,  55.3614, 56.1488, 28.6530,  100, 0, 75
L 47.5197, 76.8365, 28.6530,  47.5197, 56.1473, 28.6530,  100, 0, 75
L 55.3616, 76.8359, 28.6530,  47.5197, 76.8365, 28.6530,  100, 0, 75
L 55.3624, 82.1380, 28.6543,  55.3616, 76.8359, 28.6530,  100, 0, 75
L 56.4020, 80.1213, 28.6530,  55.3624, 82.1380, 28.6543,  100, 0, 75
L 58.5716, 81.5289, 28.6598,  56.4020, 80.1213, 28.6530,  100, 0, 75
L 60.7379, 81.5284, 28.6530,  58.5716, 81.5289, 28.6598,  100, 0, 75
L 72.8314, 81.5293, 28.6582,  70.6670, 81.5281, 28.6530,  100, 0, 75
L 75.4000, 80.1205, 28.6540,  72.8314, 81.5293, 28.6582,  100, 0, 75
L 76.5230, 82.1572, 28.6530,  75.4000, 80.1205, 28.6530,  100, 0, 75
L 76.4890, 76.8366, 28.6530,  76.5230, 82.1572, 28.6530,  100, 0, 75
L 85.8962, 76.8362, 28.6530,  76.4890, 76.8366, 28.6530,  100, 0, 75
L 118.3438, 76.8362, 38.8836,  85.8962, 76.8362, 32.3590,  100, 0, 75
L 162.6169, 76.8355, 40.8524,  118.3438, 76.8365, 40.8524,  100, 0, 75
L 162.6175, 82.2774, 40.8537,  162.6169, 76.8355, 40.8524,  100, 0, 75
L 163.7333, 80.1111, 40.8524,  162.6175, 82.2774, 40.8537,  100, 0, 75
L 165.8794, 81.5185, 40.8577,  163.7333, 80.1111, 40.8524,  100, 0, 75
L 168.6610, 81.5358, 40.8524,  165.8794, 81.5185, 40.8577,  100, 0, 75
L 180.1804, 81.5187, 40.8567,  177.9949, 81.5358, 40.8567,  100, 0, 75
L 182.3274, 80.1102, 40.8524,  180.1804, 81.5187, 40.8567,  100, 0, 75
L 183.3072, 82.1230, 40.8524,  182.3274, 80.1102, 40.8524,  100, 0, 75
L 183.3037, 76.8365, 40.8524,  183.3072, 82.1230, 40.8524,  100, 0, 75
L 213.6867, 76.8369, 40.8524,  183.3037, 76.8365, 40.8524,  100, 0, 75
L 213.6829, 82.8960, 40.8534,  213.6867, 76.8369, 40.8524,  100, 0, 75
L 214.7053, 80.1068, 40.8524,  213.6829, 82.8960, 40.8534,  100, 0, 75
L 216.8517, 81.5147, 40.8594,  214.7053, 80.1068, 40.8567,  100, 0, 75
L 219.3720, 81.5309, 40.8526,  216.8517, 81.5147, 40.8594,  100, 0, 75
L 231.1528, 81.5134, 40.8567,  228.9663, 81.5352, 40.8571,  100, 0, 75
L 233.2992, 80.1063, 40.8524,  231.1528, 81.5134, 40.8567,  100, 0, 75
L 234.3728, 82.1910, 40.8524,  233.2992, 80.1063, 40.8524,  100, 0, 75
L 234.3737, 76.8371, 40.8524,  234.3728, 82.1910, 40.8524,  100, 0, 75
L 269.9890, -75.9386, 45.1908,  268.6111, -76.6100, 45.1908,  0, 127, 0
L 269.9890, -75.9386, 40.8719,  269.1102, -59.5786, 40.8599,  100, 0, 75
L 234.3737, 76.8371, 40.8524,  267.1442, 76.8359, 40.8524,  100, 0, 75
L 267.2438, 76.4407, 45.1908,  267.1442, 76.8359, 45.1908,  0, 127, 0
L 269.9750, 74.8859, 45.1908,  268.8820, 74.9423, 45.1908,  0, 127, 0
L 269.1096, 58.5713, 40.8584,  269.9750, 74.8859, 40.8723,  100, 0, 75
L 268.8820, 74.9423, 45.1908,  267.2438, 76.4407, 45.1908,  0, 127, 0
L 261.8809, 58.5720, 40.8539,  269.1096, 58.5713, 40.8539,  100, 0, 75
L 261.8790, 48.8126, 40.8524,  261.8809, 58.5720, 40.8524,  100, 0, 75
L 269.1109, 48.8134, 40.8524,  261.8790, 48.8126, 40.8524,  100, 0, 75
L 269.1109, 36.5129, 40.8524,  269.1109, 48.8134, 40.8524,  100, 0, 75
L 261.8806, 36.5140, 40.8524,  269.1109, 36.5129, 40.8524,  100, 0, 75
L 261.8795, 26.7543, 40.8524,  261.8806, 36.5140, 40.8524,  100, 0, 75
L 269.1120, 26.7551, 40.8524,  261.8795, 26.7543, 40.8524,  100, 0, 75
L 269.1372, 9.8237, 40.8524,  269.1120, 26.7551, 40.8524,  100, 0, 75
L 216.9000, -52.2049, 34.4500,  234.2786, -52.2053, 36.3731,  100, 0, 75
L 216.9000, -52.2049, 32.1290,  216.1200, -50.6058, 32.1270,  100, 0, 75
L 234.2790, 51.2008, 35.6696,  216.5000, 51.2010, 33.9025,  100, 0, 75
L 216.5000, 51.2010, 32.1270,  216.5000, 49.6000, 32.1270,  100, 0, 75
L 235.8400, -11.6745, 40.8524,  235.8690, -36.6150, 40.8524,  100, 0, 75
L 241.5940, -11.6744, 40.8524,  235.8400, -11.6745, 40.8524,  100, 0, 75
L 241.5830, 10.5873, 40.8524,  241.5940, -11.6744, 40.8524,  100, 0, 75
L 235.7930, 10.5870, 40.8524,  241.5830, 10.5873, 40.8524,  100, 0, 75
L 235.7640, 35.6122, 40.8524,  235.7930, 10.5870, 40.8524,  100, 0, 75
L 216.5000, 49.6000, 31.6120,  208.7846, 49.6004, 28.5255,  0, 127, 0
L 234.2786, 48.8629, 40.8162,  234.2790, 51.2008, 40.8160,  100, 0, 75
L 244.3800, 48.8648, 40.8524,  234.2786, 48.8629, 40.8524,  100, 0, 75
L 244.3690, 58.6255, 40.8524,  244.3800, 48.8648, 40.8524,  100, 0, 75
L 234.2776, 58.6234, 40.8524,  244.3690, 58.6255, 40.8524,  100, 0, 75
L 234.2786, 56.1492, 40.8524,  234.2776, 58.6234, 40.8524,  100, 0, 75
L 216.5780, 56.1480, 40.8524,  234.2786, 56.1492, 40.8524,  100, 0, 75
L 216.5783, 58.6255, 40.8524,  216.5780, 56.1480, 40.8524,  100, 0, 75
L 206.8186, 58.6233, 40.8524,  216.5783, 58.6255, 40.8524,  100, 0, 75
L 206.8200, 56.1484, 40.8524,  206.8186, 58.6233, 40.8524,  100, 0, 75
L 189.1192, 56.1480, 40.8524,  206.8200, 56.1484, 40.8524,  100, 0, 75
L 189.1194, 58.6253, 40.8524,  189.1192, 56.1480, 40.8524,  100, 0, 75
L 179.3600, 58.6233, 40.8524,  189.1194, 58.6253, 40.8524,  100, 0, 75
L 179.3610, 56.1478, 40.8524,  179.3600, 58.6233, 40.8524,  100, 0, 75
L 161.6603, 56.1473, 40.8524,  179.3610, 56.1478, 40.8524,  100, 0, 75
L 161.6608, 58.6251, 40.8524,  161.6603, 56.1473, 40.8524,  100, 0, 75
L 151.8988, 58.6233, 40.8524,  161.6608, 58.6251, 40.8524,  100, 0, 75
L 151.9025, 56.1477, 40.8524,  151.8988, 58.6233, 40.8524,  100, 0, 75
L 134.2016, 56.1480, 40.8524,  151.9025, 56.1477, 40.8524,  100, 0, 75
L 134.2022, 58.6253, 40.8524,  134.2016, 56.1480, 40.8524,  100, 0, 75
L 124.4424, 58.6233, 40.8524,  134.2022, 58.6253, 40.8524,  100, 0, 75
L 124.4437, 56.1482, 40.8524,  124.4424, 58.6233, 40.8524,  100, 0, 75
L 118.3443, 56.1486, 40.7768,  124.4437, 56.1482, 40.8524,  100, 0, 75
L 85.8970, 56.1488, 29.6700,  118.3443, 56.1486, 40.7768,  100, 0, 75
L 76.4910, 56.1488, 28.6530,  85.8970, 56.1488, 29.6700,  100, 0, 75
L 76.5070, 36.9162, 28.6853,  76.4910, 56.1488, 28.6530,  100, 0, 75
L 74.9997, 38.9583, 28.6530,  76.5070, 36.9162, 28.6853,  100, 0, 75
L 72.8466, 37.5456, 28.6580,  74.9997, 38.9583, 28.6570,  100, 0, 75
L 70.6671, 37.5390, 28.6530,  72.8466, 37.5456, 28.6580,  100, 0, 75
L 70.6671, 30.4285, 29.4399,  70.6671, 37.5390, 29.4399,  100, 0, 75
L 72.8623, 30.3854, 28.6571,  70.6671, 30.4285, 28.6531,  100, 0, 75
L 74.9334, 29.2670, 28.6530,  72.8623, 30.3854, 28.6571,  100, 0, 75
L 76.1483, 31.6920, 28.6530,  74.9334, 29.2670, 28.6530,  100, 0, 75
L 76.8840, -32.1846, 28.6553,  76.1483, 31.6920, 28.6530,  100, 0, 75
L 74.9976, -30.7400, 28.6539,  76.8840, -32.1846, 28.6553,  100, 0, 75
L 72.8432, -31.4878, 28.6583,  74.9976, -30.7400, 28.6530,  100, 0, 75
L 70.6674, -31.4888, 28.6530,  72.8432, -31.4878, 28.6583,  100, 0, 75
L 70.6670, -38.6326, 29.4399,  70.6674, -31.4888, 29.4399,  100, 0, 75
L 72.8282, -38.6317, 28.6574,  70.6670, -38.6326, 28.6530,  100, 0, 75
L 75.6500, -40.3430, 28.6530,  72.8282, -38.6317, 28.6574,  100, 0, 75
L 76.5060, -38.7800, 28.6530,  75.6500, -40.3430, 28.6530,  100, 0, 75
L 76.4940, -57.1572, 28.6530,  76.5060, -38.7800, 28.6530,  100, 0, 75
L 85.9003, -57.1567, 28.7178,  76.4940, -57.1572, 28.6530,  100, 0, 75
L 118.3468, -57.1565, 40.8524,  85.9003, -57.1567, 28.7178,  100, 0, 75
L 124.4441, -57.1557, 40.8524,  118.3468, -57.1565, 40.8524,  100, 0, 75
L 124.4437, -59.4977, 40.8524,  124.4441, -57.1557, 40.8524,  100, 0, 75
L 134.2039, -59.4953, 40.8524,  124.4437, -59.4977, 40.8524,  100, 0, 75
L 134.2023, -57.1552, 40.8524,  134.2039, -59.4953, 40.8524,  100, 0, 75
L 151.9029, -57.1552, 40.8524,  134.2023, -57.1552, 40.8524,  100, 0, 75
L 151.9016, -59.4984, 40.8524,  151.9029, -57.1552, 40.8524,  100, 0, 75
L 161.6625, -59.4964, 40.8524,  151.9016, -59.4984, 40.8524,  100, 0, 75
L 161.6607, -57.1546, 40.8524,  161.6625, -59.4964, 40.8524,  100, 0, 75
L 179.3617, -57.1550, 40.8524,  161.6607, -57.1546, 40.8524,  100, 0, 75
L 179.3608, -59.4977, 40.8524,  179.3617, -57.1550, 40.8524,  100, 0, 75
L 189.1204, -59.4964, 40.8524,  179.3608, -59.4977, 40.8524,  100, 0, 75
L 189.1196, -57.1554, 40.8524,  189.1204, -59.4964, 40.8524,  100, 0, 75
L 206.8203, -57.1554, 40.8524,  189.1196, -57.1554, 40.8524,  100, 0, 75
L 206.8197, -59.4979, 40.8524,  206.8203, -57.1554, 40.8524,  100, 0, 75
L 216.5800, -59.4958, 40.8524,  206.8197, -59.4979, 40.8524,  100, 0, 75
L 216.5783, -57.1552, 40.8524,  216.5800, -59.4958, 40.8524,  100, 0, 75
L 234.2792, -57.1567, 40.8524,  216.5783, -57.1552, 40.8524,  100, 0, 75
L 234.2778, -59.4975, 40.8524,  234.2792, -57.1567, 40.8524,  100, 0, 75
L 244.3790, -59.4956, 40.8524,  234.2778, -59.4975, 40.8524,  100, 0, 75
L 244.3720, -49.7351, 40.8524,  244.3790, -59.4956, 40.8524,  100, 0, 75
L 234.2763, -49.7368, 40.8524,  244.3720, -49.7351, 40.8524,  100, 0, 75
L 234.2786, -52.2053, 40.8160,  234.2763, -49.7368, 40.8155,  100, 0, 75
L 208.7490, -50.6077, 28.5073,  216.1200, -50.6058, 31.4330,  0, 127, 0
L 118.3472, -77.8436, 39.6770,  85.9008, -77.8435, 34.1462,  100, 0, 75
L 162.6167, -77.8431, 40.8524,  118.3472, -77.8432, 40.8524,  100, 0, 75
L 234.3734, -83.3344, 40.9029,  234.3723, -77.8438, 40.8524,  100, 0, 75
L 233.2987, -81.2459, 40.8524,  234.3734, -83.3344, 40.9029,  100, 0, 75
L 216.8559, -82.6570, 40.8534,  219.3720, -82.6694, 40.8524,  100, 0, 75
L 76.4850, -77.8442, 28.6530,  85.9008, -77.8438, 28.6530,  100, 0, 75
L 76.5270, -83.3003, 28.6552,  76.4850, -77.8442, 28.6530,  100, 0, 75
L 75.1120, -81.2813, 28.6530,  76.5270, -83.3003, 28.6552,  100, 0, 75
L 72.8092, -82.6723, 28.6587,  75.1120, -81.2813, 28.6530,  100, 0, 75
L 70.6668, -82.6719, 28.6530,  72.8092, -82.6723, 28.6587,  100, 0, 75
L 177.9952, -89.8168, 41.8472,  177.9951, -82.6611, 41.8472,  100, 0, 75
L 168.6580, -82.6778, 41.8472,  168.6610, -89.8101, 41.8472,  100, 0, 75
L 165.8737, -82.6495, 40.8569,  168.6580, -82.6778, 40.8524,  100, 0, 75
L 163.7332, -81.2462, 40.8524,  165.8737, -82.6495, 40.8569,  100, 0, 75
L 162.6179, -83.4107, 40.8524,  163.7332, -81.2462, 40.8524,  100, 0, 75
L 162.6167, -77.8431, 40.8524,  162.6179, -83.4107, 40.8524,  100, 0, 75
L 180.1638, -82.6612, 40.8571,  182.3284, -81.2493, 40.8524,  100, 0, 75
L 177.9951, -82.6611, 40.8524,  180.1638, -82.6612, 40.8571,  100, 0, 75
L 183.3078, -83.1490, 40.8524,  182.3284, -81.2493, 40.8524,  100, 0, 75
L 183.3043, -77.8434, 40.8524,  183.3078, -83.1490, 40.8524,  100, 0, 75
L 213.6870, -77.8447, 40.8524,  183.3043, -77.8434, 40.8524,  100, 0, 75
L 213.6834, -83.2282, 40.8545,  213.6870, -77.8447, 40.8524,  100, 0, 75
L 214.7050, -81.2455, 40.8524,  213.6834, -83.2282, 40.8545,  100, 0, 75
L 216.8559, -82.6570, 40.8571,  214.7050, -81.2455, 40.8524,  100, 0, 75
L 219.3770, -89.7167, 41.8472,  219.3720, -82.6694, 41.8472,  100, 0, 75
L 228.9663, -89.7980, 41.8472,  228.9664, -82.6847, 41.8472,  100, 0, 75
L 231.1653, -82.6454, 40.8532,  228.9664, -82.6847, 40.8524,  100, 0, 75
L 233.2987, -81.2459, 40.8524,  231.1653, -82.6454, 40.8532,  100, 0, 75
L 267.1943, -77.8451, 40.8778,  234.3723, -77.8438, 40.8524,  100, 0, 75
L 267.3772, -77.1723, 45.1908,  267.1943, -77.8451, 45.1908,  0, 127, 0
L 268.6111, -76.6100, 45.1908,  267.3772, -77.1723, 45.1908,  0, 127, 0
L 261.8813, -59.5792, 40.8539,  269.1102, -59.5786, 40.8539,  100, 0, 75
L 261.8793, -49.8200, 40.8524,  261.8813, -59.5792, 40.8524,  100, 0, 75
L 269.1111, -49.8209, 40.8524,  261.8793, -49.8200, 40.8524,  100, 0, 75
L 269.1111, -37.5200, 40.8524,  269.1111, -49.8209, 40.8524,  100, 0, 75
L 261.8808, -37.5225, 40.8524,  269.1111, -37.5200, 40.8524,  100, 0, 75
L 261.8792, -27.7620, 40.8524,  261.8808, -37.5225, 40.8524,  100, 0, 75
L 269.1121, -27.7620, 40.8524,  261.8792, -27.7620, 40.8524,  100, 0, 75
L 269.1367, -10.8575, 40.8524,  269.1121, -27.7620, 40.8524,  100, 0, 75
L 290.8990, -16.5428, 41.7460,  286.7538, -16.5356, 41.7460,  100, 0, 75
L 293.5083, -14.2621, 41.7460,  290.8990, -16.5428, 41.7460,  100, 0, 75
L 291.8498, -12.8055, 41.7460,  293.5083, -14.2621, 41.7460,  100, 0, 75
L 293.4571, -11.9763, 41.7460,  291.8498, -12.8055, 41.7460,  100, 0, 75
L 292.6569, -10.7561, 41.7840,  293.4571, -11.9763, 41.7460,  100, 0, 75
L 294.6184, -9.7454, 41.7460,  292.6569, -10.7561, 41.7840,  100, 0, 75
L 293.2060, -7.5819, 41.7930,  294.6184, -9.7454, 41.7460,  100, 0, 75
L 293.2062, -5.4116, 41.7480,  293.2060, -7.5819, 41.7930,  100, 0, 75
L 274.1062, -5.4116, 41.8866,  293.2062, -5.4116, 41.8866,  100, 0, 75
L 274.1082, -7.5842, 40.8564,  274.1062, -5.4116, 40.8524,  100, 0, 75
L 272.6924, -9.7444, 40.8524,  274.1082, -7.5842, 40.8564,  100, 0, 75
L 274.8559, -10.8584, 40.8556,  272.6924, -9.7444, 40.8524,  100, 0, 75
L 269.1367, -10.8575, 40.8524,  274.8559, -10.8584, 40.8556,  100, 0, 75
L 274.5873, 9.8257, 40.8534,  269.1372, 9.8237, 40.8524,  100, 0, 75
L 272.7830, 8.8962, 40.8524,  274.5873, 9.8257, 40.8534,  100, 0, 75
L 274.2080, 6.6524, 40.8611,  272.7830, 8.8962, 40.8524,  100, 0, 75
L 274.2074, 4.5152, 40.8524,  274.2080, 6.6524, 40.8611,  100, 0, 75
L 293.8690, 4.5176, 41.8866,  274.2074, 4.5152, 41.8866,  100, 0, 75
L 293.1227, 6.7168, 41.8250,  293.8690, 4.5176, 41.7460,  100, 0, 75
L 294.5224, 8.8521, 41.7460,  293.1227, 6.7168, 41.8250,  100, 0, 75
L 292.6775, 9.7995, 41.7580,  294.5224, 8.8521, 41.7460,  100, 0, 75
L 293.4601, 10.9878, 41.7460,  292.6775, 9.7995, 41.7580,  100, 0, 75
L 291.8528, 11.8160, 41.7460,  293.4601, 10.9878, 41.7460,  100, 0, 75
L 293.5079, 13.2621, 41.7460,  291.8528, 11.8160, 41.7460,  100, 0, 75
L 290.9019, 15.5535, 41.7460,  293.5079, 13.2621, 41.7460,  100, 0, 75
L 286.7547, 15.5607, 41.7460,  290.9019, 15.5535, 41.7460,  100, 0, 75
L 293.5593, 15.9726, 40.2201,  296.8845, 3.8769, 40.2201,  100, 0, 75
L 293.5593, 15.9726, 39.5411,  299.9209, 5.2519, 39.5411,  100, 0, 75
L 293.3505, 16.2454, 38.8620,  302.9094, 6.2362, 38.8620,  100, 0, 75
L 293.3482, 16.2470, 38.1829,  305.7309, 7.6181, 38.1829,  100, 0, 75
L 296.8845, 3.8769, 40.2201,  296.8836, -4.6665, 40.2201,  100, 0, 75
L 299.9209, 5.2519, 39.5411,  299.9216, -6.5940, 39.5411,  100, 0, 75
L 302.9094, 6.2362, 38.8620,  302.9216, -7.2480, 38.8620,  100, 0, 75
L 305.7309, 7.6181, 38.1829,  305.7339, -8.4214, 38.1829,  100, 0, 75
L 296.8836, -4.6665, 40.2201,  293.9538, -16.5729, 40.2201,  100, 0, 75
L 299.9216, -6.5940, 39.5411,  293.8226, -16.8037, 39.5411,  100, 0, 75
L 302.9216, -7.2480, 38.8620,  293.8278, -16.7982, 38.8620,  100, 0, 75
L 305.7339, -8.4214, 38.1829,  293.7945, -16.8216, 38.1829,  100, 0, 75
L 433.9001, -58.5144, 36.8164,  450.2230, -60.3932, 36.8164,  100, 0, 75
L 433.9001, -58.5144, 36.8160,  358.6797, -58.5144, 36.8160,  100, 0, 75
L 358.6797, -58.5144, 36.8160,  341.8673, -48.7935, 36.8160,  100, 0, 75
L 341.8673, -48.7935, 36.8160,  332.1562, -31.9628, 36.8160,  100, 0, 75
L 332.1562, -31.9628, 36.8160,  332.1569, -10.2232, 36.8098,  100, 0, 75
L 332.1691, 31.7380, 36.8098,  332.1365, 9.2702, 36.8098,  100, 0, 75
L 326.1761, 9.2972, 36.8098,  326.1514, -10.2205, 36.8098,  100, 0, 75
L 332.1569, -10.2232, 36.8098,  326.1514, -10.2205, 36.8098,  100, 0, 75
L 332.1365, 9.2702, 36.8098,  326.1761, 9.2972, 36.8098,  100, 0, 75
L 341.8507, 47.7941, 36.8111,  332.1691, 31.7380, 36.8111,  100, 0, 75
L 341.8507, 47.7941, 36.8111,  358.6852, 57.5426, 36.8111,  100, 0, 75
L 358.6852, 57.5426, 36.8125,  433.9454, 57.5366, 36.8125,  100, 0, 75
L 450.2189, 59.3982, 36.8125,  433.9454, 57.5366, 36.8125,  100, 0, 75
L 450.2189, 59.3982, 38.1829,  452.4083, 63.1871, 38.1829,  100, 0, 75
L 452.4083, 63.1871, 38.1829,  436.5847, 72.3089, 38.1829,  100, 0, 75
L 436.5847, 72.3089, 38.1829,  426.8865, 69.3569, 38.1829,  100, 0, 75
L 426.8865, 69.3569, 38.1829,  414.6743, 72.5729, 38.1829,  100, 0, 75
L 414.6743, 72.5729, 38.1829,  407.2499, 76.8614, 38.1829,  100, 0, 75
L 407.2499, 76.8614, 38.1829,  397.7943, 86.5087, 38.1829,  100, 0, 75
L 397.7943, 86.5087, 38.1829,  395.6879, 95.7236, 38.1829,  100, 0, 75
L 395.6879, 95.7236, 38.1829,  377.8385, 95.7237, 38.1829,  100, 0, 75
L 377.8385, 95.7237, 38.1829,  377.8378, 92.8452, 38.1829,  100, 0, 75
L 377.8378, 92.8452, 38.1829,  368.7960, 92.8469, 38.1829,  100, 0, 75
L 368.7960, 92.8469, 38.1829,  368.8030, 95.7242, 38.1829,  100, 0, 75
L 368.8030, 95.7242, 38.1829,  350.2210, 95.7236, 38.1829,  100, 0, 75
L 350.2210, 95.7236, 38.1829,  347.6057, 86.1385, 38.1829,  100, 0, 75
L 347.6057, 86.1385, 38.1829,  338.6897, 77.5798, 38.1829,  100, 0, 75
L 338.6897, 77.5798, 38.1829,  331.2728, 73.2998, 38.1829,  100, 0, 75
L 331.2728, 73.2998, 38.1829,  319.6610, 70.1118, 38.1829,  100, 0, 75
L 319.6610, 70.1118, 38.1829,  309.7309, 72.3461, 38.1829,  100, 0, 75
L 309.7309, 72.3461, 38.1829,  300.7642, 56.8586, 38.1829,  100, 0, 75
L 300.7642, 56.8586, 38.1829,  303.2570, 55.4189, 38.1829,  100, 0, 75
L 303.2570, 55.4189, 38.1829,  298.3761, 46.9684, 38.1829,  100, 0, 75
L 298.3761, 46.9684, 38.1829,  295.8847, 48.4080, 38.1829,  100, 0, 75
L 295.8847, 48.4080, 38.1829,  286.7783, 32.6088, 38.1829,  100, 0, 75
L 286.7783, 32.6088, 38.1829,  286.7547, 15.5607, 38.1829,  100, 0, 75
L 286.7653, 23.2218, 38.1829,  293.3482, 16.2470, 38.1829,  100, 0, 75
L 293.7945, -16.8216, 38.1829,  286.7645, -23.9091, 38.1829,  100, 0, 75
L 286.7538, -16.5356, 38.1829,  286.7785, -33.6030, 38.1829,  100, 0, 75
L 286.7785, -33.6030, 38.1829,  295.8851, -49.3905, 38.1829,  100, 0, 75
L 295.8851, -49.3905, 38.1829,  298.3759, -47.9508, 38.1829,  100, 0, 75
L 298.3759, -47.9508, 38.1829,  303.2576, -56.4012, 38.1829,  100, 0, 75
L 303.2576, -56.4012, 38.1829,  300.7645, -57.8408, 38.1829,  100, 0, 75
L 300.7645, -57.8408, 38.1829,  309.7060, -73.3182, 38.1829,  100, 0, 75
L 309.7060, -73.3182, 38.1829,  319.7670, -71.9730, 38.1829,  100, 0, 75
L 319.7670, -71.9730, 38.1829,  331.2746, -74.2827, 38.1829,  100, 0, 75
L 331.2746, -74.2827, 38.1829,  338.6897, -78.5619, 38.1829,  100, 0, 75
L 338.6897, -78.5619, 38.1829,  347.6075, -87.1219, 38.1829,  100, 0, 75
L 347.6075, -87.1219, 38.1829,  350.2047, -96.6901, 38.1829,  100, 0, 75
L 350.2047, -96.6901, 38.1829,  368.8060, -96.7065, 38.1829,  100, 0, 75
L 368.8060, -96.7065, 38.1829,  368.7970, -93.8297, 38.1829,  100, 0, 75
L 368.7970, -93.8297, 38.1829,  377.8390, -93.8271, 38.1829,  100, 0, 75
L 377.8390, -93.8271, 38.1829,  377.8389, -96.7062, 38.1829,  100, 0, 75
L 377.8389, -96.7062, 38.1829,  395.6802, -96.7058, 38.1829,  100, 0, 75
L 395.6802, -96.7058, 38.1829,  397.7964, -87.4889, 38.1829,  100, 0, 75
L 397.7964, -87.4889, 38.1829,  407.2509, -77.8434, 38.1829,  100, 0, 75
L 407.2509, -77.8434, 38.1829,  414.6730, -73.5562, 38.1829,  100, 0, 75
L 414.6730, -73.5562, 38.1829,  426.8856, -70.3396, 38.1829,  100, 0, 75
L 426.8856, -70.3396, 38.1829,  436.5978, -73.2954, 38.1829,  100, 0, 75
L 436.5978, -73.2954, 38.1829,  452.4085, -64.1693, 38.1829,  100, 0, 75
L 452.4085, -64.1693, 38.1829,  450.2230, -60.3932, 38.1829,  100, 0, 75
L 286.7525, -11.4208, 3.9510,  286.7527, -10.8308, 3.9510,  0, 0, 0
L 286.7547, 10.4388, 3.9398,  286.7549, 9.8459, 3.9468,  0, 0, 0
L 239.7899, -10.8899, 11.9350,  237.5468, -9.7500, 11.9351,  0, 0, 0
L 234.2789, -10.8885, 11.9350,  239.7899, -10.8899, 11.9350,  0, 0, 0
L 234.2786, -36.6150, 11.9350,  234.2789, -10.8885, 11.9350,  0, 0, 0
L 234.2788, 9.7919, 11.9350,  234.2780, 35.6120, 11.9350,  0, 0, 0
L 239.3842, 9.7942, 11.9410,  234.2788, 9.7919, 11.9350,  0, 0, 0
L 237.5502, 8.8498, 11.9350,  239.3842, 9.7942, 11.9410,  0, 0, 0
L 238.9550, 6.7085, 11.9418,  237.5502, 8.8498, 11.9393,  0, 0, 0
L 238.9879, 4.5174, 11.9407,  238.9550, 6.7085, 11.9418,  0, 0, 0
L 238.9522, -7.6066, 11.9403,  238.9858, -5.4116, 11.9404,  0, 0, 0
L 237.5468, -9.7500, 11.9350,  238.9522, -7.6066, 11.9403,  0, 0, 0
L 238.9858, -5.4116, 12.6660,  246.8740, -5.4116, 12.6660,  0, 0, 0
L 246.1058, 4.5172, 12.6660,  238.9879, 4.5174, 12.6660,  0, 0, 0
L 246.1074, 6.6932, 11.8844,  246.1058, 4.5172, 11.8849,  0, 0, 0
L 247.5212, 8.8504, 11.8841,  246.1074, 6.6932, 11.8844,  0, 0, 0
L 246.1194, -7.6066, 11.8856,  246.8740, -5.4116, 11.8796,  0, 0, 0
L 247.5211, -9.7436, 11.8796,  246.1194, -7.6066, 11.8856,  0, 0, 0
L 245.4079, -10.8333, 11.8796,  247.5211, -9.7436, 11.8796,  0, 0, 0
L 250.1316, -10.8336, 11.8391,  245.4079, -10.8333, 11.8796,  0, 0, 0
L 279.8845, -10.8299, 4.2656,  250.1316, -10.8336, 11.8391,  0, 0, 0
L 286.7527, -10.8308, 4.2656,  279.8845, -10.8299, 4.2656,  0, 0, 0
L 245.5799, 9.8498, 11.8826,  247.5212, 8.8504, 11.8796,  0, 0, 0
L 250.3903, 9.8461, 11.7730,  245.5799, 9.8498, 11.8826,  0, 0, 0
L 279.7305, 9.8498, 4.2851,  250.3903, 9.8461, 11.7730,  0, 0, 0
L 286.7549, 9.8459, 4.2656,  279.7305, 9.8498, 4.2851,  0, 0, 0
L 174.6130, -3.9684, 11.9345,  174.6370, 3.7100, 11.9345,  0, 0, 0
L 174.6690, -20.9913, 11.9350,  174.6230, -17.2594, 11.9350,  0, 0, 0
L 207.4356, -20.9897, 11.9350,  174.6690, -20.9913, 11.9350,  0, 0, 0
L 207.4325, 20.7321, 11.9350,  207.4356, -20.9897, 11.9350,  0, 0, 0
L 174.6680, 20.7337, 11.9350,  207.4325, 20.7321, 11.9350,  0, 0, 0
L 174.6220, 17.9000, 11.9352,  174.6680, 20.7337, 11.9351,  0, 0, 0
L 36.7197, -7.7390, -1.9153,  36.7197, -5.4119, -1.9153,  0, 0, 0
L 36.7197, 6.6912, -1.9153,  36.7207, 4.5175, -1.9206,  0, 0, 0
L 38.1343, 8.8495, -1.9206,  36.7197, 6.6912, -1.9153,  0, 0, 0
L 36.1717, 9.8615, -1.9206,  38.1343, 8.8495, -1.9206,  0, 0, 0
L 43.7516, 9.8600, -1.9206,  36.1717, 9.8615, -1.9206,  0, 0, 0
L 43.7515, 14.5677, -1.9856,  43.7516, 9.8600, -1.9206,  0, 0, 0
L 43.7513, 28.2149, -9.4484,  43.7515, 14.5677, -1.9856,  0, 0, 0
L 43.7501, 31.1355, -9.7553,  43.7513, 28.2149, -9.4484,  0, 0, 0
L 44.7991, 29.1008, -9.7604,  43.7501, 31.1355, -9.7553,  0, 0, 0
L 46.9493, 30.5119, -9.7555,  44.7991, 29.1008, -9.7604,  0, 0, 0
L 49.1306, 30.5208, -9.7604,  46.9493, 30.5119, -9.7555,  0, 0, 0
L 49.1308, 37.6563, -8.9733,  49.1306, 30.5208, -8.9733,  0, 0, 0
L 46.9491, 37.6640, -9.7555,  49.1308, 37.6563, -9.7600,  0, 0, 0
L 44.8113, 39.6600, -9.7556,  46.9491, 37.6640, -9.7555,  0, 0, 0
L 43.6647, 36.9099, -9.7600,  44.8113, 39.6600, -9.7600,  0, 0, 0
L 43.6657, 55.5677, -9.7600,  43.6647, 36.9099, -9.7600,  0, 0, 0
L 35.8232, 55.5668, -9.7600,  43.6657, 55.5677, -9.7600,  0, 0, 0
L 35.8239, 76.2557, -9.7600,  35.8232, 55.5668, -9.7600,  0, 0, 0
L 43.6657, 76.2553, -9.7600,  35.8239, 76.2557, -9.7600,  0, 0, 0
L 43.6666, 81.9988, -9.7579,  43.6657, 76.2553, -9.7600,  0, 0, 0
L 44.7911, 79.8071, -9.7600,  43.6666, 81.9988, -9.7579,  0, 0, 0
L 46.9722, 81.2129, -9.7558,  44.7911, 79.8071, -9.7599,  0, 0, 0
L 49.1304, 81.2119, -9.7599,  46.9722, 81.2129, -9.7558,  0, 0, 0
L 49.1308, 88.3563, -8.9733,  49.1304, 81.2119, -8.9733,  0, 0, 0
L 46.9729, 88.3556, -9.7554,  49.1308, 88.3563, -9.7600,  0, 0, 0
L 44.7937, 89.7667, -9.7600,  46.9729, 88.3556, -9.7554,  0, 0, 0
L 43.6670, 87.5708, -9.7599,  44.7937, 89.7667, -9.7599,  0, 0, 0
L 43.6683, 93.3517, -9.7600,  43.6670, 87.5708, -9.7599,  0, 0, 0
L 20.3283, 93.3511, -9.7600,  43.6683, 93.3517, -9.7600,  0, 0, 0
L 9.6384, 104.2500, -9.7600,  20.3283, 93.3511, -9.7600,  0, 0, 0
L 9.6353, 143.9170, -9.7600,  9.6384, 104.2500, -9.7600,  0, 0, 0
L 20.3053, 153.7888, -9.7600,  9.6353, 143.9170, -9.7600,  0, 0, 0
L 118.7622, 153.7957, -9.7600,  20.3053, 153.7888, -9.7600,  0, 0, 0
L 129.4235, 143.1340, -9.7600,  118.7622, 153.7957, -9.7600,  0, 0, 0
L 129.4288, 104.1760, -9.7600,  129.4235, 143.1340, -9.7600,  0, 0, 0
L 118.7804, 93.3692, -9.7600,  129.4288, 104.1760, -9.7600,  0, 0, 0
L 64.3502, 93.3499, -9.7600,  118.7804, 93.3692, -9.7600,  0, 0, 0
L 64.3508, 87.9099, -9.7567,  64.3502, 93.3499, -9.7600,  0, 0, 0
L 63.3915, 89.7713, -9.7600,  64.3508, 87.9099, -9.7567,  0, 0, 0
L 61.2477, 88.3646, -9.7544,  63.3915, 89.7713, -9.7600,  0, 0, 0
L 59.5980, 88.3486, -9.7600,  61.2477, 88.3646, -9.7544,  0, 0, 0
L 59.5960, 81.2112, -8.9733,  59.5980, 88.3486, -8.9733,  0, 0, 0
L 61.2308, 81.2129, -9.7559,  59.5960, 81.2112, -9.7600,  0, 0, 0
L 63.3932, 79.7986, -9.7600,  61.2308, 81.2129, -9.7559,  0, 0, 0
L 64.3567, 81.6698, -9.7567,  63.3932, 79.7986, -9.7600,  0, 0, 0
L 64.3526, 76.2556, -9.7600,  64.3567, 81.6698, -9.7567,  0, 0, 0
L 91.9910, 76.2561, -17.2090,  64.3526, 76.2556, -9.7606,  0, 0, 0
L 64.3525, 55.5677, -9.7600,  89.1543, 55.5677, -17.4720,  0, 0, 0
L 64.3546, 37.2021, -9.6745,  64.3525, 55.5677, -9.7600,  0, 0, 0
L 63.3973, 39.6790, -9.7600,  64.3546, 37.2021, -9.6745,  0, 0, 0
L 61.2175, 37.6593, -9.7554,  63.3973, 39.6790, -9.7600,  0, 0, 0
L 59.5960, 37.6599, -9.7598,  61.2175, 37.6593, -9.7554,  0, 0, 0
L 59.5960, 30.5357, -8.9733,  59.5960, 37.6599, -8.9733,  0, 0, 0
L 61.2565, 30.5015, -9.7547,  59.5960, 30.5357, -9.7604,  0, 0, 0
L 63.3915, 29.1006, -9.7568,  61.2565, 30.5015, -9.7547,  0, 0, 0
L 64.4407, 31.1362, -9.7576,  63.3915, 29.1006, -9.7603,  0, 0, 0
L 64.4394, 28.9290, -9.7604,  64.4407, 31.1362, -9.7576,  0, 0, 0
L 64.4397, 14.2312, -1.9206,  64.4394, 28.9290, -9.7604,  0, 0, 0
L 64.4395, 9.8605, -1.9206,  64.4397, 14.2312, -1.9206,  0, 0, 0
L 71.6114, 9.8610, -1.9206,  64.4395, 9.8605, -1.9206,  0, 0, 0
L 107.2653, 9.8620, 11.9350,  71.6114, 9.8610, -1.9206,  0, 0, 0
L 112.4395, 9.8632, 11.9356,  107.2653, 9.8620, 11.9350,  0, 0, 0
L 110.6264, 8.8163, 11.9350,  112.4395, 9.8632, 11.9356,  0, 0, 0
L 111.9981, 6.6721, 11.9403,  110.6264, 8.8163, 11.9350,  0, 0, 0
L 111.9980, 4.5175, 11.9403,  111.9981, 6.6721, 11.9403,  0, 0, 0
L 111.9898, -7.5987, 11.9390,  112.1680, -5.4119, 11.9350,  0, 0, 0
L 110.6393, -9.6577, 11.9350,  111.9898, -7.5987, 11.9390,  0, 0, 0
L 112.4390, -10.8261, 11.9350,  110.6393, -9.6577, 11.9350,  0, 0, 0
L 107.6080, -10.8254, 11.9350,  112.4390, -10.8261, 11.9350,  0, 0, 0
L 71.7938, -10.8267, -1.8683,  107.6080, -10.8254, 11.9350,  0, 0, 0
L 64.4393, -10.8270, -1.9206,  71.7938, -10.8267, -1.8683,  0, 0, 0
L 64.4389, -15.1357, -1.9206,  64.4393, -10.8270, -1.9206,  0, 0, 0
L 64.4393, -29.4009, -9.6480,  64.4389, -15.1357, -1.9206,  0, 0, 0
L 64.4176, -32.6210, -9.7598,  64.4393, -29.4009, -9.6480,  0, 0, 0
L 63.3933, -30.7650, -9.7604,  64.4176, -32.6210, -9.7598,  0, 0, 0
L 61.2297, -31.4889, -9.7546,  63.3933, -30.7650, -9.7604,  0, 0, 0
L 59.5980, -31.4880, -9.7604,  61.2297, -31.4889, -9.7546,  0, 0, 0
L 59.5940, -38.6236, -8.9733,  59.5980, -31.4880, -8.9733,  0, 0, 0
L 61.2436, -38.6381, -9.7554,  59.5940, -38.6236, -9.7600,  0, 0, 0
L 63.3915, -40.4690, -9.7600,  61.2436, -38.6381, -9.7554,  0, 0, 0
L 64.3543, -38.1801, -9.7600,  63.3915, -40.4690, -9.7600,  0, 0, 0
L 64.3532, -56.5887, -9.7600,  64.3543, -38.1801, -9.7600,  0, 0, 0
L 89.4523, -56.5887, -16.7255,  64.3532, -56.5887, -9.7926,  0, 0, 0
L 64.3521, -77.2785, -9.7600,  90.9647, -77.2724, -17.1650,  0, 0, 0
L 64.3563, -82.8282, -9.7578,  64.3521, -77.2785, -9.7600,  0, 0, 0
L 63.3922, -80.9569, -9.7600,  64.3563, -82.8282, -9.7578,  0, 0, 0
L 61.2344, -82.3722, -9.7599,  63.3922, -80.9569, -9.7600,  0, 0, 0
L 59.5960, -82.3719, -9.7600,  61.2344, -82.3722, -9.7599,  0, 0, 0
L 59.5960, -89.5020, -8.9733,  59.5960, -82.3719, -8.9733,  0, 0, 0
L 61.2524, -89.5274, -9.7545,  59.5960, -89.5020, -9.7600,  0, 0, 0
L 63.3920, -90.9301, -9.7591,  61.2524, -89.5274, -9.7545,  0, 0, 0
L 64.3508, -89.6960, -9.7599,  63.3920, -90.9301, -9.7600,  0, 0, 0
L 64.3499, -94.5212, -9.7600,  64.3508, -89.6960, -9.7599,  0, 0, 0
L 118.7746, -94.5339, -9.7600,  64.3499, -94.5212, -9.7600,  0, 0, 0
L 129.4390, -105.2122, -9.7600,  118.7746, -94.5339, -9.7600,  0, 0, 0
L 129.4277, -144.3010, -9.7600,  129.4390, -105.2122, -9.7600,  0, 0, 0
L 118.7516, -154.9664, -9.7600,  129.4277, -144.3010, -9.7600,  0, 0, 0
L 20.3338, -154.9667, -9.7600,  118.7516, -154.9664, -9.7600,  0, 0, 0
L 9.6353, -144.2608, -9.7600,  20.3338, -154.9667, -9.7600,  0, 0, 0
L 9.6472, -105.1864, -9.7600,  9.6353, -144.2608, -9.7600,  0, 0, 0
L 20.3152, -94.5211, -9.7600,  9.6472, -105.1864, -9.7600,  0, 0, 0
L 43.6681, -94.5215, -9.7600,  20.3152, -94.5211, -9.7600,  0, 0, 0
L 43.6679, -89.2193, -9.7600,  43.6681, -94.5215, -9.7600,  0, 0, 0
L 44.7616, -90.8562, -9.7597,  43.8855, -89.1607, -9.7600,  0, 0, 0
L 46.9391, -89.4265, -9.7598,  44.7616, -90.8562, -9.7600,  0, 0, 0
L 49.1300, -89.4010, -9.7596,  46.9391, -89.4265, -9.7598,  0, 0, 0
L 49.1328, -82.4710, -8.9733,  49.1300, -89.4010, -8.9733,  0, 0, 0
L 46.9793, -82.4725, -9.7591,  49.1328, -82.4710, -9.7600,  0, 0, 0
L 44.7907, -81.6280, -9.7600,  46.9793, -82.4725, -9.7591,  0, 0, 0
L 43.6666, -83.2583, -9.7574,  44.7907, -81.6280, -9.7600,  0, 0, 0
L 43.6655, -77.2749, -9.7600,  43.6666, -83.2583, -9.7574,  0, 0, 0
L 35.8239, -77.2767, -9.7600,  43.6655, -77.2749, -9.7600,  0, 0, 0
L 35.8230, -56.5884, -9.7600,  35.8239, -77.2767, -9.7600,  0, 0, 0
L 43.6668, -56.5908, -9.7600,  35.8230, -56.5884, -9.7600,  0, 0, 0
L 43.6668, -56.5908, -9.7600,  43.6649, -37.8248, -9.7599,  0, 0, 0
L 44.8402, -39.9202, -9.7600,  43.6649, -37.8248, -9.7569,  0, 0, 0
L 46.9438, -38.5399, -9.7507,  44.8402, -39.9202, -9.7600,  0, 0, 0
L 49.1306, -38.5204, -9.7600,  46.9438, -38.5399, -9.7507,  0, 0, 0
L 49.1308, -31.5927, -8.9733,  49.1306, -38.5204, -8.9733,  0, 0, 0
L 46.9506, -31.5844, -9.7533,  49.1308, -31.5927, -9.7604,  0, 0, 0
L 44.8746, -30.2247, -9.7598,  46.9506, -31.5844, -9.7533,  0, 0, 0
L 43.7501, -32.7240, -9.7604,  44.8746, -30.2247, -9.7604,  0, 0, 0
L 43.7522, -28.8997, -9.3727,  43.7501, -32.7240, -9.7604,  0, 0, 0
L 43.7511, -15.1334, -1.9206,  43.7522, -28.8997, -9.3727,  0, 0, 0
L 43.7511, -10.8261, -1.9206,  43.7511, -15.1334, -1.9206,  0, 0, 0
L 36.9360, -10.8278, -1.9206,  43.7511, -10.8261, -1.9206,  0, 0, 0
L 37.9827, -9.6631, -1.9206,  36.9360, -10.8278, -1.9206,  0, 0, 0
L 36.7197, -7.7390, -1.9110,  37.9827, -9.6631, -1.9206,  0, 0, 0
L 208.7864, 35.6086, 30.8564,  235.7640, 35.6122, 31.9338,  0, 0, 0
L 207.3976, 49.5996, 27.8545,  207.3993, 52.4767, 27.8548,  0, 0, 0
L 207.3993, 52.4767, 27.8548,  188.5415, 52.4767, 18.7318,  0, 0, 0
L 188.5415, 52.4767, 18.7318,  188.5432, 49.6004, 18.7322,  0, 0, 0
L 188.5432, 49.6004, 17.9862,  179.9403, 49.5994, 15.9387,  0, 0, 0
L 180.7101, 49.5994, 14.8847,  180.7102, 35.6383, 14.8846,  0, 0, 0
L 208.7864, 35.5863, 26.0000,  180.7102, 35.6383, 24.4743,  0, 0, 0
L 208.7846, 49.5998, 28.6670,  207.3976, 49.5996, 28.2730,  0, 0, 0
L 179.9403, 49.5994, 14.7782,  179.9396, 51.8962, 14.7780,  0, 0, 0
L 161.6614, 51.8988, 11.9350,  179.9396, 51.8962, 11.9350,  0, 0, 0
L 161.6614, 51.8988, 11.9350,  161.6608, 49.2020, 11.9350,  0, 0, 0
L 207.3994, -53.4838, 27.8552,  207.3985, -50.6079, 27.8547,  0, 0, 0
L 208.5812, -50.6073, 28.4271,  207.3985, -50.6079, 28.2680,  0, 0, 0
L 207.3994, -53.4838, 27.5644,  188.5420, -53.4842, 18.7322,  0, 0, 0
L 188.5420, -53.4842, 18.7322,  188.5423, -50.6066, 18.7321,  0, 0, 0
L 188.5423, -50.6066, 17.7219,  179.9387, -50.6073, 15.8533,  0, 0, 0
L 235.8690, -36.6150, 38.3721,  208.7490, -36.6146, 36.7070,  0, 0, 0
L 208.7490, -36.6146, 28.4870,  180.6916, -36.6101, 26.9847,  0, 0, 0
L 180.6916, -36.6101, 14.8754,  180.6932, -50.6073, 14.8759,  0, 0, 0
L 179.9403, -52.9040, 14.7789,  179.9387, -50.6073, 14.7776,  0, 0, 0
L 161.6619, -50.2720, 11.9350,  161.6614, -52.9059, 11.9350,  0, 0, 0
L 161.6614, -52.9059, 11.9350,  179.9403, -52.9040, 11.9350,  0, 0, 0
L 173.8450, 51.8971, 12.6140,  172.5264, 51.5264, 12.6140,  0, 0, 0
L 175.6006, 51.8967, 13.2931,  174.4596, 50.7058, 13.2931,  0, 0, 0
L 177.5237, 51.8965, 13.9720,  176.5120, 50.1769, 13.9720,  0, 0, 0
L 176.5120, 50.1769, 13.9720,  176.5132, 43.4030, 13.9720,  0, 0, 0
L 174.4596, 50.7058, 13.2931,  174.4601, 42.5163, 13.2931,  0, 0, 0
L 172.5264, 51.5264, 12.6140,  172.5270, 41.7139, 12.6140,  0, 0, 0
L 172.5270, 41.7139, 12.6140,  180.5660, 35.9600, 12.6140,  0, 0, 0
L 174.4601, 42.5163, 13.2931,  180.7082, 35.8582, 13.2931,  0, 0, 0
L 176.5132, 43.4030, 13.9720,  180.5660, 35.9600, 13.9720,  0, 0, 0
L 172.5285, -42.4953, 12.6140,  172.5285, -52.3541, 12.6140,  0, 0, 0
L 174.4599, -43.3335, 13.2931,  174.4599, -51.5315, 13.2931,  0, 0, 0
L 176.5113, -43.8751, 13.9720,  176.5113, -51.5000, 13.9720,  0, 0, 0
L 173.2971, -52.9046, 12.6141,  172.5285, -52.3541, 12.6140,  0, 0, 0
L 174.4599, -51.5315, 13.2931,  175.7373, -52.9044, 13.2931,  0, 0, 0
L 176.5113, -51.5000, 13.9720,  177.6003, -52.9042, 13.9720,  0, 0, 0
L 172.5285, -42.4953, 12.6140,  180.6918, -36.8688, 12.6140,  0, 0, 0
L 174.4599, -43.3335, 13.2931,  180.5411, -36.9727, 13.2931,  0, 0, 0
L 180.6142, -36.9222, 13.9720,  176.5113, -43.8751, 13.9720,  0, 0, 0
L 161.6608, 49.2020, 11.9350,  151.9016, 49.2120, 11.9350,  0, 0, 0
L 151.9016, 49.2120, 11.9350,  151.9031, 51.8990, 11.9350,  0, 0, 0
L 151.9031, 51.8990, 11.9350,  134.2025, 51.8986, 11.9350,  0, 0, 0
L 134.2025, 51.8986, 11.9350,  134.2023, 49.2020, 11.9350,  0, 0, 0
L 134.2023, 49.2020, 11.9350,  124.4436, 49.2170, 11.9350,  0, 0, 0
L 124.4436, 49.2170, 11.9350,  124.4442, 51.8988, 11.9350,  0, 0, 0
L 124.4442, 51.8988, 11.9350,  107.5508, 51.8988, 11.9350,  0, 0, 0
L 107.5508, 51.8988, 11.9350,  107.5507, 49.2040, 11.9350,  0, 0, 0
L 107.5507, 49.2040, 11.9350,  97.7914, 49.2150, 11.9350,  0, 0, 0
L 97.7914, 49.2150, 11.9350,  97.7927, 51.8986, 11.9350,  0, 0, 0
L 97.7927, 51.8986, 11.9350,  86.8982, 51.8986, 11.9350,  0, 0, 0
L 86.8982, 51.8986, 11.9350,  86.8983, 19.5960, 11.9350,  0, 0, 0
L 86.8983, 19.5960, 11.9350,  97.7929, 19.5962, 11.9350,  0, 0, 0
L 97.7929, 19.5962, 11.9350,  97.7916, 22.4734, 11.9350,  0, 0, 0
L 97.7916, 22.4734, 11.9350,  107.5512, 22.4742, 11.9349,  0, 0, 0
L 107.5512, 22.4742, 11.9350,  107.5508, 19.5963, 11.9350,  0, 0, 0
L 107.5508, 19.5963, 11.9350,  123.8243, 19.5972, 11.9350,  0, 0, 0
L 123.8243, 19.5972, 11.9350,  123.8228, 9.8371, 11.9350,  0, 0, 0
L 123.8228, 9.8371, 11.9350,  118.6334, 9.8379, 11.9350,  0, 0, 0
L 118.6334, 9.8379, 11.9350,  120.5461, 8.8531, 11.9350,  0, 0, 0
L 120.5461, 8.8531, 11.9350,  119.1353, 6.6832, 11.9392,  0, 0, 0
L 119.1353, 6.6832, 11.9392,  119.1364, 4.5175, 11.9403,  0, 0, 0
L 119.1362, -5.4115, 11.9350,  119.1355, -7.5787, 11.9403,  0, 0, 0
L 119.1355, -7.5787, 11.9403,  120.5444, -9.7471, 11.9350,  0, 0, 0
L 120.5444, -9.7471, 11.9350,  118.4128, -10.8457, 11.9406,  0, 0, 0
L 118.4128, -10.8457, 11.9406,  123.8225, -10.8437, 11.9350,  0, 0, 0
L 123.8225, -10.8437, 11.9350,  123.8250, -20.6036, 11.9350,  0, 0, 0
L 123.8250, -20.6036, 11.9350,  107.5510, -20.6036, 11.9350,  0, 0, 0
L 107.5510, -20.6036, 11.9350,  107.5515, -23.4817, 11.9350,  0, 0, 0
L 107.5515, -23.4817, 11.9349,  97.7913, -23.4805, 11.9350,  0, 0, 0
L 97.7913, -23.4805, 11.9350,  97.7930, -20.6036, 11.9350,  0, 0, 0
L 97.7930, -20.6036, 11.9350,  86.8987, -20.6036, 11.9350,  0, 0, 0
L 86.8987, -20.6036, 11.9350,  86.8984, -52.9059, 11.9350,  0, 0, 0
L 86.8984, -52.9059, 11.9350,  97.7931, -52.9061, 11.9350,  0, 0, 0
L 97.7931, -52.9061, 11.9350,  97.7917, -50.2900, 11.9350,  0, 0, 0
L 97.7917, -50.2900, 11.9350,  107.5511, -50.2720, 11.9350,  0, 0, 0
L 107.5511, -50.2720, 11.9350,  107.5512, -52.9061, 11.9350,  0, 0, 0
L 107.5512, -52.9061, 11.9350,  124.4448, -52.9059, 11.9350,  0, 0, 0
L 124.4448, -52.9059, 11.9350,  124.4428, -50.2920, 11.9350,  0, 0, 0
L 124.4428, -50.2920, 11.9350,  134.2024, -50.2740, 11.9350,  0, 0, 0
L 134.2024, -50.2740, 11.9350,  134.2028, -52.9059, 11.9350,  0, 0, 0
L 134.2028, -52.9059, 11.9350,  151.9034, -52.9065, 11.9350,  0, 0, 0
L 151.9034, -52.9065, 11.9350,  151.9013, -50.2920, 11.9350,  0, 0, 0
L 151.9013, -50.2920, 11.9350,  161.6619, -50.2720, 11.9350,  0, 0, 0
L 112.1680, -5.4119, 12.6660,  119.1362, -5.4115, 12.6660,  0, 0, 0
L 119.1364, 4.5175, 12.6660,  111.9980, 4.5175, 12.6660,  0, 0, 0
L 13.9474, -48.9031, 9.2347,  26.5554, -48.4776, 10.6219,  0, 0, 0
L -28.9776, -16.5113, -1.8209,  -28.9744, -24.4215, -1.8209,  0, 0, 0
L -28.9744, -24.4215, -1.8209,  13.9474, -48.9031, -1.8209,  0, 0, 0
L 0.3027, 24.9300, -1.8209,  8.4084, 31.2420, -1.8205,  0, 0, 0
L 8.4084, 31.2420, 5.7240,  15.7139, 33.7680, 6.4604,  0, 0, 0
L 15.7139, 33.7680, 9.2347,  24.5890, 32.5234, 13.3962,  0, 0, 0
L 24.5844, -33.7344, 12.9700,  15.7004, -34.9746, 10.6219,  0, 0, 0
L 15.7004, -34.9746, 6.4604,  7.8874, -32.3708, 5.7340,  0, 0, 0
L 7.8874, -32.3708, -1.8209,  0.4844, -25.4230, -1.8209,  0, 0, 0
L 0.4844, -25.4230, -1.8229,  5.1073, -22.1495, -1.8216,  0, 0, 0
L 5.1073, -22.1495, -1.6705,  10.6502, -26.6567, -1.8209,  0, 0, 0
L 10.6502, -26.6567, -1.8209,  16.1082, -28.4023, -1.8209,  0, 0, 0
L 16.1082, -28.4023, -1.8209,  22.2012, -27.5481, -1.8209,  0, 0, 0
L 22.2012, -27.5481, -1.8209,  27.1151, -24.1997, -1.8209,  0, 0, 0
L 27.1151, -24.1997, -1.8209,  30.3720, -19.2130, -1.8209,  0, 0, 0
L 30.3720, -19.2130, -1.8209,  30.3715, -12.9428, -1.8209,  0, 0, 0
L 30.3715, -12.9428, -1.8209,  30.3475, -10.8989, -1.8196,  0, 0, 0
L 30.3475, -10.8989, -1.8196,  28.1831, -9.7126, -1.8209,  0, 0, 0
L 0.3027, 24.9300, -1.8209,  5.9081, 20.5854, -1.8209,  0, 0, 0
L 5.9081, 20.5854, -1.8209,  10.6603, 25.2913, -1.8209,  0, 0, 0
L 10.6603, 25.2913, -1.8209,  16.3179, 27.1656, -1.8209,  0, 0, 0
L 16.3179, 27.1656, -1.8209,  22.2057, 26.3379, -1.8209,  0, 0, 0
L 22.2057, 26.3379, -1.8209,  27.1155, 22.9924, -1.8209,  0, 0, 0
L 27.1155, 22.9924, -1.8209,  30.3810, 17.8033, -1.8209,  0, 0, 0
L 30.3810, 17.8033, -1.8209,  30.3720, 11.7401, -1.8209,  0, 0, 0
L 30.3720, 11.7401, -1.8209,  30.3497, 9.9956, -1.8191,  0, 0, 0
L 30.3497, 9.9956, -1.8191,  28.2037, 8.8309, -1.8208,  0, 0, 0
L 29.5770, 4.5175, -1.8209,  29.5777, 6.6592, -1.8158,  0, 0, 0
L 29.5777, 6.6592, -1.8158,  28.2037, 8.8309, -1.8165,  0, 0, 0
L 29.5770, 4.5175, -1.9480,  36.7207, 4.5175, -1.9480,  0, 0, 0
L 36.7197, -5.4119, -1.9480,  29.6017, -5.4119, -1.9480,  0, 0, 0
L 28.1831, -9.7126, -1.8163,  29.5698, -7.5983, -1.8158,  0, 0, 0
L 29.5698, -7.5983, -1.8158,  29.6017, -5.4119, -1.8141,  0, 0, 0
L -28.9773, 15.3048, -1.8209,  -28.9770, 23.1901, -1.8209,  0, 0, 0
L -28.9770, 23.1901, -1.8209,  14.1152, 47.8355, -1.8209,  0, 0, 0
L 26.6316, 47.3671, 10.6219,  14.1152, 47.8355, 10.6219,  100, 0, 75
L 4.3735, 27.6834, -1.8199,  -5.9057, 36.3851, -1.8209,  100, 0, 75
L -2.8153, 38.1525, -0.4752,  5.8480, 28.9838, -0.4752,  100, 0, 75
L 0.9410, 39.8164, 0.9120,  7.3141, 30.2769, 0.9120,  100, 0, 75
L 2.9447, 41.4468, 2.2991,  8.8916, 31.4089, 2.2991,  100, 0, 75
L 5.7624, 43.5830, 3.6861,  10.7317, 32.4540, 3.6861,  100, 0, 75
L 8.6343, 44.7008, 5.7340,  12.5274, 32.6662, 5.7340,  100, 0, 75
L 11.6369, 46.4181, 6.4604,  14.3208, 33.2864, 6.4604,  100, 0, 75
L 14.9001, 47.8061, 7.8476,  16.1814, 33.7025, 7.8476,  100, 0, 75
L 18.3625, 47.6766, 9.2347,  18.7400, 33.4371, 9.2347,  100, 0, 75
L 21.8069, 47.5476, 10.6219,  19.9079, 33.1799, 10.6219,  100, 0, 75
L 25.3154, 47.4164, 12.9100,  21.7301, 32.9243, 12.9100,  100, 0, 75
L 25.2913, -48.5204, 12.9100,  21.7307, -34.1328, 12.9100,  100, 0, 75
L 21.7927, -48.6383, 10.6219,  19.9088, -34.3872, 10.6219,  100, 0, 75
L 18.7620, -34.6430, 9.2347,  18.3624, -48.7541, 9.2347,  100, 0, 75
L 14.9128, -48.8706, 7.8476,  16.1816, -34.9074, 7.8476,  100, 0, 75
L 14.3155, -34.5131, 6.4604,  11.6437, -47.5891, 6.4604,  100, 0, 75
L 8.6437, -45.8781, 5.7350,  12.5149, -33.9129, 5.7340,  100, 0, 75
L 10.7073, -33.3106, 3.6861,  5.7751, -44.2419, 3.6871,  100, 0, 75
L 2.9565, -42.6343, 2.2991,  8.8490, -32.6912, 2.2991,  100, 0, 75
L 7.6020, -32.8820, 0.9119,  -0.8011, -40.4909, 0.9119,  100, 0, 75
L -2.8033, -39.3489, -0.4752,  5.7705, -30.2752, -0.4752,  100, 0, 75
L 4.4653, -28.9832, -1.8209,  -6.1830, -37.5150, -1.8209,  100, 0, 75
L -28.9776, -16.5113, -1.8209,  -38.7374, -16.5139, -1.8209,  0, 0, 0
L -38.7374, -16.5139, -1.8209,  -38.7355, -23.7440, -1.8209,  0, 0, 0
L -38.7355, -23.7440, -1.8209,  -50.6659, -23.7439, -1.8209,  0, 0, 0
L -50.6659, -23.7439, -1.8209,  -50.6653, -16.5121, -1.8209,  0, 0, 0
L -50.6653, -16.5121, -1.8209,  -60.4266, -16.5126, -1.8209,  0, 0, 0
L -60.4266, -16.5126, -1.8209,  -60.4239, -23.7437, -1.8209,  0, 0, 0
L -60.4239, -23.7437, -1.8209,  -72.3541, -23.7439, -1.8209,  0, 0, 0
L -72.3541, -23.7439, -1.8209,  -72.3533, -16.5116, -1.8209,  0, 0, 0
L -72.3533, -16.5116, -1.8209,  -82.1131, -16.5145, -1.8209,  0, 0, 0
L -82.1131, -16.5145, -1.8209,  -82.1119, -23.7439, -1.8209,  0, 0, 0
L -82.1119, -23.7439, -1.8209,  -87.3909, -23.7439, -1.8209,  0, 0, 0
L -87.3909, -23.7439, -1.8209,  -87.3910, -12.3972, -1.8209,  0, 0, 0
L -87.3910, -12.3972, -1.8209,  -86.8543, -12.3985, -1.8209,  0, 0, 0
L -84.3752, -11.1178, -1.8209,  -86.8543, -12.3985, -1.8209,  0, 0, 0
L -84.3752, -11.1178, -1.8209,  -86.2900, -8.5961, -1.8170,  0, 0, 0
L -86.2970, -6.3601, -0.9381,  -87.1860, -6.3612, -0.9381,  0, 0, 0
L -87.1860, -6.3612, -0.9381,  -87.1863, 4.9898, -0.9375,  0, 0, 0
L -87.1863, 4.9898, -0.9375,  -85.9298, 4.9884, -0.9381,  0, 0, 0
L -84.3748, 9.7462, -1.8209,  -85.9291, 7.3777, -1.8162,  0, 0, 0
L -85.9291, 7.3777, -1.8162,  -85.9298, 4.9884, -1.8208,  0, 0, 0
L -84.3748, 9.7462, -1.8209,  -86.8534, 11.2660, -1.8209,  0, 0, 0
L -87.3901, 11.2600, -1.8209,  -86.8534, 11.2660, -1.8209,  0, 0, 0
L -87.3901, 11.2600, -1.8209,  -87.3909, 22.5357, -1.8209,  0, 0, 0
L -87.3909, 22.5357, -1.8209,  -82.1119, 22.5356, -1.8209,  0, 0, 0
L -82.1119, 22.5356, -1.8209,  -82.1122, 15.3048, -1.8209,  0, 0, 0
L -82.1122, 15.3048, -1.8209,  -72.3530, 15.3041, -1.8209,  0, 0, 0
L -72.3530, 15.3041, -1.8209,  -72.3537, 22.5357, -1.8209,  0, 0, 0
L -72.3537, 22.5357, -1.8209,  -60.4226, 22.5351, -1.8209,  0, 0, 0
L -60.4226, 22.5351, -1.8209,  -60.4245, 15.3048, -1.8209,  0, 0, 0
L -60.4245, 15.3048, -1.8209,  -50.6647, 15.3048, -1.8209,  0, 0, 0
L -50.6647, 15.3048, -1.8209,  -50.6655, 22.5360, -1.8209,  0, 0, 0
L -50.6655, 22.5360, -1.8209,  -38.7353, 22.5361, -1.8209,  0, 0, 0
L -38.7353, 22.5361, -1.8209,  -38.7364, 15.3041, -1.8209,  0, 0, 0
L -38.7364, 15.3041, -1.8209,  -28.9773, 15.3048, -1.8209,  0, 0, 0
L -86.2970, -6.3601, -1.8209,  -86.2900, -8.5961, -1.8209,  0, 0, 0
L 48.7180, 117.1189, -10.7600,  38.9365, 117.1188, -10.7600,  0, 0, 0
L 38.9365, 117.1188, -10.7600,  38.9371, 126.8798, -10.7600,  0, 0, 0
L 38.9371, 126.8798, -10.7600,  48.6467, 126.8795, -10.7600,  0, 0, 0
L 48.6467, 126.8795, -10.7600,  48.7180, 117.1189, -10.7600,  0, 0, 0
L 88.5998, 117.1187, -10.7600,  88.6008, 126.8796, -10.7600,  0, 0, 0
L 88.6008, 126.8796, -10.7600,  98.2741, 126.8796, -10.7600,  0, 0, 0
L 98.2741, 126.8796, -10.7600,  98.3679, 117.1193, -10.7600,  0, 0, 0
L 98.3679, 117.1193, -10.7600,  88.5998, 117.1187, -10.7600,  0, 0, 0
L 88.6008, -128.5110, -10.7600,  88.5995, -118.2897, -10.7600,  0, 0, 0
L 88.5995, -118.2897, -10.7600,  98.3589, -118.2890, -10.7600,  0, 0, 0
L 98.3589, -118.2890, -10.7600,  98.3607, -128.4940, -10.7600,  0, 0, 0
L 98.3607, -128.4940, -10.7600,  88.6008, -128.5110, -10.7600,  0, 0, 0
L 48.6955, -118.2891, -10.7599,  48.6970, -128.4970, -10.7599,  0, 0, 0
L 48.6970, -128.4970, -10.7600,  38.9378, -128.5060, -10.7600,  0, 0, 0
L 38.9378, -128.5060, -10.7600,  38.9358, -118.2895, -10.7600,  0, 0, 0
L 38.9358, -118.2895, -10.7600,  48.6955, -118.2891, -10.7600,  0, 0, 0
L 508.9488, -21.7200, -17.9282,  505.6508, -5.8101, -17.9281,  127, 64, 0
L 505.6508, -5.8101, -17.4281,  505.6501, 4.9889, -17.4281,  127, 64, 0
L 505.6501, 4.9889, -17.4297,  508.5627, 20.2740, -17.9281,  127, 64, 0
L 508.5627, 20.2740, -17.9281,  515.9000, 36.3380, -17.9281,  127, 64, 0
L 515.9000, 36.3380, -17.9281,  521.6019, 42.2068, -17.9281,  127, 64, 0
L 521.6019, 35.7689, -15.3640,  516.7549, 35.7687, -15.3640,  127, 64, 0
L 516.7549, 35.7687, -15.3640,  514.4775, 34.5921, -15.3640,  127, 64, 0
L 514.4775, 34.5921, -15.3640,  515.8812, 32.4024, -15.3640,  127, 64, 0
L 515.8812, 32.4024, -15.3640,  515.8812, 18.1728, -15.3640,  127, 64, 0
L 515.8812, 18.1728, -15.3640,  514.4778, 15.9849, -15.3640,  127, 64, 0
L 516.7557, 14.8079, -15.3640,  514.4778, 15.9849, -15.3640,  127, 64, 0
L 516.7557, 14.8079, -15.3640,  521.6022, 14.8084, -15.3640,  127, 64, 0
L 521.6022, 14.8084, -15.3640,  521.6017, 11.2211, -15.3640,  127, 64, 0
L 521.6017, 11.2211, -15.3640,  513.8053, 11.1710, -15.3640,  127, 64, 0
L 511.3480, 9.9007, -15.3640,  513.8053, 11.1710, -15.3640,  127, 64, 0
L 511.3480, 9.9007, -15.3640,  512.8962, 7.5384, -15.3640,  127, 64, 0
L 512.8962, 7.5384, -15.3640,  512.9017, -8.5663, -15.3610,  127, 64, 0
L 512.9017, -8.5663, -15.3610,  511.3632, -10.9719, -15.3640,  127, 64, 0
L 513.8242, -12.2436, -15.3640,  511.3632, -10.9719, -15.3640,  127, 64, 0
L 513.8242, -12.2436, -15.3640,  521.6022, -12.2431, -15.3640,  127, 64, 0
L 521.6022, -12.2431, -15.3640,  521.6023, -15.8716, -15.3640,  127, 64, 0
L 521.6023, -15.8716, -15.3640,  516.7560, -15.8710, -15.3640,  127, 64, 0
L 516.7560, -15.8710, -15.3640,  514.4604, -17.5520, -15.3640,  127, 64, 0
L 514.4604, -17.5520, -15.3640,  515.8795, -19.2108, -15.3640,  127, 64, 0
L 515.8795, -19.2108, -15.3640,  515.8600, -33.5202, -15.3640,  127, 64, 0
L 515.8600, -33.5202, -15.3640,  514.4606, -35.6471, -15.3640,  127, 64, 0
L 514.4606, -35.6471, -15.3640,  516.7549, -36.8316, -15.3640,  127, 64, 0
L 521.6014, -36.8316, -15.3640,  516.7549, -36.8316, -15.3640,  127, 64, 0
L 515.7800, -37.3205, -17.9281,  521.6014, -42.8290, -17.9281,  127, 64, 0
L 521.6017, -54.3828, -17.9281,  521.6014, -36.8316, -17.9281,  127, 64, 0
L 521.6019, 35.7689, -17.9281,  521.6017, 53.3573, -17.9281,  127, 64, 0
L 500.7038, -54.8992, -23.9727,  488.6732, -49.9358, -23.9727,  127, 127, 127
L 489.2484, -48.7603, -23.2938,  501.2667, -53.7167, -23.2938,  127, 127, 127
L 501.7977, -52.6015, -22.6146,  489.7921, -47.6492, -22.6146,  127, 127, 127
L 490.4239, -46.3577, -21.9357,  502.4152, -51.3042, -21.9357,  127, 127, 127
L 490.9950, -45.1905, -21.2566,  502.9741, -50.1302, -21.2566,  127, 127, 127
L 491.5400, -44.7650, -20.5776,  503.5059, -49.1270, -20.5776,  127, 127, 127
L 492.1686, -42.7918, -19.8985,  504.1207, -47.7212, -19.8985,  127, 127, 127
L 492.7398, -41.6240, -19.2195,  504.6789, -46.5484, -19.2195,  127, 127, 127
L 493.2090, -40.6653, -18.4129,  505.6430, -45.7389, -18.4252,  127, 127, 127
L 500.6920, 53.9298, -23.9727,  488.6598, 48.9709, -23.9727,  127, 127, 127
L 501.2488, 52.7603, -23.2936,  489.2293, 47.8072, -23.2936,  127, 127, 127
L 501.7819, 51.6407, -22.6146,  489.7751, 46.6918, -22.6146,  127, 127, 127
L 502.3994, 50.3434, -21.9357,  490.4064, 45.4012, -21.9357,  127, 127, 127
P -87.1860, -0.1945, -0.9381,  0, 127, 0,  3,  to_Sunrise_Hills
P 400.0000, -140.0000, 0.0000,  25, 0, 25,  2,  Made_by:_Caudyr
