P -158.0000, -1441.0000, 0.0000,  0, 0, 0,  1,  Kiln
P -157.0000, -1584.0000, 0.0000,  0, 0, 0,  1,  Kiln
P -140.0000, -1555.0000, 0.0000,  0, 0, 0,  1,  Pottery_Wheel
P -23.0000, -1660.0000, 0.0000,  0, 0, 0,  1,  Brew_Barrel
P 83.0000, -1627.0000, 0.0000,  0, 0, 0,  1,  Brew_Barrel
P 305.0000, -702.0000, 0.0000,  127, 0, 0,  2,  Impassive_Sea_Spirit
P -33.0000, -1659.0000, 0.0000,  0, 0, 0,  2,  a_pale_corpse
P -158.0000, -1482.0000, 0.0000,  0, 0, 0,  1,  Pottery_Wheel
P 1040.4861, 966.1556, 16.1900,  127, 64, 0,  3,  West_Beach
P 1132.2654, 168.8028, -50.8556,  0, 0, 0,  1,  Greysong_ship_debris
P 614.2060, 79.4063, -87.6360,  0, 0, 0,  1,  Ivory_Bone(GS)Wiz
P 964.4181, 876.7979, 17.5280,  0, 0, 0,  1,  Rune_Wilun(GS)Pal_Pre-Q)
P 836.2145, 186.1308, -47.8718,  0, 0, 0,  1,  Ivory_Bone(GS)Wiz
P 593.4554, 179.8062, -47.7920,  0, 0, 0,  1,  (Pal_Pre-Q)
P 323.6403, 744.1449, 17.5979,  0, 0, 0,  1,  Section_of_Parchment(Mnk1.5)
P -1971.3898, 2373.3599, 400.4005,  127, 0, 0,  2,  Delirious_Drogmor(BST1.5)
P -2999.4751, 1839.3145, 274.6267,  127, 0, 0,  2,  Delirious_Drogmor(BST1.5)
P -3246.1221, 2288.6221, 392.4449,  127, 0, 0,  2,  Delirious_Drogmor(BST1.5)
P -923.9293, 2650.3677, -42.3626,  0, 0, 127,  2,  Savage_Lord_Hunter(BST_epic)
P 1052.2134, -1494.2056, 41.2454,  0, 0, 127,  2,  Calambra
P 664.3476, 870.7183, 16.3666,  0, 0, 127,  2,  an_erudite_spirit_-female
P 1014.8149, 1108.4302, 16.3666,  0, 0, 127,  2,  an_erudite_spirit_-male
