P 937.9084, 1219.9021, 17.5168,  240, 0, 0,  2,  Sea_Captain_Azobus
P 1030.1272, 187.8870, -47.3134,  240, 0, 0,  2,  Mokon_Brokenskull
P 233.4630, 1877.6775, 41.5238,  240, 0, 0,  2,  Kalii_Brokenskull
P -2690.8467, 2905.1121, 475.2900,  240, 0, 0,  2,  a_mutant_cohort
P -1981.6946, 875.6924, 69.4938,  240, 0, 0,  2,  Blood_Tusk
P -1784.4828, 778.6296, 67.8349,  240, 0, 0,  2,  Oracle_Pagrossa'
P -2828.3296, 350.9642, 66.9021,  240, 0, 0,  2,  Domninator_Zrabix
P -2836.3223, 2894.5403, 475.3143,  240, 0, 0,  2,  a_human_recruit
P 227.8415, 2236.3682, 41.5499,  240, 0, 0,  2,  a_dastardly_scoundrel
P 264.7986, 2167.8477, 41.5489,  240, 0, 0,  2,  Dreadmaster_Jrup
P -2303.1951, 2909.6060, 476.5335,  240, 0, 0,  2,  Dreadmaster_Jrup
P -1532.9092, 2222.6194, -53.4607,  240, 0, 0,  2,  Guard_Dragrik
P -2789.2317, 3003.2747, 455.5321,  240, 0, 0,  2,  Harbringer_Stimika
P -1164.5435, 744.1371, 44.4138,  240, 0, 0,  2,  Hatethorn
P -1740.4280, 1035.4198, 67.5281,  240, 0, 0,  2,  Magus_Evana_Bavomon
P 414.9726, 1667.6366, 41.5611,  240, 0, 0,  2,  an_old_sea_dog
P -2637.6331, 3905.2051, 564.4343,  240, 0, 0,  2,  Preceptor_Grakomus
P 265.4508, 1910.9987, 41.5313,  240, 0, 0,  2,  Rite_Master_Kvimimn
P 437.6954, 1750.3438, 41.5281,  240, 0, 0,  2,  Soothsayer_Mrugg_Doxok*
P 804.2056, 443.2746, 17.5594,  240, 0, 0,  2,  Treasure_Hunter_Eranil
P -2311.2737, 550.4892, 66.5287,  240, 0, 0,  2,  Warmaster_Mragoc
