L -274.9468, -211.7046, 1.5559,  -274.9468, -211.7046, 1.5559,  0, 0, 0
P 329.0000, -368.0000, 25.3760,  0, 0, 240,  2,  Sissia_(Baking)
P 307.0000, -316.0000, 25.3760,  0, 0, 240,  2,  Ambril_(Smith)
P 347.0000, -345.0000, 4.3760,  0, 0, 240,  2,  Scon_(Bar)
P 171.0000, -270.0000, 4.3760,  0, 0, 240,  2,  Cindi_(Q)
P 505.0000, -510.0000, 4.3760,  0, 0, 240,  2,  Kar_(Weapons)
P -232.0000, -654.0000, 4.3760,  0, 0, 127,  2,  Shenigan_(Spells)
P -165.0000, -397.0000, 4.3760,  0, 0, 240,  2,  Rose_(M)
P -431.5221, -332.1777, -20.2489,  0, 0, 127,  2,  Spell_Merchants
P -356.0000, -354.0000, 4.3760,  0, 0, 127,  2,  Dargon_(Alchemy)Wiz1.0)
P -329.7674, -333.2438, 4.3760,  0, 0, 127,  2,  Jenkis_(Spells)
P -340.0000, -295.0000, 4.3760,  0, 0, 240,  2,  Jarle_(Soulbinder)
P -275.0000, -212.0000, 4.3760,  0, 0, 240,  2,  ok_(Merchant)
P -273.0000, -260.0000, 4.3760,  0, 0, 240,  2,  Merin_(Pottery)
P -406.0000, -164.0000, 4.3760,  0, 0, 240,  2,  Rosin_(M)
P -407.0000, -198.0000, 4.3760,  0, 0, 240,  2,  Jac_(M)
P -184.0000, -212.0000, 30.3760,  0, 0, 240,  2,  Elona_(Weaponer)
P -151.0000, -205.0000, 6.3760,  0, 0, 240,  2,  Leopok_(M)
P -112.0000, -199.0000, 2.6259,  0, 0, 240,  2,  Kevon_(Bank)
P -75.0000, -114.6885, 0.1000,  0, 127, 0,  3,  Priest_of_Discord
P -66.0000, 15.0000, 0.6260,  0, 0, 240,  2,  Quillion_(M)
P 33.0000, 6.0000, 4.3760,  0, 0, 240,  2,  Teria_O`Danos_(Q)_(M)
P 154.0000, -240.0000, 4.3760,  0, 0, 240,  2,  Hetie_(M)
P 157.0000, -182.0000, 4.3760,  0, 0, 240,  2,  Brandyn_(Bar)
P 296.0000, -175.0000, 4.3760,  0, 0, 240,  2,  Rain_(Fletcher)
P 324.0000, -196.0000, 4.3760,  0, 0, 240,  2,  Guthan_(Armor)
P 324.0000, -210.0000, 4.3760,  0, 0, 240,  2,  Kevan_(Weapons)
P 364.0000, -124.0000, 4.3760,  0, 0, 240,  2,  Murtog_(Alchemy)
P 337.0000, -137.0000, 4.3760,  0, 0, 127,  2,  Holana_(Weapons)
P 216.0000, -93.0000, 4.3760,  0, 0, 240,  2,  Brin_(Brewer)
P -308.6354, -539.4063, 0.1000,  0, 0, 127,  2,  Boster_(Ber_Tomes)
P -443.9623, -312.5995, -22.4586,  0, 0, 240,  2,  Jinkus_Felligan_(Q)
P -484.3944, -333.5741, -22.4527,  0, 0, 240,  2,  Margyn_McCann_(Q)
P -372.5822, -288.6433, 1.5606,  0, 0, 240,  2,  Waltor_Felligan_(Q)
P 410.1979, -566.3813, -18.4559,  0, 0, 240,  2,  Lysbith_McNaff_(Q)
P -274.9468, -211.7046, 1.5559,  0, 0, 240,  2,  Dok_(Q)
P 201.5082, -104.5460, 1.5370,  0, 0, 240,  2,  Thadres_Thyme_(Q)
P 451.4236, -473.0802, 1.5714,  0, 0, 240,  2,  Dargon_McPherson_(Q)
