P 211.8414, -185.1940, -130.4342,  96, 0, 255,  1,  Worn_Chisel
P 300.4927, -297.4041, 1.5309,  0, 0, 0,  1,  Oven
P 289.9734, -240.3652, 1.5962,  0, 0, 0,  1,  Forge
P 159.8266, -380.1068, 1.5579,  0, 0, 0,  1,  Loom
P 263.6569, -120.4287, 4.3760,  0, 0, 0,  1,  Brew_Barrel
P 255.8363, -179.5831, 4.3760,  0, 0, 0,  1,  Forge
P -425.3460, -177.4283, 4.3760,  0, 0, 0,  1,  Kiln
P -330.5758, -538.2300, 0.3145,  127, 0, 0,  2,  Hoyce_MacTaegan(ber_Pre-Q)
P 293.5663, -235.4666, 1.6459,  0, 127, 127,  2,  Binding_Sand
P 320.8368, -228.9357, 1.7636,  0, 127, 127,  2,  Binding_Sand
P 258.1684, -175.6066, 1.6758,  0, 127, 127,  2,  Binding_Sand
P 244.7549, -77.3758, 1.6684,  0, 0, 127,  3,  Greta_O'reilly
P 288.8944, -324.8752, 22.6943,  0, 0, 127,  3,  Jill_McDaniel
P 324.4708, -209.9767, 0.0640,  0, 0, 127,  3,  Kevan_McPherson
P 218.0947, -187.3290, -131.7074,  0, 127, 127,  2,  legendary_horn_(GS)
