P -310.1639, -151.8465, -29.8105,  0, 0, 0,  2,  Dead_pile_of_carapace
P 69.6666, 302.9721, -65.2512,  127, 64, 0,  2,  See_what_they_are_up_to
P -302.3472, -124.4450, -36.2863,  127, 64, 0,  2,  Head_west
P -466.7985, 50.0599, -12.3704,  127, 64, 0,  2,  Hangar_Bay
P -1062.3539, -162.3145, 6.0588,  0, 0, 0,  2,  (GS)_Scalewrought_Orders
P -958.1796, -36.7763, -12.9169,  0, 0, 0,  2,  Crate
P -923.9973, 79.3555, -12.9312,  0, 0, 0,  1,  crates
P -673.2825, 88.7410, -12.9059,  0, 0, 0,  1,  crate
P -577.8270, 168.8062, -12.9466,  0, 0, 0,  1,  crates
P -694.1396, 125.5799, -12.9338,  0, 0, 0,  1,  crate
P -773.5881, 79.5853, -12.9241,  0, 0, 0,  1,  crates
P -1076.6321, -51.9705, -12.9526,  0, 0, 0,  1,  crates
P -431.8031, -162.4664, -13.8690,  0, 0, 0,  1,  crates
P -748.6188, -137.9518, -33.6193,  0, 0, 0,  1,  crate
P -656.2576, -139.1765, -33.6156,  0, 0, 0,  1,  crate
P -822.1053, -159.3468, -37.1019,  0, 0, 0,  1,  crates
P -893.6392, -23.5820, -9.6242,  127, 64, 0,  2,  Drop_ship
P -927.6995, -37.0818, -12.9093,  0, 0, 0,  2,  Crate
P 54.4199, 340.8572, -64.8737,  216, 64, 0,  2,  1st_Note
P 239.5547, 281.7461, -73.0918,  120, 0, 240,  2,  2nd_Note
P 401.5872, 268.9252, -70.3430,  255, 0, 255,  2,  3rd_Note
P 297.0305, 360.9803, -68.8401,  0, 127, 0,  2,  4rd_Note
P 120.0000, -7.0000, 19.7131,  0, 0, 0,  1,  Succor
