L 164.5753, -8.0000, 18.9007,  180.0000, -8.0000, 18.7784,  255, 0, 255
L 163.9292, -21.5850, 20.4459,  163.9290, -19.0044, 19.8916,  0, 0, 0
L 163.9295, 7.4219, 20.7794,  163.9309, 3.3196, 20.3342,  0, 0, 0
L -444.4999, -171.9183, -3.7767,  -444.4865, -67.0854, -14.1825,  0, 0, 0
L -438.9017, -66.5318, -10.7263,  -447.6518, -67.3992, -10.6400,  0, 0, 0
L -438.9017, -66.5318, -10.6150,  -439.7698, -57.7750, -10.6150,  0, 0, 0
L -439.7698, -57.7750, -10.6149,  -448.5196, -58.6511, -10.6148,  0, 0, 0
L -448.5196, -58.6511, -10.6148,  -447.6518, -67.3992, -10.6147,  0, 0, 0
L -597.7379, 15.7290, -12.5825,  -688.3299, 15.6754, -12.5824,  0, 0, 0
L -597.7379, 15.7290, -12.5823,  -597.7263, 5.0259, -12.5822,  0, 0, 0
L -597.7263, 5.0259, -12.5821,  -600.8545, 5.0292, -12.5821,  0, 0, 0
L -688.3331, 5.0236, -12.7430,  -688.3299, 15.6754, -12.7427,  0, 0, 0
L -686.8870, 5.0295, -12.7425,  -688.3331, 5.0236, -12.7425,  0, 0, 0
L -686.8868, 5.0295, -12.7413,  -686.8918, -21.1059, -10.0214,  0, 0, 0
L -720.2690, 5.0286, -12.6886,  -717.5250, 5.0285, -12.6885,  0, 0, 0
L -717.5250, 5.0285, -12.6883,  -717.5593, 15.7259, -12.6878,  0, 0, 0
L -720.2676, 5.0291, -12.5674,  -720.5897, -20.9591, -10.0557,  0, 0, 0
L -717.5593, 15.7259, -12.7888,  -808.1349, 15.7110, -12.7887,  0, 0, 0
L -808.1349, 15.7110, -12.7883,  -808.1409, 5.0269, -12.7883,  0, 0, 0
L -805.2856, 5.0293, -12.7974,  -808.1409, 5.0269, -12.7973,  0, 0, 0
L -805.2853, 5.0293, -12.7950,  -805.0633, -20.1728, -10.0592,  0, 0, 0
L -805.0633, -20.1728, -10.0485,  -781.4684, -20.1728, -9.4861,  0, 0, 0
L -782.0560, -28.4722, -9.4860,  -803.5947, -28.4237, -10.0560,  0, 0, 0
L -803.5947, -28.4237, -10.0560,  -803.6666, -130.3007, -34.0568,  0, 0, 0
L -803.6666, -130.3007, -34.0568,  -781.4427, -130.0267, -34.0586,  0, 0, 0
L -782.2714, -137.8302, -34.0622,  -804.1227, -137.7973, -34.0542,  0, 0, 0
L -804.1227, -137.7973, -34.0542,  -804.7004, -165.4368, -36.6222,  0, 0, 0
L -804.7004, -165.4368, -36.6222,  -840.7010, -165.4740, -34.5657,  0, 0, 0
L -840.7010, -165.4740, -34.5657,  -840.7046, -138.2964, -34.0241,  0, 0, 0
L -840.7046, -138.2964, -34.0241,  -864.3864, -138.1883, -33.4709,  0, 0, 0
L -863.5068, -129.8180, -34.0525,  -841.8418, -129.8835, -34.0224,  0, 0, 0
L -841.8418, -129.8835, -34.0224,  -841.9594, -28.6892, -10.0048,  0, 0, 0
L -841.9594, -28.6892, -10.0048,  -864.4459, -28.6721, -9.4856,  0, 0, 0
L -863.9138, -20.6622, -9.4972,  -841.6396, -20.5838, -10.0351,  0, 0, 0
L -841.6396, -20.5838, -10.0351,  -841.3243, 5.0286, -12.7923,  0, 0, 0
L -841.3243, 5.0286, -12.7923,  -837.7059, 4.9777, -12.7920,  0, 0, 0
L -837.7059, 4.9777, -12.7981,  -837.7045, 15.7216, -12.7981,  0, 0, 0
L -928.3046, 15.7633, -12.7981,  -837.7045, 15.7216, -12.7981,  0, 0, 0
L -928.3046, 15.7633, -12.7981,  -928.3008, 5.0279, -12.7981,  0, 0, 0
L -925.9803, 5.0294, -12.7981,  -928.3008, 5.0279, -12.7981,  0, 0, 0
L -925.9803, 5.0293, -12.7981,  -925.9832, -20.6039, -12.7981,  0, 0, 0
L -925.9832, -20.6039, -10.0362,  -901.0936, -20.6628, -9.4868,  0, 0, 0
L -901.5651, -28.0544, -9.4930,  -925.5674, -28.1109, -10.0570,  0, 0, 0
L -925.4617, -168.4202, 8.6350,  -960.3854, -168.1631, 9.4297,  0, 0, 0
L -960.3854, -168.1631, 9.4297,  -960.3832, -123.8972, 5.7374,  0, 0, 0
L -960.3832, -123.8972, 5.7374,  -962.4839, -122.9575, 5.1601,  0, 0, 0
L -962.4839, -122.9575, 5.1601,  -964.4781, -122.9326, 5.4997,  0, 0, 0
L -964.4781, -122.9326, 5.4997,  -966.4258, -122.8230, 5.5954,  0, 0, 0
L -966.4258, -122.8230, 5.5954,  -968.3074, -122.1667, 5.3823,  0, 0, 0
L -968.3074, -122.1667, 5.3823,  -969.8270, -121.3084, 5.2467,  0, 0, 0
L -969.8270, -121.3084, 5.2467,  -971.2225, -120.2487, 5.1622,  0, 0, 0
L -971.2225, -120.2487, 5.1622,  -972.2305, -118.6352, 5.6330,  0, 0, 0
L -972.2305, -118.6352, 5.6330,  -972.7037, -116.8666, 5.4951,  0, 0, 0
L -972.7037, -116.8666, 5.4951,  -973.1133, -114.9268, 4.7635,  0, 0, 0
L -973.1133, -114.9268, 4.7635,  -973.1989, -110.3973, 5.7500,  0, 0, 0
L -973.1989, -110.3973, 5.7500,  -990.5004, -87.1764, 17.6168,  0, 0, 0
L -990.5004, -87.1764, 17.6168,  -993.2311, -87.0457, 17.6313,  0, 0, 0
L -993.2311, -87.0457, 17.6313,  -993.2311, -69.4177, 17.6155,  0, 0, 0
L -993.2311, -69.4177, 17.6155,  -989.5807, -69.4850, 17.6206,  0, 0, 0
L -989.5807, -69.4850, 17.6206,  -985.2950, -72.1956, 17.6140,  0, 0, 0
L -985.2950, -72.1956, 17.6140,  -983.5937, -74.5337, 17.6186,  0, 0, 0
L -983.5937, -74.5337, 17.6186,  -982.9047, -78.4795, 17.6249,  0, 0, 0
L -982.9047, -78.4795, 17.6249,  -983.5469, -82.5002, 17.6252,  0, 0, 0
L -983.5469, -82.5002, 17.6252,  -966.3492, -105.5918, 5.7609,  0, 0, 0
L -966.3492, -105.5918, 5.7609,  -961.0370, -105.6373, 5.7495,  0, 0, 0
L -961.0370, -105.6373, 5.7495,  -961.1218, -28.9905, -10.0585,  0, 0, 0
L -961.1218, -28.9905, -10.0585,  -984.4346, -28.5883, -9.4877,  0, 0, 0
L -984.0319, -20.4236, -10.0761,  -960.7997, -20.7041, -10.0927,  0, 0, 0
L -956.7947, 5.0259, -12.7928,  -956.7934, 15.7237, -12.7928,  0, 0, 0
L -956.7934, 15.7237, -12.7928,  -1047.3976, 15.7412, -12.7928,  0, 0, 0
L -960.8029, 5.0298, -12.7928,  -956.7947, 5.0259, -12.7928,  0, 0, 0
L -1047.3976, 15.7412, -12.7928,  -1047.3893, 5.0253, -12.7926,  0, 0, 0
L -1047.3893, 5.0253, -12.7926,  -1045.1603, 5.0292, -12.7926,  0, 0, 0
L -1045.1608, 5.0296, -12.7926,  -1045.1637, -20.6287, -12.7926,  0, 0, 0
L -1045.1637, -20.6287, -10.0354,  -1021.2662, -20.5031, -9.4954,  0, 0, 0
L -1021.2352, -28.4078, -9.4855,  -1043.7775, -28.3560, -10.0239,  0, 0, 0
L -1043.7775, -28.3560, -10.0239,  -1044.0304, -105.7866, 5.6784,  0, 0, 0
L -1044.0304, -105.7866, 5.6784,  -1038.3998, -105.4714, 5.7599,  0, 0, 0
L -1038.3998, -105.4714, 5.7599,  -1021.3454, -82.6132, 17.6177,  0, 0, 0
L -1021.3017, -83.1461, 17.6169,  -1021.9103, -78.5082, 17.6253,  0, 0, 0
L -1021.9103, -78.5082, 17.6253,  -1021.5818, -75.8823, 17.6122,  0, 0, 0
L -1021.5818, -75.8823, 17.6122,  -1019.4152, -72.0261, 17.6154,  0, 0, 0
L -1019.4152, -72.0261, 17.6154,  -1016.3560, -70.0911, 17.6253,  0, 0, 0
L -1016.3560, -70.0911, 17.6253,  -1012.0423, -69.1786, 17.6202,  0, 0, 0
L -1012.0423, -69.1786, 17.6202,  -1012.0471, -87.4544, 17.6167,  0, 0, 0
L -1012.0471, -87.4544, 17.6167,  -1015.1970, -87.4420, 17.6215,  0, 0, 0
L -1015.1970, -87.4420, 17.6215,  -1032.2870, -110.0916, 5.7631,  0, 0, 0
L -1032.2870, -110.0916, 5.7631,  -1031.7560, -114.4842, 5.7489,  0, 0, 0
L -1031.7560, -114.4842, 5.7489,  -1032.0436, -117.4484, 5.7474,  0, 0, 0
L -1032.0436, -117.4484, 5.7474,  -1034.5425, -121.0927, 5.7578,  0, 0, 0
L -1034.5425, -121.0927, 5.7578,  -1036.7001, -122.5760, 5.7632,  0, 0, 0
L -1036.7001, -122.5760, 5.7632,  -1044.7432, -124.1145, 5.6770,  0, 0, 0
L -1044.7361, -168.5527, 7.4367,  -1080.9391, -168.6435, 8.8344,  0, 0, 0
L -1021.2662, -20.5031, -9.4849,  -1019.4120, -17.6347, -9.4961,  0, 0, 0
L -1019.4120, -17.6347, -9.4961,  -1016.5474, -15.9482, -9.4864,  0, 0, 0
L -1016.5474, -15.9482, -9.4864,  -1012.2333, -15.1457, -9.4915,  0, 0, 0
L -1012.2333, -15.1457, -9.4915,  -1012.2997, -33.6946, -9.4879,  0, 0, 0
L -1012.2997, -33.6946, -9.4879,  -1015.9138, -33.3381, -9.4904,  0, 0, 0
L -1015.9138, -33.3381, -9.4904,  -1018.5638, -31.6109, -9.4894,  0, 0, 0
L -1018.5638, -31.6109, -9.4894,  -1021.2352, -28.4078, -9.4840,  0, 0, 0
L -984.4346, -28.5883, -9.4894,  -985.3600, -30.3287, -9.4984,  0, 0, 0
L -985.3600, -30.3287, -9.4984,  -988.2173, -33.0515, -9.4939,  0, 0, 0
L -988.2173, -33.0515, -9.4939,  -992.8063, -33.6177, -9.4949,  0, 0, 0
L -992.8063, -33.6177, -9.4949,  -992.9225, -15.2360, -9.4978,  0, 0, 0
L -992.9225, -15.2360, -9.4978,  -990.0132, -15.4561, -9.4761,  0, 0, 0
L -990.0132, -15.4561, -9.4761,  -986.4493, -17.2767, -9.4947,  0, 0, 0
L -986.4493, -17.2767, -9.4947,  -984.0319, -20.4236, -9.4973,  0, 0, 0
L -901.0936, -20.6628, -9.4845,  -899.5782, -18.0049, -9.4984,  0, 0, 0
L -899.5782, -18.0049, -9.4984,  -897.2863, -16.1745, -9.4897,  0, 0, 0
L -897.2863, -16.1745, -9.4897,  -892.3821, -15.1404, -9.4913,  0, 0, 0
L -892.3821, -15.1404, -9.4913,  -892.3615, -33.2910, -9.4886,  0, 0, 0
L -892.3615, -33.2910, -9.4886,  -896.4524, -33.2306, -9.4900,  0, 0, 0
L -896.4524, -33.2306, -9.4900,  -899.7979, -30.9332, -9.4926,  0, 0, 0
L -899.7979, -30.9332, -9.4926,  -901.5651, -28.0544, -9.4964,  0, 0, 0
L -864.4459, -28.6721, -9.4859,  -865.4997, -30.5797, -9.4878,  0, 0, 0
L -865.4997, -30.5797, -9.4878,  -869.1755, -32.9729, -9.4939,  0, 0, 0
L -869.1755, -32.9729, -9.4939,  -873.7584, -33.8849, -9.4907,  0, 0, 0
L -873.7584, -33.8849, -9.4907,  -873.8220, -14.7466, -9.4923,  0, 0, 0
L -873.8220, -14.7466, -9.4923,  -870.5370, -15.1801, -9.4923,  0, 0, 0
L -870.5370, -15.1801, -9.4923,  -866.3550, -17.6149, -9.4965,  0, 0, 0
L -866.3550, -17.6149, -9.4965,  -863.9138, -20.6622, -9.4981,  0, 0, 0
L -864.3864, -138.1883, -33.4665,  -865.9944, -140.3605, -33.4721,  0, 0, 0
L -865.9944, -140.3605, -33.4721,  -868.7305, -142.7807, -33.4683,  0, 0, 0
L -868.7305, -142.7807, -33.4683,  -873.3611, -143.5229, -33.4723,  0, 0, 0
L -873.3611, -143.5229, -33.4723,  -873.2756, -124.6671, -33.4727,  0, 0, 0
L -873.2756, -124.6671, -33.4727,  -869.7050, -125.2409, -33.4724,  0, 0, 0
L -869.7050, -125.2409, -33.4724,  -866.2471, -127.0858, -33.4676,  0, 0, 0
L -866.2471, -127.0858, -33.4764,  -863.5068, -129.8180, -34.0481,  0, 0, 0
L -781.4427, -130.0267, -33.4718,  -780.2617, -127.9836, -33.4506,  0, 0, 0
L -780.2617, -127.9836, -33.4506,  -777.1974, -125.5968, -33.4673,  0, 0, 0
L -777.1974, -125.5968, -33.4673,  -772.6055, -124.5661, -33.4694,  0, 0, 0
L -772.6055, -124.5661, -33.4694,  -772.5773, -143.4351, -33.4732,  0, 0, 0
L -772.5773, -143.4351, -33.4732,  -776.5266, -142.8091, -33.4658,  0, 0, 0
L -776.5266, -142.8091, -33.4658,  -779.5765, -140.9281, -33.4716,  0, 0, 0
L -779.5765, -140.9281, -33.4716,  -782.2714, -137.8302, -33.4608,  0, 0, 0
L -781.4684, -20.1728, -9.4866,  -779.9210, -17.5213, -9.4898,  0, 0, 0
L -779.9210, -17.5213, -9.4898,  -776.6909, -15.5876, -9.4945,  0, 0, 0
L -776.6909, -15.5876, -9.4945,  -772.5775, -15.0295, -9.4839,  0, 0, 0
L -772.5775, -15.0295, -9.4839,  -772.5775, -33.5418, -9.4997,  0, 0, 0
L -772.5775, -33.5418, -9.4997,  -776.5840, -33.3446, -9.4945,  0, 0, 0
L -776.5840, -33.3446, -9.4945,  -780.1084, -31.1709, -9.4930,  0, 0, 0
L -780.1084, -31.1709, -9.4930,  -782.0560, -28.4722, -9.4969,  0, 0, 0
L -720.5897, -20.9591, -10.0783,  -743.9449, -20.9591, -10.0747,  0, 0, 0
L -744.3771, -28.3342, -10.0733,  -720.2659, -28.3424, -10.0636,  0, 0, 0
L -720.2659, -28.3424, -12.8006,  -720.2648, -130.2215, -12.7950,  0, 0, 0
L -720.2648, -130.2215, -34.0241,  -744.0175, -130.2794, -33.4694,  0, 0, 0
L -744.0740, -137.7640, -34.0519,  -720.2693, -137.8370, -34.0373,  0, 0, 0
L -686.6953, -137.8454, -33.9377,  -661.8561, -137.7619, -33.4721,  0, 0, 0
L -661.5165, -130.2981, -33.4627,  -686.8856, -130.3550, -34.0210,  0, 0, 0
L -686.8856, -130.3550, -36.9500,  -686.8926, -28.3273, -35.1616,  0, 0, 0
L -686.8918, -21.1059, -10.0005,  -662.0760, -21.1059, -9.4923,  0, 0, 0
L -661.9709, -28.2298, -9.4949,  -686.8926, -28.3273, -10.0442,  0, 0, 0
L -686.6953, -137.8454, -38.2403,  -686.9188, -166.8025, -37.1989,  0, 0, 0
L -720.2693, -137.8370, -36.8586,  -720.2667, -166.7939, -36.8586,  0, 0, 0
L -720.2667, -166.7939, -34.0694,  -686.9188, -166.8025, -32.0399,  0, 0, 0
L -744.0740, -137.7640, -33.4631,  -745.9642, -140.3157, -33.4722,  0, 0, 0
L -745.9642, -140.3157, -33.4722,  -748.4015, -141.9902, -33.4737,  0, 0, 0
L -748.4015, -141.9902, -33.4737,  -753.8210, -143.7099, -33.4707,  0, 0, 0
L -753.8210, -143.7099, -33.4707,  -753.8210, -124.3537, -33.4762,  0, 0, 0
L -753.8210, -124.3537, -33.4762,  -749.9224, -125.3803, -33.4706,  0, 0, 0
L -749.9224, -125.3803, -33.4706,  -746.0209, -127.4390, -33.4688,  0, 0, 0
L -746.0209, -127.4390, -33.4688,  -744.0175, -130.2794, -33.4716,  0, 0, 0
L -661.5165, -130.2981, -33.4686,  -659.7574, -127.2834, -33.4668,  0, 0, 0
L -659.7574, -127.2834, -33.4668,  -656.9858, -125.5777, -33.4655,  0, 0, 0
L -656.9858, -125.5777, -33.4655,  -652.5276, -124.6024, -33.4722,  0, 0, 0
L -652.5276, -124.6024, -33.4722,  -652.4120, -143.4365, -33.4764,  0, 0, 0
L -652.4120, -143.4365, -33.4764,  -656.3318, -142.6549, -33.4650,  0, 0, 0
L -656.3318, -142.6549, -33.4650,  -659.5441, -140.8844, -33.4669,  0, 0, 0
L -659.5441, -140.8844, -33.4669,  -661.8561, -137.7619, -33.4781,  0, 0, 0
L -744.3771, -28.3342, -9.4966,  -746.4973, -31.3490, -9.4907,  0, 0, 0
L -746.4973, -31.3490, -9.4907,  -749.5448, -33.4418, -9.4974,  0, 0, 0
L -749.5448, -33.4418, -9.4974,  -754.0026, -33.8810, -9.4903,  0, 0, 0
L -754.0026, -33.8810, -9.4903,  -753.8857, -15.0916, -9.4881,  0, 0, 0
L -753.8857, -15.0916, -9.4881,  -749.5107, -15.5221, -9.4908,  0, 0, 0
L -749.5107, -15.5221, -9.4908,  -746.4823, -17.5439, -9.4852,  0, 0, 0
L -746.4823, -17.5439, -9.4852,  -743.9449, -20.9591, -9.4809,  0, 0, 0
L -662.0760, -21.1059, -9.4895,  -660.2773, -18.3528, -9.4855,  0, 0, 0
L -660.2773, -18.3528, -9.4855,  -657.0679, -15.9755, -9.5210,  0, 0, 0
L -657.0679, -15.9755, -9.4894,  -652.7535, -15.1730, -9.4908,  0, 0, 0
L -652.7535, -15.1730, -9.4908,  -652.6501, -33.9971, -9.4908,  0, 0, 0
L -652.6501, -33.9971, -9.4908,  -656.9256, -33.1092, -9.4820,  0, 0, 0
L -656.9256, -33.1092, -9.4820,  -660.0889, -31.1263, -9.4963,  0, 0, 0
L -660.0889, -31.1263, -9.4963,  -661.9709, -28.2298, -9.4911,  0, 0, 0
L -600.8545, 5.0292, -12.7920,  -600.8563, -20.7185, -12.8012,  0, 0, 0
L -600.8563, -20.7185, -10.0450,  -624.1807, -20.7641, -9.4882,  0, 0, 0
L -624.0015, -28.1148, -9.4838,  -600.8552, -28.1697, -10.0415,  0, 0, 0
L -600.8552, -28.1697, -12.7889,  -600.8558, -168.3882, -14.3131,  0, 0, 0
L -624.0015, -28.1148, -9.4957,  -626.0690, -31.2126, -9.8606,  0, 0, 0
L -626.0690, -31.2126, -9.4996,  -628.5461, -32.7406, -9.4892,  0, 0, 0
L -628.5461, -32.7406, -9.4892,  -633.8597, -33.8661, -9.4841,  0, 0, 0
L -633.8597, -33.8661, -9.4841,  -633.7709, -15.1311, -9.4938,  0, 0, 0
L -633.7709, -15.1311, -9.4938,  -629.5337, -15.6526, -9.4967,  0, 0, 0
L -629.5337, -15.6526, -9.4967,  -626.0745, -18.3402, -9.4914,  0, 0, 0
L -626.0745, -18.3402, -9.4914,  -624.1807, -20.7641, -9.4837,  0, 0, 0
L -565.5027, -20.5014, -12.7903,  -565.5015, 5.0291, -12.7903,  0, 0, 0
L -565.5015, 5.0291, -12.7903,  -568.8154, 5.0277, -12.7903,  0, 0, 0
L -568.8154, 5.0277, -12.7903,  -568.8160, 15.7236, -12.7901,  0, 0, 0
L -568.8160, 15.7236, -12.7900,  -478.2190, 15.7569, -12.7900,  0, 0, 0
L -478.2190, 15.7569, -12.7900,  -478.2185, 5.0266, -12.7900,  0, 0, 0
L -565.5027, -20.5014, -10.0376,  -541.8737, -20.5408, -9.4962,  0, 0, 0
L -541.8737, -20.5408, -9.4962,  -540.2316, -18.0234, -9.4981,  0, 0, 0
L -540.2316, -18.0234, -9.4981,  -537.4177, -15.8077, -9.4878,  0, 0, 0
L -537.4177, -15.8077, -9.4878,  -533.0432, -15.2141, -9.4961,  0, 0, 0
L -533.0432, -15.2141, -9.4961,  -532.8646, -33.8435, -9.4939,  0, 0, 0
L -532.8646, -33.8435, -9.4939,  -536.9611, -32.9378, -9.4858,  0, 0, 0
L -536.9611, -32.9378, -9.4858,  -539.6611, -31.3170, -9.4676,  0, 0, 0
L -539.6611, -31.3170, -9.4676,  -542.1985, -28.2992, -9.4909,  0, 0, 0
L -542.1985, -28.2992, -9.4909,  -565.5013, -28.3245, -9.9836,  0, 0, 0
L -565.5063, -168.4914, 7.4308,  -600.8558, -168.3882, 9.5220,  0, 0, 0
L -600.8539, -168.3883, 8.0385,  -600.8548, -132.2235, 8.0385,  0, 0, 0
L -565.5065, -105.3867, -3.3586,  -565.5013, -28.3245, -12.3092,  0, 0, 0
L -565.5065, -105.3867, 5.6705,  -559.0685, -105.4534, 5.7579,  0, 0, 0
L -559.0685, -105.4534, 5.7579,  -542.5123, -82.9235, 17.6267,  0, 0, 0
L -542.5123, -82.9235, 17.6267,  -543.1600, -78.5383, 17.6241,  0, 0, 0
L -543.1600, -78.5383, 17.6241,  -542.4971, -75.4393, 17.6284,  0, 0, 0
L -542.4971, -75.4393, 17.6284,  -540.1509, -71.7408, 17.6267,  0, 0, 0
L -540.1509, -71.7408, 17.6267,  -537.6127, -70.0920, 17.6143,  0, 0, 0
L -537.6127, -70.0920, 17.6143,  -532.7931, -69.2559, 17.6197,  0, 0, 0
L -532.7931, -69.2559, 17.6197,  -532.7999, -86.9513, 17.6224,  0, 0, 0
L -532.7999, -86.9513, 17.6224,  -536.2722, -87.7030, 17.6227,  0, 0, 0
L -536.2722, -87.7030, 17.6227,  -553.4828, -110.4700, 5.7497,  0, 0, 0
L -553.4828, -110.4700, 5.7497,  -552.6841, -114.4654, 5.7454,  0, 0, 0
L -552.6841, -114.4654, 5.7483,  -553.3177, -117.8773, 5.7558,  0, 0, 0
L -553.3177, -117.8773, 5.7558,  -555.0495, -120.7691, 5.7582,  0, 0, 0
L -555.0495, -120.7691, 5.7582,  -558.0172, -122.8600, 5.7536,  0, 0, 0
L -558.0172, -122.8600, 5.7536,  -565.5026, -124.2525, 5.6713,  0, 0, 0
L -565.5026, -124.2525, 5.6711,  -565.5063, -168.4914, 5.6711,  0, 0, 0
L -478.2185, 5.0266, -12.7602,  -480.7230, 5.0291, -12.7602,  0, 0, 0
L -480.7230, 5.0291, -12.7602,  -480.7231, -20.3045, -12.7602,  0, 0, 0
L -480.7231, -20.3045, -10.0281,  -504.7870, -20.3467, -9.4813,  0, 0, 0
L -505.0504, -28.5177, -9.4937,  -480.7217, -28.5632, -9.9915,  0, 0, 0
L -505.0504, -28.5177, -9.4960,  -506.6124, -30.7961, -9.4949,  0, 0, 0
L -506.6124, -30.7961, -9.4949,  -509.1924, -32.8616, -9.4919,  0, 0, 0
L -509.1924, -32.8616, -9.4919,  -513.8506, -33.9683, -9.4906,  0, 0, 0
L -513.8506, -33.9683, -9.4906,  -513.8184, -15.4826, -9.4985,  0, 0, 0
L -513.8184, -15.4826, -9.4985,  -509.4854, -16.0179, -9.4913,  0, 0, 0
L -509.4854, -16.0179, -9.4913,  -506.8493, -18.0725, -9.4959,  0, 0, 0
L -506.8493, -18.0725, -9.4959,  -504.7870, -20.3467, -9.5005,  0, 0, 0
L -504.6704, -20.4753, -9.5005,  -504.6704, -20.4753, -9.4915,  0, 0, 0
L -480.7217, -28.5632, -12.7989,  -480.7225, -105.2149, -11.5152,  0, 0, 0
L -480.7225, -105.2149, 5.7764,  -487.3377, -105.4357, 5.7506,  0, 0, 0
L -487.3377, -105.4357, 5.7506,  -505.2224, -82.2674, 17.6245,  0, 0, 0
L -505.2224, -82.2674, 17.6245,  -504.2072, -78.3355, 17.6149,  0, 0, 0
L -504.2072, -78.3355, 17.6149,  -505.4057, -74.3813, 16.8972,  0, 0, 0
L -505.4057, -74.3813, 16.8972,  -508.1099, -71.6074, 17.6151,  0, 0, 0
L -508.1099, -71.6074, 17.6151,  -510.1867, -70.5614, 17.4754,  0, 0, 0
L -510.1867, -70.5614, 17.4754,  -514.5341, -69.1827, 17.6098,  0, 0, 0
L -514.5341, -69.1827, 17.6098,  -514.4197, -87.0923, 17.6102,  0, 0, 0
L -514.4197, -87.0923, 17.6102,  -510.3873, -88.1515, 16.4405,  0, 0, 0
L -510.3873, -88.1515, 16.4405,  -493.6105, -110.9092, 5.7644,  0, 0, 0
L -493.6105, -110.9092, 5.7644,  -494.2321, -114.7812, 5.2861,  0, 0, 0
L -494.2321, -114.7812, 5.2861,  -493.2305, -118.0793, 5.7549,  0, 0, 0
L -493.2305, -118.0793, 5.7549,  -490.9101, -121.4594, 4.9598,  0, 0, 0
L -490.9101, -121.4594, 4.9598,  -488.1631, -122.5568, 5.2068,  0, 0, 0
L -488.1631, -122.5568, 5.2068,  -480.7070, -123.8496, 5.7750,  0, 0, 0
L -481.7829, -123.6630, 5.7750,  -481.7829, -123.6630, 5.7750,  0, 0, 0
L -481.7829, -123.6630, 5.7750,  -481.7829, -123.6630, 5.7750,  0, 0, 0
L -480.7232, -168.6348, 5.7860,  -480.7070, -123.8496, 5.7859,  0, 0, 0
L -480.7232, -168.6348, 10.4453,  -444.0992, -168.6940, 9.0220,  0, 0, 0
L -960.8029, 5.0298, -13.9513,  -960.7997, -20.7041, -13.9513,  63, 63, 63
L -925.5674, -28.1109, -13.9513,  -925.4617, -168.4202, 4.5881,  63, 63, 63
L -1044.7432, -124.1145, 4.5217,  -1044.7361, -168.5527, 4.7116,  63, 63, 63
L 336.6949, 279.9425, -63.7260,  323.0394, 292.1642, -62.5378,  63, 63, 63
L 323.0394, 292.1642, -62.5378,  323.0274, 297.6824, -65.3431,  127, 127, 127
L 111.6201, 30.0184, 21.4756,  104.9557, 30.9030, 20.1471,  63, 63, 63
L 104.9557, 30.9030, 20.1471,  98.3724, 29.4130, 18.9713,  63, 63, 63
L 98.3724, 29.4130, 18.9713,  90.9159, 30.8509, 17.4571,  63, 63, 63
L 90.9159, 30.8509, 17.4571,  85.6322, 29.9998, 16.4939,  63, 63, 63
L 70.0322, 33.2120, 12.5933,  65.4269, 36.5402, 11.1802,  63, 63, 63
L 65.4269, 36.5402, 11.1802,  60.3662, 38.5272, 9.7942,  63, 63, 63
L 60.3662, 38.5272, 8.7188,  53.7928, 43.0639, 7.6117,  63, 63, 63
L 53.7928, 43.0639, 7.6117,  48.9602, 45.2071, 6.1313,  63, 63, 63
L 30.8104, 49.0998, 2.5609,  24.7084, 50.6905, 2.2897,  63, 63, 63
L 24.7084, 50.6905, 2.2897,  17.6595, 50.4206, 2.0120,  63, 63, 63
L 17.6595, 50.4206, 2.0120,  10.7382, 52.6618, 1.6971,  63, 63, 63
L 10.7382, 52.6618, 1.6971,  5.5340, 52.5720, 1.4923,  63, 63, 63
L -9.6509, 52.2183, 1.6279,  -15.8205, 52.3217, 1.6250,  63, 63, 63
L -15.8205, 52.3217, 1.6250,  -22.0020, 50.7026, 1.6223,  63, 63, 63
L -22.0020, 50.7026, 1.6223,  -29.6117, 51.1309, 1.6203,  63, 63, 63
L -29.6117, 51.1309, 1.6203,  -35.5460, 49.5043, 1.6185,  63, 63, 63
L -52.2055, 47.0505, 1.6712,  -57.8430, 47.4155, 1.7606,  63, 63, 63
L -57.8430, 47.4155, 1.7606,  -64.7182, 46.3707, 1.8710,  63, 63, 63
L -64.7182, 46.3707, 1.8710,  -72.0692, 47.7806, 1.9910,  63, 63, 63
L -72.0692, 47.7806, 1.9910,  -77.5833, 46.6056, 2.0800,  63, 63, 63
L -94.2774, 45.9378, 2.8081,  -100.0146, 44.6247, 2.8526,  63, 63, 63
L -100.0146, 44.6247, 2.8526,  -105.9926, 41.4977, 3.0155,  63, 63, 63
L -105.9926, 41.4977, 3.0155,  -113.1466, 40.4523, 3.0348,  63, 63, 63
L -113.1466, 40.4523, 3.0348,  -117.5524, 38.4738, 3.1354,  63, 63, 63
L -156.6328, 27.6986, 1.2179,  -150.7773, 30.2259, 1.4176,  63, 63, 63
L -150.7773, 30.2259, 1.4176,  -143.2526, 31.9520, 1.7061,  63, 63, 63
L -127.3104, 35.6640, 6.2988,  -126.9687, 37.4139, 6.2659,  63, 63, 63
L -126.9687, 37.4139, 6.2659,  -125.7687, 38.9715, 6.1900,  63, 63, 63
L -125.7687, 38.9715, 6.1900,  -124.5826, 38.8986, 6.2864,  63, 63, 63
L -124.5826, 38.8986, 6.2864,  -123.2276, 38.5885, 6.7476,  63, 63, 63
L -123.2276, 38.5885, 6.7476,  -121.9386, 37.6294, 7.2060,  63, 63, 63
L -121.9386, 37.6294, 7.2060,  -121.5972, 36.4836, 7.1600,  63, 63, 63
L -121.5972, 36.4836, 7.1600,  -121.6797, 34.4879, 6.6347,  63, 63, 63
L -121.6797, 34.4879, 6.6347,  -122.3112, 33.2218, 6.6086,  63, 63, 63
L -122.3112, 33.2218, 6.6086,  -123.6941, 32.4777, 7.1038,  63, 63, 63
L -123.6941, 32.4777, 7.1038,  -125.3963, 32.8226, 6.8806,  63, 63, 63
L -125.3963, 32.8226, 6.8806,  -126.9403, 34.2752, 6.4676,  63, 63, 63
L -126.9403, 34.2752, 6.4676,  -127.3104, 35.6640, 6.3480,  63, 63, 63
L -88.8400, 48.8756, 7.3553,  -86.2377, 50.0855, 8.2119,  63, 63, 63
L -86.2377, 50.0855, 8.2119,  -84.6475, 50.2704, 8.4367,  63, 63, 63
L -84.6475, 50.2704, 8.4367,  -83.2443, 49.1188, 8.0947,  63, 63, 63
L -83.2443, 49.1188, 8.0947,  -82.2653, 47.7743, 7.4063,  63, 63, 63
L -82.2653, 47.7743, 7.4063,  -81.6356, 45.5447, 7.2618,  63, 63, 63
L -81.6356, 45.5447, 7.2618,  -82.1013, 44.5096, 7.4943,  63, 63, 63
L -82.1013, 44.5096, 7.4943,  -84.1000, 42.9322, 7.5609,  63, 63, 63
L -84.1000, 42.9322, 7.5609,  -86.1528, 42.9207, 7.2195,  63, 63, 63
L -86.1528, 42.9207, 7.2195,  -87.8071, 43.6147, 7.1423,  63, 63, 63
L -87.8071, 43.6147, 7.1423,  -89.1217, 45.2239, 7.2689,  63, 63, 63
L -89.1217, 45.2239, 7.2689,  -89.6977, 47.1254, 7.2908,  63, 63, 63
L -89.6977, 47.1254, 7.2908,  -89.5766, 48.2284, 7.3020,  63, 63, 63
L -89.5766, 48.2284, 7.3020,  -88.8400, 48.8756, 7.3933,  63, 63, 63
L -44.4020, 49.9045, 7.5171,  -41.8450, 47.9857, 7.1703,  63, 63, 63
L -41.8450, 47.9857, 7.1703,  -41.6101, 47.7443, 7.1992,  63, 63, 63
L -41.6101, 47.7443, 7.1992,  -41.4339, 46.1035, 7.2066,  63, 63, 63
L -41.4339, 46.1035, 7.2066,  -41.5909, 43.9152, 7.3056,  63, 63, 63
L -41.5909, 43.9152, 7.3056,  -42.3925, 42.5296, 7.3175,  63, 63, 63
L -42.3925, 42.5296, 7.3175,  -43.6209, 42.3792, 7.3491,  63, 63, 63
L -43.6209, 42.3792, 7.3491,  -45.6430, 42.4841, 7.8949,  63, 63, 63
L -45.6430, 42.4841, 7.8949,  -47.6876, 43.3659, 8.3995,  63, 63, 63
L -47.6876, 43.3659, 8.3995,  -48.3214, 44.3699, 8.2747,  63, 63, 63
L -48.3214, 44.3699, 8.2747,  -48.5801, 46.5540, 7.4268,  63, 63, 63
L -48.5801, 46.5540, 7.4268,  -48.2462, 48.4304, 7.1503,  63, 63, 63
L -48.2462, 48.4304, 7.1503,  -46.6497, 49.7489, 7.6592,  63, 63, 63
L -46.6497, 49.7489, 7.6592,  -44.4020, 49.9045, 7.5627,  63, 63, 63
L -2.8420, 54.4883, 6.3951,  -0.7557, 53.3959, 6.2203,  63, 63, 63
L -0.7557, 53.3959, 6.2203,  -0.3343, 51.4296, 6.5734,  63, 63, 63
L -0.3343, 51.4296, 6.5734,  -2.1795, 48.6972, 6.5471,  63, 63, 63
L -2.1795, 48.6972, 6.5471,  -4.3991, 48.9175, 5.8225,  63, 63, 63
L -4.3991, 48.9175, 5.8225,  -5.7880, 50.4827, 6.0829,  63, 63, 63
L -5.7880, 50.4827, 6.0829,  -5.8413, 52.8860, 5.8878,  63, 63, 63
L -5.8413, 52.8860, 5.8878,  -4.1844, 54.3820, 6.1043,  63, 63, 63
L -4.1844, 54.3820, 6.1043,  -2.8420, 54.4883, 6.1469,  63, 63, 63
L 41.3267, 50.0237, 8.0760,  42.7352, 48.9449, 8.4053,  63, 63, 63
L 42.7352, 48.9449, 8.4053,  42.7337, 45.9716, 8.3630,  63, 63, 63
L 42.7337, 45.9716, 8.3630,  41.5370, 44.3929, 8.0458,  63, 63, 63
L 41.5370, 44.3929, 8.0458,  40.1034, 43.4616, 7.9895,  63, 63, 63
L 40.1034, 43.4616, 7.9895,  38.1591, 43.2983, 8.1030,  63, 63, 63
L 38.1591, 43.2983, 8.1030,  36.2296, 43.8448, 8.1206,  63, 63, 63
L 36.2296, 43.8448, 8.1206,  35.5077, 44.4696, 8.1099,  63, 63, 63
L 35.5077, 44.4696, 8.1099,  35.3107, 45.7799, 8.1932,  63, 63, 63
L 35.3107, 45.7799, 8.1932,  35.4778, 47.9432, 8.8848,  63, 63, 63
L 35.4778, 47.9432, 8.8848,  36.6876, 49.2018, 10.0428,  63, 63, 63
L 36.6876, 49.2018, 10.0428,  39.9299, 50.3832, 8.1693,  63, 63, 63
L 39.9299, 50.3832, 8.1693,  41.3267, 50.0237, 8.1395,  63, 63, 63
L 76.7964, 31.6449, 18.0749,  79.2480, 31.3279, 18.1358,  63, 63, 63
L 79.2480, 31.3279, 18.1358,  80.8030, 29.6568, 17.7896,  63, 63, 63
L 80.8030, 29.6568, 17.7896,  81.4243, 27.6478, 17.7333,  63, 63, 63
L 81.4243, 27.6478, 17.7333,  81.0343, 26.1075, 17.8231,  63, 63, 63
L 81.0343, 26.1075, 17.8231,  79.7399, 23.9341, 17.8463,  63, 63, 63
L 79.7399, 23.9341, 17.8463,  78.1311, 23.7780, 17.9221,  63, 63, 63
L 78.1311, 23.7780, 17.9221,  75.6988, 24.6939, 18.7327,  63, 63, 63
L 75.6988, 24.6939, 18.7327,  74.6017, 26.6551, 19.1664,  63, 63, 63
L 74.6017, 26.6551, 19.1664,  74.3835, 29.0410, 18.0632,  63, 63, 63
L 74.3835, 29.0410, 18.0632,  75.2972, 30.9039, 17.7163,  63, 63, 63
L 75.2972, 30.9039, 17.7163,  76.7964, 31.6449, 18.0113,  63, 63, 63
L 164.5745, -19.0988, 20.5351,  134.3577, -14.6814, 20.8332,  0, 0, 240
L 134.3577, -14.6814, 20.8332,  122.6069, -13.5517, 20.8601,  0, 0, 240
L 122.6069, -13.5517, 20.8601,  115.6437, -14.3103, 20.7980,  0, 0, 240
L 115.6437, -14.3103, 20.7980,  110.2553, -18.8238, 20.3931,  0, 0, 240
L 110.2553, -18.8238, 20.3931,  101.0738, -20.4907, 18.6862,  0, 0, 240
L 101.0738, -20.4907, 18.6862,  90.1350, -21.0341, 14.7261,  0, 0, 240
L 90.1350, -21.0341, 14.7261,  75.9122, -18.4464, 9.9072,  0, 0, 240
L 75.9122, -18.4464, 9.9072,  63.6077, -22.9109, 3.4302,  0, 0, 240
L 63.6077, -22.9109, 3.4302,  48.8125, -23.7816, -1.2962,  0, 0, 240
L 48.8125, -23.7816, -1.2962,  35.8635, -21.5052, -0.6963,  0, 0, 240
L 35.8635, -21.5052, -0.6963,  18.8904, -21.5207, -0.8093,  0, 0, 240
L 18.8904, -21.5207, -0.8093,  7.5027, -18.3748, -0.9024,  0, 0, 240
L 7.5027, -18.3748, -0.9024,  -4.5722, -19.9464, -0.6279,  0, 0, 240
L -4.5722, -19.9464, -0.6279,  -17.5641, -17.3578, -0.9710,  0, 0, 240
L -17.5641, -17.3578, -0.9710,  -24.3890, -21.1142, -0.1806,  0, 0, 240
L -24.3890, -21.1142, -0.1806,  -44.8419, -38.2184, -0.6304,  0, 0, 240
L -44.8419, -38.2184, -0.6304,  -61.2175, -27.9311, -0.4941,  0, 0, 240
L -61.2175, -27.9311, -0.4941,  -64.5995, -24.1061, -0.7543,  0, 0, 240
L -64.5995, -24.1061, -0.7543,  -75.1139, -7.3998, -0.4567,  0, 0, 240
L -75.1139, -7.3998, -0.4567,  -67.4656, 10.3034, -0.4864,  0, 0, 240
L -67.4656, 10.3034, -0.4864,  -61.1239, 15.1997, -0.5117,  0, 0, 240
L -61.1239, 15.1997, -0.5117,  -43.6179, 20.5098, -0.7947,  0, 0, 240
L -43.6179, 20.5098, -0.7947,  -23.8935, 5.5163, -0.3565,  0, 0, 240
L -23.8935, 5.5163, -0.3565,  -8.0430, 2.5651, -0.7937,  0, 0, 240
L -8.0430, 2.5651, -0.7937,  3.9601, 1.5761, -0.7914,  0, 0, 240
L 3.9601, 1.5761, -0.7914,  18.4909, 5.1428, -0.5779,  0, 0, 240
L 18.4909, 5.1428, -0.5779,  34.8609, 5.8578, -0.8050,  0, 0, 240
L 34.8609, 5.8578, -0.8050,  43.7041, 7.8436, -0.8901,  0, 0, 240
L 43.7041, 7.8436, -0.8901,  53.9718, 7.0799, -1.8445,  0, 0, 240
L 53.9718, 7.0799, -1.8445,  61.7028, 6.8423, 2.1138,  0, 0, 240
L 61.7028, 6.8423, 2.1138,  75.5904, 1.8967, 9.4632,  0, 0, 240
L 75.5904, 1.8967, 9.4632,  89.8623, 4.1577, 14.6283,  0, 0, 240
L 89.8623, 4.1577, 14.6283,  96.9149, 2.2841, 17.1613,  0, 0, 240
L 96.9149, 2.2841, 17.1613,  104.0187, 4.3916, 19.6304,  0, 0, 240
L 104.0187, 4.3916, 19.6304,  114.5448, 0.0486, 20.8214,  0, 0, 240
L 114.5448, 0.0486, 20.8214,  126.7703, 3.3489, 20.7567,  0, 0, 240
L 126.7703, 3.3489, 20.7567,  139.2024, 1.9700, 20.6034,  0, 0, 240
L 139.2024, 1.9700, 20.6034,  164.5761, 3.3548, 20.4990,  0, 0, 240
L 313.6807, 340.7089, -62.1609,  313.7414, 342.1006, -62.0310,  63, 63, 63
L 313.7414, 342.1006, -62.0310,  321.6088, 357.8343, -61.4333,  63, 63, 63
L 321.6088, 357.8343, -61.4333,  334.7327, 363.7349, -61.0718,  63, 63, 63
L 334.7327, 363.7349, -61.0718,  352.0051, 364.9094, -61.0403,  63, 63, 63
L 352.0051, 364.9094, -61.0403,  368.0595, 360.0364, -61.0620,  63, 63, 63
L 368.0595, 360.0364, -61.0620,  381.9815, 351.3860, -61.1324,  63, 63, 63
L 381.9815, 351.3860, -61.1324,  392.1479, 342.5167, -61.3755,  63, 63, 63
L 392.1479, 342.5167, -61.3755,  399.2779, 323.3953, -61.6907,  63, 63, 63
L 399.2779, 323.3953, -61.6907,  392.4499, 303.3814, -62.6550,  63, 63, 63
L 392.4499, 303.3814, -62.6550,  382.9634, 294.7748, -63.6022,  63, 63, 63
L 382.9634, 294.7748, -63.6022,  369.6015, 279.4513, -62.6202,  63, 63, 63
L 369.6015, 279.4513, -62.6202,  336.6949, 279.9425, -63.9762,  63, 63, 63
L -683.4611, 449.5210, -13.9937,  -683.4670, 558.4800, -13.9937,  0, 0, 0
L -683.4670, 558.4800, -13.9937,  -722.5720, 558.5001, -13.9937,  255, 0, 255
L -722.5720, 558.5001, -13.9937,  -722.5724, 449.5103, -13.9937,  0, 0, 0
L -683.4611, 449.5210, -13.9694,  -603.8459, 449.3657, -13.9506,  0, 0, 0
L -603.8459, 449.3657, -13.9506,  -603.8464, 231.0335, -13.9493,  0, 0, 0
L -603.8464, 231.0335, -13.9493,  -723.5912, 230.8769, -13.9513,  0, 0, 0
L -723.5912, 230.8769, -13.9145,  -723.6067, 193.3515, -13.7861,  0, 0, 0
L -723.6067, 193.3515, -13.7739,  -563.9335, 193.3174, -13.9513,  0, 0, 0
L -563.9335, 193.3174, -13.9513,  -563.9383, 83.5622, -13.9489,  0, 0, 0
L -563.9383, 83.5622, -13.9482,  -480.3045, 83.5603, -13.9493,  0, 0, 0
L -682.6780, 83.5618, -13.9513,  -1081.7820, 83.5409, -13.9483,  0, 0, 0
L -1081.7820, 83.5409, -13.9483,  -1081.7820, 74.5644, -13.9457,  0, 0, 0
L -1078.5398, 67.5444, -13.9423,  -1087.6852, 67.5518, -14.0371,  0, 0, 0
L -1085.4341, 107.3215, -14.1030,  -1219.7001, 107.3347, -14.1293,  0, 0, 0
L -1219.7001, 107.3347, -14.1293,  -1219.7068, -7.3616, -14.1122,  0, 0, 0
L -1219.7068, -7.3616, -14.1122,  -1085.4235, -7.3646, -14.0878,  0, 0, 0
L -1078.5630, 22.8887, -14.0710,  -1087.6991, 23.0484, -14.0709,  0, 0, 0
L -1087.6991, 23.0484, -14.0752,  -1087.6835, 30.0348, -14.0758,  0, 0, 0
L -1085.7964, 23.0151, -14.0790,  -1085.4235, -7.3646, -14.0804,  0, 0, 0
L -1087.6835, 30.0348, -14.0431,  -1078.5464, 29.9233, -13.9772,  0, 0, 0
L -1078.5630, 22.8887, -13.9456,  -1078.5464, 29.9233, -13.9462,  0, 0, 0
L -1078.5685, 74.5594, -13.9465,  -1078.5398, 67.5444, -13.9465,  0, 0, 0
L -1087.7006, 74.5725, -13.9474,  -1078.5685, 74.5594, -13.9477,  0, 0, 0
L -1087.6852, 67.5518, -14.0856,  -1087.7006, 74.5725, -14.0863,  0, 0, 0
L -1085.8556, 74.5703, -14.0848,  -1085.4341, 107.3215, -14.1031,  0, 0, 0
L -1080.3279, 22.9276, -13.9457,  -1080.4242, -57.6938, -13.9513,  0, 0, 0
L -1080.4242, -57.6938, -13.9513,  -1080.8864, -98.4208, 4.0987,  0, 0, 0
L -1080.8864, -98.4208, 4.0987,  -1080.9391, -168.6435, 6.2928,  0, 0, 0
L 111.1248, -21.5840, 21.3686,  163.9292, -21.5850, 21.0739,  0, 0, 0
L 163.9295, 7.4219, 21.4154,  111.1242, 7.4170, 21.8994,  0, 0, 0
L 111.1242, 7.4170, 21.5559,  111.1237, 13.4154, 21.5852,  0, 0, 0
L 111.1237, 13.4154, 21.7498,  164.5761, 13.4065, 22.4328,  0, 0, 0
L 124.8808, 13.4131, 22.4328,  114.3531, 25.1864, 21.8652,  0, 0, 0
L 114.3531, 25.1864, 21.8652,  113.4349, 35.9988, 21.1019,  0, 0, 0
L 113.4349, 35.9988, 21.1019,  117.4328, 57.6448, 16.5738,  0, 0, 0
L 117.4328, 57.6448, 16.5738,  121.5059, 82.0187, 13.8857,  0, 0, 0
L 121.5059, 82.0187, 13.8857,  119.5075, 94.6053, 5.6938,  0, 0, 0
L 119.5075, 94.6053, 5.6938,  114.9091, 102.5720, 3.7533,  0, 0, 0
L 114.9091, 102.5720, 3.7533,  93.1674, 120.4153, 1.0432,  0, 0, 0
L 93.1674, 120.4153, 1.0432,  57.0752, 156.6878, 1.0770,  0, 0, 0
L 57.0752, 156.6878, 1.0770,  34.8934, 158.3773, 2.0827,  0, 0, 0
L 34.8934, 158.3773, 2.0827,  24.2871, 165.3013, 1.6314,  0, 0, 0
L 24.2871, 165.3013, 1.6314,  11.5662, 164.4048, 4.5249,  0, 0, 0
L 11.5662, 164.4048, 4.5249,  -7.4698, 162.9711, 3.5354,  0, 0, 0
L -7.4698, 162.9711, 3.5354,  -10.8501, 163.1246, 4.4228,  0, 0, 0
L -10.8501, 163.1246, 4.4228,  -29.5781, 165.4305, 2.0510,  0, 0, 0
L -29.5781, 165.4305, 2.0510,  -31.4167, 166.0373, 2.0911,  0, 0, 0
L -31.4167, 166.0373, 2.0911,  -51.5504, 167.6803, 1.3625,  0, 0, 0
L -51.5504, 167.6803, 1.3625,  -72.6511, 165.3186, 0.6164,  0, 0, 0
L -72.6511, 165.3186, 0.6164,  -138.8030, 149.0416, 0.8397,  0, 0, 0
L -138.8030, 149.0416, 0.8397,  -163.8521, 141.0276, 3.5340,  0, 0, 0
L -163.8521, 141.0276, 3.5340,  -185.0210, 142.0531, -0.4347,  0, 0, 0
L -185.0210, 142.0531, -0.4347,  -200.7887, 146.3286, -0.5665,  0, 0, 0
L -200.7887, 146.3286, -0.5665,  -216.7404, 151.5334, -3.7164,  0, 0, 0
L -216.7404, 151.5334, -3.7164,  -228.0613, 159.9303, -6.3140,  0, 0, 0
L -228.0613, 159.9303, -6.3140,  -241.5814, 177.0625, -11.3423,  0, 0, 0
L -241.5814, 177.0625, -11.3423,  -234.3777, 209.2002, -20.6873,  0, 0, 0
L -234.3777, 209.2002, -20.6873,  -230.0420, 232.3303, -30.3522,  0, 0, 0
L -230.0420, 232.3303, -30.3522,  -217.5811, 263.8697, -47.1454,  0, 0, 0
L -217.5811, 263.8697, -47.1454,  -212.0900, 268.7083, -46.8418,  0, 0, 0
L -212.0900, 268.7083, -46.8418,  -193.3914, 273.2312, -50.3925,  0, 0, 0
L -193.3914, 273.2312, -50.3925,  -168.9167, 271.8332, -50.1361,  0, 0, 0
L -168.9167, 271.8332, -50.1361,  -123.3878, 222.2565, -48.7356,  0, 0, 0
L -123.3878, 222.2565, -48.7356,  -108.5740, 201.2532, -45.1309,  0, 0, 0
L -108.5740, 201.2532, -45.1309,  -102.8751, 195.7972, -39.5606,  0, 0, 0
L -102.8751, 195.7972, -39.5606,  -76.6923, 195.0715, -44.0494,  0, 0, 0
L -76.6923, 195.0715, -44.0494,  -34.3205, 200.9935, -48.1430,  0, 0, 0
L -34.3205, 200.9935, -48.1430,  -19.4770, 210.0990, -47.1612,  0, 0, 0
L -19.4770, 210.0990, -47.1612,  -3.0450, 238.6107, -51.2955,  0, 0, 0
L -3.0450, 238.6107, -51.2955,  26.1968, 254.4571, -59.0222,  0, 0, 0
L 26.1968, 254.4571, -59.0222,  37.8298, 274.6826, -61.0411,  0, 0, 0
L 37.8298, 274.6826, -61.0411,  50.5206, 273.5961, -65.1081,  0, 0, 0
L 50.5206, 273.5961, -65.1081,  79.7860, 269.6991, -73.2629,  0, 0, 0
L 79.7860, 269.6991, -73.2629,  90.3457, 247.1810, -71.3215,  0, 0, 0
L 90.3457, 247.1810, -71.3215,  99.0153, 223.8888, -69.7141,  0, 0, 0
L 99.0153, 223.8888, -69.7141,  106.8737, 195.1344, -68.6624,  0, 0, 0
L 106.8737, 195.1344, -68.6624,  111.4182, 184.7671, -64.1650,  0, 0, 0
L 111.4182, 184.7671, -64.1650,  142.3703, 190.2753, -69.8204,  0, 0, 0
L 142.3703, 190.2753, -69.8204,  167.0105, 193.3700, -70.1241,  0, 0, 0
L 167.0105, 193.3700, -70.1241,  190.9756, 191.2366, -68.0632,  0, 0, 0
L 190.9756, 191.2366, -68.0632,  213.5890, 189.3657, -67.0953,  0, 0, 0
L 213.5890, 189.3657, -67.0953,  240.4733, 187.4310, -64.5783,  0, 0, 0
L 240.4733, 187.4310, -64.5783,  261.7158, 196.7505, -70.5492,  0, 0, 0
L 261.7158, 196.7505, -70.5492,  274.9042, 199.6110, -69.8030,  0, 0, 0
L 274.9042, 199.6110, -69.8030,  296.9372, 192.5510, -67.6670,  0, 0, 0
L 296.9372, 192.5510, -67.6670,  321.4518, 192.4628, -69.0824,  0, 0, 0
L 321.4518, 192.4628, -69.0824,  339.4048, 192.0305, -69.0778,  0, 0, 0
L 339.4048, 192.0305, -69.0778,  357.6994, 196.9961, -64.8471,  0, 0, 0
L 357.6994, 196.9961, -64.8471,  358.8959, 208.7598, -63.5245,  0, 0, 0
L 358.8959, 208.7598, -63.5245,  360.1945, 224.9388, -63.6398,  0, 0, 0
L 360.1945, 224.9388, -63.6398,  379.8915, 228.3506, -68.2049,  0, 0, 0
L 379.8915, 228.3506, -68.2049,  396.4489, 226.9919, -65.7003,  0, 0, 0
L 396.4489, 226.9919, -65.7003,  406.1522, 303.9436, -69.3229,  0, 0, 0
L 406.1522, 303.9436, -69.3229,  412.8407, 339.8814, -68.7741,  0, 0, 0
L 412.8407, 339.8814, -68.7741,  405.2167, 378.4489, -69.4586,  0, 0, 0
L 405.2167, 378.4489, -69.4586,  400.6871, 419.7804, -63.3939,  0, 0, 0
L 400.6871, 419.7804, -63.3939,  390.6083, 423.1535, -65.5564,  0, 0, 0
L 390.6083, 423.1535, -65.5564,  354.8562, 430.5819, -69.2165,  0, 0, 0
L 354.8562, 430.5819, -69.2165,  343.4397, 440.2633, -69.7453,  0, 0, 0
L 343.4397, 440.2633, -69.7453,  325.0529, 460.6528, -68.4764,  0, 0, 0
L 325.0529, 460.6528, -68.4764,  315.4285, 466.8058, -70.0263,  0, 0, 0
L 315.4285, 466.8058, -70.0263,  314.1196, 474.5324, -69.1637,  0, 0, 0
L 314.1196, 474.5324, -69.1637,  318.3172, 481.5810, -66.1915,  0, 0, 0
L 318.3172, 481.5810, -66.1915,  324.5552, 499.9781, -65.4064,  0, 0, 0
L 324.5552, 499.9781, -65.4064,  331.6862, 505.1225, -53.5774,  0, 0, 0
L 330.8072, 503.7346, -55.2178,  325.1852, 550.1281, -60.1638,  0, 0, 0
L 325.1852, 550.1281, -60.1638,  333.5013, 584.2883, -59.7071,  0, 0, 0
L 333.5013, 584.2883, -59.7071,  331.7340, 609.2870, -59.5486,  0, 0, 0
L 331.7340, 609.2870, -59.5486,  323.5977, 631.1060, -59.8976,  0, 0, 0
L 323.5977, 631.1060, -59.8976,  323.5262, 649.3539, -60.6048,  0, 0, 0
L 323.5262, 649.3539, -60.6048,  320.6524, 673.9070, -61.5222,  0, 0, 0
L 320.6524, 673.9070, -61.5222,  312.0445, 709.9435, -63.3870,  0, 0, 0
L 312.0445, 709.9435, -63.3870,  319.4587, 738.8934, -61.4355,  0, 0, 0
L 319.4587, 738.8934, -61.4355,  315.5822, 781.7512, -63.0397,  0, 0, 0
L 275.4869, 548.7567, -59.0547,  274.0124, 578.5908, -59.1460,  0, 0, 0
L 274.0124, 578.5908, -59.1460,  275.0207, 598.6251, -59.8466,  0, 0, 0
L 275.0207, 598.6251, -59.8466,  275.9605, 630.0676, -60.2989,  0, 0, 0
L 275.9605, 630.0676, -60.2989,  267.1594, 650.2357, -61.6465,  0, 0, 0
L 267.1594, 650.2357, -61.6465,  260.6137, 672.2338, -62.9723,  0, 0, 0
L 260.6137, 672.2338, -62.9723,  259.1966, 690.8053, -64.0569,  0, 0, 0
L 259.1966, 690.8053, -64.0569,  261.0218, 697.2415, -64.9272,  0, 0, 0
L 261.0218, 697.2415, -64.9272,  262.9120, 707.2137, -65.4123,  0, 0, 0
L 262.9120, 707.2137, -65.4123,  262.5911, 715.2299, -65.3095,  0, 0, 0
L 262.5911, 715.2299, -65.3095,  257.9778, 736.0018, -63.9340,  0, 0, 0
L 257.9778, 736.0018, -63.9340,  257.4800, 756.9484, -64.6967,  0, 0, 0
L 257.4800, 756.9484, -64.6967,  257.6639, 777.1349, -65.2850,  0, 0, 0
L 257.6639, 777.1349, -63.9790,  253.6399, 781.6790, -63.8986,  0, 0, 0
L 253.6399, 781.6790, -69.5897,  315.5822, 781.7512, -72.8169,  255, 0, 255
L 275.4869, 548.7567, -60.1507,  269.7735, 532.4327, -61.6737,  0, 0, 0
L 269.7735, 532.4327, -61.6737,  264.3430, 514.5377, -60.7441,  0, 0, 0
L 264.3430, 514.5377, -60.7441,  264.4564, 497.1648, -61.4282,  0, 0, 0
L 264.4564, 497.1648, -61.4282,  267.1536, 470.5212, -56.9472,  0, 0, 0
L 267.1536, 470.5212, -56.9472,  255.4674, 460.5948, -60.6224,  0, 0, 0
L 255.4674, 460.5948, -60.6224,  232.0341, 458.9940, -59.7544,  0, 0, 0
L 232.0341, 458.9940, -59.7544,  211.5513, 465.7480, -60.2791,  0, 0, 0
L 211.5513, 465.7480, -60.2791,  191.2844, 470.6902, -62.4772,  0, 0, 0
L 191.2844, 470.6902, -62.4772,  156.2688, 463.6381, -65.1647,  0, 0, 0
L 156.2688, 463.6381, -65.1647,  127.4474, 460.4420, -69.0259,  0, 0, 0
L 127.4474, 460.4420, -69.0259,  114.7681, 461.6665, -63.0426,  0, 0, 0
L 114.7681, 461.6665, -63.0426,  103.4183, 456.6153, -68.0401,  0, 0, 0
L 103.4183, 456.6153, -68.0401,  96.6066, 450.5900, -64.3459,  0, 0, 0
L 96.6066, 450.5900, -64.3459,  92.5481, 437.7352, -66.8774,  0, 0, 0
L 92.5481, 437.7352, -66.8774,  90.6426, 425.9978, -65.4966,  0, 0, 0
L 90.6426, 425.9978, -65.4966,  95.2247, 402.8158, -64.4133,  0, 0, 0
L 95.2247, 402.8158, -64.4133,  100.5623, 380.8283, -66.9595,  0, 0, 0
L 100.5623, 380.8283, -66.9595,  87.6741, 357.7258, -71.9778,  0, 0, 0
L 87.6741, 357.7258, -71.9778,  82.6860, 351.6140, -69.8667,  0, 0, 0
L 82.6860, 351.6140, -69.8667,  75.3804, 338.8337, -72.7016,  0, 0, 0
L 75.3804, 338.8337, -72.7016,  58.6322, 343.5476, -62.9465,  0, 0, 0
L 58.6322, 343.5476, -62.9465,  38.6307, 350.6022, -57.4879,  0, 0, 0
L 38.6307, 350.6022, -57.4879,  21.5791, 371.1503, -51.1866,  0, 0, 0
L 21.5791, 371.1503, -51.1866,  -2.8940, 385.5814, -50.7388,  0, 0, 0
L -2.8940, 385.5814, -50.7388,  -15.8719, 401.3875, -50.0711,  0, 0, 0
L -15.8719, 401.3875, -50.0711,  -39.6540, 406.3163, -52.5775,  0, 0, 0
L -39.6540, 406.3163, -52.5775,  -57.1299, 413.9113, -51.3827,  0, 0, 0
L -57.1299, 413.9113, -51.3827,  -72.6015, 420.2125, -50.1937,  0, 0, 0
L -72.6015, 420.2125, -50.1937,  -92.6215, 413.3178, -49.8498,  0, 0, 0
L -92.6215, 413.3178, -49.8498,  -109.9247, 400.7171, -50.7851,  0, 0, 0
L -109.9247, 400.7171, -50.7851,  -124.8033, 386.4097, -51.4721,  0, 0, 0
L -124.8033, 386.4097, -51.4721,  -144.7534, 377.7910, -51.1229,  0, 0, 0
L -144.7534, 377.7910, -51.1229,  -158.7354, 371.4924, -49.3167,  0, 0, 0
L -158.7354, 371.4924, -49.3167,  -171.1404, 351.7088, -52.7647,  0, 0, 0
L -171.1404, 351.7088, -52.7647,  -187.9259, 345.9717, -52.8210,  0, 0, 0
L -187.9259, 345.9717, -52.8210,  -198.7030, 344.2320, -48.3578,  0, 0, 0
L -198.7030, 344.2320, -48.3578,  -216.9885, 339.6001, -46.6995,  0, 0, 0
L -216.9885, 339.6001, -46.6995,  -225.1804, 340.7888, -44.9070,  0, 0, 0
L -225.1804, 340.7888, -44.9070,  -243.8555, 376.5161, -23.5632,  0, 0, 0
L -243.8555, 376.5161, -23.5632,  -259.7878, 378.7711, -13.5972,  0, 0, 0
L -259.7878, 378.7711, -13.5972,  -276.8814, 377.0159, -10.2713,  0, 0, 0
L -276.8814, 377.0159, -10.2713,  -281.8688, 379.5775, -14.9623,  0, 0, 0
L -281.8688, 379.5775, -14.9623,  -284.0953, 387.0074, -14.4357,  0, 0, 0
L -284.0953, 387.0074, -14.4357,  -277.8776, 398.8140, -14.2672,  0, 0, 0
L -277.8776, 398.8140, -14.2672,  -272.6818, 412.9381, -9.0691,  0, 0, 0
L -272.6818, 412.9381, -9.0691,  -278.8100, 435.9192, -7.5418,  0, 0, 0
L -278.8100, 435.9192, -7.5418,  -283.2686, 443.4814, -8.0294,  0, 0, 0
L -283.2686, 443.4814, -8.0294,  -303.6104, 452.4614, -11.0190,  0, 0, 0
L -303.6104, 452.4614, -11.0190,  -323.8692, 463.3643, -11.4462,  0, 0, 0
L -323.8692, 463.3643, -11.4462,  -350.1541, 462.9564, -14.0338,  0, 0, 0
L -350.1541, 462.9564, -14.0338,  -363.9973, 462.4530, -15.6234,  0, 0, 0
L -363.9973, 462.4530, -15.6234,  -403.0443, 468.6268, -17.3375,  0, 0, 0
L -403.0443, 468.6268, -17.3375,  -430.9179, 461.1915, -15.6138,  0, 0, 0
L -430.9179, 461.1915, -15.6138,  -444.6757, 455.2148, -17.8307,  0, 0, 0
L -444.6757, 455.2148, -17.8307,  -463.0151, 452.5946, -9.3845,  0, 0, 0
L -463.0151, 452.5946, -9.3845,  -485.9686, 431.1189, -6.7858,  0, 0, 0
L -485.9686, 431.1189, -6.7858,  -486.1760, 409.3860, -8.6817,  0, 0, 0
L -486.1760, 409.3860, -8.6817,  -484.1427, 387.1159, -12.7674,  0, 0, 0
L -484.1427, 387.1159, -12.7674,  -484.6540, 380.1746, -11.6111,  0, 0, 0
L -484.6540, 380.1746, -11.6111,  -516.6859, 375.7130, -13.7172,  0, 0, 0
L -516.6859, 375.7130, -13.7172,  -528.5165, 358.3280, -9.1916,  0, 0, 0
L -528.5165, 358.3280, -9.1916,  -535.7634, 340.3913, -9.7895,  0, 0, 0
L -535.7634, 340.3913, -9.7895,  -539.4916, 313.6017, -10.8186,  0, 0, 0
L -539.4916, 313.6017, -10.8186,  -541.2302, 303.4512, -9.5421,  0, 0, 0
L -541.2302, 303.4512, -9.5421,  -538.3087, 290.7806, -6.1318,  0, 0, 0
L -538.3087, 290.7806, -5.4060,  -528.9694, 267.1232, -5.9948,  0, 0, 0
L -528.9694, 267.1232, -5.9948,  -535.1432, 229.6929, -6.6287,  0, 0, 0
L -535.1432, 229.6929, -6.6287,  -534.7283, 183.0838, -6.4053,  0, 0, 0
L -534.7283, 183.0838, -6.4053,  -534.8763, 174.2509, -3.9703,  0, 0, 0
L -534.8763, 174.2509, -3.9703,  -527.4861, 158.9684, -9.0555,  0, 0, 0
L -527.4861, 158.9684, -9.0555,  -504.5260, 134.1158, -9.3500,  0, 0, 0
L -504.5260, 134.1158, -9.3500,  -486.5918, 119.6892, -8.4745,  0, 0, 0
L -486.5918, 119.6892, -8.4745,  -464.4481, 113.1791, -8.9262,  0, 0, 0
L -464.4481, 113.1791, -8.9262,  -453.3112, 97.9369, -8.1036,  0, 0, 0
L -453.3112, 97.9369, -8.1036,  -449.9476, 88.2549, -7.3876,  0, 0, 0
L -449.9476, 88.2549, -7.3876,  -467.0128, 84.3262, -11.6927,  0, 0, 0
L -467.0128, 84.3262, -11.6927,  -480.3045, 83.5603, -13.9514,  0, 0, 0
L -444.4999, -171.9183, -13.9535,  -424.3724, -175.8414, -10.4406,  0, 0, 0
L -424.3724, -175.8414, -10.4406,  -404.8534, -169.9240, -9.4031,  0, 0, 0
L -404.8534, -169.9240, -9.4031,  -401.3443, -149.0002, -11.4010,  0, 0, 0
L -401.3443, -149.0002, -11.4010,  -400.7060, -138.2554, -8.7855,  0, 0, 0
L -400.7060, -138.2554, -8.7855,  -400.0915, -114.7309, -8.2972,  0, 0, 0
L -400.0915, -114.7309, -8.2972,  -397.3529, -69.1318, -5.9704,  0, 0, 0
L -397.3529, -69.1318, -5.9704,  -397.6483, -20.9992, -5.9035,  0, 0, 0
L -397.6483, -20.9992, -5.9035,  -398.9917, -6.1204, -6.4380,  0, 0, 0
L -398.9917, -6.1204, -6.4380,  -399.4588, 16.1467, -6.3088,  0, 0, 0
L -399.4588, 16.1467, -6.3088,  -402.6302, 37.5966, -9.0280,  0, 0, 0
L -402.6302, 37.5966, -9.0280,  -387.0301, 48.5106, -14.6919,  0, 0, 0
L -387.0301, 48.5106, -14.6919,  -372.6668, 36.5715, -14.3887,  0, 0, 0
L -372.6668, 36.5715, -14.3887,  -371.6765, 34.6899, -14.2161,  0, 0, 0
L -371.6765, 34.6899, -14.2161,  -369.3688, 22.7838, -16.3768,  0, 0, 0
L -369.3688, 22.7838, -15.4553,  -369.2055, 6.3693, -18.8444,  0, 0, 0
L -369.2055, 6.3693, -18.8444,  -374.1426, -8.9942, -20.6192,  0, 0, 0
L -374.1426, -8.9942, -20.6192,  -376.5876, -24.3953, -26.2841,  0, 0, 0
L -376.5876, -24.3953, -26.2841,  -377.2258, -42.3313, -22.9923,  0, 0, 0
L -377.2258, -42.3313, -22.9923,  -378.9533, -65.0200, -31.1521,  0, 0, 0
L -378.9533, -65.0200, -31.1521,  -375.0008, -81.1364, -30.9256,  0, 0, 0
L -375.0008, -81.1364, -30.9256,  -366.7858, -101.3427, -33.0450,  0, 0, 0
L -366.7858, -101.3427, -33.0450,  -366.8223, -109.9170, -32.4393,  0, 0, 0
L -366.8223, -109.9170, -32.4393,  -362.9699, -123.4145, -32.4048,  0, 0, 0
L -362.9699, -123.4145, -32.4048,  -348.3822, -132.6639, -31.3613,  0, 0, 0
L -348.3822, -132.6639, -31.3613,  -337.5141, -137.0134, -31.3077,  0, 0, 0
L -337.5141, -137.0134, -31.3077,  -325.4289, -145.2453, -32.8715,  0, 0, 0
L -325.4289, -145.2453, -32.8715,  -324.0633, -157.5262, -35.1732,  0, 0, 0
L -324.0633, -157.5262, -35.1732,  -325.0116, -167.5904, -31.4695,  0, 0, 0
L -325.0116, -167.5904, -31.4695,  -318.6467, -173.5640, -31.1453,  0, 0, 0
L -318.6467, -173.5640, -31.1453,  -303.1250, -177.6236, -35.9781,  0, 0, 0
L -303.1250, -177.6236, -35.9781,  -286.0659, -183.8824, -31.6936,  0, 0, 0
L -286.0659, -183.8824, -31.6936,  -277.2840, -184.6677, -27.7197,  0, 0, 0
L -277.2840, -184.6677, -27.7197,  -262.0936, -174.5615, -31.1984,  0, 0, 0
L -262.0936, -174.5615, -31.1984,  -250.6539, -165.5018, -33.9713,  0, 0, 0
L -250.6539, -165.5018, -33.9713,  -239.3152, -159.7583, -35.5271,  0, 0, 0
L -239.3152, -159.7583, -35.5271,  -221.7717, -155.7576, -30.9758,  0, 0, 0
L -221.7717, -155.7576, -30.9758,  -208.6328, -153.5165, -25.6097,  0, 0, 0
L -208.6328, -153.5165, -25.6097,  -201.3649, -147.8589, -31.9978,  0, 0, 0
L -201.3649, -147.8589, -31.9978,  -198.9260, -138.7377, -30.1479,  0, 0, 0
L -198.9260, -138.7377, -30.1479,  -198.6562, -127.0226, -28.1660,  0, 0, 0
L -198.6562, -127.0226, -28.1660,  -201.6648, -110.4099, -31.6618,  0, 0, 0
L -201.6648, -110.4099, -31.6618,  -202.5567, -96.9226, -31.6402,  0, 0, 0
L -202.5567, -96.9226, -31.6402,  -196.3600, -81.8828, -30.6424,  0, 0, 0
L -196.3600, -81.8828, -30.6424,  -192.4715, -68.8420, -30.4324,  0, 0, 0
L -192.4715, -68.8420, -30.4324,  -191.3674, -57.9622, -27.6141,  0, 0, 0
L -191.3674, -57.9622, -27.6141,  -200.1073, -37.0751, -32.5070,  0, 0, 0
L -200.1073, -37.0751, -32.5070,  -203.8085, -29.7253, -33.4933,  0, 0, 0
L -203.8085, -29.7253, -33.4933,  -203.7548, -20.7829, -34.2863,  0, 0, 0
L -203.7548, -20.7829, -34.2863,  -198.0608, -10.9206, -31.8481,  0, 0, 0
L -198.0608, -10.9206, -31.8481,  -191.3779, 3.7722, -29.1856,  0, 0, 0
L -191.3779, 3.7722, -29.1856,  -190.4731, 8.4841, -29.6307,  0, 0, 0
L -190.4731, 8.4841, -29.6307,  -195.1726, 27.0483, -26.3567,  0, 0, 0
L -195.1726, 27.0483, -26.3567,  -201.8592, 43.3282, -26.4490,  0, 0, 0
L -201.8592, 43.3282, -26.4490,  -200.5206, 56.8361, -18.0875,  0, 0, 0
L -200.5206, 56.8361, -18.0875,  -198.0213, 65.0827, -13.8353,  0, 0, 0
L -198.0213, 65.0827, -13.8353,  -193.3380, 77.9405, -6.1328,  0, 0, 0
L -193.3380, 77.9405, -6.1328,  -179.9580, 75.3178, -5.3713,  0, 0, 0
L -179.9580, 75.3178, -5.3713,  -174.9270, 71.4789, -0.1624,  0, 0, 0
L -174.9270, 71.4789, -0.1624,  -166.1365, 61.3946, 8.0790,  0, 0, 0
L -166.1365, 61.3946, 8.0790,  -162.4222, 51.3167, 8.4861,  0, 0, 0
L -162.4222, 51.3167, 8.4861,  -162.1922, 36.5267, 8.2561,  0, 0, 0
L -162.1922, 36.5267, 8.2561,  -163.5557, 22.4152, 8.1770,  0, 0, 0
L -163.5557, 22.4152, 8.1770,  -166.5255, 0.2516, 8.2660,  0, 0, 0
L -166.5255, 0.2516, 8.2660,  -167.2121, -13.3913, 8.2892,  0, 0, 0
L -167.2121, -13.3913, 8.2892,  -167.3542, -39.6202, 8.2676,  0, 0, 0
L -167.3542, -39.6202, 8.2676,  -166.7230, -51.1548, 7.3063,  0, 0, 0
L -166.7230, -51.1548, 7.3063,  -161.7738, -63.0457, 6.0168,  0, 0, 0
L -161.7738, -63.0457, 6.0168,  -160.6869, -75.6456, 5.5574,  0, 0, 0
L -160.6869, -75.6456, 5.5574,  -160.9234, -89.7187, 7.2265,  0, 0, 0
L -160.9234, -89.7187, 7.2265,  -161.2866, -102.3718, 6.7762,  0, 0, 0
L -161.2866, -102.3718, 6.7762,  -165.7801, -112.9319, 8.7651,  0, 0, 0
L -165.7801, -112.9319, 8.7651,  -169.7382, -124.2960, 9.4967,  0, 0, 0
L -169.7382, -124.2960, 9.4967,  -171.7598, -140.6233, 10.1602,  0, 0, 0
L -171.7598, -140.6233, 10.1602,  -168.0133, -150.0551, 8.5574,  0, 0, 0
L -168.0133, -150.0551, 8.5574,  -163.6638, -160.4390, 11.5035,  0, 0, 0
L -163.6638, -160.4390, 11.5035,  -155.7034, -169.6337, 11.3917,  0, 0, 0
L -155.7034, -169.6337, 11.3917,  -148.2773, -173.1539, 9.9181,  0, 0, 0
L -148.2773, -173.1539, 9.9181,  -133.6114, -176.0683, 9.9897,  0, 0, 0
L -133.6114, -176.0683, 9.9897,  -117.5238, -175.1573, 7.6138,  0, 0, 0
L -117.5238, -175.1573, 7.6138,  -99.1169, -174.3637, 4.8791,  0, 0, 0
L -99.1169, -174.3637, 4.8791,  -88.3555, -176.1763, 8.5952,  0, 0, 0
L -88.3555, -176.1763, 8.5952,  -64.7745, -182.7376, 7.4788,  0, 0, 0
L -64.7745, -182.7376, 7.4788,  -43.9300, -187.5322, 6.6866,  0, 0, 0
L -43.9300, -187.5322, 6.6866,  -24.5520, -186.3992, 1.4558,  0, 0, 0
L -24.5520, -186.3992, 1.4558,  -7.5164, -187.1575, 7.2647,  0, 0, 0
L -7.5164, -187.1575, 7.2647,  22.2109, -181.3666, 6.9155,  0, 0, 0
L 22.2109, -181.3666, 6.9155,  41.1321, -174.9710, 4.9901,  0, 0, 0
L 41.1321, -174.9710, 4.9901,  54.3962, -173.8828, 7.7437,  0, 0, 0
L 54.3962, -173.8828, 7.7437,  70.9572, -169.8395, 8.0964,  0, 0, 0
L 70.9572, -169.8395, 8.0964,  83.8652, -154.5114, 1.6165,  0, 0, 0
L 83.8652, -154.5114, 1.6165,  92.0462, -142.3052, 4.8330,  0, 0, 0
L 92.0462, -142.3052, 4.8330,  98.5114, -134.3416, 2.7942,  0, 0, 0
L 98.5114, -134.3416, 2.7942,  114.2295, -130.2831, 8.1130,  0, 0, 0
L 114.2295, -130.2831, 8.1130,  119.8373, -116.5479, 9.3239,  0, 0, 0
L 119.8373, -116.5479, 9.3239,  120.0413, -99.8509, 10.2453,  0, 0, 0
L 120.0413, -99.8509, 10.2453,  117.7891, -89.3081, 14.1829,  0, 0, 0
L 117.7891, -89.3081, 14.1829,  112.4055, -78.0597, 15.8549,  0, 0, 0
L 112.4055, -78.0597, 15.8549,  109.4729, -66.2095, 20.1627,  0, 0, 0
L 109.4729, -66.2095, 20.1627,  109.0556, -55.4870, 20.8884,  0, 0, 0
L 109.0556, -55.4870, 20.8884,  111.1967, -44.1935, 26.3739,  0, 0, 0
L 111.1967, -44.1935, 26.3739,  114.1793, -32.4220, 26.9888,  0, 0, 0
L 114.1793, -32.4220, 26.9888,  114.6757, -27.5779, 22.7697,  0, 0, 0
L 111.1244, -27.5777, 21.5671,  111.1248, -21.5840, 21.2163,  0, 0, 0
L 111.1244, -27.5777, 21.6359,  164.5767, -27.5804, 21.6946,  0, 0, 0
L -682.6780, 83.5618, -13.9493,  -682.6786, 121.1975, -13.9513,  0, 0, 0
L -682.6786, 121.1975, -13.9513,  -842.3292, 121.1388, -13.9511,  0, 0, 0
L -842.3292, 121.1388, -13.9511,  -842.3207, 449.4133, -13.9236,  0, 0, 0
L -842.3207, 449.4133, -13.9236,  -722.5724, 449.5103, -13.9690,  0, 0, 0
L -1196.2190, 42.4911, -13.6915,  -1196.2179, 56.5679, -13.6915,  63, 63, 63
L -1196.2179, 56.5679, -14.1088,  -1182.1675, 56.5724, -14.1076,  63, 63, 63
L -1190.9539, 56.5696, -14.1076,  -1194.3147, 59.9391, -14.1083,  63, 63, 63
L -1186.0165, 59.7888, -14.1075,  -1190.1913, 64.0637, -14.1077,  63, 63, 63
L -1190.1913, 64.0637, -14.1083,  -1194.3147, 59.9391, -14.0463,  63, 63, 63
L -1182.1675, 56.5724, -14.0711,  -1182.1603, 42.4931, -14.1050,  63, 63, 63
L -1189.2350, 56.5701, -14.1071,  -1186.0165, 59.7888, -14.1074,  63, 63, 63
L -1182.1603, 42.4931, -14.0688,  -1196.2190, 42.4911, -14.1040,  63, 63, 63
L -1189.1729, 42.4921, -14.1040,  -1185.9424, 39.2766, -14.1076,  63, 63, 63
L -1190.1569, 35.0262, -14.1079,  -1185.9424, 39.2766, -13.9527,  63, 63, 63
L -1194.3816, 39.2600, -14.1085,  -1190.1569, 35.0262, -14.1084,  63, 63, 63
L -1191.1581, 42.4918, -14.1062,  -1194.3816, 39.2600, -14.1086,  63, 63, 63
L -283.1504, 136.8543, -12.8148,  -257.4256, 108.9817, -10.2540,  0, 0, 0
L -257.4256, 108.9817, -10.2540,  -276.1658, 89.9977, -14.9728,  0, 0, 0
L -276.1658, 89.9977, -14.9728,  -280.1985, 68.1326, -26.4135,  0, 0, 0
L -280.1985, 68.1326, -26.4135,  -297.9960, 60.3923, -30.3695,  0, 0, 0
L -297.9960, 60.3923, -30.3695,  -316.8313, 56.2295, -27.4559,  0, 0, 0
L -316.8313, 56.2295, -27.4559,  -324.9107, 81.9509, -17.0807,  0, 0, 0
L -324.9107, 81.9509, -17.0807,  -328.2331, 94.0694, -8.3897,  0, 0, 0
L -328.2331, 94.0694, -8.3897,  -334.9238, 100.9362, -3.3504,  0, 0, 0
L -334.9238, 100.9362, -3.3504,  -355.8784, 112.0903, -6.4737,  0, 0, 0
L -355.8784, 112.0903, -6.4737,  -376.0479, 120.8080, -7.2979,  0, 0, 0
L -376.0479, 120.8080, -7.2979,  -397.6188, 130.0151, -7.7171,  0, 0, 0
L -397.6188, 130.0151, -7.7171,  -412.3450, 146.2592, -6.5763,  0, 0, 0
L -412.3450, 146.2592, -6.5763,  -424.2687, 162.5121, -5.9635,  0, 0, 0
L -424.2687, 162.5121, -5.9635,  -432.8799, 180.6047, -9.7546,  0, 0, 0
L -432.8799, 180.6047, -9.7546,  -433.6538, 195.6569, -6.2113,  0, 0, 0
L -433.6538, 195.6569, -6.2113,  -434.4578, 226.5296, -4.2947,  0, 0, 0
L -434.4578, 226.5296, -4.2947,  -438.5236, 243.1445, -7.9731,  0, 0, 0
L -438.5236, 243.1445, -7.9731,  -471.1109, 265.3279, -9.7693,  0, 0, 0
L -471.1109, 265.3279, -9.7693,  -475.4320, 279.6890, -6.9980,  0, 0, 0
L -475.4320, 279.6890, -6.9980,  -477.9575, 298.1580, -8.1336,  0, 0, 0
L -477.9575, 298.1580, -8.1336,  -476.4328, 312.2887, -5.3834,  0, 0, 0
L -476.4328, 312.2887, -5.3834,  -456.8578, 330.0902, -4.0418,  0, 0, 0
L -456.8578, 330.0902, -4.0418,  -447.3927, 334.9109, -7.9333,  0, 0, 0
L -447.3927, 334.9109, -7.9333,  -437.6189, 332.9317, -13.8776,  0, 0, 0
L -437.6189, 332.9317, -13.8776,  -440.8923, 318.3793, -8.7533,  0, 0, 0
L -440.8923, 318.3793, -8.7533,  -412.9463, 306.3265, -8.4289,  0, 0, 0
L -412.9463, 306.3265, -8.4289,  -389.6775, 299.0459, -10.1157,  0, 0, 0
L -389.6775, 299.0459, -10.1157,  -364.6027, 298.2911, -9.3753,  0, 0, 0
L -364.6027, 298.2911, -9.3753,  -354.1536, 296.1107, -7.9516,  0, 0, 0
L -354.1536, 296.1107, -7.9516,  -347.6956, 297.1015, -7.4980,  0, 0, 0
L -347.6956, 297.1015, -7.4980,  -339.3408, 305.6892, -9.7883,  0, 0, 0
L -339.3408, 305.6892, -9.7883,  -324.0914, 324.3759, -9.7329,  0, 0, 0
L -324.0914, 324.3759, -9.7329,  -315.9708, 334.7305, -11.1754,  0, 0, 0
L -315.9708, 334.7305, -11.1754,  -308.7010, 332.6348, -8.6747,  0, 0, 0
L -308.7010, 332.6348, -8.6747,  -293.1895, 334.1595, -11.6904,  0, 0, 0
L -293.1895, 334.1595, -11.6904,  -279.5349, 331.5201, -10.3560,  0, 0, 0
L -279.5349, 331.5201, -10.3560,  -271.3421, 318.1924, -21.1223,  0, 0, 0
L -271.3421, 318.1924, -21.1223,  -274.2076, 302.0910, -20.7044,  0, 0, 0
L -274.2076, 302.0910, -20.7044,  -285.9505, 293.8669, -18.5105,  0, 0, 0
L -285.9505, 293.8669, -18.5105,  -303.9090, 287.8430, -8.1103,  0, 0, 0
L -303.9090, 287.8430, -8.1103,  -318.1442, 278.6832, -4.7295,  0, 0, 0
L -318.1442, 278.6832, -4.7295,  -328.2208, 266.6157, -7.5138,  0, 0, 0
L -328.2208, 266.6157, -7.5138,  -334.2485, 253.7186, -6.6837,  0, 0, 0
L -334.2485, 253.7186, -6.6837,  -336.9146, 248.6649, -0.6023,  0, 0, 0
L -336.9146, 248.6649, -0.6023,  -338.3811, 225.0996, -5.2363,  0, 0, 0
L -338.3811, 225.0996, -5.2363,  -339.1112, 222.5703, -4.5965,  0, 0, 0
L -339.1112, 222.5703, -4.5965,  -335.6068, 207.3886, -6.1986,  0, 0, 0
L -335.6068, 207.3886, -6.1986,  -322.2296, 199.8616, -9.0306,  0, 0, 0
L -322.2296, 199.8616, -9.0306,  -312.6753, 193.6201, -9.4013,  0, 0, 0
L -312.6753, 193.6201, -9.4013,  -308.2215, 182.0304, -8.7205,  0, 0, 0
L -308.2215, 182.0304, -8.7205,  -304.1118, 173.0954, -11.2620,  0, 0, 0
L -304.1118, 173.0954, -11.2620,  -301.2356, 157.6852, -9.5380,  0, 0, 0
L -301.2356, 157.6852, -9.5380,  -283.1504, 136.8543, -15.7064,  0, 0, 0
L 289.4861, 850.0000, -65.6097,  289.4794, 781.7206, -67.7735,  255, 0, 255
L -703.6348, 639.2805, -65.6097,  -703.6348, 558.4903, -67.7735,  255, 0, 255
L 164.5745, -19.0988, 20.1298,  164.5761, 3.3548, 19.9256,  255, 0, 255
P 180.0000, -8.0000, 18.7784,  0, 127, 0,  3,  to_Theater_of_Eternity
P -703.6348, 639.2805, -13.9937,  0, 127, 0,  3,  to_Aureate_Covert
P 280.5536, 880.0000, -69.7907,  0, 0, 0,  1,  Map_by_Goodurden
P 282.9355, 850.0000, -71.0203,  0, 127, 0,  3,  to_The_Chambers_of_Puissance
P -703.6348, 740.0000, -13.9937,  127, 0, 0,  2,  Zone_Repop_Time:_00:17:45
