P -632.1682, 264.8459, -11.4076,  240, 0, 0,  2,  overseer
P -365.3031, 61.5624, -15.6621,  240, 0, 0,  2,  overseer*
P 241.5951, 440.4133, -71.1522,  240, 0, 0,  2,  Ma'Maie,_the_Nest_Mother
P 357.4854, 324.9452, -73.5287,  240, 0, 0,  2,  Ma'Maie
P -16.4787, 370.1812, -54.8792,  240, 0, 0,  2,  Ma'Maie
P -78.5462, -124.3673, 1.4216,  240, 0, 0,  2,  rancher
P 32.1988, -167.0221, 1.2618,  240, 0, 0,  2,  rancher
P 132.3513, 421.3550, -71.1246,  240, 0, 0,  2,  rancher
P -222.3948, -39.5801, -40.3423,  240, 0, 0,  2,  Tha'k_Rustae,_the_Butcher
P -351.5763, -47.8335, -37.6135,  240, 0, 0,  2,  Tha'k_Rustae
P -286.2573, -127.1047, -36.2547,  240, 0, 0,  2,  Tha'k_Rustae
P -626.6467, 406.7271, -9.9454,  240, 0, 0,  2,  viceroy
P -821.3046, 174.5776, -12.9304,  240, 0, 0,  2,  viceroy
P -1062.3113, 47.6787, -12.8405,  240, 0, 0,  2,  viceroy*
P -823.5161, -150.7750, -37.0096,  240, 0, 0,  2,  machinist
P -703.6287, -147.1834, -36.9522,  240, 0, 0,  2,  machinist
P -1063.3145, -129.0945, 7.7220,  240, 0, 0,  2,  machinist
P -463.5558, -149.9409, 5.7098,  240, 0, 0,  2,  trooper
P -640.1573, 358.1882, -7.7896,  240, 0, 0,  2,  trooper
P -527.2197, 51.6641, -12.6678,  240, 0, 0,  2,  trooper*
P 175.9432, 245.4638, -70.7270,  240, 0, 0,  2,  servitor
P -304.7127, 230.1498, -21.4306,  240, 0, 0,  2,  servitor
P 14.3358, 144.4042, 0.9356,  240, 0, 0,  2,  servitor
