P -1221.2273, -1612.4380, -12.5381,  0, 0, 0,  2,  Glitterine_(GS)
P -1237.5623, -1541.8440, -18.1167,  0, 0, 0,  2,  Orchidium_(GS)
P -1629.7898, -1033.6576, 147.8197,  0, 0, 0,  2,  Illiminaz_(GS)
P -1604.8224, -1017.7010, 137.2331,  0, 0, 0,  2,  Glitterine_(GS)
P -1361.9834, -1576.9462, -25.4444,  0, 0, 0,  2,  Illumiaz_(GS)
P -1640.1720, -1485.3239, -75.3352,  0, 0, 0,  2,  Illumiaz
P -1593.3340, -1759.8412, 21.4111,  0, 0, 0,  2,  Orchidium
P -1372.5380, -1794.1509, -29.5347,  0, 0, 0,  2,  Glitterine
P -1325.7255, -1783.9827, -43.4540,  0, 0, 0,  2,  Illumiaz
P -1232.8849, -1750.3257, 54.7473,  0, 0, 0,  2,  Orchidium
P -1198.2516, -1734.5071, 50.9639,  0, 0, 0,  2,  Glitterine
P -1191.8910, -1702.1067, 50.5589,  0, 0, 0,  2,  Orchidium
P -950.6008, -1560.9717, 50.5720,  0, 0, 0,  2,  Orchidium
P -881.5339, -1357.6077, 49.2092,  0, 0, 0,  2,  Orchidium
P -862.7679, -1344.7107, 47.5461,  0, 0, 0,  2,  Orchidium
P -747.1230, -1265.9927, 53.1024,  0, 0, 0,  2,  Orchidium
P 1069.7771, 1535.4734, 10.5084,  0, 0, 0,  2,  Pyreberries
P 584.7458, 285.9270, -12.4009,  0, 0, 127,  2,  Emrick_Flintkarst
P -1259.4806, 1643.9589, 1521.5978,  0, 0, 0,  2,  Magic_tree
P 1015.6515, -40.1771, 118.8598,  0, 0, 127,  2,  Martin
P 986.4474, 785.8857, -2.7747,  0, 0, 0,  2,  Pyreberries
P 827.4677, 325.3566, 1.3088,  0, 0, 0,  2,  Pyreberries
P 767.3990, 613.5031, 2.9700,  0, 0, 0,  2,  Pyreberries
P 679.9446, 779.7892, 3.1080,  0, 0, 0,  2,  Pyreberries
P 1137.9590, 1086.4751, 5.8319,  0, 0, 0,  2,  Pyroberries
P -670.1285, 544.2643, 359.3670,  0, 0, 0,  2,  Rockborns
P 1141.6476, -365.2101, 197.6151,  0, 0, 0,  2,  Stone_hands
