P 1049.4021, -333.3543, 194.2966,  240, 0, 0,  2,  Alloy_(worker(4)
P 319.6141, -669.7060, 130.8871,  240, 0, 0,  2,  Arcanaforged_(spiritforged_wizard(4)
P 1155.6963, -170.1870, 194.4601,  240, 0, 0,  2,  Ingot_(inspector(4)
P 1187.9755, 830.1788, 115.3649,  240, 0, 0,  2,  Valorforged_(spiritforged_warrior(4)
P -1357.2399, 1241.6077, 1001.7906,  240, 0, 0,  2,  Kindleheart_(rekindled(4)
P -1016.3336, 361.5269, 360.9954,  240, 0, 0,  2,  Terrastride_(summit(5)
P -1453.2699, -1554.1884, -85.4775,  240, 0, 0,  2,  Geomimus_(geolode(4)
P 364.2228, 291.2744, -6.3971,  240, 0, 0,  2,  Goliath_the_Frog_(forged(4)
P 1195.9175, 1255.3722, 5.5327,  240, 0, 0,  2,  Battleforged_(spiritforged_berserker(4)
P 925.1366, 1545.6608, 5.5002,  240, 0, 0,  3,  B
P 824.9778, 1510.6421, 5.4592,  240, 0, 0,  3,  B
P 886.8627, 1384.8158, 0.9419,  240, 0, 0,  2,  B_*
P 1252.7190, 836.9080, 116.2814,  240, 0, 0,  3,  V
P 1378.1204, 745.9587, 81.2860,  240, 0, 0,  3,  V_*
P 1353.1122, 626.5641, 76.6919,  240, 0, 0,  3,  V
P 401.6344, 341.2518, 10.3406,  240, 0, 0,  3,  G
P 319.3777, 297.7110, 7.5354,  240, 0, 0,  3,  G
P 275.4180, 168.8942, 9.3780,  240, 0, 0,  3,  G
P 214.3488, -853.7269, 112.1106,  240, 0, 0,  3,  A
P 138.1586, -840.8727, 112.1102,  240, 0, 0,  3,  A_*
P 46.8930, -739.6072, 129.8497,  240, 0, 0,  3,  A
P -1617.8495, -1649.4706, -27.7573,  240, 0, 0,  3,  G
P -1412.4137, -1662.8069, -66.2360,  240, 0, 0,  3,  G
P -1429.6454, -1761.5658, -15.3064,  240, 0, 0,  3,  G
P -1120.4408, 511.3734, 410.1150,  240, 0, 0,  3,  T_*
P -1214.3821, 647.9139, 471.8854,  240, 0, 0,  3,  T
P -1183.9773, 472.6567, 402.1843,  240, 0, 0,  3,  T_*
P -906.1965, 525.4370, 381.1096,  240, 0, 0,  3,  T
P -1336.8025, 1222.6946, 1001.3682,  240, 0, 0,  3,  K
P -1235.7753, 1106.9003, 978.9646,  240, 0, 0,  3,  K
P -1204.4690, 1160.8285, 973.6429,  240, 0, 0,  3,  K
