P -198.9222, -914.5170, -101.2142,  0, 0, 240,  2,  Captain_Orben(Q*)
P 22.8229, 807.1114, 8.7048,  0, 0, 240,  2,  Captain_Ashlan(Q*)Roam)
P -591.5035, 137.7359, -15.5739,  0, 0, 240,  2,  Bartender
P -283.4510, -594.4828, -139.0000,  0, 0, 240,  2,  Volunteer_Renlor(roam)
P 344.3043, 671.6579, -1.1328,  0, 0, 240,  2,  Winn_Greenbane
P 353.4395, 678.5234, -15.9681,  0, 0, 240,  2,  Dovik_Greenbane
P 370.8820, 677.1399, -16.3810,  0, 0, 240,  2,  Mardon_Smith(Merchant
P 264.4236, 392.8190, -16.2680,  0, 0, 240,  2,  Jovan(Q)roam)
P 227.9735, 428.8734, -16.2860,  0, 0, 240,  2,  Gublink_Furnhorn
P 220.5720, 446.8460, -13.9770,  0, 0, 240,  2,  Swiftfinger_"or"_Scar
P 226.3967, 458.7273, -16.2670,  0, 0, 240,  2,  Bartholemew(Merchant)
P -675.1916, 258.1191, 4.1355,  0, 0, 240,  2,  Dyn_Tarburner(Merchant)
P -610.5526, 161.4271, -17.2394,  0, 0, 240,  2,  Lyn_Tarburner(Merchant)
P -639.4598, 101.2031, -17.2399,  0, 0, 240,  2,  Alhareen_the_Just
P -166.2173, 100.5520, 31.3058,  0, 0, 240,  2,  Dalishea
P -174.3112, 82.3036, 31.3059,  0, 0, 240,  2,  Greth_Truksorn
P -193.7007, 100.5795, 31.3059,  0, 0, 240,  2,  Brenon
P -328.7069, -34.9840, 40.4639,  0, 0, 127,  2,  Anson_McBale(Rogue_Epic(Q)
P -615.5519, 106.2207, -17.2406,  0, 0, 127,  2,  a_shady_Highpass_citizen(Rogue_Epic)
P 583.5042, -442.7051, 19.3470,  0, 0, 240,  2,  Kaden_Gron
P 608.1078, -424.5842, 19.3470,  0, 0, 127,  2,  Prak(Q)
P 618.5034, -465.9436, 19.3450,  0, 0, 240,  2,  Breck_Damison
P 573.3867, -462.3453, 19.3300,  0, 0, 240,  2,  Crenn_Salbet
P 587.4899, -415.8625, 19.3470,  0, 0, 240,  2,  Lyla_Whistlewood
P 576.3029, -420.7370, 19.3470,  0, 0, 240,  2,  Tami_Whistlewood
P -586.1717, -207.3560, 37.4119,  0, 0, 240,  2,  Maigin_Greyeagle(Merchant)
P -581.1479, -231.2760, 40.1259,  0, 0, 240,  2,  Min_Greyeagle(Merchant)
P -621.1277, -239.9576, 38.3600,  0, 0, 240,  2,  Lylea
P -630.5181, -235.8743, 37.9906,  0, 0, 240,  2,  Falyn_Farreach
P -29.3019, 791.4279, 8.9870,  0, 0, 240,  2,  Captain_Ashlan(roam)
P -101.4012, 417.5328, -40.1647,  0, 0, 240,  2,  Wres_Corber
P -5.3677, 480.7853, -39.5212,  0, 0, 240,  2,  Dyona_Rossook(Tailoring_Merchant)
P 9.6919, 481.9200, -39.5210,  0, 0, 240,  2,  Sernn_Rossook(General_Merchant)
P 261.3690, 131.8890, -25.9360,  0, 0, 240,  2,  Commander_Tehafer(roam)
P 26.8973, 689.8387, -29.9569,  0, 0, 240,  2,  Volunteer_Delharn(roam)
P 153.8646, 482.6166, 15.4732,  0, 0, 240,  2,  Bryan_McGee
P 136.1471, 488.3304, 15.4732,  0, 0, 240,  2,  Beef
P 279.2880, 471.6268, 12.4733,  0, 0, 240,  2,  Paulina(Merchant)
P 575.2226, -473.5074, 19.3250,  0, 0, 240,  2,  Bartender(Merchant)
P 563.7101, -477.1680, 19.3360,  0, 0, 240,  2,  Bartender(Merchant)
P 638.3950, -459.8440, 40.4097,  0, 0, 240,  2,  Cordelia_Minster(Q)
P 547.4193, -427.2463, 19.3470,  0, 0, 240,  2,  Wres_Corber(roam)
P 589.7250, -525.6068, 11.3299,  0, 0, 240,  2,  Barn_Bloodstone
P 601.8469, -521.5085, 11.3008,  0, 0, 240,  2,  Mutt_Rootlit
P -317.9216, -33.3046, 43.8008,  0, 0, 240,  2,  Stanos_Herkanor(Q)Spawned)
P 33.6569, 199.9071, 13.3590,  0, 0, 240,  2,  Creq_Trinkem(Mi)
P 338.9902, 272.1161, -26.3580,  0, 0, 240,  2,  Guard_Draugdin(Mi)
