P 511.4141, -472.9530, 18.4954,  127, 64, 0,  3,  "Golden_Roosters"
P 283.1562, 575.3591, -26.3579,  127, 64, 0,  3,  "The_Lumberyard"
P 409.7574, 620.9841, -16.3580,  127, 64, 0,  3,  "Greenbane's_Weapons"
P 370.8521, 628.6014, -16.3228,  0, 0, 0,  2,  Forge
P -466.8682, 74.1205, -20.8444,  127, 64, 0,  3,  "Tiger's_Roar"
P -574.9850, 103.7310, -17.2394,  0, 0, 0,  1,  Brewing_Barrel
P -580.6122, 145.4198, -12.2436,  0, 0, 0,  1,  Oven
P -628.3360, -210.6855, 37.4924,  0, 0, 0,  2,  Kiln
P -633.2562, -174.1988, 37.4924,  127, 64, 0,  3,  "Top_of_the_World"
P 17.2887, 487.2803, -39.9724,  0, 0, 0,  2,  Forge
P -11.9364, 491.4941, -39.9024,  0, 0, 0,  2,  Pottery_Wheel
P 249.6896, 397.8181, -16.2700,  0, 0, 0,  2,  Brew_Barrel
P 193.1682, 490.2411, 15.4732,  0, 0, 0,  2,  Oven
P 232.8821, 479.6310, 12.4733,  0, 0, 0,  2,  Brew_Barrel
P -594.2278, -197.2462, 38.7905,  0, 0, 0,  1,  Pottery_Wheel
P -81.9373, -110.9510, 40.6878,  0, 0, 0,  2,  Kiln
P -95.9000, -25.6435, 40.7329,  0, 0, 0,  2,  Oven
P -35.5735, -16.5735, 40.7267,  0, 0, 0,  2,  Pottery_Wheel
P -319.4683, -102.3545, 40.7432,  0, 0, 0,  2,  Oven
P -343.9816, -131.4120, 40.7353,  0, 0, 0,  2,  Brewing_Barrel
P -603.9972, -233.8660, 46.6985,  103, 0, 255,  1,  Irresistible_Lure
P -585.5836, 268.3664, -16.1094,  0, 0, 0,  1,  Rod(Spoke_of_Tartons_Wheel_-_Geza)
P 96.9626, 93.6426, -24.8073,  0, 0, 127,  2,  Shumpi_Wimahnn(LDoN)
P -587.4869, -224.7352, 39.1751,  0, 127, 127,  2,  Barkeep_Eddrix_(24th)
P -113.8694, -796.2571, -100.4019,  0, 127, 127,  2,  Highpass_near_the_gnolls
P -85.0646, 903.5339, -29.8120,  0, 127, 127,  2,  Highpass_near_the_orcs
