P 3321.5127, -1938.1482, -132.5952,  240, 0, 0,  2,  Alleza
P 3840.6482, -2063.9468, -49.8581,  240, 0, 0,  2,  Alleza
P 3691.2278, -2387.5662, 12.9517,  240, 0, 0,  2,  Alleza
P 1968.2488, 408.4331, -20.5411,  240, 0, 0,  2,  Muji
P 1819.4480, 876.8455, -14.4230,  240, 0, 0,  2,  Muji
P 2030.4860, -517.3373, -3.4723,  240, 0, 0,  2,  Muji
P 3340.1570, -2139.8018, -160.5740,  240, 0, 0,  2,  Riptide*
P 3357.9810, -1717.5896, -152.1783,  240, 0, 0,  2,  Riptide*
P 3694.7876, -1874.3069, -174.9565,  240, 0, 0,  2,  Riptide
P 3279.1570, -2686.1370, 134.9122,  240, 0, 0,  2,  First_Stormer*
P 3414.3240, -1936.6908, 4.8700,  240, 0, 0,  2,  First_Stormer
P 3570.4131, -2761.9529, 123.4779,  240, 0, 0,  2,  First_Stormer*
P 1510.9507, -1543.9054, 521.6498,  240, 0, 0,  2,  First_Raider
P 1030.3097, -1978.1382, 401.9750,  240, 0, 0,  2,  First_Raider
P 1767.6421, -1169.2759, 507.6729,  240, 0, 0,  2,  First_Raider
P -53.5140, 118.7836, -8.9291,  240, 0, 0,  2,  First_Scout
P 128.5625, 133.4713, -8.8559,  240, 0, 0,  2,  First_Scout
P 28.8689, 330.2644, -8.2789,  240, 0, 0,  2,  First_Scout*
P -2190.7593, 1273.5232, 561.3682,  240, 0, 0,  2,  Ephialtes
P -2329.9412, 1672.6792, 654.2997,  240, 0, 0,  2,  Ephialtes
P -1900.6681, 1660.5342, 559.6073,  240, 0, 0,  2,  Ephialtes
P 3726.3245, -2140.5435, -15.2382,  240, 0, 0,  2,  First_Soldier
P 3720.4888, -2214.7393, -11.8398,  240, 0, 0,  2,  First_Soldier
P 3501.3672, -2150.9297, -23.2739,  240, 0, 0,  2,  First_Soldier
P -853.4637, -1157.7262, 279.9755,  240, 0, 0,  2,  Queseris_Trisleth
P 312.4243, -897.9693, 280.4184,  240, 0, 0,  2,  Queseris
P 327.2137, -922.5290, 280.4144,  240, 0, 0,  2,  Queseris
P -901.6144, -3221.6199, 591.8935,  240, 0, 0,  2,  Elewisa_the_Oathbound
P -871.4067, -3154.4358, 583.6757,  240, 0, 0,  2,  Elewisa
P -1093.3058, -3209.1089, 579.9509,  240, 0, 0,  2,  Elewisa
