P 2700.2366, -113.9239, -111.7475,  0, 0, 240,  2,  Karina_Stalis_(R)
P -2362.5862, -1822.3938, 479.7391,  0, 0, 240,  2,  Sergeant_Malachi_(Q)
P -2297.6968, -1872.3158, 479.7221,  0, 0, 240,  2,  Captain_Teiya_(Q)
P -2077.7361, -1752.1331, 456.7130,  0, 0, 240,  2,  Raid_Merchant
P -2074.4949, -1466.4236, 456.1727,  0, 0, 240,  2,  Group_Merchant
P -2330.3052, -1193.4883, 463.2290,  0, 0, 240,  2,  Crystalwing_merchant
P -2383.9246, -1131.7421, 463.4935,  0, 0, 240,  2,  Slodhe_Svenson
P -2274.7078, -1292.0125, 461.6092,  0, 0, 240,  2,  Teleport_Spells
P -2295.3047, -1327.1874, 462.0852,  0, 0, 240,  2,  Caster_Augs
P -2325.0667, -1342.1941, 461.7418,  0, 0, 240,  2,  Progressive_Spells
P -2365.8274, -1341.2842, 462.2333,  0, 0, 240,  2,  Melee_&_Hybrid_Spells
P -2421.2815, -1273.3136, 462.2841,  0, 0, 240,  2,  Priest_Spells
P -2373.0203, -1195.7559, 462.1638,  0, 0, 240,  2,  Caster_Spells
P 1589.0000, 2417.0000, -84.4881,  0, 0, 0,  1,  Succor
