P 2999.1028, -273.9089, -118.3327,  0, 0, 127,  2,  Veronica_Dasknell
P -334.2158, -2296.8389, 343.7694,  0, 0, 0,  2,  Clearcut
P -1054.7544, -3119.9744, 570.9437,  0, 0, 0,  2,  Undead
P -507.5479, 2157.3816, 502.5600,  127, 64, 0,  2,  Mu'Lin_Tower
P -479.1145, 2143.9783, 499.2556,  0, 0, 127,  2,  Arcanist_Aunrae_V'Len
P -2323.4917, -1804.5171, 481.8593,  127, 64, 0,  2,  Wyrmqueen's_Ridge
P -1963.8604, 1434.4137, 560.9600,  127, 64, 0,  2,  Mysterious_Towers_of_Noctis
P -1578.9773, -1342.7743, 468.7330,  0, 0, 0,  2,  a_viewing_device
P -2293.5779, 1418.9429, 654.2269,  127, 64, 0,  2,  Clue_2_(2nd_floor)
P -2193.6631, 1884.1692, 654.1774,  127, 64, 0,  2,  Clue_1_(2nd_floor)
P -2304.1143, 1853.8495, 560.8777,  127, 64, 0,  2,  Clue_3
P -372.8432, 316.2119, 25.2602,  127, 0, 0,  2,  a_scalewrought_transport
P 30.7134, 139.3565, -8.8384,  127, 64, 0,  2,  Hodstock_Village
P 1486.1757, -1289.4009, 458.8471,  127, 64, 0,  2,  Bobble-by-Water
P 23.7545, -16.7661, -8.8460,  0, 0, 0,  2,  (GS)_Broken_Fence
P 65.5049, 354.5244, -8.6119,  0, 0, 0,  2,  (GS)_Broken_Fence
P 3524.5010, -2088.3616, -34.3106,  127, 64, 0,  2,  Shark_Island
P -2271.6597, -1862.8947, 481.3120,  0, 0, 127,  2,  Emli_Widgetton
P 109.2108, 227.8306, -8.7240,  0, 0, 127,  2,  Bucktooth_XXVI_/clap
P 308.3824, -1341.4003, 309.3032,  0, 0, 127,  2,  Norlan_Prellmoss
P 2963.6858, -315.8124, -116.2770,  0, 0, 127,  2,  Sergeant_Osgoog
P -1576.8655, -1290.8086, 468.7952,  0, 0, 127,  2,  Venush_the_Greenblood
P -1585.3667, -1391.3467, 468.3493,  0, 0, 127,  2,  Keikolin_the_Enlightened
P -1845.3766, -1221.5785, 439.6290,  0, 0, 127,  2,  Revol_Aleslay
P -1725.9054, -1489.2289, 439.3009,  0, 0, 127,  2,  Olmnoth
P -1872.6637, -1846.6908, 503.1580,  0, 0, 127,  2,  Harla_Dar
P -2149.3108, -1608.2942, 456.2696,  0, 0, 127,  2,  Councilmember_Lizzrel
P -2157.9502, -1596.4518, 456.2663,  0, 0, 127,  2,  Councilmember_Myjinn
P -1736.6310, -1234.4220, 438.5402,  0, 0, 127,  2,  Efiren_Soltai
P -2142.9014, 174.5456, 397.9037,  0, 0, 0,  2,  Hawks
P -2534.7952, -883.3867, 492.5258,  0, 0, 127,  2,  Silverwing
P -1640.0084, 361.1627, 165.3940,  127, 64, 0,  2,  Forest_of_the_Sinew
P 2833.4998, -170.2845, -101.6949,  127, 64, 0,  2,  Temby
