L -118.7818, 10.2674, -32.6379,  -118.9492, -12.4530, -32.6379,  255, 0, 255
L 1631.4108, 962.2516, -175.1985,  1631.5602, 957.6304, -174.8994,  255, 0, 255
L 1630.9153, 962.7483, -175.6959,  1627.4031, 966.6096, -177.3525,  255, 0, 255
L 1640.3577, 949.3040, -176.5878,  1630.6482, 957.4709, -174.9863,  255, 0, 255
L 1640.3605, 949.3049, -176.5851,  1640.3589, 949.3044, -176.5866,  0, 0, 0
L 1649.1371, 950.4980, -177.5406,  1640.3605, 949.3049, -176.5851,  255, 0, 255
L 1651.8085, 958.9193, -175.1640,  1649.1498, 950.5348, -177.4054,  255, 0, 255
L 1654.3152, 963.9568, -177.5692,  1651.8611, 958.9003, -175.1737,  255, 0, 255
L 1656.4181, 976.1556, -177.4295,  1654.3152, 963.9568, -177.5692,  255, 0, 255
L 1656.3406, 976.4593, -177.4214,  1651.3300, 985.4818, -177.3558,  255, 0, 255
L 1647.4539, 988.1332, -177.3162,  1653.7472, 983.6603, -177.3828,  255, 0, 255
L 1639.6178, 989.9054, -177.3958,  1647.4037, 988.1468, -177.3143,  255, 0, 255
L 1628.5597, 985.8758, -177.5759,  1639.6177, 989.9054, -177.3959,  255, 0, 255
L 1626.5906, 978.3912, -177.4748,  1628.5597, 985.8758, -177.5759,  255, 0, 255
L 1627.4269, 966.2361, -177.3636,  1626.5905, 978.3895, -177.4748,  255, 0, 255
L -253.6223, -472.3170, -39.5921,  -253.6220, -354.7173, -39.5923,  0, 0, 0
L -253.6227, -476.5203, -39.5921,  37.5360, -476.5079, -39.5921,  0, 0, 0
L 37.5360, -476.5079, -39.5921,  256.1037, -500.4642, -39.5921,  0, 0, 0
L 256.1041, -500.4743, -39.5921,  256.4890, -140.8420, -39.5921,  0, 0, 0
L 256.1510, -140.8400, -39.5921,  183.4336, -140.1297, -39.5921,  0, 0, 0
L 183.4336, -140.1297, -39.5921,  182.7609, -46.2233, -39.5921,  0, 0, 0
L 182.7609, -46.2233, -39.5921,  110.4043, -46.2051, -39.5921,  0, 0, 0
L 110.4043, -46.2051, -39.5921,  110.4343, -49.2764, -39.5921,  0, 0, 0
L 110.4347, -49.3128, -39.5921,  86.3941, -49.7561, -39.5921,  0, 0, 0
L 86.3941, -49.7561, -39.5921,  88.4273, -28.6683, -39.5921,  0, 0, 0
L 88.4273, -28.6683, -39.5921,  196.3555, -31.2186, -70.6690,  0, 0, 0
L 196.3555, -31.2186, -70.6690,  197.7709, -125.8020, -87.9219,  0, 0, 0
L 197.7709, -125.8020, -87.9219,  330.3872, -125.8300, -105.6902,  0, 0, 0
L 330.8926, -123.5444, -105.6902,  488.9572, -123.6432, -105.6902,  0, 0, 0
L 488.9572, -123.6432, -105.6902,  627.7400, -121.9851, -105.6902,  0, 0, 0
L 627.7400, -121.9851, -105.6902,  774.8387, -123.6414, -105.6902,  0, 0, 0
L 774.8387, -123.6414, -105.6902,  906.7921, -127.2557, -105.6902,  0, 0, 0
L 906.7921, -127.2557, -105.6902,  905.3970, -24.5628, -105.6902,  0, 0, 0
L 905.3970, -24.5628, -105.6902,  1000.4655, -26.2396, -65.9010,  0, 0, 0
L 1000.4655, -26.2396, -65.9010,  1012.9806, -26.2672, -65.6073,  0, 0, 0
L 1013.3539, -26.2681, -65.6073,  1011.1563, -46.2426, -65.3686,  0, 0, 0
L 1011.1563, -46.2426, -65.3686,  1040.3788, -84.7489, -65.3735,  0, 0, 0
L 1040.3788, -84.7489, -65.3735,  1059.6454, -125.3344, -65.3241,  0, 0, 0
L 1059.7708, -125.4329, -65.3242,  1097.8501, -164.3514, -65.3810,  0, 0, 0
L 1097.8501, -164.3516, -65.3810,  1133.6703, -207.5600, -65.3128,  0, 0, 0
L 1133.7168, -207.7280, -65.3130,  1176.2981, -250.6542, -65.1107,  0, 0, 0
L 1176.8289, -250.9140, -65.1295,  1248.9507, -262.4241, -65.4476,  0, 0, 0
L 1248.9568, -262.4243, -65.4478,  1244.9705, -279.1524, -65.2105,  0, 0, 0
L 1244.9705, -279.1524, -65.2105,  1264.9075, -279.2146, -65.6238,  0, 0, 0
L 1264.9075, -279.2146, -65.6238,  1263.7732, -384.4309, -105.6330,  0, 0, 0
L 1263.7732, -384.4350, -105.6330,  1189.6084, -383.5307, -105.6470,  0, 0, 0
L 1189.6049, -383.5321, -105.6470,  1094.7736, -448.3835, -130.2099,  0, 0, 0
L 1094.6945, -448.4377, -130.2099,  1010.9185, -578.2201, -144.3229,  0, 0, 0
L 1010.9185, -578.2201, -144.3229,  1005.6980, -633.6357, -144.3137,  0, 0, 0
L 1005.6980, -633.6357, -144.3137,  998.1884, -636.3044, -144.2925,  0, 0, 0
L 998.1866, -636.3046, -144.2925,  982.1550, -635.2830, -144.3069,  0, 0, 0
L 981.9818, -635.2826, -144.3069,  991.6100, -563.4899, -144.3045,  0, 0, 0
L 991.6100, -563.4899, -144.3044,  1088.4224, -426.3460, -149.1928,  0, 0, 0
L 1088.4224, -426.3460, -149.1928,  1196.3661, -364.8441, -111.2450,  0, 0, 0
L 1196.3661, -364.8441, -111.2450,  1242.8019, -364.8865, -106.7176,  0, 0, 0
L 1242.8019, -364.8865, -106.7176,  1245.7853, -301.1259, -72.8833,  0, 0, 0
L 1245.7853, -301.1259, -72.8833,  1242.7239, -281.1843, -65.1303,  0, 0, 0
L 1242.7239, -281.1843, -65.1303,  1175.5149, -272.7382, -65.1012,  0, 0, 0
L 1175.3837, -272.7312, -65.9640,  1056.9867, -151.3892, -65.1090,  0, 0, 0
L 1056.7378, -151.1833, -65.1090,  1020.4659, -103.4514, -65.1381,  0, 0, 0
L 990.5140, -46.6411, -65.3508,  929.1077, -44.2665, -105.6642,  0, 0, 0
L 990.5140, -46.6411, -70.3979,  1020.4659, -103.4514, -65.1277,  0, 0, 0
L 929.9820, -44.2896, -105.6672,  925.5607, -123.5165, -119.1898,  0, 0, 0
L 925.5607, -123.5083, -119.1877,  927.8173, -148.8188, -121.8502,  0, 0, 0
L 927.8173, -148.8188, -121.8502,  768.6240, -145.6355, -144.3045,  0, 0, 0
L 768.4891, -145.6357, -144.3045,  715.3520, -143.8885, -143.6785,  0, 0, 0
L 715.3390, -143.8885, -143.6783,  716.1594, 140.5689, -143.1122,  0, 0, 0
L 716.8396, 143.6447, -143.1508,  774.9719, 145.3122, -143.7736,  0, 0, 0
L 775.2930, 145.3121, -143.7741,  889.8668, 141.9367, -140.7588,  0, 0, 0
L 889.9510, 141.9363, -140.7578,  930.1625, 141.2324, -120.5906,  0, 0, 0
L 930.1625, 141.2324, -120.5906,  925.5590, 46.9001, -106.2801,  0, 0, 0
L 925.5590, 46.9001, -106.2801,  989.3196, 43.9202, -71.5824,  0, 0, 0
L 989.3196, 43.9202, -71.5824,  1007.5284, 46.8903, -65.1788,  0, 0, 0
L 1007.5284, 46.8903, -65.1788,  1010.4000, 91.9949, -65.1252,  0, 0, 0
L 1010.4500, 92.5200, -65.1251,  1041.4319, 148.8919, -65.7810,  0, 0, 0
L 1042.6459, 150.7830, -65.1770,  1095.5009, 200.1698, -65.1702,  0, 0, 0
L 1095.5204, 200.1922, -65.1701,  1158.1969, 252.9228, -65.9900,  0, 0, 0
L 1148.4806, 248.1140, -65.5750,  1242.8788, 283.1438, -65.3631,  0, 0, 0
L 1242.8788, 283.1438, -65.3631,  1245.8030, 361.8822, -105.5660,  0, 0, 0
L 1245.8030, 361.8822, -105.5660,  1218.6376, 365.4392, -109.4800,  0, 0, 0
L 1218.6476, 363.8786, -108.5083,  1197.2721, 362.9140, -111.3480,  0, 0, 0
L 1197.2721, 362.9140, -111.3480,  1070.8313, 420.6501, -145.3078,  0, 0, 0
L 1070.7477, 420.6883, -145.3004,  910.6150, 466.2386, -143.7922,  0, 0, 0
L 909.9077, 466.2789, -143.7922,  770.4238, 529.1120, -143.7922,  0, 0, 0
L 770.4193, 529.9900, -143.7922,  755.5236, 541.9124, -143.7922,  0, 0, 0
L 755.5503, 541.8794, -143.7922,  667.1979, 642.1117, -143.7922,  0, 0, 0
L 667.1775, 642.1348, -143.7922,  656.4529, 654.8917, -143.1921,  0, 0, 0
L 656.4529, 654.8917, -143.1919,  644.7250, 741.5389, -143.7389,  0, 0, 0
L 644.7250, 741.5389, -143.7281,  632.4319, 787.2563, -143.5800,  0, 0, 0
L 632.4319, 787.2563, -143.5800,  652.7483, 790.1733, -143.6557,  0, 0, 0
L 652.7483, 790.1733, -143.6557,  671.9655, 668.7294, -144.4800,  0, 0, 0
L 672.2364, 668.8038, -144.4800,  771.4348, 555.2676, -140.3334,  0, 0, 0
L 771.4375, 555.2663, -140.3332,  926.6273, 484.5948, -131.5689,  0, 0, 0
L 926.7812, 484.5536, -131.5689,  1072.1991, 444.2277, -122.6667,  0, 0, 0
L 1072.2262, 444.2144, -122.6667,  1207.2837, 384.3690, -105.6221,  0, 0, 0
L 1207.2876, 384.3680, -105.6221,  1262.5679, 384.1573, -105.6340,  0, 0, 0
L 1262.5645, 384.1603, -105.6338,  1263.7920, 281.7810, -65.6069,  0, 0, 0
L 1263.7920, 281.7810, -65.4475,  1168.8162, 238.9615, -65.2964,  0, 0, 0
L 1168.8162, 238.9615, -65.2964,  1040.7134, 118.7603, -65.1090,  0, 0, 0
L 1040.7094, 118.7554, -65.1090,  1011.2617, 42.8462, -65.3139,  0, 0, 0
L 1011.2617, 42.8462, -65.3139,  1011.2844, 25.6967, -65.6020,  0, 0, 0
L 1011.2844, 25.6963, -65.6019,  998.7082, 25.9371, -65.2500,  0, 0, 0
L 998.6906, 25.9369, -65.2500,  908.9116, 25.9497, -105.6902,  0, 0, 0
L 907.4651, 25.9353, -105.6902,  910.5682, 123.3679, -105.6902,  0, 0, 0
L 910.5682, 123.3679, -105.6902,  283.8471, 124.6820, -105.6902,  0, 0, 0
L 283.8453, 124.6818, -105.6902,  197.7709, 124.8319, -87.9219,  0, 0, 0
L 197.7709, 124.8319, -87.9219,  198.4728, 31.9856, -70.6690,  0, 0, 0
L 198.4728, 31.9856, -70.6690,  105.9341, 27.3265, -39.5921,  0, 0, 0
L 105.9039, 27.3367, -39.5921,  85.1972, 27.4970, -39.5921,  0, 0, 0
L 85.1972, 27.4970, -39.5921,  88.4264, 51.1796, -39.5921,  0, 0, 0
L 88.4264, 51.1796, -39.5921,  182.7575, 45.9136, -39.5921,  0, 0, 0
L 182.7575, 45.9136, -39.5921,  182.7779, 141.7459, -39.5921,  0, 0, 0
L 182.7778, 141.7627, -39.5921,  256.6250, 139.7926, -39.5921,  0, 0, 0
L 256.6250, 139.7926, -39.5921,  256.1037, 500.1782, -39.5921,  0, 0, 0
L 256.1037, 500.1782, -39.5921,  166.6255, 496.8045, -39.5921,  0, 0, 0
L 166.5004, 496.8048, -39.5921,  -249.6526, 479.2284, -39.5921,  0, 0, 0
L -249.6526, 479.2284, -39.5921,  -253.6937, 353.8962, -39.5925,  0, 0, 0
L -253.6937, 353.8962, -39.5925,  -228.6060, 353.9381, -39.1809,  0, 0, 0
L -228.6054, 353.9381, -39.1807,  -228.1137, 258.4866, -38.5416,  0, 0, 0
L -215.5175, 239.7144, -38.6246,  -194.7538, 224.9653, -38.5033,  0, 0, 0
L -194.7538, 224.9653, -38.5033,  -177.5780, 206.7196, -38.1310,  0, 0, 0
L -177.5775, 206.7786, -38.1296,  -177.5926, 184.3115, -38.8290,  0, 0, 0
L -177.5926, 184.3115, -38.8290,  -194.7570, 162.7986, -38.5953,  0, 0, 0
L -194.7552, 162.3841, -38.5852,  -197.3323, 153.8915, -38.2916,  0, 0, 0
L -197.3323, 153.8915, -38.2916,  -215.6131, 154.1134, -38.3609,  0, 0, 0
L -215.6131, 154.1134, -38.3609,  -197.3323, 153.8915, -38.2916,  0, 0, 0
L -197.3323, 153.8915, -38.2916,  -215.6134, 154.1754, -38.3676,  0, 0, 0
L -215.6134, 154.1754, -38.3676,  -215.5986, 125.7032, -35.9560,  0, 0, 0
L -215.5986, 125.7032, -35.9560,  -198.5292, 125.7438, -36.2342,  0, 0, 0
L -198.5292, 125.7438, -36.2342,  -192.3881, 106.9522, -35.8290,  0, 0, 0
L -192.3881, 106.9522, -35.8290,  -185.9849, 106.9565, -35.2901,  0, 0, 0
L -183.6494, 106.9703, -35.2670,  -184.1954, 74.6774, -32.6379,  0, 0, 0
L -184.1954, 74.6774, -32.6379,  -151.3542, 79.2078, -32.6379,  0, 0, 0
L -151.1295, 79.2074, -32.6379,  -119.4089, 73.4262, -32.6379,  0, 0, 0
L -119.2990, 73.2272, -32.6379,  -118.6106, 43.5827, -32.6379,  0, 0, 0
L -118.6106, 43.5827, -32.6379,  -111.9368, 43.5600, -32.6540,  0, 0, 0
L -111.9368, 43.5600, -32.6540,  -112.7913, 31.3764, -32.6469,  0, 0, 0
L -112.7909, 31.3419, -32.6469,  -118.5811, 33.5161, -32.6379,  0, 0, 0
L -118.5811, 33.5161, -32.6379,  -118.4610, -33.9724, -32.6379,  0, 0, 0
L -118.3150, -33.9722, -32.6379,  -114.2082, -33.9635, -32.6379,  0, 0, 0
L -113.1490, -47.3738, -32.6441,  -118.5935, -50.6634, -32.6379,  0, 0, 0
L -118.5935, -50.6634, -32.6379,  -118.6333, -75.9535, -32.6379,  0, 0, 0
L -118.6333, -75.9583, -32.6379,  -148.4454, -73.8793, -32.6379,  0, 0, 0
L -148.4454, -73.8793, -32.6379,  -148.4130, -81.3870, -32.6379,  0, 0, 0
L -148.4130, -81.3970, -32.6379,  -184.3634, -75.1521, -32.6379,  0, 0, 0
L -184.3634, -75.1521, -32.6379,  -184.3566, -108.5507, -35.1062,  0, 0, 0
L -184.3566, -108.5528, -35.1067,  -203.1108, -107.4144, -34.1798,  0, 0, 0
L -203.1108, -107.4144, -34.1798,  -205.4713, -126.3931, -36.4800,  0, 0, 0
L -205.4754, -126.3863, -36.3700,  -215.6135, -126.1884, -35.9647,  0, 0, 0
L -215.6135, -126.1884, -35.9647,  -215.5658, -154.6488, -38.3766,  0, 0, 0
L -215.5658, -154.6488, -38.3766,  -197.1855, -154.4913, -38.3128,  0, 0, 0
L -194.7831, -175.2849, -38.6244,  -177.8392, -185.1708, -38.1000,  0, 0, 0
L -177.5526, -209.6793, -38.9120,  -192.7719, -225.7224, -38.3853,  0, 0, 0
L -194.7543, -232.4575, -38.5048,  -194.7839, -236.9996, -38.5048,  0, 0, 0
L -194.7839, -236.9996, -38.5048,  -206.7881, -240.1748, -38.6244,  0, 0, 0
L -206.7881, -240.1748, -38.6244,  -215.2572, -258.8999, -38.1803,  0, 0, 0
L -215.2572, -258.8999, -38.1803,  -228.1132, -260.3915, -38.5416,  0, 0, 0
L -228.1132, -260.3915, -38.5416,  -228.1142, -293.1603, -38.5407,  0, 0, 0
L -228.1142, -293.1603, -38.5407,  -228.1084, -328.2390, -39.2721,  0, 0, 0
L -253.5271, -354.7121, -39.5921,  -228.9036, -354.7447, -39.1858,  0, 0, 0
L -228.8860, -354.7447, -39.1850,  -228.1144, -302.7515, -38.6328,  0, 0, 0
L -194.7555, -234.6629, -38.5033,  -186.6297, -219.5807, -38.2984,  0, 0, 0
L -177.8130, -209.6967, -38.1011,  -177.6360, -184.5217, -38.8230,  0, 0, 0
L -194.5141, -175.3043, -38.6246,  -198.5583, -154.6682, -38.3793,  0, 0, 0
L -113.6542, -46.4324, -32.6398,  -114.6289, -33.9654, -32.6379,  0, 0, 0
L -188.6478, 106.9596, -35.2207,  -183.7909, 106.5734, -35.2374,  0, 0, 0
L -215.2515, 239.7343, -38.6246,  -213.9478, 257.7004, -38.1435,  0, 0, 0
L -213.9478, 257.7004, -38.1435,  -228.1091, 258.4658, -38.5405,  0, 0, 0
L 234.5006, -78.1349, -87.9219,  235.8401, -34.1786, -70.6690,  0, 0, 0
L 235.8401, -34.1781, -70.6690,  235.4001, 33.3639, -70.6690,  0, 0, 0
L 235.3916, 33.3177, -70.6690,  235.8443, 79.7245, -87.9219,  0, 0, 0
L 235.8443, 79.7245, -87.9219,  291.6609, 78.6332, -105.6902,  0, 0, 0
L 291.6703, 78.6330, -105.6902,  290.4411, -79.7847, -105.6902,  0, 0, 0
L 290.4411, -79.8157, -105.6902,  234.5006, -78.1349, -87.9219,  0, 0, 0
L 1316.5430, -279.3822, -65.6287,  1334.5896, -275.7783, -65.4060,  0, 0, 0
L 1334.5896, -275.7783, -65.4060,  1335.2621, -268.4021, -65.3907,  0, 0, 0
L 1335.2621, -268.4019, -65.3907,  1443.9087, -209.7315, -65.1090,  0, 0, 0
L 1443.9181, -209.7212, -65.1090,  1505.2848, -154.7588, -65.2660,  0, 0, 0
L 1505.2936, -154.7496, -65.2660,  1544.4828, -111.6587, -65.1808,  0, 0, 0
L 1544.4839, -111.6518, -65.1811,  1555.2847, -55.3665, -65.2176,  0, 0, 0
L 1555.3373, -54.4084, -65.2070,  1558.6250, -43.8096, -65.3601,  0, 0, 0
L 1558.6250, -43.8096, -65.3601,  1570.4657, -45.5319, -65.2065,  0, 0, 0
L 1570.4657, -45.5319, -65.2065,  1570.4855, -23.9922, -65.6238,  0, 0, 0
L 1570.4855, -23.9917, -65.6238,  1673.1476, -26.3233, -105.6343,  0, 0, 0
L 1673.1476, -26.3233, -105.6343,  1674.7759, -85.9720, -105.6561,  0, 0, 0
L 1674.7759, -85.9720, -105.6560,  1683.4369, -189.2761, -130.4889,  0, 0, 0
L 1767.4242, -306.7916, -147.7264,  1683.4611, -189.8197, -130.5621,  0, 0, 0
L 1766.6377, -305.2746, -147.7263,  1914.4192, -397.8627, -166.8418,  0, 0, 0
L 1914.4275, -397.8677, -166.8445,  2085.3511, -458.8826, -192.5262,  0, 0, 0
L 2085.3511, -458.8826, -192.5262,  2156.3489, -593.7018, -192.4847,  0, 0, 0
L 2282.4490, -688.6476, -235.2652,  2156.3733, -594.2992, -192.4847,  0, 0, 0
L 2281.9417, -688.2790, -235.2863,  2269.3467, -706.8278, -233.1818,  0, 0, 0
L 2269.3467, -706.8278, -233.1818,  2138.6780, -608.9556, -217.8806,  0, 0, 0
L 2070.1641, -477.5305, -204.3000,  2140.1580, -610.3451, -218.3064,  0, 0, 0
L 2068.7588, -476.3016, -204.3180,  1896.2249, -412.6813, -193.7091,  0, 0, 0
L 1896.9690, -412.6080, -193.7091,  1752.7383, -324.9594, -185.2270,  0, 0, 0
L 1752.7383, -324.9594, -184.5043,  1661.5839, -191.6819, -164.6699,  0, 0, 0
L 1661.5839, -191.6819, -164.6699,  1656.7742, -98.2562, -111.7309,  0, 0, 0
L 1656.7720, -98.2425, -111.7218,  1656.2039, -47.3061, -106.9873,  0, 0, 0
L 1656.2039, -47.3061, -106.9873,  1575.5048, -47.2918, -66.3328,  0, 0, 0
L 1575.5044, -47.2918, -66.3325,  1536.8241, -152.8831, -65.4080,  0, 0, 0
L 1536.8180, -152.8908, -65.4080,  1430.4883, -250.1860, -65.4980,  0, 0, 0
L 1430.4850, -250.1893, -65.4980,  1365.1602, -278.4352, -65.1090,  0, 0, 0
L 1365.1602, -278.4352, -65.1090,  1336.8798, -285.5427, -65.3576,  0, 0, 0
L 1336.8798, -285.5427, -65.3576,  1333.9965, -361.3484, -107.3387,  0, 0, 0
L 1333.9965, -361.3484, -107.3385,  1384.9219, -361.7011, -118.4556,  0, 0, 0
L 1384.9219, -361.7011, -118.4556,  1372.6216, -459.5967, -144.8473,  0, 0, 0
L 1372.6216, -459.5967, -144.8473,  1352.9961, -458.5837, -141.3247,  0, 0, 0
L 1352.9961, -458.5837, -141.3246,  1209.7444, -458.6390, -145.1564,  0, 0, 0
L 1209.7444, -458.6390, -145.1564,  1147.5232, -503.5914, -167.8310,  0, 0, 0
L 1147.4037, -503.6741, -167.1177,  1074.9679, -601.3959, -182.4476,  0, 0, 0
L 1074.7809, -601.4278, -182.4423,  1073.1907, -723.7870, -181.6139,  0, 0, 0
L 1073.1973, -723.9330, -181.6152,  1144.6167, -826.8304, -177.9378,  0, 0, 0
L 1144.7970, -826.8332, -177.9382,  1308.7980, -852.4977, -193.7091,  0, 0, 0
L 1308.7980, -852.4977, -193.7091,  1302.3937, -875.8917, -193.7195,  0, 0, 0
L 1302.3932, -875.8929, -193.7195,  1130.8174, -848.5710, -144.2501,  0, 0, 0
L 1130.8169, -848.5712, -144.2501,  1049.8649, -725.1662, -144.2941,  0, 0, 0
L 1049.8649, -725.1662, -144.2941,  1058.5540, -581.8329, -143.9789,  0, 0, 0
L 1058.5751, -581.3480, -143.9670,  1134.5984, -485.8025, -130.2033,  0, 0, 0
L 1134.6753, -485.7474, -130.2033,  1211.4933, -434.1195, -105.6521,  0, 0, 0
L 1211.4948, -434.1234, -105.6521,  1350.6918, -440.2153, -105.6246,  0, 0, 0
L 1350.6918, -440.2153, -105.6246,  1363.6720, -383.4907, -105.5986,  0, 0, 0
L 1363.6720, -383.4907, -105.5986,  1315.1178, -382.4551, -105.6173,  0, 0, 0
L 1315.1167, -382.4547, -105.6173,  1315.9352, -280.4790, -65.6290,  0, 0, 0
L 1578.8694, 26.1783, -65.6276,  1674.4401, 26.2153, -105.6217,  0, 0, 0
L 1674.4401, 26.2153, -105.6217,  1673.8506, 71.3717, -105.6046,  0, 0, 0
L 1673.8506, 71.3717, -105.6046,  1728.9994, 58.9718, -105.6263,  0, 0, 0
L 1727.5590, 64.7702, -105.6257,  1728.1924, -80.9155, -105.6529,  0, 0, 0
L 1728.1923, -80.9161, -105.6529,  1736.6327, -179.6512, -130.6494,  0, 0, 0
L 1736.6327, -179.6516, -130.6494,  1808.3440, -284.9091, -147.9402,  0, 0, 0
L 1808.3450, -284.9110, -147.9406,  1934.4330, -358.7705, -166.7310,  0, 0, 0
L 1934.5636, -358.8444, -166.7726,  2099.7581, -418.5654, -192.4533,  0, 0, 0
L 2099.7581, -418.5654, -192.4533,  2148.5525, -279.7000, -235.5540,  0, 0, 0
L 2148.5525, -279.7000, -235.5530,  2127.5396, -272.8333, -235.2567,  0, 0, 0
L 2127.5396, -272.8333, -235.2567,  2089.3328, -392.1469, -219.3813,  0, 0, 0
L 2089.3328, -392.1469, -219.3813,  1943.2144, -342.4109, -204.5086,  0, 0, 0
L 1943.2144, -342.4109, -204.5086,  1824.6343, -274.6610, -183.8838,  0, 0, 0
L 1824.6342, -274.6612, -183.8790,  1756.1648, -178.9993, -166.5420,  0, 0, 0
L 1756.1521, -178.9810, -166.4676,  1746.2234, -83.1175, -140.3617,  0, 0, 0
L 1746.2234, -83.1175, -140.3617,  1746.2830, 60.9474, -137.3650,  0, 0, 0
L 1746.2826, 60.9474, -137.3630,  1749.2427, 82.8840, -141.3083,  0, 0, 0
L 1749.2427, 82.8840, -141.3081,  1668.9832, 92.9081, -122.7296,  0, 0, 0
L 1653.1646, 91.8747, -113.6745,  1656.4629, 46.4498, -109.6995,  0, 0, 0
L 1653.1731, 88.9030, -113.6968,  1671.6382, 92.6714, -124.2171,  0, 0, 0
L 1656.5447, 46.4596, -109.7236,  1630.7455, 43.5279, -101.5297,  0, 0, 0
L 1593.2660, 43.5677, -71.8542,  1571.4751, 46.3712, -65.3704,  0, 0, 0
L 1592.8644, 43.5542, -71.6252,  1632.7179, 43.5506, -102.9680,  0, 0, 0
L 1571.5098, 46.4067, -65.3691,  1565.4253, 81.3678, -65.3770,  0, 0, 0
L 1565.4253, 81.3678, -65.3770,  1547.2389, 123.1932, -65.1319,  0, 0, 0
L 1527.7947, 147.2532, -65.2290,  1486.4358, 196.5387, -65.1971,  0, 0, 0
L 1486.4340, 196.5398, -65.1971,  1441.9573, 239.9154, -65.9860,  0, 0, 0
L 1526.7797, 146.9250, -65.2130,  1549.1858, 119.9360, -65.1504,  0, 0, 0
L 1442.6935, 238.9830, -65.9690,  1396.5768, 274.5720, -65.1518,  0, 0, 0
L 1396.5768, 274.5720, -65.1518,  1336.5813, 280.9635, -65.1531,  0, 0, 0
L 1336.5813, 280.9635, -65.1531,  1333.6592, 362.2255, -105.2526,  0, 0, 0
L 1333.6592, 362.2255, -105.2526,  1367.5552, 360.9449, -107.6743,  0, 0, 0
L 1369.1696, 361.5539, -108.3213,  1483.3899, 371.3752, -157.6911,  0, 0, 0
L 1483.3899, 371.3752, -157.6911,  1602.4594, 458.6540, -176.5450,  0, 0, 0
L 1602.4594, 458.6540, -176.5450,  1620.2610, 470.4020, -178.4291,  0, 0, 0
L 1620.2610, 470.4020, -178.4291,  1692.4917, 595.7681, -188.2066,  0, 0, 0
L 1692.8042, 595.5833, -188.2077,  1702.7111, 615.1200, -190.6031,  0, 0, 0
L 1702.7111, 615.1200, -190.6031,  1758.1425, 767.3926, -216.5982,  0, 0, 0
L 1758.1425, 767.3926, -216.5982,  1860.6332, 751.8102, -231.7230,  0, 0, 0
L 1902.9502, 743.5625, -225.9797,  1923.6364, 738.3750, -224.3959,  0, 0, 0
L 1923.6364, 738.3750, -224.3959,  1969.8356, 723.5616, -232.3873,  0, 0, 0
L 1969.8356, 723.5616, -232.3873,  2041.7240, 697.5945, -236.6179,  0, 0, 0
L 1923.9551, 740.2605, -224.3352,  1855.6768, 752.6996, -230.7065,  0, 0, 0
L 2041.6071, 697.6363, -236.6165,  2059.7063, 687.6146, -236.7473,  0, 0, 0
L 2059.7063, 687.6146, -236.7473,  2067.6321, 707.9435, -236.4987,  0, 0, 0
L 2067.6321, 707.9435, -236.4987,  2045.9845, 711.8970, -235.8278,  0, 0, 0
L 2045.9845, 711.8970, -235.8278,  1926.5679, 759.2270, -203.6947,  0, 0, 0
L 1926.5679, 759.2270, -203.6947,  1767.3510, 782.8183, -180.5140,  0, 0, 0
L 1767.3510, 782.8183, -180.5140,  1747.8975, 793.8066, -179.2230,  0, 0, 0
L 1747.8975, 793.8066, -179.2230,  1689.9716, 621.7686, -153.2360,  0, 0, 0
L 1689.9716, 621.7686, -153.2360,  1610.8705, 483.1129, -141.5221,  0, 0, 0
L 1610.8705, 483.1129, -141.5221,  1482.2780, 391.4341, -130.6285,  0, 0, 0
L 1482.2780, 391.4341, -130.6285,  1461.3141, 387.1650, -129.8000,  0, 0, 0
L 1461.3141, 387.1650, -129.8000,  1383.5031, 380.2794, -106.7026,  0, 0, 0
L 1383.4977, 380.2794, -106.7025,  1315.2300, 383.5024, -105.6430,  0, 0, 0
L 1315.2300, 383.5024, -105.6430,  1316.3119, 287.1462, -65.5985,  0, 0, 0
L 1316.3119, 287.1462, -65.5985,  1316.3196, 264.5020, -65.6012,  0, 0, 0
L 1316.3196, 264.5020, -65.4324,  1401.3715, 250.8075, -65.1728,  0, 0, 0
L 1401.3777, 250.7985, -65.1726,  1466.3943, 183.6869, -65.4744,  0, 0, 0
L 1466.5889, 183.3696, -65.4722,  1530.5796, 115.2335, -65.3278,  0, 0, 0
L 1530.5813, 115.2308, -65.3278,  1552.6442, 53.5129, -65.1303,  0, 0, 0
L 1552.6442, 53.5125, -65.1303,  1558.4523, 38.4380, -65.5437,  0, 0, 0
L 1558.4523, 38.4380, -65.5437,  1570.8102, 45.2599, -65.4084,  0, 0, 0
L 1570.8102, 45.2599, -65.4084,  1570.8346, 25.3709, -65.6298,  0, 0, 0
L 1570.8346, 25.3709, -65.6298,  1583.8418, 26.1646, -65.2500,  0, 0, 0
L 2144.5076, -441.9126, -192.4533,  2191.9629, -312.1401, -234.9976,  0, 0, 0
L 2191.9629, -312.1401, -234.9976,  2193.5403, -305.2882, -234.9154,  0, 0, 0
L 2193.5403, -305.2882, -234.9154,  2213.5823, -313.2323, -234.7204,  0, 0, 0
L 2213.5823, -313.2323, -234.7204,  2198.7100, -344.2010, -230.9798,  0, 0, 0
L 2198.7100, -344.2010, -230.9798,  2162.3909, -446.3290, -218.2145,  0, 0, 0
L 2162.3909, -446.3290, -218.2145,  2201.7500, -530.4438, -219.3200,  0, 0, 0
L 2201.7500, -530.4438, -219.3200,  2250.4031, -575.1801, -229.1282,  0, 0, 0
L 2250.4031, -575.1801, -229.1282,  2294.3135, -606.9515, -234.6230,  0, 0, 0
L 2294.3135, -606.9515, -234.6230,  2328.2627, -627.2980, -235.5722,  0, 0, 0
L 2328.2627, -627.2980, -235.5722,  2317.4351, -643.9106, -235.5175,  0, 0, 0
L 2317.4351, -643.9106, -235.5175,  2296.2747, -630.1568, -233.8385,  0, 0, 0
L 2296.2742, -630.1566, -233.8382,  2198.2974, -556.6866, -192.9886,  0, 0, 0
L 2198.2974, -556.6866, -192.9886,  2191.6165, -551.3246, -192.4926,  0, 0, 0
L 2191.6165, -551.3246, -192.4926,  2137.7798, -460.1562, -192.4728,  0, 0, 0
L 2137.7798, -460.1562, -192.4728,  2145.6641, -439.8403, -192.4517,  0, 0, 0
L 1845.3550, 494.9572, -239.2797,  1931.2859, 530.2104, -241.1277,  0, 127, 127
L 1931.2859, 530.2104, -241.1277,  2024.1952, 520.4211, -239.5549,  0, 127, 127
L 2024.1952, 520.4211, -239.5549,  2050.5896, 508.8154, -239.4382,  0, 127, 127
L 2050.5896, 508.8154, -239.4382,  2098.4668, 456.8122, -240.8332,  0, 127, 127
L 2100.2747, 455.6872, -240.1748,  2125.9341, 387.1671, -239.1462,  0, 127, 127
L 2125.9341, 387.1671, -239.1462,  2163.2913, 333.2545, -236.7456,  0, 127, 127
L 2163.2913, 333.2540, -236.7461,  2174.9319, 282.3965, -239.1970,  0, 127, 127
L 2174.9329, 282.3860, -239.2080,  2191.4253, 238.5743, -240.5209,  0, 127, 127
L 2191.4253, 238.5743, -240.5209,  2220.6155, 176.7273, -241.3198,  0, 127, 127
L 2220.7786, 176.2992, -241.3552,  2259.6099, 101.7711, -239.8522,  0, 127, 127
L 2259.6099, 101.7711, -239.8522,  2243.3289, 18.4860, -242.8460,  0, 127, 127
L 2243.3152, 18.4283, -242.8443,  2233.2847, -32.8569, -241.6932,  0, 127, 127
L 2233.2029, -32.9236, -241.7570,  2227.3333, -62.2584, -242.4676,  0, 127, 127
L 2227.9939, -63.2980, -241.8840,  2203.9395, -81.5242, -242.4787,  0, 127, 127
L 2203.6497, -81.6030, -241.7735,  2143.7471, -98.8757, -240.8251,  0, 127, 127
L 2142.9041, -98.8947, -240.8684,  2094.4175, -99.9484, -239.3734,  0, 127, 127
L 2094.4175, -99.9484, -239.3733,  1988.7140, -34.5686, -243.9300,  0, 127, 127
L 1988.7140, -34.5686, -243.9300,  1970.1952, -11.4809, -243.1487,  0, 127, 127
L 1970.1952, -11.4809, -243.1487,  1966.3361, 23.1248, -241.4183,  0, 127, 127
L 1966.3367, 23.1295, -241.4190,  1997.6023, 109.6114, -247.1691,  0, 0, 0
L 1997.5978, 108.7493, -247.1691,  2000.4518, 168.5130, -247.1691,  0, 0, 0
L 2000.8976, 168.5473, -247.1691,  2124.4231, 181.8740, -247.1691,  0, 0, 0
L 2124.4539, 182.1846, -247.1691,  2122.1143, 219.1670, -247.1689,  0, 0, 0
L 2122.1143, 219.1670, -247.1689,  2123.7078, 221.7866, -248.6741,  0, 0, 0
L 2123.8030, 221.6096, -247.7267,  2000.2477, 213.8951, -246.8740,  0, 0, 0
L 1995.1305, 213.4595, -248.4430,  1977.4159, 281.3666, -248.2567,  0, 0, 0
L 1977.3611, 281.4728, -248.2567,  1941.3899, 347.6494, -247.6837,  0, 0, 0
L 1943.9357, 343.2350, -247.6837,  1933.7771, 342.3426, -244.4900,  0, 0, 0
L 1933.7771, 342.3426, -244.4899,  1912.1355, 360.6102, -244.3329,  0, 127, 127
L 1912.1353, 360.6102, -244.3327,  1861.6497, 383.2432, -242.4975,  0, 127, 127
L 1861.6426, 383.2461, -242.4941,  1831.7516, 455.3426, -244.6685,  0, 127, 127
L 1831.7455, 455.3630, -244.6271,  1856.3317, 492.1759, -243.2338,  0, 127, 127
L 1856.3350, 492.1804, -243.2291,  1845.2676, 494.9621, -239.2716,  0, 127, 127
L 1941.3899, 347.6494, -242.7758,  1878.6187, 343.2029, -236.8505,  0, 0, 0
L 1851.5331, 261.4852, -233.3761,  1849.1420, 176.9500, -236.9110,  0, 0, 0
L 1849.1388, 176.9700, -236.9108,  1865.6630, 99.6852, -233.2918,  0, 0, 0
L 1865.6630, 99.6852, -233.2918,  1903.2251, 23.7594, -234.6702,  0, 0, 0
L 1903.2251, 23.7594, -234.6702,  1907.2588, 21.9113, -233.2918,  0, 0, 0
L 1907.2625, 21.9095, -233.2918,  1968.5490, 24.2069, -242.5491,  0, 0, 0
L 1851.9192, 261.1548, -233.2918,  1878.8318, 343.7731, -236.9555,  0, 0, 0
L 2083.9402, 758.8600, -236.4800,  2068.6155, 765.7519, -235.8278,  0, 0, 0
L 2068.6128, 765.7524, -235.8278,  1949.4323, 810.7050, -204.1981,  0, 0, 0
L 1949.4292, 810.7070, -204.1967,  1755.2759, 844.4810, -178.9299,  0, 0, 0
L 1755.1808, 844.5258, -178.9295,  1671.4351, 828.8384, -178.9428,  0, 0, 0
L 1671.4351, 828.8384, -178.9428,  1664.3820, 848.8699, -178.9428,  0, 0, 0
L 1664.3820, 848.8699, -178.9428,  1685.6460, 853.3757, -178.9722,  0, 0, 0
L 1685.2166, 852.9592, -179.1010,  1742.7853, 862.7735, -187.2280,  0, 0, 0
L 1742.7853, 862.7735, -187.2280,  1931.9397, 831.5093, -213.2377,  0, 0, 0
L 1931.1791, 831.4936, -213.2538,  1973.9495, 819.2231, -219.9960,  0, 0, 0
L 1973.9495, 819.2231, -219.9961,  2072.4839, 783.4213, -235.5872,  0, 0, 0
L 2072.4839, 783.4211, -235.5872,  2093.8201, 779.2495, -236.7840,  0, 0, 0
L 2083.9363, 758.3740, -236.4470,  2093.2129, 778.2245, -236.7630,  0, 0, 0
L 1889.5673, 963.8690, -206.5397,  1764.3693, 961.3264, -185.9847,  0, 0, 0
L 1764.3693, 961.3264, -185.9844,  1740.6719, 949.5988, -184.8910,  0, 0, 0
L 1740.6719, 949.5988, -184.8910,  1685.4247, 1086.2527, -178.9428,  0, 0, 0
L 1685.2322, 1086.2505, -178.9429,  1602.6211, 1086.2394, -178.9428,  0, 0, 0
L 1602.6211, 1086.2394, -178.9428,  1488.4069, 820.3459, -178.9429,  0, 0, 0
L 1488.4065, 820.3458, -178.9428,  1373.5486, 756.8896, -178.9429,  0, 0, 0
L 1373.5391, 756.8893, -178.9428,  1221.5352, 756.8456, -178.9429,  0, 0, 0
L 1221.5342, 756.8455, -178.9428,  1148.7211, 754.5046, -178.9428,  0, 0, 0
L 1148.7211, 754.5046, -178.9428,  1137.3860, 756.4741, -178.9429,  0, 0, 0
L 1137.3855, 756.4753, -178.9428,  1134.1171, 775.1331, -178.9428,  0, 0, 0
L 1134.1171, 775.1331, -178.9428,  1225.7560, 779.4030, -178.5837,  0, 0, 0
L 1225.8152, 779.3948, -178.5842,  1356.5685, 774.7303, -178.9428,  0, 0, 0
L 1356.5685, 774.7303, -178.9428,  1380.7162, 778.1938, -179.1750,  0, 0, 0
L 1380.7273, 778.1938, -179.1750,  1472.9972, 831.1326, -178.9428,  0, 0, 0
L 1472.9972, 831.1326, -178.9428,  1526.7222, 957.4773, -178.9428,  0, 0, 0
L 1526.7222, 957.4773, -178.9428,  1419.7626, 958.2906, -178.6588,  0, 0, 0
L 1419.7531, 958.2563, -178.6561,  1399.7870, 962.4574, -178.8980,  0, 0, 0
L 1399.7820, 962.4586, -178.8982,  1296.9247, 1026.2985, -178.5442,  0, 0, 0
L 1296.9247, 1026.2985, -178.5442,  1157.6399, 1030.7089, -179.1033,  0, 0, 0
L 1157.6399, 1030.7089, -179.1033,  1015.4980, 1030.6178, -178.9518,  0, 0, 0
L 1015.4980, 1030.6178, -178.9518,  980.2560, 1021.1739, -178.3383,  0, 0, 0
L 979.9547, 1021.1471, -178.3352,  881.7768, 985.2336, -172.6933,  0, 0, 0
L 881.7768, 985.2336, -172.6933,  931.4116, 871.5461, -176.1167,  0, 0, 0
L 931.4116, 871.5461, -176.1167,  992.1717, 741.1570, -178.9428,  0, 0, 0
L 992.1717, 741.1570, -178.9428,  1082.8982, 762.6912, -178.9429,  0, 0, 0
L 1082.8511, 762.6594, -178.9428,  1085.6736, 745.2983, -178.9428,  0, 0, 0
L 1078.5320, 742.1277, -178.9428,  1002.8559, 726.2215, -178.9428,  0, 0, 0
L 1002.8559, 726.2215, -178.9428,  998.1147, 720.3218, -178.9429,  0, 0, 0
L 998.1038, 720.3166, -178.9428,  984.9510, 714.1589, -178.9428,  0, 0, 0
L 927.3556, 846.2003, -176.5260,  985.7380, 713.9659, -178.9428,  0, 0, 0
L 1085.3750, 747.5110, -178.9428,  1078.5320, 742.1280, -178.9428,  0, 0, 0
L 927.2042, 846.1288, -176.3520,  866.4592, 976.4387, -169.8530,  0, 0, 0
L 866.4592, 976.4387, -169.8530,  747.6470, 936.4265, -144.2034,  0, 0, 0
L 747.6553, 936.4083, -144.2077,  622.6140, 866.3677, -143.4830,  0, 0, 0
L 622.6140, 866.3677, -143.4830,  583.4189, 843.6556, -143.7481,  0, 0, 0
L 583.4189, 843.6556, -143.7481,  592.3464, 827.1313, -143.6328,  0, 0, 0
L 592.3464, 827.1313, -143.6328,  522.3391, 787.9278, -143.7921,  0, 0, 0
L 522.3391, 787.9278, -143.7921,  519.8903, 806.4673, -143.7912,  0, 0, 0
L 519.8903, 806.4673, -143.7912,  504.3280, 797.1839, -143.7922,  0, 0, 0
L 504.3280, 797.1839, -143.7922,  483.7656, 760.3660, -143.7932,  0, 0, 0
L 483.7370, 759.9783, -143.7932,  496.2103, 756.6883, -143.7921,  0, 0, 0
L 496.2103, 756.6883, -143.7921,  487.4601, 718.5930, -143.7922,  0, 0, 0
L 487.4529, 718.4210, -143.7921,  474.8652, 685.8476, -143.7922,  0, 0, 0
L 474.8630, 685.8428, -143.7921,  457.4019, 687.6212, -143.7921,  0, 0, 0
L 457.4019, 687.6212, -143.7921,  448.9481, 659.3618, -143.7922,  0, 0, 0
L 448.8573, 659.2356, -143.7922,  435.6990, 645.2032, -143.7922,  0, 0, 0
L 435.6428, 645.1823, -143.7922,  352.9413, 564.6860, -143.7922,  0, 0, 0
L 352.9404, 564.6852, -143.7921,  348.6028, 499.4144, -143.7912,  0, 0, 0
L 348.6028, 499.4144, -143.7912,  356.4322, 529.6633, -143.7921,  0, 0, 0
L 356.4322, 529.6633, -143.7921,  365.4121, 524.7621, -143.7922,  0, 0, 0
L 368.2604, 460.8666, -143.7922,  365.4121, 524.7621, -143.7921,  0, 0, 0
L 368.2604, 460.8666, -143.7922,  348.6367, 451.6340, -143.7922,  0, 0, 0
L 348.6370, 451.1202, -143.7922,  351.8571, 424.9703, -143.7922,  0, 0, 0
L 351.8571, 424.9596, -143.7921,  348.7418, 386.6123, -143.7922,  0, 0, 0
L 348.7418, 386.6123, -143.7921,  366.8743, 381.2989, -143.7922,  0, 0, 0
L 366.8813, 381.2921, -143.7921,  369.8627, 311.4230, -143.7922,  0, 0, 0
L 369.8634, 311.4218, -143.7921,  350.1172, 307.7986, -143.7922,  0, 0, 0
L 350.9910, 307.8029, -143.7921,  348.7579, 285.7576, -143.7922,  0, 0, 0
L 355.1301, 282.6270, -143.7921,  348.7900, 244.8440, -143.7922,  0, 0, 0
L 348.7900, 244.5870, -143.7921,  366.8470, 249.4292, -143.7922,  0, 0, 0
L 354.5180, 282.7995, -143.7921,  348.7076, 285.7690, -143.7921,  0, 0, 0
L 366.6200, 250.5562, -143.7921,  368.3330, 211.9668, -143.7922,  0, 0, 0
L 368.3330, 211.9668, -143.7921,  367.2226, 177.5948, -143.7922,  0, 0, 0
L 367.2221, 177.5900, -143.7921,  348.7687, 176.4474, -143.7922,  0, 0, 0
L 348.7687, 176.4504, -143.7921,  348.8122, 144.9671, -143.7921,  0, 0, 0
L 348.8122, 144.9671, -143.7921,  374.7298, 141.6091, -143.7922,  0, 0, 0
L 374.7420, 141.6091, -143.7921,  380.1154, 157.1767, -143.7921,  0, 0, 0
L 380.1154, 157.1767, -143.7921,  417.2259, 162.9858, -143.7922,  0, 0, 0
L 417.2377, 162.9938, -143.7921,  450.5437, 161.4522, -143.7922,  0, 0, 0
L 450.5439, 161.4523, -143.7921,  456.8888, 141.5908, -143.7921,  0, 0, 0
L 456.8888, 141.5908, -143.7921,  474.8779, 141.6211, -143.7921,  0, 0, 0
L 474.8779, 141.6211, -143.7921,  485.7776, 145.3100, -143.7922,  0, 0, 0
L 485.8276, 145.3500, -143.7922,  516.8592, 141.5928, -143.7922,  0, 0, 0
L 516.8785, 141.5928, -143.7921,  521.2983, 158.4053, -143.7922,  0, 0, 0
L 521.3069, 158.4059, -143.7921,  557.2296, 160.7392, -143.7922,  0, 0, 0
L 557.2401, 160.7373, -143.7921,  596.3940, 162.7154, -143.7921,  0, 0, 0
L 596.3940, 162.7154, -143.7921,  594.2646, 141.5903, -143.7921,  0, 0, 0
L 618.9659, 141.5902, -143.7921,  594.4651, 142.3186, -143.7921,  0, 0, 0
L 618.9651, 141.5966, -143.7921,  676.6500, 141.6245, -143.7607,  0, 0, 0
L 676.6495, 141.7082, -143.7591,  684.2568, 143.3103, -143.4628,  0, 0, 0
L 684.2568, 143.3103, -143.4628,  683.6177, -141.6221, -143.5503,  0, 0, 0
L 716.5131, 144.8010, -143.1388,  716.5854, 136.4848, -143.1845,  0, 0, 0
L 684.3223, -140.9912, -143.5149,  597.2263, -141.9001, -144.2678,  0, 0, 0
L 597.2054, -141.9001, -144.2682,  589.4021, -159.4924, -144.3045,  0, 0, 0
L 589.4021, -159.4924, -144.3045,  516.3867, -156.9482, -144.3044,  0, 0, 0
L 516.3867, -156.9482, -144.3044,  516.2223, -143.6086, -144.3045,  0, 0, 0
L 516.2219, -143.5956, -144.3044,  459.2620, -141.8815, -144.3045,  0, 0, 0
L 459.7670, -142.9370, -144.3045,  454.4694, -158.6305, -144.3045,  0, 0, 0
L 454.4587, -158.6450, -144.3045,  381.4230, -157.4071, -144.3045,  0, 0, 0
L 380.7762, -156.5397, -144.3814,  379.3910, -141.8891, -144.3045,  0, 0, 0
L 379.3938, -141.8891, -144.3044,  352.9898, -142.7230, -144.3045,  0, 0, 0
L 352.9893, -142.7230, -144.3045,  348.5706, -162.9990, -144.3045,  0, 0, 0
L 348.5706, -162.9990, -144.3044,  363.9361, -168.2355, -144.3045,  0, 0, 0
L 363.9361, -168.2355, -144.3045,  367.5133, -245.7282, -144.3045,  0, 0, 0
L 367.5110, -245.7394, -144.3045,  351.6992, -245.6516, -144.3045,  0, 0, 0
L 351.6639, -245.6494, -144.3044,  348.8159, -307.4938, -144.3045,  0, 0, 0
L 348.8159, -307.4938, -144.3045,  365.4739, -310.8115, -144.3045,  0, 0, 0
L 365.4755, -310.8115, -144.3045,  368.4857, -385.8836, -144.3045,  0, 0, 0
L 368.4857, -385.8836, -144.3045,  348.9254, -389.2579, -144.3045,  0, 0, 0
L 348.9254, -389.2574, -144.3045,  349.9259, -441.2472, -144.3045,  0, 0, 0
L 349.9236, -441.2538, -144.3044,  365.1315, -444.3370, -144.3045,  0, 0, 0
L 365.1360, -444.3480, -144.3045,  368.6102, -518.2458, -144.3045,  0, 0, 0
L 368.6102, -518.2458, -144.3044,  352.1601, -521.8021, -144.3044,  0, 0, 0
L 352.1601, -521.8021, -144.3044,  352.4510, -564.7092, -144.3045,  0, 0, 0
L 352.4510, -564.7092, -144.3044,  374.5695, -586.2549, -144.3045,  0, 0, 0
L 374.6277, -586.3383, -144.3045,  388.5294, -576.8098, -144.3044,  0, 0, 0
L 388.5294, -576.8098, -144.3044,  411.6913, -595.5786, -144.3045,  0, 0, 0
L 411.6913, -595.5786, -144.3044,  438.8829, -621.4271, -144.3044,  0, 0, 0
L 434.5138, -638.6281, -144.3044,  436.5801, -620.1142, -144.3044,  0, 0, 0
L 433.7422, -639.3867, -144.3044,  459.6571, -684.4438, -144.3045,  0, 0, 0
L 459.6576, -684.4460, -144.3044,  472.4282, -687.4084, -144.3044,  0, 0, 0
L 472.4282, -687.4084, -144.3044,  500.3722, -755.6215, -144.3045,  0, 0, 0
L 500.3768, -755.8745, -144.3045,  487.1238, -769.1348, -144.3045,  0, 0, 0
L 487.1240, -769.1352, -144.3044,  512.9842, -803.3641, -144.3045,  0, 0, 0
L 513.1000, -803.3736, -144.3044,  525.1263, -792.6186, -144.3045,  0, 0, 0
L 525.1263, -792.6185, -144.3044,  591.5416, -829.1769, -144.3045,  0, 0, 0
L 591.5883, -829.2571, -144.3044,  585.2495, -845.8250, -144.3045,  0, 0, 0
L 585.2473, -845.8130, -144.3044,  642.4615, -876.4950, -144.3045,  0, 0, 0
L 642.4687, -876.5004, -144.3044,  651.9971, -862.9849, -144.3044,  0, 0, 0
L 651.9971, -862.9849, -144.3044,  718.9518, -903.9393, -144.3045,  0, 0, 0
L 718.9532, -903.9405, -144.3044,  708.3450, -916.3079, -144.3044,  0, 0, 0
L 708.3450, -916.3079, -144.3044,  756.1537, -938.9229, -144.3045,  0, 0, 0
L 756.1584, -938.9257, -144.3044,  767.1508, -926.9913, -144.3045,  0, 0, 0
L 767.1516, -926.9891, -144.3044,  838.7054, -949.5181, -144.3045,  0, 0, 0
L 838.7068, -949.5181, -144.3044,  838.3862, -969.7463, -144.3045,  0, 0, 0
L 856.9026, -976.3968, -144.3044,  837.1750, -969.3120, -144.3044,  0, 0, 0
L 856.9026, -976.3968, -144.3044,  1000.6378, -977.9740, -147.4070,  0, 0, 0
L 1144.5458, -977.2477, -169.8540,  1287.8749, -977.4516, -193.4928,  0, 0, 0
L 1287.8749, -977.4516, -193.4928,  1412.3998, -975.8862, -193.7091,  0, 0, 0
L 1412.4064, -975.8431, -193.7091,  1436.6143, -976.9792, -193.7091,  0, 0, 0
L 1436.6155, -976.9796, -193.7091,  1522.5625, -1030.5850, -193.7090,  0, 0, 0
L 1522.5625, -1030.5850, -193.7090,  1643.2626, -1026.3313, -193.7091,  0, 0, 0
L 1643.6664, -1026.2925, -193.7091,  1787.3616, -1036.8655, -193.7091,  0, 0, 0
L 1787.3616, -1036.8655, -193.7091,  1922.1266, -1004.1838, -193.7090,  0, 0, 0
L 1165.8091, -977.2595, -172.6881,  1000.6296, -977.1154, -147.4042,  0, 0, 0
L 1922.1266, -1004.1838, -193.7090,  1952.7719, -986.9633, -193.7091,  0, 0, 0
L 1952.7719, -986.9633, -193.7091,  1950.4231, -968.7598, -193.7091,  0, 0, 0
L 1950.4308, -968.7640, -193.7091,  1983.3185, -944.1059, -193.7091,  0, 0, 0
L 1983.3223, -944.1035, -193.7091,  2008.9108, -927.6135, -193.8889,  0, 0, 0
L 2008.9280, -927.6077, -193.8890,  2021.1222, -937.6363, -193.9380,  0, 0, 0
L 2021.1637, -937.7252, -193.9379,  2044.9152, -917.2270, -194.1792,  0, 0, 0
L 2044.9152, -917.2270, -194.1792,  2083.2129, -895.2524, -195.3469,  0, 0, 0
L 2083.2251, -895.2428, -195.3508,  2157.2725, -843.1285, -213.4921,  0, 0, 0
L 2157.2664, -843.1144, -213.4910,  2178.1448, -831.6096, -219.3154,  0, 0, 0
L 2178.1458, -831.6091, -219.3161,  2298.6912, -825.8943, -235.2889,  0, 0, 0
L 2298.6912, -825.8943, -235.2889,  2335.6897, -818.2060, -235.7597,  0, 0, 0
L 2335.6941, -818.2046, -235.7596,  2337.8462, -797.7238, -235.7597,  0, 0, 0
L 2337.8467, -797.7252, -235.7596,  2408.6448, -780.1873, -235.7597,  0, 0, 0
L 2408.9329, -781.8422, -235.7597,  2412.8914, -797.4928, -235.7597,  0, 0, 0
L 2412.8743, -797.4968, -235.7596,  2471.7305, -780.6970, -235.7597,  0, 0, 0
L 2471.7371, -780.6960, -235.7596,  2476.6226, -765.2650, -235.7597,  0, 0, 0
L 2476.6216, -765.2609, -235.7596,  2547.3528, -744.7729, -235.7596,  0, 0, 0
L 2547.3528, -744.7729, -235.7596,  2555.1509, -759.3610, -235.7596,  0, 0, 0
L 2555.1509, -759.3610, -235.7596,  2571.2996, -754.7410, -235.7597,  0, 0, 0
L 2571.2996, -754.7410, -235.7597,  2597.8440, -731.4316, -235.3532,  0, 0, 0
L 2595.4529, -733.3993, -235.3525,  2588.6365, -713.8079, -234.4293,  0, 0, 0
L 2588.6365, -713.8079, -234.4293,  2633.2295, -660.7028, -235.4440,  0, 0, 0
L 2634.8577, -660.8192, -235.4440,  2649.5247, -668.5171, -235.5537,  0, 0, 0
L 2649.5242, -668.5173, -235.5536,  2662.3125, -653.1020, -235.5706,  0, 0, 0
L 2662.3145, -653.9870, -235.5705,  2682.1331, -609.1489, -235.7597,  0, 0, 0
L 2682.1443, -609.1110, -235.7597,  2664.7107, -602.8751, -235.7597,  0, 0, 0
L 2664.7100, -602.8750, -235.7596,  2691.6973, -533.1459, -234.4026,  0, 0, 0
L 2691.8042, -533.3430, -234.4088,  2708.1565, -534.9523, -235.3152,  0, 0, 0
L 2708.1624, -534.9539, -235.3157,  2716.1001, -513.1933, -235.3460,  0, 0, 0
L 2716.1001, -513.1933, -235.3460,  2720.1465, -479.2979, -235.3557,  0, 0, 0
L 2720.1465, -479.2832, -235.3557,  2720.2344, -359.1639, -235.4581,  0, 0, 0
L 2720.2344, -359.1639, -235.4581,  2683.9214, -188.1495, -234.6524,  0, 0, 0
L 2683.7234, -188.1509, -234.6201,  2685.5879, -83.2570, -235.7597,  0, 0, 0
L 2685.5879, -83.2580, -235.7596,  2682.1460, -61.3975, -235.7597,  0, 0, 0
L 2682.1460, -61.3973, -235.7596,  2670.3401, -61.7652, -235.7596,  0, 0, 0
L 2670.3401, -61.7652, -235.7596,  2665.7781, 87.9004, -235.7597,  0, 0, 0
L 2665.7920, 87.9972, -235.7597,  2676.5098, 94.1118, -235.7596,  0, 0, 0
L 2676.5098, 94.1118, -235.7596,  2669.5469, 135.7647, -235.7597,  0, 0, 0
L 2668.9927, 135.9910, -235.7596,  2648.3223, 134.9548, -235.7597,  0, 0, 0
L 2648.3191, 134.9553, -235.7596,  2634.7603, 208.6255, -235.7597,  0, 0, 0
L 2647.2908, 212.5629, -235.7596,  2597.9336, 396.5024, -235.7597,  0, 0, 0
L 2609.6226, 437.5380, -235.7607,  2597.9336, 396.5024, -235.7596,  0, 0, 0
L 2648.1919, 212.9119, -235.7596,  2634.7603, 208.6255, -235.7597,  0, 0, 0
L 2609.6226, 437.5380, -235.7596,  2597.3135, 449.2389, -235.7597,  0, 0, 0
L 2609.3213, 488.9633, -235.7596,  2595.9092, 454.3446, -235.7596,  0, 0, 0
L 2595.7366, 454.1070, -235.7596,  2598.5037, 449.1709, -235.7596,  0, 0, 0
L 2608.4705, 487.6073, -235.7596,  2623.4673, 520.9072, -235.7596,  0, 0, 0
L 2623.4673, 520.9072, -235.7596,  2637.6934, 516.7222, -235.7596,  0, 0, 0
L 2637.6934, 516.7222, -235.7596,  2637.7671, 562.7599, -235.7597,  0, 0, 0
L 2637.7593, 562.7771, -235.7596,  2614.3638, 562.6761, -235.7597,  0, 0, 0
L 2614.3638, 562.6761, -235.7596,  2595.5774, 634.4456, -235.7597,  0, 0, 0
L 2609.5459, 641.6230, -235.7597,  2595.7476, 633.2867, -235.7597,  0, 0, 0
L 2608.7852, 640.8835, -235.7597,  2589.4668, 693.2400, -235.7596,  0, 0, 0
L 2570.2205, 694.2367, -235.7597,  2582.1875, 697.3500, -235.7587,  0, 0, 0
L 2582.1875, 697.3500, -235.7596,  2589.4668, 693.2400, -235.7597,  0, 0, 0
L 2542.4351, 755.7430, -235.7596,  2570.2205, 694.2367, -235.7596,  0, 0, 0
L 2542.4351, 755.7430, -235.7596,  2553.1543, 768.2073, -235.7597,  0, 0, 0
L 2553.1631, 768.2096, -235.7596,  2518.9888, 807.8845, -235.7597,  0, 0, 0
L 2518.9788, 807.8893, -235.7596,  2505.3777, 796.5845, -235.7596,  0, 0, 0
L 2505.3777, 796.5845, -235.7596,  2442.7400, 834.8708, -235.7596,  0, 0, 0
L 2442.7400, 834.8708, -235.7596,  2441.7349, 852.4338, -235.7597,  0, 0, 0
L 2441.7173, 852.4427, -235.7596,  2428.8240, 859.7880, -235.7531,  0, 0, 0
L 2428.7742, 859.7006, -235.7510,  2306.4788, 930.7924, -235.7596,  0, 0, 0
L 2306.4788, 930.7924, -235.7596,  2269.3162, 941.4365, -234.7912,  0, 0, 0
L 2269.3091, 941.4375, -234.7906,  2261.8633, 925.6251, -235.3688,  0, 0, 0
L 2261.8560, 925.6132, -235.3694,  2184.9158, 941.9733, -230.5714,  0, 0, 0
L 2184.9158, 941.9733, -230.5714,  2190.2815, 955.4174, -230.5495,  0, 0, 0
L 2190.2815, 955.4174, -229.3021,  2028.7389, 983.7411, -216.1103,  0, 0, 0
L 2028.7389, 983.7411, -216.1103,  1889.5833, 963.9000, -206.5412,  0, 0, 0
L 2391.2747, -212.7649, -235.7596,  2379.3030, -225.8109, -234.9040,  0, 0, 0
L 2379.3025, -225.8110, -234.9042,  2361.5291, -213.3620, -235.3040,  0, 0, 0
L 2393.1238, -213.6340, -235.7597,  2374.5464, -196.5033, -234.7933,  0, 0, 0
L 2374.5464, -196.5033, -234.7933,  2361.4119, -214.7505, -235.7597,  0, 0, 0
L 1289.6996, -945.2662, -193.7091,  1101.6908, -914.6567, -161.3686,  0, 0, 0
L 1101.5243, -914.7717, -161.3009,  995.3301, -764.1453, -144.3045,  0, 0, 0
L 984.2242, -740.7847, -144.3044,  983.8053, -690.5045, -144.3044,  0, 0, 0
L 987.5987, -742.7386, -144.3045,  997.8810, -767.5286, -144.3044,  0, 0, 0
L 984.8820, -688.9796, -144.3044,  1005.4175, -688.5937, -144.3087,  0, 0, 0
L 1005.4175, -688.5937, -144.3087,  1001.9099, -737.6094, -144.2957,  0, 0, 0
L 1102.2112, -888.3265, -144.3910,  1001.9102, -737.6094, -144.2955,  0, 0, 0
L 1102.2046, -888.3268, -144.3840,  1292.9965, -923.7662, -193.7091,  0, 0, 0
L 1292.9965, -923.7662, -193.7091,  1289.6996, -945.2662, -193.7091,  0, 0, 0
L 1640.2317, -693.3722, -193.7095,  1634.1084, -678.5297, -193.7102,  0, 127, 0
L 1760.1265, -624.8885, -193.9920,  1720.7554, -527.4537, -193.7090,  0, 127, 0
L 1720.7554, -527.4537, -193.7090,  1732.4048, -520.5561, -193.7307,  0, 127, 0
L 1732.4052, -520.5561, -193.7307,  1786.5779, -638.4560, -193.6819,  0, 127, 0
L 1786.5779, -638.4560, -193.6819,  1845.2853, -609.9156, -193.7091,  0, 127, 0
L 1845.2842, -609.9139, -193.7091,  1824.3396, -556.9340, -193.8196,  0, 127, 0
L 1824.3396, -556.9340, -193.8196,  1841.9301, -552.6055, -193.7091,  0, 127, 0
L 1841.9301, -552.6055, -193.7091,  1855.7399, -584.4084, -193.7091,  0, 127, 0
L 1855.7411, -584.4094, -193.7091,  1871.6858, -618.6891, -193.7091,  0, 127, 0
L 1870.3947, -620.2095, -193.7091,  1781.8257, -662.8356, -193.6839,  0, 127, 0
L 1781.8241, -662.8360, -193.6839,  1768.5088, -639.2555, -193.6819,  0, 127, 0
L 1768.5088, -639.2555, -193.6819,  1733.2494, -655.8252, -193.7091,  0, 127, 0
L 1733.2179, -655.8351, -193.7091,  1650.8882, -688.8655, -193.7091,  0, 127, 0
L 1650.8844, -688.8672, -193.7091,  1640.3130, -692.7358, -193.7090,  0, 127, 0
L 1632.6409, -677.9878, -193.9327,  1638.3534, -674.7296, -193.9085,  0, 127, 0
L 1638.3534, -674.7296, -193.9085,  1673.2798, -658.3220, -193.9966,  0, 127, 0
L 1673.3544, -658.2848, -193.9975,  1736.6443, -632.9900, -193.8059,  0, 127, 0
L 1736.6447, -632.9800, -193.8058,  1759.7173, -624.3636, -193.6810,  0, 127, 0
L 1692.5978, -621.1060, -193.7986,  1619.9772, -660.7516, -193.7091,  0, 127, 0
L 1619.9772, -660.7516, -193.7091,  1588.2498, -610.2820, -193.6821,  0, 127, 0
L 1588.2498, -610.2820, -193.6821,  1541.2079, -641.2809, -193.6847,  0, 127, 0
L 1541.4540, -640.9789, -193.6848,  1569.6476, -694.7668, -193.9393,  0, 127, 0
L 1569.6471, -694.7689, -193.9398,  1558.3362, -700.4457, -193.7992,  0, 127, 0
L 1558.3357, -700.4460, -193.7991,  1526.4263, -650.6613, -193.6824,  0, 127, 0
L 1526.4263, -650.6613, -193.6824,  1475.9867, -690.9020, -193.7073,  0, 127, 0
L 1475.9939, -690.9088, -193.7073,  1500.9888, -725.9724, -193.7091,  0, 127, 0
L 1500.9888, -725.9724, -193.7091,  1490.5956, -736.1263, -193.7786,  0, 127, 0
L 1490.5956, -736.1263, -193.7786,  1441.3411, -675.5367, -193.9061,  0, 127, 0
L 1441.3383, -675.5317, -193.9084,  1456.2538, -666.8010, -194.9110,  0, 127, 0
L 1456.2831, -666.6479, -194.9290,  1461.5662, -673.6683, -193.6699,  0, 127, 0
L 1461.5662, -673.6683, -193.6699,  1516.7898, -637.4289, -193.7802,  0, 127, 0
L 1516.7898, -637.4289, -193.7802,  1480.9253, -578.1861, -193.7076,  0, 127, 0
L 1480.9253, -578.1861, -193.7076,  1434.3810, -610.4761, -194.4150,  0, 127, 0
L 1433.3285, -608.8976, -193.7091,  1423.4087, -595.1330, -193.7093,  0, 127, 0
L 1423.4087, -595.1330, -193.7093,  1458.4634, -570.5599, -193.7505,  0, 127, 0
L 1458.4688, -570.5553, -193.7510,  1489.7570, -554.5027, -193.7094,  0, 127, 0
L 1529.9960, -626.5461, -193.7032,  1591.2831, -586.8470, -193.7500,  0, 127, 0
L 1591.2831, -586.8470, -193.7500,  1621.6531, -635.1190, -193.7081,  0, 127, 0
L 1528.5872, -625.4836, -193.7042,  1489.9142, -555.7454, -193.7205,  0, 127, 0
L 1621.6530, -635.1187, -193.7081,  1686.6227, -608.8640, -193.7092,  0, 127, 0
L 1686.6404, -608.9380, -193.7091,  1692.6552, -620.9193, -193.8185,  0, 127, 0
L 1708.7859, -603.3416, -193.7091,  1696.4070, -580.2877, -193.6839,  0, 127, 0
L 1696.4070, -580.2877, -193.6839,  1635.8838, -609.1154, -193.9433,  0, 127, 0
L 1635.8838, -609.1154, -193.9432,  1626.5219, -594.4913, -193.6973,  0, 127, 0
L 1626.5219, -594.4913, -193.6973,  1688.8136, -565.5461, -193.7076,  0, 127, 0
L 1688.8135, -565.5461, -193.7076,  1676.8362, -530.3624, -194.2980,  0, 127, 0
L 1676.8362, -530.3624, -194.2980,  1692.8838, -527.2972, -193.7091,  0, 127, 0
L 1692.8870, -527.2971, -193.7091,  1723.1824, -595.8644, -193.9447,  0, 127, 0
L 1721.8842, -596.8817, -193.9437,  1711.1237, -602.9911, -193.7091,  0, 127, 0
L 1744.7754, -482.7884, -193.6839,  1675.9810, -511.7429, -193.8029,  0, 127, 0
L 1675.9789, -511.7434, -193.8035,  1645.7548, -433.9922, -193.7091,  0, 127, 0
L 1646.7444, -432.8041, -193.7424,  1658.1969, -427.1634, -193.7091,  0, 127, 0
L 1658.1985, -427.1635, -193.7091,  1666.1537, -429.9460, -194.4718,  0, 127, 0
L 1666.1537, -429.9460, -194.4718,  1691.9760, -487.3014, -193.6817,  0, 127, 0
L 1692.1210, -487.2776, -193.6818,  1750.6692, -458.3702, -193.6965,  0, 127, 0
L 1781.1465, -522.9963, -193.7204,  1750.3512, -459.9570, -193.6973,  0, 127, 0
L 1781.1469, -522.9965, -193.7204,  1801.6194, -512.4858, -193.7091,  0, 127, 0
L 1801.6377, -512.4761, -193.7091,  1755.3456, -392.4180, -193.6824,  0, 127, 0
L 1754.9430, -392.3507, -193.6826,  1702.1740, -385.9837, -193.7018,  0, 127, 0
L 1702.1740, -385.9837, -193.7018,  1725.7002, -447.4947, -193.8081,  0, 127, 0
L 1725.7002, -447.4947, -193.8081,  1709.7223, -452.6406, -193.7524,  0, 127, 0
L 1709.7177, -452.6422, -193.7540,  1680.7809, -389.9820, -193.6830,  0, 127, 0
L 1680.7554, -389.1073, -193.6830,  1600.1875, -428.3410, -193.7081,  0, 127, 0
L 1600.1875, -428.3410, -193.7081,  1628.6095, -484.8077, -193.7091,  0, 127, 0
L 1628.6095, -484.8079, -193.7091,  1658.2743, -551.5778, -193.7091,  0, 127, 0
L 1649.1786, -558.5702, -193.8331,  1641.5326, -555.9355, -193.7024,  0, 127, 0
L 1641.5326, -555.9355, -193.7024,  1635.8145, -540.7441, -193.6847,  0, 127, 0
L 1650.5358, -557.5081, -193.7279,  1656.8335, -547.9763, -193.7091,  0, 127, 0
L 1635.8147, -540.7432, -193.6827,  1570.6709, -574.2889, -193.7298,  0, 127, 0
L 1570.1167, -572.4255, -193.7317,  1563.1797, -558.6326, -193.7674,  0, 127, 0
L 1563.1703, -558.6146, -193.7744,  1625.4961, -525.1917, -193.7495,  0, 127, 0
L 1599.4209, -468.3958, -193.7081,  1625.6132, -525.3801, -193.7460,  0, 127, 0
L 1599.4209, -468.3962, -193.7081,  1536.3075, -501.8199, -193.7091,  0, 127, 0
L 1536.3075, -501.8199, -193.7091,  1530.7050, -490.4282, -193.7091,  0, 127, 0
L 1588.3062, -452.7880, -193.7149,  1530.4148, -487.3894, -193.7091,  0, 127, 0
L 1591.4103, -451.6173, -193.7163,  1582.9778, -434.6520, -193.7091,  0, 127, 0
L 1582.9778, -434.6520, -193.7091,  1441.5044, -515.5193, -193.7091,  0, 127, 0
L 1441.5044, -515.5193, -193.7090,  1434.7726, -500.5966, -193.7091,  0, 127, 0
L 1434.7726, -500.5948, -193.7091,  1661.1250, -377.5332, -193.6938,  0, 127, 0
L 1661.1250, -377.5332, -193.6938,  1759.8003, -373.7321, -193.6907,  0, 127, 0
L 1759.8003, -373.7321, -193.6907,  1821.4423, -507.4395, -193.7081,  0, 127, 0
L 1837.7129, -503.4821, -193.7091,  1821.4423, -507.4388, -193.7081,  0, 127, 0
L 1836.3903, -504.8109, -193.7091,  1840.8561, -519.2808, -193.7091,  0, 127, 0
L 1840.8561, -519.2808, -193.7090,  1788.4142, -537.8137, -193.6966,  0, 127, 0
L 1788.4135, -537.8132, -193.6714,  1817.4247, -605.2100, -194.1425,  0, 127, 0
L 1817.4247, -605.2118, -194.1432,  1801.9164, -610.6426, -193.7213,  0, 127, 0
L 1801.9070, -610.6458, -193.7207,  1744.7753, -482.7884, -193.6839,  0, 127, 0
L 1532.6835, -549.8013, -193.6865,  1547.9198, -578.6512, -193.9021,  0, 127, 0
L 1547.9198, -578.6512, -193.9021,  1533.2262, -584.7664, -193.7394,  0, 127, 0
L 1533.2145, -584.7690, -193.7384,  1494.5530, -521.4296, -193.7152,  0, 127, 0
L 1494.5530, -521.4294, -193.7151,  1508.3566, -511.5067, -193.7091,  0, 127, 0
L 1508.3566, -511.5067, -193.7091,  1524.3577, -535.4944, -193.7065,  0, 127, 0
L 1524.3567, -535.4941, -193.7065,  1582.6996, -500.1607, -193.8361,  0, 127, 0
L 1582.7039, -500.1594, -193.8357,  1592.9263, -515.8157, -193.7086,  0, 127, 0
L 1592.9269, -515.8201, -193.7085,  1533.5696, -550.7424, -193.6863,  0, 127, 0
L 1441.9706, -554.9960, -193.7084,  1392.9148, -593.1570, -193.6834,  0, 127, 0
L 1392.9717, -593.2458, -193.6836,  1427.1250, -637.5760, -193.9187,  0, 127, 0
L 1427.2223, -637.5262, -193.9519,  1452.8101, -621.3777, -193.7091,  0, 127, 0
L 1452.8101, -621.3777, -193.7091,  1462.9474, -630.5969, -194.1973,  0, 127, 0
L 1462.9463, -630.6013, -194.1961,  1409.5049, -675.9833, -193.6547,  0, 127, 0
L 1409.5591, -676.3480, -193.6546,  1476.7426, -762.3985, -193.6821,  0, 127, 0
L 1476.7426, -762.3985, -193.6821,  1538.1128, -737.3537, -193.7044,  0, 127, 0
L 1538.1128, -737.3537, -193.7044,  1502.7228, -689.3644, -194.2000,  0, 127, 0
L 1518.3301, -683.2476, -193.7091,  1504.4015, -690.6399, -193.7091,  0, 127, 0
L 1517.2118, -681.9410, -193.9355,  1551.7389, -727.5214, -193.6855,  0, 127, 0
L 1595.9098, -698.7245, -193.7081,  1550.8687, -727.9952, -193.6827,  0, 127, 0
L 1595.8910, -699.6639, -193.7081,  1566.6592, -647.5294, -193.8375,  0, 127, 0
L 1566.6525, -647.5742, -193.8474,  1581.6908, -638.2155, -193.8394,  0, 127, 0
L 1581.8268, -638.2096, -193.8383,  1617.4064, -705.6863, -193.7091,  0, 127, 0
L 1479.9302, -785.1594, -193.7019,  1617.1171, -707.2419, -193.7091,  0, 127, 0
L 1477.1830, -785.5677, -193.7010,  1444.9148, -756.1241, -193.6851,  0, 127, 0
L 1444.9148, -756.1241, -193.6851,  1386.2615, -675.6815, -193.6778,  0, 127, 0
L 1386.2615, -675.6815, -193.6778,  1388.1702, -661.5175, -193.7091,  0, 127, 0
L 1388.1702, -661.5175, -193.7091,  1412.4633, -648.7950, -193.7069,  0, 127, 0
L 1412.4633, -648.7950, -193.7069,  1390.6768, -625.1319, -193.7091,  0, 127, 0
L 1390.6692, -625.1272, -193.7091,  1370.4323, -593.4283, -193.6819,  0, 127, 0
L 1370.4323, -593.4283, -193.6819,  1372.7074, -579.5200, -193.6852,  0, 127, 0
L 1372.7074, -579.5200, -193.6852,  1437.1648, -539.9379, -194.3015,  0, 127, 0
L 1437.1648, -539.9379, -194.3015,  1442.7974, -554.5901, -193.7087,  0, 127, 0
L 1273.3440, -610.4755, -192.7021,  1259.5741, -626.4178, -192.6872,  0, 0, 0
L 1259.5741, -626.4178, -192.6872,  1243.1283, -612.2200, -193.2160,  0, 0, 0
L 1243.1144, -611.9828, -193.1103,  1258.1310, -595.5967, -193.7091,  0, 0, 0
L 1258.1377, -595.5882, -193.7091,  1274.5530, -610.1050, -193.2470,  0, 0, 0
L 2044.6847, -918.1929, -194.1659,  1928.5291, -740.1960, -193.1495,  127, 64, 0
L 1868.2549, -742.2317, -193.5183,  1708.6565, -783.2137, -193.7091,  127, 64, 0
L 1708.6360, -783.2209, -193.7090,  1456.6653, -888.6693, -193.7091,  127, 64, 0
L 1456.6542, -888.6771, -193.7090,  1435.4845, -910.6399, -193.7091,  127, 64, 0
L 1435.4806, -910.6490, -193.7091,  1421.6908, -974.3835, -193.7091,  127, 64, 0
L 1868.2549, -742.2317, -193.5794,  1929.5923, -741.2912, -193.1908,  127, 64, 0
L 1866.3521, -825.2360, -193.7091,  1864.7970, -811.9000, -193.7091,  0, 0, 0
L 1864.7887, -811.8640, -193.7091,  1877.5696, -799.4532, -190.9838,  0, 0, 0
L 1877.5696, -799.4529, -190.9842,  1883.4408, -796.9435, -193.7091,  0, 0, 0
L 1883.4408, -796.9435, -193.7091,  1903.8213, -799.2155, -193.7091,  0, 0, 0
L 1903.8213, -799.2155, -193.7091,  1910.3677, -794.5317, -193.7091,  0, 0, 0
L 1910.3677, -794.5317, -193.7091,  1916.6863, -800.5070, -193.7091,  0, 0, 0
L 1916.6875, -800.5120, -193.7091,  1917.4711, -804.2245, -193.7091,  0, 0, 0
L 1917.4711, -804.2245, -193.7091,  1913.6576, -811.9556, -193.7091,  0, 0, 0
L 1913.6576, -811.9556, -193.7091,  1915.8168, -820.6631, -193.7091,  0, 0, 0
L 1915.8163, -820.6650, -193.7091,  1914.6897, -836.9366, -193.7091,  0, 0, 0
L 1914.6851, -836.9388, -193.7091,  1900.8971, -847.8329, -193.7091,  0, 0, 0
L 1900.8855, -847.8401, -193.7090,  1889.1659, -847.6700, -193.7091,  0, 0, 0
L 1889.1659, -847.6700, -193.7090,  1880.7592, -845.7191, -193.7091,  0, 0, 0
L 1880.7588, -845.7190, -193.7091,  1873.8499, -850.9731, -193.7091,  0, 0, 0
L 1873.8494, -850.9734, -193.7091,  1862.7466, -837.1022, -193.7091,  0, 0, 0
L 1862.7404, -837.9399, -193.7091,  1867.2179, -832.5610, -193.7091,  0, 0, 0
L 1867.2179, -832.5610, -193.7091,  1866.3490, -824.1664, -193.7091,  0, 0, 0
L 2471.2793, -295.5437, -228.2932,  2496.6597, -308.8874, -228.7306,  0, 0, 0
L 2496.6597, -308.8870, -228.7307,  2519.7212, -342.4012, -228.7464,  0, 0, 0
L 2519.7273, -342.4033, -228.7464,  2547.5247, -352.4051, -228.7597,  0, 0, 0
L 2547.5254, -352.4053, -228.7596,  2544.7830, -361.4932, -228.7596,  0, 0, 0
L 2544.7830, -361.4932, -228.7596,  2608.7908, -361.4520, -228.7597,  0, 0, 0
L 2608.7908, -361.4520, -228.7597,  2608.2659, -523.6417, -228.7597,  0, 0, 0
L 2608.2659, -523.6417, -228.7596,  2544.3650, -524.3804, -228.7597,  0, 0, 0
L 2544.3650, -524.3804, -228.7597,  2544.6907, -535.4777, -228.7596,  0, 0, 0
L 2544.6907, -535.4777, -228.7596,  2518.9102, -543.6909, -228.7597,  0, 0, 0
L 2518.9102, -543.6909, -228.7596,  2509.5037, -563.2617, -228.7596,  0, 0, 0
L 2509.5037, -563.2617, -228.7596,  2479.5955, -587.2826, -228.7649,  0, 0, 0
L 2479.5955, -587.2826, -228.7649,  2466.2554, -589.3907, -229.1330,  0, 0, 0
L 2466.2554, -589.3907, -229.1330,  2466.4661, -585.2530, -228.9128,  0, 0, 0
L 2466.4661, -585.2350, -228.9129,  2493.7266, -570.3228, -225.8340,  0, 0, 0
L 2493.7266, -570.3228, -225.8340,  2508.8201, -548.7073, -221.9681,  0, 0, 0
L 2508.8206, -548.7056, -221.9677,  2514.6187, -536.8176, -220.7932,  0, 0, 0
L 2514.6226, -536.8073, -220.7932,  2535.6580, -530.3141, -220.7932,  0, 0, 0
L 2535.6624, -530.3126, -220.7932,  2536.3064, -503.7427, -220.1691,  0, 0, 0
L 2536.3064, -503.7219, -220.1690,  2514.8252, -501.5548, -220.1691,  0, 0, 0
L 2514.8196, -501.5545, -220.1690,  2520.4817, -496.8586, -220.1690,  0, 0, 0
L 2520.4817, -496.8586, -220.1690,  2520.6299, -453.7400, -220.1690,  0, 0, 0
L 2520.6299, -453.7400, -220.1690,  2545.5547, -454.9080, -220.1690,  0, 0, 0
L 2545.5547, -454.9080, -220.1690,  2545.4539, -459.5081, -220.1691,  0, 0, 0
L 2545.4502, -459.5154, -220.1690,  2527.2830, -458.8226, -220.1690,  0, 0, 0
L 2527.2830, -458.8226, -220.1690,  2531.1375, -494.1073, -220.1691,  0, 0, 0
L 2531.2317, -494.1068, -220.1690,  2544.1138, -494.1184, -220.1691,  0, 0, 0
L 2544.1382, -494.1186, -220.1690,  2540.4424, -515.1130, -220.1690,  0, 0, 0
L 2540.4424, -515.1130, -220.1690,  2590.9629, -515.1169, -220.1690,  0, 0, 0
L 2590.9629, -515.1169, -220.1690,  2587.9236, -458.8245, -220.1691,  0, 0, 0
L 2587.9324, -458.8245, -220.1690,  2586.3660, -450.6655, -220.1691,  0, 0, 0
L 2588.1709, -450.9712, -220.1691,  2600.3589, -454.9710, -220.1690,  0, 0, 0
L 2600.3589, -454.9710, -220.1690,  2600.3755, -431.7475, -220.1690,  0, 0, 0
L 2600.3755, -431.7475, -220.1690,  2582.7559, -431.7187, -220.1691,  0, 0, 0
L 2582.7559, -431.7185, -220.1690,  2590.9629, -370.8503, -220.1690,  0, 0, 0
L 2590.9629, -370.8503, -220.1690,  2540.4185, -370.8303, -220.1691,  0, 0, 0
L 2540.4185, -370.8303, -220.1691,  2540.4009, -392.1942, -220.1691,  0, 0, 0
L 2540.4009, -392.1947, -220.1690,  2527.2764, -391.7592, -220.1690,  0, 0, 0
L 2527.2764, -391.7592, -220.1690,  2531.1875, -427.1080, -220.1691,  0, 0, 0
L 2531.2056, -427.1060, -220.1690,  2547.1785, -427.4410, -220.1691,  0, 0, 0
L 2547.2605, -427.4520, -220.1690,  2546.3831, -433.9615, -220.1690,  0, 0, 0
L 2546.3831, -433.9615, -220.1690,  2521.3433, -431.7556, -220.1691,  0, 0, 0
L 2521.3379, -431.7556, -220.1690,  2520.4861, -388.9866, -220.1690,  0, 0, 0
L 2520.4861, -388.9866, -220.1690,  2513.7039, -386.3247, -220.1690,  0, 0, 0
L 2513.7039, -386.3247, -220.1690,  2516.3047, -383.9087, -220.1691,  0, 0, 0
L 2516.3057, -383.9030, -220.1690,  2536.4336, -384.2579, -220.1690,  0, 0, 0
L 2536.4336, -384.2579, -220.1690,  2538.5496, -354.7721, -218.6245,  0, 0, 0
L 2538.5496, -354.7721, -218.6245,  2513.2283, -347.5597, -220.7932,  0, 0, 0
L 2513.2212, -347.5523, -220.7932,  2502.5442, -328.1693, -223.7963,  0, 0, 0
L 2502.5413, -328.1648, -223.7963,  2486.2632, -313.4910, -227.3985,  0, 0, 0
L 2486.2632, -313.4910, -227.3985,  2469.7090, -297.5898, -228.7330,  0, 0, 0
L 2469.7085, -297.5898, -228.7330,  2471.2415, -293.4553, -228.7358,  0, 0, 0
L 2460.1160, -557.5016, -228.7615,  2479.2251, -543.9730, -228.7597,  0, 0, 0
L 2479.2710, -543.5890, -228.7597,  2485.8672, -521.4063, -228.7597,  0, 0, 0
L 2485.8672, -521.4063, -228.7597,  2485.9683, -503.8620, -228.7596,  0, 0, 0
L 2485.9683, -503.8620, -228.7596,  2473.9292, -503.8666, -228.7597,  0, 0, 0
L 2473.9185, -503.8666, -228.7597,  2471.6602, -470.2490, -228.8428,  0, 0, 0
L 2471.6602, -470.2490, -228.8428,  2482.8311, -471.5520, -228.7596,  0, 0, 0
L 2482.8311, -471.5520, -228.7596,  2482.8201, -414.7506, -228.7596,  0, 0, 0
L 2482.8201, -414.7506, -228.7596,  2470.6924, -415.1020, -228.8592,  0, 0, 0
L 2470.6924, -415.1020, -228.8594,  2469.9700, -395.4730, -228.7596,  0, 0, 0
L 2469.9700, -395.4730, -228.7596,  2473.8528, -391.2805, -228.7597,  0, 0, 0
L 2473.8411, -391.2649, -228.7596,  2473.7688, -383.3774, -228.7591,  0, 0, 0
L 2473.7627, -383.3759, -228.7590,  2485.9678, -381.9800, -228.7589,  0, 0, 0
L 2485.9678, -381.9800, -228.7589,  2482.1055, -348.5033, -228.7473,  0, 0, 0
L 2482.1050, -348.5027, -228.7472,  2471.8362, -334.7069, -228.7427,  0, 0, 0
L 2471.8357, -334.7067, -228.7427,  2460.7168, -327.4759, -228.7498,  0, 0, 0
L 2460.7117, -327.4730, -228.7497,  2462.9524, -318.9517, -228.7596,  0, 0, 0
L 2462.9524, -318.9517, -228.7596,  2477.7156, -328.5511, -226.2392,  0, 0, 0
L 2477.7156, -328.5511, -226.2392,  2491.8130, -348.5228, -221.9369,  0, 0, 0
L 2494.3782, -391.1818, -220.1690,  2491.8130, -348.5228, -222.5872,  0, 0, 0
L 2494.3782, -391.1818, -220.1690,  2481.4397, -389.2280, -220.1690,  0, 0, 0
L 2481.4397, -389.2280, -220.1690,  2481.3040, -407.8122, -220.1690,  0, 0, 0
L 2481.3040, -407.8122, -220.1690,  2493.2271, -410.9350, -220.1691,  0, 0, 0
L 2493.3313, -411.4710, -220.1691,  2490.2986, -477.7914, -220.1691,  0, 0, 0
L 2490.3035, -477.7889, -220.1690,  2480.9949, -478.4180, -220.1690,  0, 0, 0
L 2480.9949, -478.4180, -220.1690,  2481.6260, -496.8593, -220.1691,  0, 0, 0
L 2481.6260, -496.8593, -220.1690,  2492.4800, -496.8451, -220.1690,  0, 0, 0
L 2492.4800, -496.8451, -220.1690,  2492.3396, -537.8510, -222.9880,  0, 0, 0
L 2492.3396, -537.8510, -222.9880,  2484.8821, -548.4300, -223.4933,  0, 0, 0
L 2484.8782, -548.4670, -223.4949,  2473.5330, -561.5347, -227.9034,  0, 0, 0
L 2463.9766, -563.4293, -228.2932,  2474.7771, -560.9796, -227.7273,  0, 0, 0
L 2463.9766, -563.4293, -228.7599,  2462.6226, -561.3500, -226.2730,  0, 0, 0
L 2462.6182, -561.3442, -228.2927,  2460.1160, -557.5016, -228.7621,  0, 0, 0
L 701.7264, 798.4384, -143.7026,  725.4623, 798.5981, -148.4876,  0, 0, 0
L 725.4623, 798.5981, -148.4876,  736.8057, 714.4474, -161.2281,  0, 0, 0
L 736.8057, 714.4474, -161.2281,  817.2866, 615.1957, -172.8649,  0, 0, 0
L 817.2866, 615.1957, -172.8656,  944.3553, 553.6789, -168.6871,  0, 0, 0
L 944.3553, 553.6789, -168.6871,  1083.8705, 517.6877, -161.2593,  0, 0, 0
L 1083.8722, 517.6919, -161.2623,  1207.4651, 457.1734, -143.6332,  0, 0, 0
L 1207.4651, 457.1734, -143.6332,  1351.5298, 455.4203, -140.7161,  0, 0, 0
L 1351.5298, 455.4203, -140.7161,  1447.6165, 461.9793, -164.1836,  0, 0, 0
L 1447.6165, 461.9793, -164.1836,  1547.3678, 520.4767, -177.3743,  0, 0, 0
L 1547.4115, 520.9998, -177.3750,  1622.4860, 633.7166, -178.9437,  0, 0, 0
L 1622.4860, 633.7166, -178.9437,  1671.4679, 770.2374, -178.9429,  0, 0, 0
L 1671.4684, 770.2383, -178.9428,  1691.3444, 761.8094, -178.9945,  0, 0, 0
L 1691.3444, 761.8094, -178.9945,  1645.3727, 644.8015, -153.3365,  0, 0, 0
L 1645.3810, 644.7961, -153.3361,  1577.5160, 515.8016, -141.2771,  0, 0, 0
L 1577.6460, 515.7820, -141.2766,  1470.2389, 447.3695, -130.6019,  0, 0, 0
L 1470.2389, 447.3668, -130.6017,  1372.7853, 441.9300, -106.1518,  0, 0, 0
L 1372.7853, 441.9300, -106.1518,  1230.3965, 441.6380, -105.6265,  0, 0, 0
L 1230.3959, 441.6380, -105.6265,  1208.3534, 437.4728, -105.9052,  0, 0, 0
L 1208.3534, 437.4728, -105.9052,  1096.2599, 493.3659, -122.5477,  0, 0, 0
L 966.6526, 532.2126, -130.8727,  1096.2300, 493.3720, -122.5477,  0, 0, 0
L 961.6110, 533.7581, -131.2709,  829.6375, 591.3873, -139.9903,  0, 0, 0
L 829.6375, 591.3873, -139.9903,  801.8594, 611.3083, -140.7541,  0, 0, 0
L 801.8594, 611.3083, -140.7541,  739.6567, 685.4067, -143.8033,  0, 0, 0
L 739.5588, 685.5217, -143.8109,  720.6468, 702.4714, -143.9889,  0, 0, 0
L 720.6367, 702.4828, -143.9890,  703.8438, 798.5823, -144.1760,  0, 0, 0
L 1291.6763, 889.9100, -179.4300,  1258.4966, 889.1548, -185.5625,  0, 0, 0
L 1258.6946, 888.8733, -185.5623,  1265.5425, 893.3791, -185.5625,  0, 0, 0
L 1265.5695, 893.3946, -185.5623,  1278.8810, 894.3958, -185.5623,  0, 0, 0
L 1278.8810, 894.3958, -185.5623,  1290.3140, 913.4610, -185.5625,  0, 0, 0
L 1290.3799, 913.5800, -185.5623,  1309.4640, 922.8477, -185.5527,  0, 0, 0
L 1309.4640, 922.8477, -185.5527,  1330.7758, 922.6920, -185.5509,  0, 0, 0
L 1330.7776, 922.6920, -185.5509,  1349.5790, 910.4547, -185.5438,  0, 0, 0
L 1359.1659, 891.9498, -185.5448,  1348.4717, 910.4799, -185.5446,  0, 0, 0
L 1359.4657, 891.5104, -185.5447,  1358.8451, 865.3243, -185.5474,  0, 0, 0
L 1358.8451, 865.2920, -185.5473,  1345.6382, 848.1323, -185.5483,  0, 0, 0
L 1345.6305, 848.1190, -185.5483,  1329.5813, 840.7668, -185.5448,  0, 0, 0
L 1329.5778, 840.7653, -185.5448,  1307.5585, 841.4556, -185.5511,  0, 0, 0
L 1307.5551, 841.4554, -185.5510,  1288.4751, 852.5540, -185.5612,  0, 0, 0
L 1288.4640, 852.5598, -185.5611,  1278.3815, 869.1874, -185.5625,  0, 0, 0
L 1278.3798, 869.1874, -185.5623,  1260.9563, 871.8564, -185.5623,  0, 0, 0
L 1259.9834, 876.1776, -185.5623,  1293.5503, 874.6689, -179.5596,  0, 0, 0
L 1299.2570, 861.3810, -182.4012,  1293.7521, 876.4641, -180.8583,  0, 0, 0
L 1299.1902, 861.2877, -182.4013,  1314.6198, 854.3867, -182.4013,  0, 0, 0
L 1314.6198, 854.3867, -182.4012,  1325.7997, 854.3757, -182.4013,  0, 0, 0
L 1325.8030, 854.3757, -182.4012,  1339.9312, 864.1235, -182.4013,  0, 0, 0
L 1339.9363, 864.1337, -182.4012,  1345.8611, 878.6448, -182.4013,  0, 0, 0
L 1345.8605, 878.6711, -182.4013,  1344.6238, 891.2889, -182.4013,  0, 0, 0
L 1344.6233, 891.2894, -182.4012,  1337.4988, 902.4358, -182.4012,  0, 0, 0
L 1337.4988, 902.4358, -182.4012,  1325.9668, 909.8000, -182.4013,  0, 0, 0
L 1310.7848, 908.9559, -182.4013,  1327.4821, 908.2095, -182.4013,  0, 0, 0
L 1312.1747, 909.1684, -182.4012,  1298.7371, 901.9686, -182.4013,  0, 0, 0
L 1298.7345, 901.9672, -182.4012,  1294.6969, 890.7060, -182.4013,  0, 0, 0
L 1294.6969, 890.7059, -182.4012,  1286.9561, 889.1875, -179.6519,  0, 0, 0
L 1262.6980, 871.9442, -185.5623,  1262.1399, 876.9924, -185.5623,  0, 0, 0
L 1490.3877, 706.3011, -178.9428,  1509.5143, 716.4687, -178.9429,  0, 0, 0
L 1509.5320, 716.4701, -178.9428,  1520.8938, 697.5383, -178.9429,  0, 0, 0
L 1520.9789, 697.4108, -178.9428,  1501.8324, 686.2521, -178.9429,  0, 0, 0
L 1501.8180, 686.2436, -178.9428,  1490.3196, 704.7791, -177.9759,  0, 0, 0
L 684.4883, 515.6580, -148.4522,  905.3069, 415.9211, -149.4327,  127, 64, 0
L 905.3069, 415.9211, -149.4327,  823.2101, 272.9596, -152.1014,  127, 64, 0
L 823.2083, 272.9567, -152.1007,  610.3799, 362.5434, -151.3006,  127, 64, 0
L 610.3777, 362.5432, -151.3009,  683.3989, 515.6429, -148.3081,  127, 64, 0
L -118.7818, 10.2674, -32.6379,  -118.9492, -12.4530, -32.6379,  255, 0, 255
P -110.8960, -0.5580, -32.6627,  0, 127, 0,  3,  to_House_of_Thule
P 1656.2759, 969.9528, -177.4516,  0, 127, 0,  3,  to_the_Well
