P 2139.7769, 220.4652, -255.6081,  127, 0, 0,  2,  Faernoc
P 1490.4240, 700.4235, -178.9428,  127, 64, 0,  2,  Statue_South
P 1126.1547, 725.2540, -178.1242,  127, 64, 0,  2,  Bixie_Hive
P 695.7018, -29.3917, -144.4988,  127, 64, 0,  2,  Tunnel
P 2439.3838, 145.5280, -228.7939,  127, 64, 0,  2,  Trees_East
P 2564.5037, -446.2801, -220.1690,  127, 64, 0,  2,  Mausoleum
P 687.8550, -463.1732, -136.2941,  127, 64, 0,  1,  Forest
P 1889.3716, -821.2397, -190.8378,  127, 64, 0,  2,  baker_tower
P 1769.7671, -900.6840, -194.1187,  127, 64, 0,  2,  farm
P 1277.9192, -612.9393, -193.7091,  127, 64, 0,  2,  Statue_North
P 2377.1902, -191.7110, -235.7596,  127, 64, 0,  2,  Statue_East
P 757.5732, 405.5572, -143.7520,  127, 64, 0,  2,  Field
P 2416.9734, 848.3323, -235.2678,  0, 0, 127,  2,  Plomaedis_(Lackey)
P 1614.9926, -574.1130, -194.6632,  0, 0, 127,  2,  Deidre_(Lost)
P 1787.6089, -501.3958, -194.6950,  0, 0, 0,  1,  1st_missing_bonecrafter
P 510.5045, -149.9749, -144.3045,  0, 0, 0,  1,  second_missing_bonecrafter
P 490.8661, 763.2299, -143.7921,  0, 0, 0,  1,  third_missing_bonecrafter
P 2269.6802, 932.1349, -235.2942,  0, 0, 0,  1,  fourth_missing_bonecrafter
P 1334.3870, 880.5667, -182.4012,  0, 0, 127,  2,  Meikona_the_Keeper
P 2544.2737, -375.2964, -220.1691,  0, 0, 127,  2,  Ikaena_the_Bonesmith
P 2561.3870, -750.9124, -235.7596,  0, 0, 127,  2,  Constable_Erulin
P 2568.9419, -385.6003, -220.1690,  0, 0, 0,  1,  Book_Hunt*
P 2091.7112, -450.9986, -190.6565,  0, 0, 0,  1,  Page_1
P 1887.4474, -360.3093, -161.1706,  0, 0, 0,  1,  page_2
P 1743.3577, -221.4619, -134.7541,  0, 0, 0,  1,  page_3
P 389.8455, -444.7753, -142.3224,  127, 0, 0,  3,  Lost_Golem
P 1904.9843, -857.5670, -191.7483,  0, 0, 127,  2,  Ghrechla_the_Patch_Warden
P 2151.7498, -89.5700, -241.4370,  0, 0, 127,  2,  Granger_Rivenbel
P -111.6235, 28.7241, -30.8581,  0, 0, 240,  3,  Athmos_the_Bard_(Q)
P 1506.6935, 695.4755, -169.6576,  0, 0, 0,  1,  Book_Hunt*
P 115.6932, 269.9092, -37.8170,  0, 0, 127,  2,  2-Escort_Tracker_Grempf
P -50.8081, 16.4877, -39.0548,  0, 0, 127,  2,  3-Drom_the_Enchanter
P -49.1952, -17.0078, -39.0507,  0, 0, 127,  2,  1-Tracker_Grempf
P 238.0157, 91.9314, -86.3772,  0, 0, 127,  2,  4-Protector_of_the_Patch
P 838.6802, -3.0020, -105.1529,  0, 0, 127,  2,  4-Protector_of_the_Patch
P 2473.2654, -311.4412, -226.8521,  0, 0, 127,  2,  4-Protector_of_the_Patch*
P 2209.0491, -144.1417, -235.3519,  0, 0, 127,  2,  4-Protector_of_the_Patch
P 114.1473, 271.7682, -37.8121,  0, 0, 127,  2,  5-Rabbit_foot_(GS)
P 1938.4978, 81.5993, -229.3657,  0, 127, 127,  2,  Assistant_Fexlin_(27th)
