P -1287.0000, -4540.0000, 65.7556,  0, 0, 240,  2,  Adinel_Jailbar(M)
P -1269.0000, -4539.0000, 65.9420,  0, 0, 240,  2,  Sojan_the_Sleepless_(M)
P -1313.2887, -4636.7051, 72.4356,  0, 0, 127,  2,  Xorbinasticalus_(Spells)
P 20269.5137, -3947.2317, -8.4376,  0, 0, 240,  2,  Joshel_the_Large(Q)
P -388.1607, -5307.1846, -18.4589,  0, 0, 240,  2,  Rendap
P -391.5086, -5311.1357, -19.9969,  0, 0, 240,  2,  Nelet_Durzit
P -482.7585, -5328.1982, -18.8383,  0, 0, 240,  2,  Masurt_Dok
P -395.6032, -5352.3691, -18.4713,  0, 0, 240,  2,  Soulbinder
P -1357.2206, -4562.2773, 72.7734,  0, 0, 240,  2,  Relit
P -1369.4480, -4549.3691, 72.7402,  0, 0, 240,  2,  Nilham_the_Chef
P -1350.7654, -4552.9385, 72.2173,  0, 0, 240,  2,  Traboh
P -1211.6388, -4390.6523, 44.7905,  0, 0, 240,  2,  Lookout_Larithim
P -1331.2190, -4504.2637, 69.6518,  0, 0, 240,  2,  Ami
P -2209.3191, -4717.8057, -33.9040,  0, 0, 240,  2,  Ratop
P -2217.9163, -4716.9019, -33.1184,  0, 0, 240,  2,  Ritap
P -3227.4402, -2920.5696, 212.6278,  0, 0, 240,  2,  Balix_Misteyes
P -3270.1636, -2575.7017, 202.1786,  0, 0, 240,  2,  Sir_Jevik_Isqual
P -2422.3079, -980.8102, 35.2222,  0, 0, 240,  2,  Keref_Spiritspear
P -2409.2942, -1064.8101, 35.2222,  0, 0, 240,  2,  Errgriz
P -2416.2283, -1069.6371, 35.2222,  0, 0, 240,  2,  Ergrez_Shortpaw
P -2356.7820, -1020.2380, 35.7847,  0, 0, 240,  2,  Grizlin_Bloodfang
P -8635.4063, 5613.9019, 147.5006,  0, 0, 127,  2,  Vas_Thorel(Brd_Pre-Q)
P -5931.7197, 5719.3257, -63.7914,  0, 0, 127,  2,  Corudoth
