L -1321.5846, -4614.9307, 70.1169,  -1332.1106, -4620.8940, 71.8620,  0, 0, 0
L -1332.1106, -4620.8940, 71.8620,  -1335.3427, -4632.4009, 71.6167,  0, 0, 0
L -1335.3427, -4632.4009, 71.6167,  -1329.8883, -4642.6060, 71.6103,  0, 0, 0
L -1329.8883, -4642.6060, 71.6103,  -1318.5486, -4646.2017, 71.3453,  0, 0, 0
L -1318.5486, -4646.2017, 71.3453,  -1307.9258, -4640.7817, 70.6984,  0, 0, 0
L -1307.9258, -4640.7817, 70.6984,  -1304.2251, -4629.1343, 70.5810,  0, 0, 0
L -1304.2251, -4629.1343, 70.5810,  -1309.9336, -4618.3501, 69.8160,  0, 0, 0
L -1309.9336, -4618.3501, 69.8160,  -1313.5525, -4617.3442, 70.8570,  0, 0, 0
L -1321.7007, -4614.9404, 70.1300,  -1318.2018, -4616.9063, 70.3228,  0, 0, 0
L -1318.2018, -4616.9063, 71.1616,  -1313.4441, -4598.4868, 69.7040,  0, 0, 0
L -1313.5525, -4617.3442, 71.4428,  -1308.9298, -4600.3091, 70.5039,  0, 0, 0
L -1292.1167, -4566.5142, 68.5762,  -1284.5403, -4549.2031, 66.7151,  0, 0, 0
L -1284.5403, -4549.2031, 67.6677,  -1288.2593, -4548.8301, 66.2600,  0, 0, 0
L -1288.2593, -4548.8301, 66.2600,  -1292.3884, -4537.3599, 65.6698,  0, 0, 0
L -1292.3884, -4537.3599, 65.6698,  -1287.2980, -4526.2422, 64.9916,  0, 0, 0
L -1287.2980, -4526.2422, 64.9916,  -1275.6426, -4521.9482, 64.4108,  0, 0, 0
L -1275.6426, -4521.9482, 64.4108,  -1264.3367, -4527.3184, 64.2426,  0, 0, 0
L -1264.3367, -4527.3184, 64.2426,  -1260.3186, -4539.1602, 64.6036,  0, 0, 0
L -1260.3186, -4539.1602, 64.6036,  -1265.8838, -4550.1885, 65.2810,  0, 0, 0
L -1265.8838, -4550.1885, 65.2810,  -1277.3096, -4554.6250, 65.8613,  0, 0, 0
L -1277.3096, -4554.6250, 65.8613,  -1279.8733, -4551.4551, 67.5618,  0, 0, 0
L -1279.8733, -4551.4551, 67.2026,  -1288.6128, -4568.8403, 68.6045,  0, 0, 0
L -1334.5901, -4566.8989, 71.2000,  -1347.7948, -4558.8062, 72.1586,  0, 0, 0
L -1346.7970, -4556.3018, 71.7373,  -1348.8856, -4543.9048, 71.7156,  0, 0, 0
L -1348.8856, -4543.9048, 71.7156,  -1359.4624, -4537.3589, 71.9226,  0, 0, 0
L -1359.4624, -4537.3589, 71.9226,  -1371.5724, -4540.3560, 72.3443,  0, 0, 0
L -1371.5724, -4540.3560, 72.3443,  -1377.8882, -4550.7896, 72.8383,  0, 0, 0
L -1377.8882, -4550.7896, 72.8383,  -1375.1238, -4562.5483, 73.1590,  0, 0, 0
L -1375.1238, -4562.5483, 73.1590,  -1364.9457, -4569.4824, 73.2830,  0, 0, 0
L -1364.9457, -4569.4824, 73.2830,  -1352.8357, -4566.5605, 72.3626,  0, 0, 0
L -1337.6442, -4572.1450, 72.9330,  -1350.8434, -4563.5269, 73.8029,  0, 0, 0
L -1346.8728, -4556.1851, 71.8862,  -1347.7948, -4558.8062, 71.9582,  0, 0, 0
L -1350.8434, -4563.5269, 72.4786,  -1352.9546, -4566.5796, 72.5387,  0, 0, 0
P -8993.0000, 3396.0000, 0.0000,  0, 0, 0,  2,  Shawl_8_:_start_point
P -7542.0000, 3529.0000, 0.0000,  0, 0, 0,  2,  Shawl_8_:_1st_wave
P -7252.0000, 2208.0000, 0.0000,  0, 0, 0,  2,  Shawl_8_:_2nd_wave
P -5940.0000, 1089.0000, 0.0000,  0, 0, 0,  2,  Shawl_8_:_3rd_wave
P -2248.0000, -1502.0000, 0.0000,  0, 0, 0,  2,  Shawl_8_:_4th_wave
P -2653.0000, -3698.0000, 0.0000,  0, 0, 0,  2,  Shawl_8_:_last_wave
P 19346.0000, -4089.0000, 0.0000,  127, 64, 0,  2,  Dock
P -399.0000, -5395.0000, 0.0000,  127, 64, 0,  2,  Dock
P -4938.0000, 512.0000, 0.0000,  127, 64, 0,  2,  Teleport
P -4878.3711, 602.7898, 106.8748,  127, 64, 0,  3,  Dragon_Circle
P -5443.8481, -1737.5353, -34.8926,  127, 64, 0,  3,  Wreckage_of_the_Greysong
P -1307.8888, -4572.9019, 79.8221,  0, 0, 127,  2,  Avatar_of_Below
P 2987.4778, -1051.6006, 28.7000,  127, 0, 0,  2,  Giligatabbus_Igglebix(Sk_1.5)
P -5220.4185, -1061.8358, 256.1555,  0, 0, 0,  1,  Frozen_Pestle(GS)War2.0)
P 20004.6426, -3943.3992, 44.2897,  0, 0, 127,  2,  Fazzle_Thumpkin(War2.0)
P -350.8795, -5341.9780, -18.4660,  0, 127, 0,  2,  Translocator_Kurione(to_North_Ro)
P -752.6208, -5712.1943, 131.8257,  0, 0, 240,  2,  Feld
P -760.1028, -5706.7896, 133.6218,  0, 0, 172,  2,  Blik
P -761.4860, -5713.6982, 134.1673,  0, 0, 240,  2,  Bilf
P -1275.4240, -4536.7920, 86.9860,  0, 0, 240,  2,  Novyak_the_Lookout
P -1324.4552, -4638.3154, 72.9604,  0, 0, 240,  2,  Captain_Nalot
P -1326.9258, -4626.9795, 72.5477,  0, 0, 240,  2,  Tsilos_the_Swabby
P -1271.8467, -4530.6772, 66.3785,  0, 0, 240,  2,  Madan_Eflik
P -3215.8162, -2917.6746, 212.5509,  0, 0, 0,  1,  Skin_of_Slush_water
P -5581.9634, -1546.3478, -38.7387,  0, 0, 0,  1,  Greysong_ship_debris
P -8827.5752, 3413.2061, 291.9379,  0, 0, 127,  2,  General_Bragmur
P -2185.6050, -1199.2208, 38.2486,  127, 0, 0,  2,  Lodizal*
P -519.0546, -4069.6829, 161.5909,  0, 127, 127,  2,  Dolly
P -333.8522, -4260.2251, 86.8036,  0, 127, 127,  2,  Dolly
P -169.0796, -4439.0059, 94.1458,  0, 127, 127,  2,  Dolly
P -125.9409, -3796.9707, 29.7171,  0, 127, 127,  2,  Dolly
