P -1115.6104, 925.5516, 20.3924,  0, 0, 240,  2,  Zazbaba_Helsoth(Q)
P 962.7947, -508.2959, 1.5658,  0, 0, 240,  2,  Selgoon_Swampskimmer(Q)
P 26.7166, -2036.8657, 14.4389,  0, 0, 240,  2,  Kippidora_Landhopper(Q)
P 248.5098, -869.6567, 24.7105,  0, 0, 240,  2,  Sithgok(M)
P 244.1449, -874.6890, 22.7590,  0, 0, 240,  2,  Stragak(M)
P 940.4619, 2138.1277, -1.1744,  0, 0, 240,  2,  Basher_Trak
P 934.7779, 2170.3357, -1.1744,  0, 0, 240,  2,  Basher_Smag
P 729.7931, 2178.5386, -0.3327,  0, 0, 240,  2,  Basher_Dreg
P 650.8025, 2096.7920, 0.8823,  0, 0, 240,  2,  Basher_Sklama
P -746.1916, 1379.3152, 2.1100,  0, 0, 240,  2,  Clorka_Swampera(Q)
P -763.1221, 1384.8300, 1.6802,  0, 0, 240,  2,  Brenengro_Farshore(Q)
P -1083.2052, 2152.9363, 20.1540,  0, 0, 240,  2,  Dark_Deathsinger(Q)
P 253.9329, -866.9922, 25.8919,  0, 0, 240,  2,  Murak(M)
P 239.7710, -879.8967, 21.4316,  0, 0, 240,  2,  Clork(M)
P -527.2867, 325.1736, 10.5740,  0, 0, 240,  2,  Igok(Q)
