P 1604.1348, 779.5289, -17.7250,  240, 0, 0,  2,  Zed_Sticklebush
P 1459.2367, 761.1974, -27.2397,  240, 0, 0,  2,  Zed_Sticklebush
P 1318.3859, 700.5320, -29.3079,  240, 0, 0,  2,  Elishia_Blackguard
P 1326.2516, 818.8429, -18.8917,  240, 0, 0,  2,  Reynold_Blackguard
P 1319.4668, 699.6407, -29.2433,  240, 0, 0,  2,  Vaurien_Sticklebush
P 1339.3722, 700.3328, -31.1473,  240, 0, 0,  2,  Yranik_Blackguard
P 1901.7146, 626.1720, -34.1484,  240, 0, 0,  2,  Myraephe_the_Pure
P 101.8037, -721.6559, 171.1525,  240, 0, 0,  2,  FierceWind
P 678.1827, -1273.7881, 9.3981,  240, 0, 0,  2,  StormClaw*
P -167.4279, -801.2386, -17.7128,  240, 0, 0,  2,  Jerg_Oakenfist
P 1054.9137, -402.8768, 0.5205,  240, 0, 0,  2,  GoldenTalon*
P 2464.5032, 263.7393, -45.8395,  240, 0, 0,  2,  Lameriae_the_Alluring
P -848.1191, -633.8000, -28.9026,  240, 0, 0,  2,  a_savage_pinewolf
P 573.6700, -625.5165, -22.5600,  240, 0, 0,  2,  a_great_kodiak*
P 2340.6558, 556.3799, -51.8513,  240, 0, 0,  2,  Potameid_Matron_/_Dame
P 3062.3201, -373.5500, -45.9209,  240, 0, 0,  2,  Potameid_Matriarch_/_Dame
P -577.1378, -596.8029, -15.6434,  240, 0, 0,  2,  an_ancient_treant*
P -801.1230, -3400.1790, 79.7382,  127, 0, 0,  2,  Dismal_Darkpaw_Mystic(BST2.0)
