P -415.5690, 1677.6890, -16.8049,  127, 64, 0,  2,  Dryad_Area
P 222.6879, -2710.3201, 65.7450,  127, 0, 0,  1,  Do_NOT_Pass_Red_Line
P 2141.3892, 153.7966, -37.9697,  127, 64, 0,  3,  Potameid_cave
P 224.6409, -2731.2190, 65.9020,  127, 0, 0,  1,  PIT_TRAP!
P -643.8429, -2162.9031, 88.3430,  127, 64, 0,  2,  Gnoll_Cave
P -3370.3328, 1084.4668, 0.1000,  127, 64, 0,  2,  Merchant_Area
P 1467.5060, 690.9000, -29.6149,  127, 64, 0,  3,  Poachers
P 1009.9337, 1628.8357, -19.3563,  0, 0, 127,  2,  Dire_Kodiak(Brd_1.5)
P 1902.9762, 248.5660, -14.9415,  0, 0, 127,  2,  Anasiru_Battlebringer
P 2382.1851, 298.4069, -50.4388,  240, 0, 0,  2,  Lady_Fianya
P 1586.9380, -319.4076, -14.4041,  0, 0, 127,  2,  Rashara_Wrualla(BST_Epics)
P -908.2300, 72.5918, -19.4690,  0, 0, 127,  2,  Ganatru_Mythmoor
P 1856.5193, -1085.5851, -16.3416,  0, 0, 127,  2,  Pemwenia_Dagor
P 357.4413, 34.9266, -29.9218,  127, 0, 0,  2,  Firwyn(Ench2.0)
P -3506.5459, 1099.3610, 0.1000,  0, 0, 127,  2,  Chef_Brargus(Ench2.0)
P 965.1500, -1386.8125, -15.1402,  0, 0, 0,  1,  Fertile_Earth(GS)Rng1.5)
P 1829.4435, -1077.6836, -16.6542,  0, 0, 240,  2,  an_epic_request_(Dru)
P -1615.3566, 1669.0808, -6.4179,  0, 127, 127,  2,  Prime_Resonant_Timber
