P 164.8150, -393.4483, 17.3599,  0, 0, 0,  1,  Forge
P -250.5293, -589.7939, -35.9979,  127, 64, 0,  2,  Brisbane_Treasury
P 150.2915, -412.3041, 0.2000,  0, 0, 0,  1,  Forge
P 185.6116, -402.2550, 0.2000,  127, 64, 0,  1,  Everhot_Forge
P 186.1855, -651.5909, 0.2000,  127, 64, 0,  2,  Grey_Bloom_Farms
P 163.4499, -673.3558, 0.2000,  0, 0, 0,  1,  Brewing_Barrel
P -314.3170, -513.4891, -35.9979,  0, 0, 0,  1,  Kiln
P -315.8469, -533.6509, -32.4078,  0, 0, 0,  1,  Pottery_Wheel
P -223.1157, -700.9184, -67.7604,  0, 0, 127,  2,  Jark(Pal1.0)
P -116.9544, -676.2100, 4.2081,  0, 0, 127,  2,  Nella_Stonebraids(Pal1.0)
P -143.8640, -946.9126, 24.2082,  0, 0, 127,  2,  Datur_Nightseer(Pal2.0)
P 178.7516, -346.8915, 1.5531,  0, 0, 127,  2,  Kinlo_Strongarm(Drd/Ber/Rng_Epics)
P -260.6701, -518.3289, -34.4486,  127, 0, 0,  2,  1-Harnoff_Splitrock
P -225.5358, -561.8275, -34.4355,  127, 0, 0,  2,  2-Founy_Jesthands
P -396.6069, -697.1957, -66.4284,  127, 0, 0,  2,  3A-Kalamin_Norkhitter_x4_click
P -419.6649, -749.6486, -66.4284,  127, 0, 0,  2,  3B-Bloarn_Norkhitter_x4clicks
P -278.7493, -760.8835, -66.4229,  127, 0, 0,  2,  3C-Cross_the_Bridge
P -199.6525, -693.7493, -66.4293,  127, 0, 0,  2,  3D-Atheki_Norkhitter_x4_clicks
P -224.2081, -570.2253, -34.4506,  0, 0, 127,  2,  Myre
P -260.6678, -761.8653, -66.4261,  127, 0, 0,  2,  Cleaner_VII
P -221.1136, -760.5912, -67.9667,  0, 0, 240,  2,  Jeet_(Q)
