P 1543.1172, -17.4296, 6.1581,  0, 0, 0,  1,  Forge
P 1545.1312, 42.4466, 6.1592,  0, 0, 0,  1,  Forge
P 1492.8986, 147.7595, 6.1581,  127, 64, 0,  2,  Second_Skin_Armory
P 1552.3423, 411.9932, 0.1582,  127, 64, 0,  2,  Graveyard
P 676.9628, 160.2443, 6.1581,  127, 64, 0,  2,  Shooting_Stars_Archery
P 673.8149, 309.1068, 6.9821,  0, 0, 0,  1,  Potery_Wheel
P 683.5392, 333.3369, 6.1581,  0, 0, 0,  1,  Kiln
P 675.4944, 374.8346, 6.1581,  127, 64, 0,  2,  Midnight_Ceramics
P 747.1743, -329.3998, 33.1582,  0, 0, 0,  1,  locked_door
P 356.6464, -618.9678, 6.1581,  127, 64, 0,  2,  Starlight_Music
P 123.9659, -637.3210, 6.1581,  127, 64, 0,  2,  Adorments_of_the_Night
P 245.3823, -654.9319, 6.1581,  0, 0, 0,  1,  Loom
P 1375.4806, -232.6774, 6.1581,  127, 64, 0,  2,  Bread_Breakers_Baked_Goods
P 1314.4341, -292.2961, 6.1581,  0, 0, 0,  1,  Oven
P 1110.3994, -233.1623, 6.1581,  127, 64, 0,  2,  General_Alchemists
P 1089.2538, 72.4960, -262.8416,  127, 64, 0,  3,  Bank
P 869.1865, 297.9730, -262.8416,  0, 0, 0,  1,  Brew_Barrel
P 891.1409, 275.9565, -262.8416,  127, 64, 0,  2,  Nectar_of_Unity_Tavern
P 1486.3839, -116.2222, 6.1581,  127, 64, 0,  2,  Lightening_Blades_Smithy
P 198.4036, 794.7090, -268.8416,  127, 64, 0,  3,  Tinkerbots_Warez_Shop
P 1763.9180, 493.7065, 0.1582,  0, 0, 0,  1,  (GP)_Dried_Floral_Bouquet
P 818.6460, -443.1440, 0.1582,  0, 0, 0,  1,  a_locked_chest
P 922.9665, 314.8278, -257.9261,  0, 0, 0,  1,  Empty_Jug(GS)Wiz
P -151.3455, 302.8395, 66.0640,  0, 127, 127,  2,  Ghrald_McMannus_(25th)
