P -2536.7039, 4154.4922, -524.9292,  255, 0, 255,  2,  Outer_Azia_Zeku
P 2345.3799, 1080.5031, -194.9468,  255, 0, 255,  2,  Inner_Azia
P -2034.2809, 2039.2759, -355.2481,  255, 0, 255,  2,  Inner_Dena
P -1520.6554, 4683.5103, -511.7835,  255, 0, 255,  2,  Outer_Azia_Azau
P -1882.4854, 4542.7510, -506.1583,  255, 0, 255,  2,  Outer_Azia
P 1890.6266, 4564.3584, -510.1806,  255, 0, 255,  2,  Outer_Heda_Azua
P 2582.3201, 4208.9629, -504.1413,  255, 0, 255,  2,  Outer_Heda
P 3206.9976, 3756.5784, -510.1938,  255, 0, 255,  2,  Outer_Heda_Zeku
P -1313.5774, -931.4556, -71.8248,  255, 0, 255,  2,  Sanctum_Beza
P 1873.1238, -2195.6653, -316.9395,  255, 0, 255,  2,  Inner_Caza
P -2031.4767, -2031.2072, -316.9406,  255, 0, 255,  2,  Inner_Beza
P 4210.9551, 2581.1055, -510.1804,  255, 0, 255,  2,  Outer_Geza_Azau
P 4562.9131, 1890.6449, -504.6734,  255, 0, 255,  2,  Outer_Geza
P 4714.6602, 1106.2190, -524.4449,  255, 0, 255,  2,  Outer_Geaz_Zeku
P 4800.5967, -1151.3313, -510.1721,  255, 0, 255,  2,  Outer_Fana_Azau
P 4562.7471, -1891.1857, -504.6734,  255, 0, 255,  2,  Outer_Fana
P 4198.6685, -2566.9937, -510.1689,  255, 0, 255,  2,  Outer_Fana_Zeku
P 2569.7813, -4191.9131, -510.9193,  255, 0, 255,  2,  Outer_Ena_Azau
P 1880.7876, -4537.1270, -510.7420,  255, 0, 255,  2,  Outer_Ena
P 1150.6598, -4780.4048, -509.6537,  255, 0, 255,  2,  Outer_Ena_Zeku
P -4923.2520, 386.7182, -510.1802,  255, 0, 255,  2,  Outer_Beza_Azau
P -4802.5713, 1152.2300, -504.6469,  255, 0, 255,  2,  Outer_Beza
P -4561.6890, 1889.3140, -510.1938,  255, 0, 255,  2,  Outer_Beza_Zeku
P -4561.2896, -1889.3472, -510.1938,  255, 0, 255,  2,  Outer_Caza_Azau
P -4801.4561, -1153.9430, -504.6510,  255, 0, 255,  2,  Outer_Caza
P -4922.9688, -387.5024, -510.4211,  255, 0, 255,  2,  Outer_Caza_Zeku
P -1152.5271, -4802.9351, -510.1802,  255, 0, 255,  2,  Outer_Dena_Azau
P -1889.2061, -4562.8008, -504.6734,  255, 0, 255,  2,  Outer_Dena
P -2577.1331, -4205.1392, -510.4211,  255, 0, 255,  2,  Outer_Dena_Zeku
P 698.0000, 987.0000, -3.0000,  255, 0, 255,  2,  Teleport_Pad
P -197.0000, 621.0000, -109.0000,  0, 0, 0,  1,  a_scruffy_beggar
P -531.0000, 565.0000, -109.0000,  0, 0, 0,  1,  a_tatty_beggar
P -651.0000, 1157.0000, -90.0000,  0, 0, 0,  1,  to_library
P -422.0000, 1266.0000, 35.0000,  0, 0, 0,  1,  Prexus'_Wrath_(GS)
P -880.0000, 1067.0000, 35.0000,  0, 0, 0,  1,  Kedge_Habitation_(GS)
P 146.1879, -92.5324, -105.2399,  0, 0, 240,  2,  Bank
P -3039.0000, -2805.0000, -507.0000,  127, 0, 0,  2,  Commander_Zzarishazum
P -0.5855, 0.4110, 96.2827,  127, 64, 0,  2,  Eat_Cake
P 1235.5219, -627.9399, -103.0231,  0, 0, 0,  2,  Lore,_Myth,_and_Their_Symbolism_(GS)
P 621.5359, 757.4681, -106.8962,  0, 127, 127,  2,  Soundwright_Kivvex_(27th)
P 564.7928, 770.4360, -106.6231,  0, 127, 127,  2,  Arphiil,_the_Antiphon_(27th)
