P 670.5895, 1696.1151, -519.3722,  255, 0, 255,  3,  Portal_out_of_Water(Flag)
P 1275.4990, 1690.7405, -519.8390,  255, 0, 255,  3,  Portal_out_of_Water(Flag)
P 1085.0000, 163.0000, -269.8407,  0, 127, 127,  2,  Portal_Out_of_water
P -157.3310, -135.9538, 0.1582,  0, 0, 240,  2,  Elnerick_Augustleaf
P 827.9700, -448.4003, 33.1582,  0, 0, 240,  2,  Nathyn_illuminious
P 1990.9380, -163.8044, 28.2978,  0, 0, 240,  2,  Corporal_Kent
P 2092.8853, -176.2078, 30.6116,  0, 0, 240,  2,  Legionaire_Neville
P 2053.5784, 178.7430, 28.2978,  0, 0, 240,  2,  Corporal_Donfeld
P 41.2252, 99.5711, 0.1582,  0, 0, 240,  2,  Rallic_Aristos(Q)
P 19.3667, 253.8796, 0.1582,  0, 0, 240,  2,  Dersino
P -10.7469, 276.5390, 0.1582,  0, 0, 240,  2,  Celris_Shadetracker(Q)
P -157.9460, 238.2520, 0.1582,  0, 0, 240,  2,  Roshawa_Rhorer(Q)
P -160.5629, 274.3890, 0.2294,  0, 0, 240,  2,  Broote_Malicus(Q)
P -195.8824, 254.1920, 0.1582,  0, 0, 240,  2,  Teepa_Berrytoe
P -162.4899, 114.8252, 0.1582,  0, 0, 240,  2,  Salic_Whispersong
P -143.1740, -253.2452, 0.1582,  0, 0, 240,  2,  Glixx_Tobbokog
P -28.5734, -288.7515, 0.1582,  0, 0, 240,  2,  Drenic_Garrison
P 31.5062, -279.7542, 0.1582,  0, 0, 240,  2,  Mehgyn_Garrison
P 41.9444, -145.1895, 0.1582,  0, 0, 240,  2,  Lizsa_Barleou
P -7.2503, -129.2206, 0.1582,  0, 0, 240,  2,  Markil_Jurbac
P -32.7272, -83.6346, 0.1582,  0, 0, 240,  2,  Yaeorat
P -252.1741, -298.5650, 66.1581,  0, 0, 240,  2,  Yalnik_K'Vekn
P -247.7798, -249.8183, 66.1581,  0, 0, 240,  2,  Dralin_K'Vekn
P -215.1240, -241.9951, 66.1581,  0, 0, 240,  2,  Aerin_K'Vekn
P -17.1723, -219.3750, 66.3863,  0, 0, 240,  2,  Klandar_Bronzebrow
P 24.3176, -204.1153, 66.1581,  0, 0, 240,  2,  Phenic_Dionicas_(Q)
P -18.6561, -185.3446, 66.2574,  0, 0, 240,  2,  Keylara_Abanjabi
P 71.2469, 202.4911, 66.1581,  0, 0, 240,  2,  Lcea_Katta
P 339.2876, -61.1841, -0.8417,  0, 0, 240,  2,  Tobala_Honeyjar(Q)
P 246.7985, 718.6254, 0.1582,  0, 0, 240,  2,  Incantor_Yaln_Dilsm
P 271.8330, 655.4211, 0.1582,  0, 0, 240,  2,  Incantor_Teak_Firetree
P 220.8586, 973.5445, 0.1582,  0, 0, 240,  2,  Theurgus_Talsen_Farsky
P 245.7198, 973.8437, 0.1582,  0, 0, 240,  2,  Zynriazail
P 249.6308, 949.3998, 0.1582,  0, 0, 240,  2,  Praecantor_Ury_Polaja
P -61.2160, 935.1375, 0.1582,  0, 0, 240,  2,  Praecantor_Torin_Jurbac
P -72.8969, 975.3926, 0.1582,  0, 0, 240,  2,  Praecantor_Tes_Dawneyes
P -37.9613, 1015.2342, 0.1582,  0, 0, 240,  2,  Praecantor_Perph_Unja
P -40.8997, 654.2014, 0.1582,  0, 0, 240,  2,  Theurgus_Zral_Aristos
P -41.2355, 718.6187, 0.1582,  0, 0, 240,  2,  Theurgus_Dala_Abanjabi
P -88.5811, 689.6484, 0.1582,  0, 0, 240,  2,  Theurgus_Bella_Geerlok
P 1559.1670, 170.6508, -269.8416,  0, 0, 240,  2,  Tack_Shieldson
P 1613.3772, 305.5738, -269.8416,  0, 0, 240,  2,  Berk_Thurstone
P 39.8541, 709.2635, -268.8416,  0, 0, 240,  2,  Toktonn_Geerlok
P 3.9535, 750.8776, -268.8416,  0, 0, 240,  2,  Librarian_Ezmerelda
P 191.7861, 750.4600, -268.8414,  0, 0, 240,  2,  Triblix_Tikbok
P 229.5663, 785.8931, -268.8416,  0, 0, 240,  2,  Zweeblok_Tiktokin
P 535.6263, 89.1437, -269.8416,  0, 0, 240,  2,  Garlen_Fuzzytoes
P 1558.9503, 235.4464, -269.9977,  0, 0, 240,  2,  Rowle_Shieldson
P 990.6508, 1640.6808, -269.9978,  240, 240, 240,  2,  Agent_(zone_out)
