P -1649.4501, -573.1733, 188.6122,  0, 0, 127,  2,  Tarnamil(Sk_1.5)
P -2130.9927, -441.2279, 245.6360,  127, 0, 0,  2,  cloaked_figure*_(Brd_1.5)
P -2308.4673, -813.2051, 270.7456,  127, 0, 0,  2,  Advisor_C'zatl
P -2291.7256, -794.3246, 269.5803,  127, 0, 0,  2,  War_Priestess
P -2301.9263, -787.7970, 269.5398,  127, 0, 0,  1,  Adjutant_D'kan
P -2314.6797, -802.1292, 271.7721,  127, 0, 0,  2,  Tasi
P -2305.7422, -830.3083, 270.2431,  127, 0, 0,  2,  Coercer_Q'ioul
P -2299.3838, -808.6965, 269.5330,  127, 0, 0,  1,  Brigadier
P -2293.4551, -811.2560, 269.5627,  127, 0, 0,  1,  Ioltos
P -1699.1917, -1524.1631, 193.2238,  0, 0, 127,  2,  Giz_X`Tin*(Druid1.0)
P -2184.4346, -636.9844, 251.7193,  127, 64, 0,  1,  Haunted_Pumpkin_(GS)
P -9.1778, 102.0947, -26.8510,  127, 64, 0,  2,  Barsin,_the_Bone_Collector_(Q)
P 567.7690, -1084.7368, -41.0478,  127, 64, 0,  2,  a_Dressed-Up_halfling_(Q)
P -3748.6421, -1856.7709, 444.8109,  127, 64, 0,  2,  Lurgh_(Q)
P -3811.7415, -1953.5647, 457.5643,  127, 64, 0,  2,  Mippie_Diggs_(Q)
P -3787.0569, -1803.9280, 448.5644,  127, 64, 0,  2,  Crazie_Charlie_(Q)
P -4534.2295, -1916.1631, 630.8743,  127, 64, 0,  2,  Old_Man_Draykey_(Q)
P -4524.6226, -1910.1012, 628.0936,  127, 64, 0,  2,  a_zombie_braineter_(Mi)
P -1065.4795, -1241.5774, 114.3965,  127, 64, 0,  2,  Cathil_(Mi)
P 1001.8383, -1332.9165, -51.9387,  127, 64, 0,  2,  Syxa_Jewlborn_(Q)
P -90.3733, -469.1075, 15.8534,  0, 127, 127,  2,  North_side
P -155.7595, -8.9643, -19.4258,  0, 127, 127,  2,  South_side
