P -1112.3107, 1094.7594, -1.1338,  0, 0, 0,  2,  delve-dwelling_monster_:__brownies,_leechs
P 652.5547, -1050.8174, 53.7313,  127, 64, 0,  2,  Magic_Circle
P -430.3639, -598.6656, -58.9872,  0, 0, 0,  2,  Undead_(blood_bats_see)
P 40.4099, 912.7645, 20.8693,  0, 0, 127,  2,  Thornel_Grayleaf
P 55.4269, 906.7193, -6.8701,  0, 0, 240,  2,  Thormir_Helmsbane_(R)
P 527.2833, 847.0229, -14.8183,  0, 0, 127,  2,  Sephrin_Harkin
P 551.0420, 728.4124, -14.8183,  127, 64, 0,  2,  Stable
P 595.5801, 1263.2759, -10.1875,  0, 0, 127,  2,  Grumble*
P 1153.5623, -582.7584, -4.3239,  127, 64, 0,  2,  Sinister_Stones
P -1057.6315, -770.3027, 32.3198,  127, 64, 0,  2,  The_Sinister_Ruins
P 154.7868, 768.1780, -13.7083,  127, 64, 0,  2,  Laurion_Inn
P -236.0110, 1005.2003, -12.8812,  0, 0, 0,  2,  Elistyl's_Writings_(GS)
P -163.6911, 866.2318, -13.7662,  127, 64, 0,  2,  Inn_Garden
P 76.4865, 983.9095, 22.3977,  0, 127, 0,  3,  8
P 92.8746, 874.0702, 22.6656,  0, 127, 0,  3,  14
P 149.1662, 856.3921, 20.8703,  0, 127, 0,  3,  13
P 162.1343, 855.7957, 20.8693,  0, 127, 0,  3,  12
P 220.4026, 875.2451, 20.8693,  0, 127, 0,  3,  11
P 168.1630, 1024.8478, 20.8693,  0, 127, 0,  3,  5
P 508.8156, 880.4880, -14.8183,  0, 0, 127,  2,  Smokey*
P 1138.3290, 1014.1031, 9.8355,  0, 0, 0,  2,  forest-dwelling_monster_:_spider,_gorilla
P 994.9088, 805.2928, -47.9450,  0, 0, 0,  2,  water-dwelling_monsters_:_sharks,_alligators
