P 63.2686, 899.0139, -6.8701,  0, 0, 240,  2,  Bidils_the_Quickhand_(R)
P 48.8676, 895.8671, -6.8701,  0, 0, 240,  2,  Dhakka_Nogg_(R)
P 51.0158, 832.7305, -4.6164,  0, 0, 240,  2,  Calam_(Q)
P 61.4247, 835.9995, -6.8701,  0, 0, 240,  2,  Ansie_(Q)
P 260.9137, 833.0131, -4.6164,  0, 0, 240,  2,  Elistyl_Kanghammer_(Mi_&_R)
P 254.3634, 1001.0895, -6.7510,  0, 0, 240,  2,  Shalowain*_(Mission_&_Raid)
P 215.1453, 978.2097, -6.7510,  0, 0, 240,  2,  (Merchant)
P 247.7791, 832.8257, 20.8693,  0, 0, 240,  2,  (Group_and_Parcel)
P 599.7692, 1270.0707, -10.1873,  0, 0, 127,  2,  (Raid_Merchant)
P 47.1692, 839.1214, 22.0159,  0, 0, 240,  2,  (Augments)
P 259.3494, 917.9075, 22.0730,  0, 0, 240,  2,  (Spells)
P 220.7401, 915.4468, -7.4262,  0, 0, 240,  2,  Elisel_(M,_R,_Mi)
P 202.4049, 919.3561, -7.4262,  0, 0, 240,  2,  Shalowain_(Mi,_R)
