P 1281.2383, -1908.7870, 163.8891,  127, 64, 0,  2,  Shadow_Men
P 1509.9021, -871.6240, 106.2338,  127, 64, 0,  2,  Shadow_Men
P 1428.6143, -1464.9186, 186.3781,  127, 64, 0,  2,  Shadow_Men
P 643.3500, -1831.3704, -31.7833,  127, 64, 0,  2,  Undead
P 1415.1709, -1821.3495, 17.5240,  127, 64, 0,  2,  Lavapinner_Roadster
P -732.9528, -1305.5868, -72.3709,  127, 64, 0,  2,  Goblins
P -438.7943, -540.8514, -91.6247,  127, 64, 0,  3,  Druid_Ring
P -751.4935, -532.9560, -44.2614,  127, 64, 0,  3,  Gypsie_Camp
P -517.9731, -3636.4927, -15.6562,  127, 64, 0,  3,  Norrath's_Keepers
P 321.6811, -3073.8450, 35.6540,  127, 64, 0,  3,  Dark_Reign
P 159.5026, -304.3584, -97.3910,  0, 0, 127,  2,  Sidern_Delangan
P 1044.2787, -2182.7046, 229.9925,  0, 0, 127,  2,  Talwyn_Flamecaller(Wiz_Epic)
P -435.4836, -731.2281, -86.9167,  0, 0, 127,  2,  a_fire_Sprite(Mnk1.0)
P -124.3260, -1787.2842, -47.8239,  127, 0, 0,  2,  Eejag(Mnk1.0)
P -113.1740, -1669.2288, 55.7013,  0, 0, 127,  2,  Laura_Rako(Cle_Pre-Q)
P -707.1707, -1140.7582, -77.6876,  127, 0, 0,  2,  goblin_runner*
P 677.1776, -2509.7815, -87.3804,  0, 0, 0,  2,  Cracked_Mining_Pick_(GS)
P 479.4261, -1456.4469, -93.3476,  0, 0, 0,  2,  Rusted_Mining_Pick_(GS)
P -899.9479, -1521.1056, -70.4667,  0, 0, 0,  2,  Wobbly_Mining_Pick__(GS)
P -0.9927, -325.6299, -91.3201,  0, 0, 0,  2,  Chipped_Mining_Pick_(GS)
P -305.4095, -1184.4769, -70.5780,  0, 127, 127,  2,  Pure_Harmonic_Alloy
