P -1357.722, 974.859, -64.9530,  0, 0, 240,  2,  Clockwork_Commander_Widgetworth(Mi)
P -424.877, 178.739, 67.6359,  0, 0, 240,  2,  General_Supplies
P -408.072, 187.169, 66.9856,  0, 0, 240,  2,  Mercenary_Bitral_(Q)
P -395.737, 218.652, 66.9856,  0, 0, 240,  2,  Mercenary_Varein(Q)
P -403.891, 231.186, 66.9856,  0, 0, 240,  2,  Mercenary_Jeryx_(Q)
P -433.798, 212.432, 66.9856,  0, 0, 240,  2,  Mercenary_Elanye_(Q)
P 254.331, -29.148, -99.8430,  0, 0, 240,  2,  Head_Miner_Bibol
P -448.121, 1851.389, -107.9287,  0, 0, 240,  2,  Ruathey
P -637.319, 1657.005, -117.2989,  0, 0, 240,  2,  Sir_Lindeal*
P -948.727, 1427.128, -76.1337,  0, 0, 240,  2,  Miner_Welnik_(Q)
P -900.48, 1936.499, -90.2235,  0, 0, 240,  2,  Wadern_Trailfinder
P -1157.859, 2046.218, -27.7994,  0, 0, 240,  2,  Solinar
P -1183.84, 2046.381, -27.7993,  0, 0, 240,  2,  Drexel
P -1248.566, 2035.865, -44.5679,  0, 0, 240,  2,  Brunnel_Kegstander
P -1265.169, 2047.465, -44.8425,  0, 0, 240,  2,  Tlandor_Hammerstock
P -1220.883, 2068.617, -42.9416,  0, 0, 240,  2,  Cyspeth_Romtai_(M)
P -1241.228, 2076.424, -43.6296,  0, 0, 240,  2,  Darkpetal_D'Monic
P -1280.611, 2054.394, -47.6516,  0, 0, 240,  2,  Jenah_Wheelspinner_(M)
P -1283.518, 2008.812, -39.8800,  0, 0, 240,  2,  Tizina
P -441.494, 232.946, 68.8960,  0, 0, 240,  2,  Neutral_Token_Taker
P -218.487, 1417.755, 7.5710,  0, 0, 240,  2,  Tayla_Darfall
P -659.71, 1258.342, -66.5500,  0, 0, 127,  2,  Darglandoro_Zandar
P -917.844, 276.432, 68.7633,  240, 240, 240,  2,  Agent_of_Change_(R)_Nagafen's_Lair
P -542.656, -1199.539, -0.3602,  0, 0, 0,  2,  Keeper_Lyne_(M)_S
