P 581.9809, -5.3114, -33.8180,  240, 0, 0,  2,  The_Blazing_Hen(stoneglare)
P -999.2643, -691.8809, -61.5825,  240, 0, 0,  2,  Darg
P -855.2193, -807.2305, -57.5264,  240, 0, 0,  2,  Darg_Hillock(brae)
P -202.2717, -637.2400, -67.8990,  240, 0, 0,  2,  Darg
P -1712.3506, 926.9781, -66.2472,  240, 0, 0,  2,  Dread_Drikat_(random_loc_in_this_area)
P -585.2060, -456.4759, -55.9258,  240, 0, 0,  2,  The_Dreadland_Wanderer(spurbone)
P -562.8689, -901.1272, -39.1910,  240, 0, 0,  2,  Wanderer
P 891.4941, -680.8770, 6.6172,  240, 0, 0,  2,  A_Drovarg_Captain
P -31.5113, -1061.1172, -34.2603,  240, 0, 0,  2,  A_Drovarg_Captain(Gnasher)
P -271.7130, -413.7454, -62.6293,  240, 0, 0,  2,  Captain_(Gnasher))
P -852.7028, 2778.5088, 47.8072,  240, 0, 0,  2,  Nightvenom_(venomous)
P -529.2605, 2143.5352, 38.8380,  240, 0, 0,  2,  Nightvenom
P -1386.5226, -595.6671, -56.9320,  240, 0, 0,  2,  Hunter_Haltha
P 815.1713, -921.5867, -20.0398,  240, 0, 0,  2,  Hunter
P -911.8126, -920.2369, -61.6659,  240, 0, 0,  2,  Hunter_(peak)
P -1274.6343, 2347.1875, -6.3292,  240, 0, 0,  2,  Slitherblade
P -638.2237, 1595.4008, -59.6754,  240, 0, 0,  2,  Tithnak_Shadowhunter
P -1534.3019, 1645.8665, -66.3902,  240, 0, 0,  2,  Tithnak
P -1535.2194, 1736.5658, -65.6920,  240, 0, 0,  2,  Tithak_(dire_widow)
P -1382.1071, 1797.7533, -55.8607,  240, 0, 0,  2,  Tithnak
P 612.4940, -1311.3478, -46.8517,  240, 0, 0,  2,  The_Lost_Hunter(rotting)
P 363.9601, 1146.8174, -62.2328,  240, 0, 0,  2,  The_Stone_Dove
P 1047.1183, 629.2417, -26.1517,  240, 0, 0,  2,  The_Stone_Dove(calcifier)
P 773.9528, 1321.5081, -31.5025,  240, 0, 0,  2,  The_Stone_Dove
P 2817.2808, 705.2324, 0.8699,  240, 0, 0,  2,  Yeti_Matriarch
P 952.7201, 220.4339, -62.6944,  240, 0, 0,  2,  Yeti_Patriarch
P 1355.6913, -761.8976, -28.4325,  240, 0, 0,  2,  Yeti
P 1029.2476, -575.2056, 17.4202,  240, 0, 0,  2,  Yeti_(massive)
P 1585.2472, -650.9846, -59.4436,  240, 0, 0,  2,  Kergag
P 1137.1852, -1528.5175, -48.3220,  240, 0, 0,  2,  Kergag
P 1516.8567, -903.5593, -42.2261,  240, 0, 0,  2,  Kergag
P 2008.9196, 1441.2400, 71.4031,  240, 0, 0,  2,  Yeti_Matriarch_(Huge)
P 2219.5203, 1099.6364, 108.7976,  240, 0, 0,  2,  Yeti_Matriarch
P -746.4116, 2387.3096, 37.9489,  240, 0, 0,  2,  Nightvenom
P -1247.5342, 2198.5088, 8.7570,  240, 0, 0,  2,  Slitherblade_(dread_widow)
P -1061.3506, 2578.9319, -13.3262,  240, 0, 0,  2,  Slitherblade
P -1697.4229, 1061.1521, -66.2472,  240, 0, 0,  2,  Dread_Drikat_(stinger)
P -1667.3317, 782.9338, -66.2472,  240, 0, 0,  2,  Dread_Drikat
P 803.1400, -1599.9755, -58.2667,  240, 0, 0,  2,  A_Drolvarg_Lord_(ravisher)
P 779.5229, -1614.8108, -59.5249,  240, 0, 0,  2,  A_Drolvarg_Lord
