P 3183.1692, 1295.6476, 711.1321,  0, 0, 240,  2,  Vrald_(Quests)
P 3366.9771, 1438.2354, 712.3057,  0, 0, 127,  2,  Junwin
P 3305.6714, 1393.9657, 705.8950,  0, 0, 240,  2,  Donart_Rithkin_(Q)
P 3311.1985, 1389.9585, 705.1568,  0, 0, 240,  2,  Miggletik_Biggerton_(Q)
P 3269.7986, 1414.9048, 699.9468,  0, 0, 127,  2,  Dwinn_Axeheaver
P 3275.6155, 1481.5398, 699.6158,  0, 0, 127,  2,  Babeliyna
P 3251.2017, 1393.1808, 700.8477,  0, 0, 240,  2,  Vendarg_Brittlebrew_(Q)
P 3244.2300, 1459.6187, 700.2498,  0, 0, 240,  2,  Aendor_Mistvale_(Q)
P 3222.8079, 1420.9152, 702.3152,  0, 0, 240,  2,  Fortunisa_Nighthunter_(Q)
P 3202.9036, 1407.8567, 704.6825,  0, 0, 240,  2,  Larquin_Fangbreaker_(Mi)
P 3158.1138, 1362.7533, 705.1366,  0, 0, 240,  2,  Kadara_Fangbreaker_(Mi)
P -722.2560, -1926.3958, 199.5988,  0, 0, 240,  2,  Tissidrelle_Windracer_(Q)
P -730.3246, -1847.7732, 221.9679,  0, 0, 240,  2,  Patron_of_the_Arts_(Q)
P 3283.5955, 1429.7759, 705.2175,  0, 0, 240,  2,  Aendurel_Tethandra_(Q)
P 3278.9451, 1421.9219, 699.3766,  0, 0, 240,  2,  Maria_Starforge_(Mi
P 3316.2842, 1413.8019, 701.6429,  0, 0, 127,  2,  Eliowil
P -1131.2389, 662.5344, 41.8243,  0, 0, 127,  2,  Kassailaa_Flameleaf
P 1210.7328, -1844.7466, 324.8618,  0, 0, 240,  2,  Dannie_Highwind_(Q)
P -1130.6399, 2141.2610, 73.6863,  0, 0, 127,  2,  Ryveron
P 3327.0000, 1407.0000, 699.0000,  0, 0, 127,  2,  Miles_Baldwin
P 520.0000, 2320.0000, 30.0000,  0, 0, 240,  2,  Kedem_Teague(lvl_77_spells)
P 3216.0000, 1453.0000, 699.0000,  0, 0, 240,  2,  Derak_Fangbreaker_(Supplier)
P -1158.8130, 2596.4324, 69.5011,  0, 0, 127,  2,  Tyrinam_(Q)
P -2787.2632, -2338.9148, 335.4506,  0, 0, 240,  2,  Oracle_of_the_Three_Oaks_(Q)
