P -2884.4585, -2459.4253, 338.6770,  0, 0, 0,  1,  Gyrospire
P -2878.2471, -2092.9253, 273.7808,  127, 0, 0,  2,  Malforus
P 2467.6641, 1116.3655, 158.6177,  0, 0, 0,  1,  Wegars_Corpse
P -1885.5248, 1888.9146, 156.5569,  0, 0, 0,  1,  worgs
P 2331.7161, -2062.4058, 320.3758,  0, 0, 0,  1,  cursed_steed_farm
P 464.6082, -2541.5740, 418.2443,  0, 0, 0,  1,  Goblin_Campfire
P -2094.9783, 2439.2859, 189.1060,  127, 0, 0,  2,  Apprentice_Guggor
P -1408.1692, 2496.1487, 61.9296,  0, 0, 0,  1,  The_Lost_Eleves_III
P 3320.3721, -1342.1624, 702.3922,  0, 0, 0,  1,  Drangol_Camp_(Goblins)
P -3193.2896, -1231.9628, 402.9479,  0, 0, 0,  1,  Chapelle
P -3798.3357, -1259.5138, 405.8457,  0, 0, 0,  1,  Graveyard
P -3030.6946, -300.9164, 329.4793,  127, 64, 0,  3,  Decaying_Caverns
P -1316.3322, -1188.7632, 24.3821,  0, 0, 0,  1,  Festival_of_Nightmares_I
P -1968.1934, -828.1000, 29.8148,  0, 0, 0,  1,  Remains_of_Fendarma
P -1660.9961, -1040.2754, 17.8946,  127, 64, 0,  3,  Mistwynd_City
P -690.9442, -506.8967, 36.7852,  0, 0, 0,  1,  The_lost__Elves_I
P -406.7490, -522.9995, 31.8790,  0, 0, 0,  1,  the_undead_don't_rest
P 917.7634, -206.4719, -79.8230,  0, 0, 0,  1,  Foreman_Faedes_corpse_(in_cave)
P -1436.4556, -911.2065, 26.5665,  0, 0, 0,  1,  Remains_of_Averaana
P -501.9603, -477.2379, 45.3277,  0, 0, 0,  1,  Gifilnos_Brightfires_corpse_(only_tracked)
P 2573.8772, -2128.3726, 318.3102,  127, 0, 0,  2,  Lelluran
P 1239.1023, 1621.1685, 46.8670,  0, 0, 127,  2,  Fadnare
P 2828.7107, 1906.4845, 255.7458,  127, 0, 0,  2,  Lieutenant_Kulthar
P 1256.8925, -2401.4375, 339.7357,  127, 0, 0,  2,  Fearfang
P 1230.4219, 1676.1554, 42.6848,  127, 0, 0,  2,  Orrel_the_Blood_Mystic
P -1204.9491, 2429.8318, 69.8877,  127, 0, 0,  2,  Mengryl
P -3136.9429, 25.3435, 360.3582,  0, 0, 0,  1,  Fallem_Spirit_of_Wendia
P 2455.6448, -2336.4092, 321.1904,  127, 0, 0,  2,  Shade_of_Darniel_Highwind
P -1500.0000, -2489.0000, 244.0000,  127, 64, 0,  3,  Druid_Circle
P 108.0000, -516.0000, -105.0000,  0, 0, 0,  1,  Longshadow
P 610.8214, 148.1067, 112.2694,  0, 0, 0,  1,  Valarine_Windwalker_corpse
P -1398.3041, 2495.1028, 66.5070,  0, 0, 0,  1,  Tawln_Lightbanes_corpse
P -1570.7903, 39.5600, 50.4428,  127, 64, 0,  3,  Altar
P -1542.5597, -75.1215, 34.6036,  127, 0, 0,  2,  High_Shaman_Gangus
P 3497.0569, 273.6395, 713.4825,  0, 127, 127,  2,  Bandit_camp
