P -507.3064, -783.7162, -151.7343,  240, 0, 0,  2,  Temeariel_Xi_Tetoracu_(Dabo_Xi_Vereor_(6)
P -487.7233, 22.1443, -134.5740,  240, 0, 0,  2,  Namdrows*_(a_mind_burrower(6)
P 140.8000, 356.3532, -120.1804,  240, 0, 0,  2,  Txiki*_(a_gleeful_miscreant_(6)
P 653.3863, -309.1883, -122.9285,  240, 0, 0,  2,  Quietus_the_Forgotten*_(an_erased_hero's_guard_or_a_lost_shade_or_forlorn)
P -1273.4301, -900.0870, -101.4247,  240, 0, 0,  2,  Darkmeat_(scavenger_or_stalker(6)
P -1300.9336, 1342.0065, -101.5622,  240, 0, 0,  2,  Lucca_Brightfeld_(a_winged_scavenger_(5)
P -665.8132, -1073.7334, 37.4608,  240, 0, 0,  2,  Centien_Rashen_Xaui*_(Pli_Torgarath_Xi_Vex_(3)
P -1264.0237, 3.9746, -127.7014,  240, 0, 0,  2,  Tess_Zelinstein_(pepcking_or_beaten_(11)
P -1200.9137, -37.5101, -127.1168,  240, 0, 0,  2,  X
P -1180.7511, -22.2547, -127.1155,  240, 0, 0,  2,  X
P -1258.4192, -30.8862, -124.8993,  240, 0, 0,  2,  X
P -1113.7179, 662.5637, -130.1508,  240, 0, 0,  2,  Xenacious_(a_rabid_bat_or_a_repressed_vampyre(5)
P 783.6823, -1129.8726, -148.2132,  240, 0, 0,  2,  Diabo_Xi_Akuel_(a_well-fed_rockbreaker_(9)
P -1138.4231, -86.1534, -126.8323,  240, 0, 0,  2,  X
P 804.5201, -1102.7217, -118.5855,  240, 0, 0,  3,  X*
P 741.4462, -982.7068, -153.8221,  240, 0, 0,  3,  X
P -1144.5750, 62.1538, -126.2501,  240, 0, 0,  3,  X
P 763.6761, -1072.8987, -146.3165,  240, 0, 0,  3,  X
