P -109.8237, 1688.2721, -100.9442,  0, 0, 240,  2,  a_normal_brazier_(Q)
P 1080.7388, -579.2169, -122.4452,  0, 0, 240,  2,  The_Great_Hero_Ezra_(Q)
P 1293.0939, 1316.0796, -109.3051,  0, 0, 240,  2,  Thall_Zun_Ravali_(Q)
P -728.0499, 478.5039, -18.1593,  0, 0, 240,  2,  Torgarath_Rulour_Thox_(Q)
P 1357.8333, 1194.5088, -101.6772,  0, 0, 240,  2,  Rowan_McKay_(R)
P 1244.3125, 958.1553, -110.4238,  0, 0, 240,  2,  Diabo_Sivuela_(Q)
P -1280.9148, -611.2403, -124.9265,  0, 0, 240,  2,  Senshali_Sa_Sivuela_(Q)
P 1238.9623, -1222.0966, -97.7611,  0, 0, 127,  2,  Senshali_Tekar_Tavuel
P 1623.0000, 169.0000, -120.8839,  0, 0, 0,  1,  Succor
P 1186.1167, 1164.4280, -110.4837,  0, 0, 240,  2,  a_worrisome_shade_(R,_Mi)
P 1204.4667, 1306.2216, -110.5165,  0, 0, 240,  2,  a_worried_escaped_slave_(R)
P 1220.6409, 981.7240, -108.6226,  0, 0, 240,  2,  Raid_Merchant
P 1175.8882, 1190.3008, -109.4529,  0, 0, 240,  2,  Group_and_Parcels_Merchant
P 1497.4274, 1314.1813, -112.2508,  0, 0, 240,  2,  Merchants_(Augmentation)
P 1490.9496, 1427.2732, -112.0103,  0, 0, 240,  2,  Merchants_(Spells)
P 1380.2262, 1367.3379, -110.6552,  0, 0, 240,  2,  Teleport_Scrolls
