P -1503.9115, -2658.7725, 404.2640,  0, 0, 0,  1,  Trap
P -1249.3466, -1835.3611, 618.6019,  0, 0, 0,  2,  Elevators
P -1369.9292, 1202.2914, 405.4637,  0, 0, 0,  1,  elevator
P -1591.8699, 367.3448, 401.7635,  0, 0, 0,  1,  pull
P 1.9972, 210.1767, 475.6215,  0, 0, 0,  2,  Elevators
P 8.3407, -128.2733, 475.5677,  0, 0, 0,  2,  Elevators
P -37.6122, -498.1161, 548.9108,  0, 0, 0,  2,  Elevators
P 1245.4391, -1870.1355, 619.3821,  0, 0, 0,  2,  Elevators
P 1382.1841, -1651.8134, 619.2003,  0, 0, 0,  2,  steel-bound_crate_-_Steamwork_Power_Crystal
P -1479.4512, -1801.2980, 619.1290,  0, 0, 0,  1,  Singed_Crate_-_3x_Microcogs
P -130.4244, -1176.4347, 541.6852,  0, 0, 0,  2,  Damaged_Crate_-_Clockwork_Metrognome
P 1419.9583, -2568.5884, 400.6741,  0, 0, 0,  1,  GS:_Screw_1
P 995.9886, -2538.6177, 405.4778,  0, 0, 0,  1,  GS:_Screw_2
P 1360.5331, -2069.2527, 407.7336,  0, 0, 0,  1,  GS:_Screw_3
P 1129.4944, -2237.9163, 407.7250,  0, 0, 0,  1,  GS:_Screw_4
P -1381.4634, -2234.7295, 403.3629,  0, 0, 0,  1,  GS:_Screw_5
P -1543.1659, -2212.5867, 403.2787,  0, 0, 0,  1,  GS:_Screw_6
P -1390.5319, -2290.7427, 404.5360,  0, 0, 0,  1,  GS:_Screw_7
P -1535.6277, -2293.7769, 405.4954,  0, 0, 0,  1,  GS:_Screw_8
P -1389.6425, -2396.3201, 405.4913,  0, 0, 0,  1,  GS:_Screw_9
P -1533.5751, -2397.2708, 405.4841,  0, 0, 0,  1,  GS:_Screw_10
P -1470.1155, -2323.9788, 401.1870,  127, 0, 0,  2,  Waste_Management_Director
P 487.5200, 1626.8793, 399.3440,  0, 0, 127,  2,  Siege_Inspector_Huttle*
P 782.1403, -1100.4463, 622.6150,  0, 127, 127,  2,  Rusty_Gnomework(Frostfell)
P -920.1050, -2361.5376, 401.1870,  127, 0, 0,  2,  Oxidilus_the_Junk_Collector
P 609.3943, 1084.5405, 403.8304,  0, 127, 127,  2,  Tinkerer_Grundel_(27th)
