P 350.4893, 1454.5995, 417.6784,  240, 0, 0,  2,  Firemarshal_Unit_IV*
P -672.5643, 1492.4518, 396.9558,  240, 0, 0,  2,  Siegemarshal_Kenti_Tinwhistle*
P 1071.7428, -1099.2664, 621.2947,  240, 0, 0,  2,  Eldervine_the_Twisted+
P -228.3860, 973.5067, 401.4680,  240, 0, 0,  2,  The_Gearmarshal*_+
P -32.5833, -1020.7064, 619.1721,  240, 0, 0,  2,  Steamwork_Guardian_Model_I*_Shock_trooper
P -1241.5962, -1073.3915, 618.4282,  240, 0, 0,  2,  Sootmane_the_Brute*_Mino
P -1292.2260, -2223.7891, 401.1870,  240, 0, 0,  2,  Rusty*
P -1170.9905, -2377.1294, 401.1868,  240, 0, 0,  2,  Hardbottom,_Recycler_Union
P -1425.3904, 385.5396, 402.2683,  240, 0, 0,  2,  Part_Sorter_Model_XV*
P -17.6108, 1595.8649, 403.2504,  127, 0, 0,  2,  Octa_the_Collector*
P -1230.6111, -1573.3250, 618.6721,  240, 0, 0,  2,  Ironfoot*
P 1267.8926, -2617.7588, 401.1870,  240, 0, 0,  2,  Hogswaller*
P -769.2320, -359.9560, 473.9578,  240, 0, 0,  2,  Groundskeeper_Cotongle*
P -1056.6294, 894.7631, 401.2644,  240, 0, 0,  2,  Chief_Machinist_Bildarol*
P -352.7000, -590.1589, 546.5068,  240, 0, 0,  2,  Belchforth_the_Unclean
P 654.6915, 40.8800, 401.1870,  240, 0, 0,  2,  Bablage
P -1475.1536, -2658.7632, 432.6317,  0, 127, 0,  2,  to_Steam_Factory
P -275.9397, 111.5679, 473.6628,  240, 0, 0,  2,  Belchforth*
P -918.5657, -2362.1587, 400.7704,  240, 0, 0,  2,  Oxidius
