P -1067.0000, -1569.0000, 187.0000,  0, 0, 127,  2,  Foodpicker
P -930.0000, -1511.0000, 189.0000,  0, 0, 127,  2,  Dromrek_Provisioner
P -1144.0000, -990.0000, 152.0000,  127, 0, 0,  2,  Bigone
P -174.8429, -462.4470, -12.4030,  127, 64, 0,  2,  Slikernx_River
P -164.4079, -1726.3877, -0.4840,  127, 64, 0,  2,  Slikernx_Falls
P -2402.1250, 615.5959, -32.7479,  127, 64, 0,  2,  Rotwood_Valley
P -1049.4120, 872.5159, 88.3790,  0, 0, 0,  1,  Brew_Barrel
P -1224.0000, 330.0000, 231.0000,  0, 0, 0,  2,  spider_cliffs
P 844.0000, -728.0000, 59.0000,  127, 64, 0,  2,  Centaur_Village
P 48.0000, -1461.0000, 59.0000,  0, 0, 0,  2,  potameid_fairies
P 727.0000, -758.0000, 59.0000,  0, 0, 0,  2,  shade_of_corruption
P -1918.6598, 480.9159, 42.7209,  0, 0, 0,  2,  CoL:Devan's_Feathered_Arrow
P -1845.5497, 507.7250, 48.8119,  0, 0, 0,  2,  Ooze_Caves
P -1170.7050, 839.7889, 82.5030,  0, 0, 0,  2,  Minohten_Camp
P -1103.9130, 884.2469, -13.6859,  0, 0, 0,  2,  Spider_Caves
P -2557.0000, 489.0000, -60.0000,  0, 0, 0,  2,  redmoon_massacre_site
P -61.9675, 608.8542, 174.1675,  0, 0, 0,  1,  EL
P -44.5223, 679.4144, 176.3649,  0, 0, 0,  1,  EL
P -28.8158, 572.3976, 175.1494,  0, 0, 0,  1,  EL
P 8.6869, 564.1154, 176.3680,  0, 0, 0,  1,  WWA
P 0.3637, 527.2667, 177.6425,  0, 0, 0,  1,  EL
P -6.8822, 559.8478, 175.7794,  0, 0, 0,  1,  EL
P -2.8355, 588.2534, 175.2456,  0, 0, 0,  1,  WWA
P 33.7695, 591.3834, 177.8600,  0, 0, 0,  1,  WWA
P 21.7706, 599.3443, 175.8845,  0, 0, 0,  1,  WWA
P -60.2466, 659.6425, 175.1365,  0, 0, 0,  1,  EL
P 22.8508, 666.1376, 176.6122,  0, 0, 0,  1,  WWA
P 32.1010, 632.5214, 175.6719,  0, 0, 0,  1,  WWA
P -2012.7039, -50.3316, -5.3962,  0, 0, 0,  1,  Runestone(GS)
P -2211.0000, -1147.0000, 49.0000,  127, 64, 0,  2,  Griffin_Valley
P -1641.0000, -115.0000, 12.0000,  0, 0, 0,  2,  Giant_Caves
P 18.8230, -1515.5032, 46.6169,  0, 0, 0,  2,  Ooze
P 352.0000, -1058.0000, 96.0000,  0, 0, 0,  2,  Centaurs
P 939.0000, 180.0000, 22.0000,  0, 0, 0,  1,  Maiden_Isle
P 567.0000, -196.0000, 13.0000,  0, 0, 0,  2,  Centaur_Camp
P 65.0000, 586.0000, 178.0000,  0, 0, 0,  1,  Dryad_Plateau
P 390.0000, 1162.0000, 24.0000,  0, 0, 0,  2,  Snakes
P -929.9008, -1230.3925, 146.1691,  0, 0, 0,  2,  Snakes_and_Giants
P -1896.0000, 1986.0000, -5.0000,  0, 0, 0,  2,  Bear_Caves
P -1233.0000, 1639.0000, 16.0000,  0, 0, 0,  2,  Bears_and_Minohten
P -840.3437, -1574.3960, 191.5809,  127, 64, 0,  2,  (WL)Travel_to_Steppes
P -2083.2339, 705.5300, 24.3834,  127, 64, 0,  2,  (WL)Cave_behind_Minohten_Camp
P 75.0000, 2095.0000, 0.0000,  127, 64, 0,  2,  (WL)Cross_into_Mesa
P -2590.0000, 420.0000, 0.0000,  127, 64, 0,  2,  (WL)Lost_Nymph_soul
P -3344.4268, -1343.3976, 98.3915,  127, 64, 0,  2,  (WL)Blackfeather_Roost
P -1479.8749, 12.9223, 28.9070,  127, 64, 0,  2,  (WL)Dromrek_Jaunt
P 24.1507, 635.3409, 175.6407,  127, 64, 0,  2,  (WL)Windwillow
P -295.0000, -15.0000, 0.0000,  127, 64, 0,  2,  (WL)Hissing_Bend_Bridge
P 555.0000, -255.0000, 0.0000,  0, 0, 127,  2,  (WL)Klassr
P 917.6363, 547.1675, 22.9252,  127, 64, 0,  2,  (WL)Potameid_Nymphs
P 651.2983, 1590.8030, 21.1323,  127, 64, 0,  2,  (WL)Tuffein_Camp
P -1105.0000, 770.0000, 0.0000,  127, 64, 0,  2,  (WL)Minohten_Camp
P -528.1006, 1965.1034, 24.3562,  0, 0, 127,  2,  (WL)Pioneer_Vulu
P -932.8650, -1588.1720, 199.8062,  0, 0, 127,  2,  Bashermaker
P -1049.7549, -1466.4430, 173.8994,  0, 0, 127,  2,  Dromrek_Cook
P 780.4971, 1504.4574, 19.1944,  127, 0, 0,  2,  Glasson+(Guards)
P 73.0000, 387.0000, 178.0000,  0, 0, 127,  2,  Kathryn
P 1159.9878, -1051.9286, 61.9213,  0, 0, 0,  1,  CoL:Split_Ravenoak_Bow
P -29.6708, 600.5400, 176.5826,  0, 0, 0,  1,  CoL:Sparkling_Windwillow_Leaf
P 1249.2720, 1280.3134, 24.1282,  127, 0, 0,  2,  Razvan
P 969.9416, -1498.4749, 80.9240,  0, 0, 127,  2,  Shade_of_Glenicae
P -1231.6017, 634.7845, 83.7973,  0, 0, 127,  2,  Simu*
P -56.0000, 549.0000, 175.0000,  0, 0, 127,  2,  Ramona
P -971.2530, 745.6580, 83.3799,  0, 0, 127,  2,  Nicoli
P 43.7030, -1575.6509, 44.7233,  0, 0, 0,  1,  CoL:Cracked_Waterspring_Scepter
P -1972.1521, 1152.6210, -38.2879,  0, 0, 0,  1,  CoL:Oread's_Willow_Whipvine
P -134.6716, 1072.2134, 81.1354,  0, 0, 0,  1,  CoL:Sliver_of_Goru`kar's_Willowstaff
P 1096.5176, 1509.9723, 16.7439,  0, 0, 0,  1,  CoL:Thunderhorn_of_the_Tribe
P 1025.5719, -1584.2083, 67.4025,  127, 0, 0,  2,  Green_Legion_Commander*
P -48.7151, 576.1849, 180.5708,  127, 64, 0,  2,  Eat_Cake
