P -2892.9180, -1733.5088, 95.4749,  0, 0, 240,  2,  Shrynn(CoL-Q)
P -1143.4706, 581.6078, 86.7090,  0, 0, 240,  2,  Ciodaru(Q)
P -994.1799, 758.9550, 84.2459,  0, 0, 240,  2,  Laurentiu(Q)
P -990.4579, 719.3400, 83.7990,  0, 0, 240,  2,  Elder_Vasile(Q)
P 587.6379, 598.1899, 15.5350,  0, 0, 240,  2,  Nedelcu(Q)
P 696.0000, -734.0000, 59.0000,  0, 0, 240,  2,  Icen_Temitor_(Q)
P -2170.0000, 667.0000, 26.0000,  0, 0, 240,  2,  Togswell_Mophintok(Q)
P -979.0000, 758.0000, 83.0000,  0, 0, 240,  2,  Sorin(Q)
P 1002.0000, -591.0000, 59.0000,  0, 0, 240,  2,  Kasen_(M)
P -1113.0000, 896.0000, 87.0000,  0, 0, 240,  2,  Liviu_(Brewing)
P -1132.0000, 892.0000, 87.0000,  0, 0, 240,  2,  Tudor(Q)
P -1165.0000, 959.0000, 83.0000,  0, 0, 240,  2,  Peretaenu(Q)
P -1015.3741, 722.3297, 83.6715,  0, 0, 240,  2,  Jaelle(Wiz_Spells)
P -1025.5685, 662.1124, 82.8306,  0, 0, 240,  2,  Raidstedas(Bard_Songs)
P 652.0000, -208.0000, 16.0000,  0, 0, 240,  2,  Watchman_Stormwren_Undaru(Q)
P 938.0000, 524.0000, 20.0000,  0, 0, 240,  2,  Ekaterina_(Q)
P 904.0000, 319.0000, 14.0000,  0, 0, 240,  2,  Iulia(Q)
P 601.0000, 1605.0000, 20.0000,  0, 0, 240,  2,  Costica(Q)
P 584.0000, 1609.0000, 22.0000,  0, 0, 240,  2,  Devan(Q)
P 112.0000, 467.0000, 176.0000,  0, 0, 240,  2,  Dorina(Q)
P 75.0000, 866.0000, 176.0000,  0, 0, 240,  2,  Hanook(Q)
P 129.0000, 843.0000, 178.0000,  0, 0, 240,  2,  Marilena(Q)
P -533.0000, 1952.0000, 23.0000,  0, 0, 240,  2,  Scout_Madu(Q)
P -2136.1829, 670.7839, 26.7989,  0, 0, 240,  2,  Mophintok_Vermin_Eliminator(Q)
P 859.5854, -517.8434, 47.6724,  0, 0, 240,  2,  Darius_(M)
P 559.6647, -242.2776, 17.7804,  0, 0, 240,  2,  Klassr(Q)
P 678.3003, -535.4877, 47.3521,  0, 0, 240,  2,  Corbin(M)
P 1053.5309, -712.7025, 60.9626,  0, 0, 240,  2,  Peli(M)
P 1000.9695, -952.6760, 60.9324,  0, 0, 240,  2,  Tertius(M)
P -1789.0669, -1634.5282, 102.2237,  0, 127, 127,  2,  Champions'_Festival_(Q)
