P 526.6010, 459.5043, 33.2239,  0, 0, 240,  2,  Faano_Windmaker
P 546.4565, 413.4660, 33.2789,  0, 0, 240,  2,  Relia_Wastein
P 503.6367, 445.3894, 32.3121,  0, 0, 240,  2,  Felawen_Kellthoo(Q)
P 621.9631, 749.1819, 24.3192,  0, 0, 240,  2,  Blixkin_Entopop(Q)
P 630.4525, 746.3143, 24.9469,  0, 0, 240,  2,  Ember
P 1191.2505, 615.1285, 20.7001,  0, 0, 240,  2,  Joogl_Honeybugger(Q)
P 1200.6487, 620.8464, 20.6827,  0, 0, 240,  2,  Lil_Honeybugger(Q)
P 1279.2614, 94.5692, 21.1988,  0, 0, 240,  1,  Roha_Jumthief(Emissary_of_Shadowrest)
P 1233.6880, -98.6286, 9.8910,  0, 0, 240,  2,  Hanga_Wiskin(M)
P 1301.6592, -238.5028, 35.5844,  0, 0, 240,  2,  Swish_Appletop(Q)
P 1125.4988, -394.3213, 16.9200,  0, 0, 240,  2,  Tipa_Lighten(M)
P 1130.2426, -462.7656, 15.7317,  0, 0, 240,  2,  Sonsa_Fromp(M)
P 1179.9280, -472.4802, 15.5277,  0, 0, 240,  2,  Topper_Drodo(M)
P 1310.3324, -791.5941, 13.9023,  0, 0, 240,  2,  Bim_Buskin(M)
P 983.7948, -727.3232, 11.3823,  0, 0, 240,  2,  Haela_Higglebun(Q)
P 904.5656, -190.4611, 45.5350,  0, 0, 240,  2,  Bidils_the_Quickhand(Q)
P 1025.7599, -64.6940, 3.5505,  0, 0, 127,  2,  Ella_Foodcrafter*(Drd1.0/Rng1.0)
P 906.6612, -166.2564, 42.3314,  0, 0, 240,  2,  Simeena_Sukan(Q)
P 1155.5542, 616.5267, 18.2807,  0, 0, 240,  2,  Cozy
P 1173.1952, 622.2115, 18.2829,  0, 0, 240,  2,  Rufus
P 131.2248, 284.2894, 0.1618,  0, 0, 127,  2,  a_tired_farmer(Q)Rng_Pre-Q)
P -466.2327, 583.6520, 77.4805,  0, 0, 240,  2,  Bronin_Higginsbot
P -488.3091, 559.2621, 77.5150,  0, 0, 240,  2,  Brock_Brawlbottom
P -854.8440, -669.6935, 25.9325,  0, 0, 240,  2,  epicrean_halfling(Q)
P -722.1412, -331.7823, 1.4769,  0, 0, 240,  2,  Tain_Whistlburrow(Q)
P -605.6104, 84.9906, 3.9081,  0, 0, 240,  2,  DeputyEigon(Q)
P -754.5007, -673.5610, 78.8497,  127, 0, 0,  2,  2_fixed_bixie
P 719.5266, -487.5874, 27.9487,  0, 127, 127,  2,  Farnjer_(Q)
P 722.6138, -468.0193, 43.8366,  0, 127, 127,  2,  Rolo_(Q)
P 875.4962, -353.1903, 88.1794,  0, 127, 127,  2,  Deputy_Mims(Q)
