P 558.8915, 462.1603, 34.1440,  127, 64, 0,  2,  Druid_Ring
P -1275.4738, 716.8470, 26.2759,  127, 64, 0,  2,  Goblins
P -1608.6642, -69.8589, 35.5912,  127, 64, 0,  2,  Goblins
P -1371.3510, -875.3212, 25.5278,  127, 64, 0,  2,  Orcs
P 1164.4861, 369.5502, 8.5726,  127, 64, 0,  2,  Undead
P 1155.2920, -809.5931, 11.5436,  127, 64, 0,  2,  Rats
P -734.7314, 617.7555, 41.8314,  127, 64, 0,  2,  Darkelf
P 1166.5105, 614.3325, 18.2807,  127, 0, 0,  2,  Rusbek_the_inhospitable*
P -573.7368, 87.1093, 2.1835,  0, 0, 127,  2,  Fajio_Knejo(BRD1.0)
P 132.2207, 309.3667, 0.4967,  127, 64, 0,  2,  Perfectly_Ripe_Pumpkin_(GS)
P -1269.9231, -605.7441, -13.8803,  0, 127, 127,  2,  Dolly
P -1466.4037, -524.6929, 21.4875,  0, 127, 127,  2,  Dolly
P -1523.2266, -410.7889, 31.5893,  0, 127, 127,  2,  Dolly
P -1359.0662, -451.8443, -9.6585,  0, 127, 127,  2,  Dolly
P 1365.5558, -330.5062, 51.6886,  0, 0, 127,  2,  Deputy_Tagil
P -1067.9893, -113.5435, 31.7418,  0, 0, 127,  2,  Gunrich*
P -1339.8949, 826.5149, 38.6911,  127, 0, 0,  2,  Goblin_activity
P 1152.4540, 638.5995, 20.8798,  0, 127, 127,  2,  When_Obsessions_Turn_to_Madness_(25th)
P -693.7400, 445.1553, 23.2014,  0, 127, 127,  2,  Dreezil_Stickens_(26th)
