P -795.3713, 553.8453, -98.0423,  127, 0, 0,  2,  Firemage_Omor
P -931.7579, -820.5193, 34.7088,  0, 0, 0,  2,  Rallosian_Missive_#5_(GS)
P -940.3907, -820.8389, 143.9134,  0, 0, 0,  2,  Rallosian_Missive_#4_(GS)
P -836.5159, -861.6970, 29.9856,  127, 0, 0,  2,  Armorer_Marat
P 1515.3230, 401.6230, -243.8777,  0, 0, 0,  2,  Jug_of_Water_(AU)
P -638.1176, 573.5432, -77.5795,  0, 0, 0,  2,  Dried_Meat_(GS)
P -337.0778, 818.4875, -136.3589,  0, 0, 0,  2,  Dried
P -323.6468, 751.1140, -138.3483,  0, 0, 0,  2,  Dried
P 33.6790, 691.9753, -148.2175,  0, 0, 0,  2,  Cheese_(GS)
P 472.4266, 154.6769, -140.9917,  127, 0, 0,  2,  Slavekeeper_Zagun
P -993.0669, -761.6985, 139.6045,  127, 0, 0,  2,  Missive_#1,2,3
P -947.3116, -817.3111, 245.7041,  127, 0, 0,  2,  Missive_#1,2,3
P -149.4377, -661.3054, -73.2477,  127, 0, 0,  2,  Rallosian_Missive_#1,2,3
P 440.7041, 154.6194, -140.9855,  127, 0, 0,  2,  Missive_#1,2,3
P -49.9667, -448.1987, -109.1156,  0, 0, 0,  2,  Rallosian_Missive_#6_(GS)
P 1388.1355, 704.7961, -181.4638,  0, 0, 0,  2,  door
P -534.2684, 355.7032, -84.7545,  0, 0, 0,  2,  Nokk_tunnel
P 524.1265, 535.8167, -166.7129,  0, 0, 127,  2,  Kaleste
P 97.8180, -490.8900, -115.4951,  127, 0, 0,  2,  Trainer_Torkh
P -675.4498, -1691.4740, -93.0924,  0, 0, 127,  2,  Shalowain
P -689.6105, -1687.8965, -93.2629,  0, 0, 127,  2,  Elistyl_Kanghammer
