P -928.3942, -855.9413, 80.0689,  240, 0, 0,  2,  Chaplain_Kor_Bloodmoon
P 72.8039, -1035.3429, -81.6535,  240, 0, 0,  2,  Tutt
P -49.6103, -456.3001, -113.0134,  240, 0, 0,  2,  Sergeant_Kharsk
P 1491.2488, -1105.3815, -142.9531,  240, 0, 0,  2,  Sergeant_Kveldulf
P 1362.5757, 410.6086, -232.1734,  240, 0, 0,  2,  Fleawalker
P -991.3018, -756.5858, 139.2229,  240, 0, 0,  2,  Captain_Defan
P -146.5361, -663.6830, -72.8681,  240, 0, 0,  2,  Sergeant_Kharsk
P 1475.4778, -88.7273, -158.8967,  240, 0, 0,  2,  Sergeant_Kveldulf
P 1276.4263, -203.9194, -155.2055,  240, 0, 0,  2,  Sergeant_Kveldulf
P 430.4203, 158.5365, -140.1061,  240, 0, 0,  2,  Sergeant_Kharsk
P 1230.0857, 226.0277, -222.5383,  240, 0, 0,  2,  Fleawalker
P 1082.1702, 552.1174, -186.6094,  240, 0, 0,  2,  Fleawalker
P -987.2159, -888.0926, 80.1085,  240, 0, 0,  2,  Chaplain_Kor_Bloodmoon
P -1038.9214, -803.8362, 139.7280,  240, 0, 0,  2,  Captain_Defan
P -944.0680, -817.8982, 245.8879,  240, 0, 0,  2,  Captain_Defan
P -1036.2964, -900.2280, 28.9935,  240, 0, 0,  2,  Chaplain_Kor_Bloodmoon
P -150.9516, -1197.2417, -74.0364,  240, 0, 0,  2,  Tutt
P -918.8004, -1619.0247, -103.2515,  240, 0, 0,  2,  Tutt
P 1038.7842, 792.6370, -191.6999,  240, 0, 0,  2,  Tarantis
P 1322.3096, 366.7670, -232.2458,  240, 0, 0,  2,  Tarantis*
P 1323.2212, 443.5072, -227.7667,  240, 0, 0,  2,  Tarantis*
P -284.6936, 25.7931, -139.2982,  240, 0, 0,  2,  Firestarter_Tlag
P -452.2459, 183.4708, -95.7937,  240, 0, 0,  2,  Firestarter_Tlag
P -470.7853, -45.4346, -139.2707,  240, 0, 0,  2,  Firestarter_Tlag
