L 3324.1543, 198.4641, 209.7810,  3270.4043, 143.3278, 210.8240,  0, 0, 0
L 2924.7935, 21.7449, 204.8148,  3044.5647, 21.2761, 205.6373,  0, 0, 0
L 3044.5647, 21.2761, 205.6373,  3082.5918, 23.6530, 209.3190,  0, 0, 0
P -2230.9231, 1990.4169, -42.8220,  0, 0, 0,  1,  Rock_Breaker
P -1534.3396, 2470.4341, -80.2950,  0, 0, 127,  2,  Ambassador_Orren
P 338.2990, -450.4719, -78.6190,  127, 64, 0,  2,  WG2:_Blightfire_Bog
P 823.4900, 115.3449, 49.1009,  127, 64, 0,  2,  WG2:_Portal_of_Wizardry
P -1369.1609, -217.1510, 100.8919,  127, 64, 0,  2,  WG2:_Ring_of_Stones
P -655.1340, 59.2929, 13.8239,  0, 0, 0,  1,  WG1:_Outpost_Crossroads
P -3050.7000, -1485.6890, 201.3890,  127, 64, 0,  2,  WG1:_Dark_Tower_to_the_North
P -843.4239, 2021.4301, -35.8260,  127, 64, 0,  2,  WG1:_Slashclaw_Cliffs
P -3149.5369, 2003.9749, -22.4950,  127, 64, 0,  2,  WG2:_Mucktail_Mines_1
P 2276.6387, 1179.4059, 188.2820,  127, 64, 0,  2,  WG3:_Jumjum_Farm
P 3518.3721, 528.7704, 160.2735,  127, 64, 0,  2,  WG3:_Stone_Hive
P 2351.7627, -539.1699, 103.9180,  0, 0, 0,  1,  WG3:_Ghostpack
P 3090.4800, -2223.4097, 130.3789,  127, 64, 0,  2,  WG3:_Selay
P 2778.5857, 598.4709, 158.5339,  0, 0, 0,  1,  Wasp_Eggtender
P 1802.9148, 72.8139, -0.4150,  127, 64, 0,  2,  Coloneill's_Pool
P 2591.7476, -983.8909, 108.9980,  0, 0, 0,  1,  Ghostwolves
P 1889.5237, -1513.1050, 44.1590,  0, 0, 0,  1,  Rats
P 1975.9760, -1849.7841, 21.5719,  0, 0, 0,  1,  Skeletons_(Triggered)
P 714.6479, -1944.7699, 105.3689,  127, 64, 0,  2,  Koermit's_River
P 1220.2090, -1492.3926, -42.6159,  0, 0, 0,  1,  Thorns
P 479.5860, -1163.8998, -75.7830,  0, 0, 0,  1,  Blightbarks
P 914.3680, -346.9479, -80.2139,  0, 0, 0,  1,  Lucinda's_remains
P 1086.8090, -799.8500, -151.3990,  0, 0, 0,  1,  Blightfire_Giants
P 1162.6388, -302.2959, -88.7169,  0, 0, 0,  1,  Lockjaws
P 128.6779, 774.5049, 72.9650,  0, 0, 0,  1,  Hedge_Devils
P -1588.4175, 2296.4058, -71.4270,  0, 0, 0,  1,  Miners_Cave_3
P -2454.5398, 1867.2100, -53.6280,  0, 0, 0,  1,  Miners_Cave_2
P -2520.4988, 729.3429, 12.3800,  0, 0, 0,  1,  Rats_and_Snakes
P 6.3300, -1021.7408, 15.8469,  0, 0, 0,  1,  Sporalis
P -1069.9137, -1475.5176, 2.3510,  0, 0, 0,  1,  Lockjaws
P -1893.2533, -1793.1576, 88.3727,  0, 0, 0,  1,  Rotwood_Spore_Field
P -2248.1763, -1727.3611, 73.4389,  0, 0, 0,  1,  Sporali_Cave
P -2052.9771, -761.4800, 112.1400,  0, 0, 0,  1,  Treants
P -2966.4158, -1316.3866, 176.8480,  0, 0, 0,  1,  Accursed_lookouts
P -3075.4380, -254.5029, 47.8870,  0, 0, 0,  1,  Vipers
P -3138.0000, 1955.0000, -44.0000,  0, 0, 0,  1,  Gnolls
P -76.0000, -940.0000, 17.0000,  0, 0, 0,  2,  dead_dragon
P 2936.4810, 1821.9850, 171.4721,  127, 0, 0,  2,  Stone_Hive_Enforcer
P 2924.7837, 1688.4148, 171.4721,  127, 0, 0,  2,  The_Farm_Alchemist
P 665.0000, -2147.0000, 225.0000,  0, 0, 0,  1,  Griffon_plateau
P 931.2369, -640.8350, -86.9000,  127, 64, 0,  2,  Swamp_of_Obsqura
P 800.4819, -2027.3578, 119.5529,  127, 0, 0,  2,  Northern_Moonwalker*
P 2767.7439, -1216.1890, 98.5220,  127, 0, 0,  2,  Ursula_the_Green_Witch
P 1159.7759, 352.8990, 4.3410,  127, 0, 0,  2,  Southern_Moorwalker*
P 2180.3096, 1105.4219, 185.4909,  127, 0, 0,  2,  Buzzazar*
P 1728.9629, -404.8039, -91.2639,  127, 0, 0,  2,  Agatha_the_Gray_Witch*
P -3023.5569, -1492.1929, 207.2270,  127, 0, 0,  2,  Eralynn_the_Shadow_Witch
P 655.9059, -1598.2791, -96.1110,  127, 0, 0,  2,  Sinead_the_Scarlet_Witch
P -2940.7288, -1837.4900, 381.8220,  127, 0, 0,  2,  Defan_the_Watch_Captain
P -2921.0000, -1698.0000, 253.0000,  127, 0, 0,  2,  Sergeant_Strall
P -2929.0000, -1953.0000, 258.0000,  127, 0, 0,  2,  Sergeant_Janx
P 2383.9297, 69.6300, 125.6300,  127, 0, 0,  2,  Eastern_Moonwalker*
P -2922.1587, -1828.8300, 319.1440,  127, 0, 0,  2,  Chaplain_Bloodmoon
P -892.3083, -1862.9706, 124.1521,  127, 0, 0,  2,  Western_Moorwalker*
P -454.3423, 1107.7128, -7.7441,  127, 0, 0,  2,  The_Ticking_Crocodile*
P 2370.5962, 1136.9535, 190.2444,  0, 0, 127,  2,  Scout_Verrin
P -610.8633, -44.9870, 21.7602,  0, 0, 127,  2,  Scout_Captain_Slynn
P 2061.1443, -2063.3711, 20.4560,  0, 0, 0,  1,  CoL:Murdunk's_Rites_Beads
P -2424.2576, -2191.8333, -18.4800,  127, 0, 0,  2,  Molderahn
P 2201.8538, 1493.9301, 171.4839,  0, 0, 0,  1,  Jumjum_Reserves
P -2906.3477, -1829.3539, 471.9205,  0, 0, 0,  1,  signal_of_fire
P 1275.8307, -609.9836, -86.9312,  0, 0, 0,  1,  CoL:Ancient_Blighted_Bark
P -46.9973, -929.4836, 6.1174,  0, 0, 0,  1,  CoL:Petrified_Leather_Boot_Sole
P 2409.2112, 1157.1509, 182.6082,  0, 0, 0,  1,  CoL:Preserved_Hairy_Halfling_Foot
P -628.5037, 98.0241, 13.5815,  0, 127, 127,  2,  Andy_Littlefoot_(BD)
