P 442.0000, 80.0000, 22.0000,  0, 0, 0,  1,  Trapdoor
P -405.0000, -275.0000, 4.0000,  0, 0, 0,  1,  Safe_Spot
P -158.6426, 1095.7250, 4.0640,  127, 64, 0,  3,  Nautilus_room
P 174.0000, 233.0000, 4.0000,  127, 64, 0,  3,  Iron_Maiden_Room
P 180.0000, 543.0000, 12.0000,  127, 64, 0,  3,  Vase_Room
P -199.0000, -102.0000, -14.0000,  127, 64, 0,  3,  Campfire
P -163.0000, 287.0000, 4.0000,  127, 64, 0,  3,  Courtyard
P 236.0000, 1358.0000, 0.0000,  0, 0, 0,  1,  Picture_Room
P 620.0000, 1157.0000, -44.0000,  127, 64, 0,  3,  Sanctuary
P 536.0000, 376.0000, 26.0000,  0, 0, 0,  3,  Altar
P -379.0000, 1080.0000, 22.0000,  0, 0, 0,  1,  Sand_Room
P 643.3660, 1250.4738, -43.9979,  0, 0, 0,  1,  False_wall
P 536.0000, 395.0000, 23.0000,  127, 0, 0,  2,  Spiritseeker_Nadox(Shm_1.5)
P -1747.4968, -788.5915, -86.2220,  0, 0, 0,  1,  Cryptic_Page(GS)Ench1.5)
P -1699.7084, -672.4030, -91.7468,  127, 0, 0,  2,  Innoruuk
P -156.4685, 1039.1013, 4.0640,  0, 127, 127,  2,  Third_Trial_/plead
