P -798.8141, -449.4551, 144.4950,  240, 0, 0,  2,  Vimidon
P -453.3059, 2783.5020, 54.6328,  240, 0, 0,  2,  Vimidon*
P 924.9393, -301.4510, 277.7970,  240, 0, 0,  2,  Tumia_Lehio
P -1394.5806, -946.2935, 515.5419,  127, 0, 0,  2,  Reborn*(NA)
P -1378.5597, -252.0165, 414.8466,  240, 0, 0,  2,  Kyv_Heartpiercer
P -1410.3644, 2728.6299, 49.4110,  240, 0, 0,  2,  Duara_Yuenki
P 76.2018, -212.1460, 620.7610,  127, 0, 0,  2,  Cragbeast_Queen
P -167.4621, -989.3253, 164.3443,  240, 0, 0,  2,  Vimidon
P -1173.0121, -1131.7029, 465.5780,  240, 0, 0,  2,  Kyv_Heartpiercer
P -1608.6598, 627.5419, 438.6857,  240, 0, 0,  2,  Kyv
P -1184.0258, -945.9677, 330.0797,  240, 0, 0,  2,  a_swift_scavenger
P 894.4899, 488.9647, 284.8893,  240, 0, 0,  2,  a_fierce_cragwalker*
P -23.0926, -434.0486, 657.0555,  240, 0, 0,  2,  a_swift_scavenger*
P -1105.6521, -304.5734, 300.8009,  240, 0, 0,  2,  a_fierce_cragwalker
