P -1570.4209, -1091.6958, 75.9719,  0, 0, 240,  2,  Tondal_Di'Xevar
P -1576.2218, -1035.5388, 72.1200,  0, 0, 240,  2,  Morden_Rasp
P -2715.3228, -995.5688, 48.5439,  0, 0, 240,  2,  Yixfriz_Tockmaker
P -992.1400, -1096.9238, 80.1860,  0, 0, 240,  2,  Rannik_Forester
P 232.8000, -908.9099, 63.2560,  0, 0, 240,  2,  Jeruea_Ragwood
P 172.8959, -1368.2179, 70.1059,  0, 0, 240,  3,  Wridarr_Ironbrace
P 167.9470, -1331.5889, 70.1059,  0, 0, 240,  2,  Ippledop_Cogsmith
P 151.1150, -1355.7208, 88.1990,  0, 0, 240,  3,  Carwa_Ironbrace
P 342.7730, -919.4470, 64.1140,  0, 0, 240,  2,  Hemae_Twinebraid
P 156.7290, -1354.3969, 67.4530,  0, 0, 240,  2,  Berundd_Oreweaver
P 192.3319, -1398.1039, 67.5240,  0, 0, 240,  2,  Greba_Oreweaver
P -1510.3710, -1059.9429, 79.8900,  0, 0, 240,  2,  Nedaria_Debeian
P -1498.3208, -1072.9839, 80.3310,  0, 0, 240,  2,  Calliav_Giniuar
P -1515.4120, -1098.4708, 79.7849,  0, 0, 240,  2,  Vdrae_Qix'Tki
P 121.8430, -1366.5437, 66.6569,  0, 0, 240,  2,  Ruanni_Annue
P -1577.2899, -1035.4238, 76.7810,  0, 0, 240,  2,  Maixx_Yzi
P -1505.1958, -1039.7828, 82.5199,  0, 0, 240,  2,  Oppella_Nuanyal
P -1548.2990, -1105.8629, 78.3829,  0, 0, 240,  2,  Ieandra_Pael
P -1573.1730, -1091.9889, 76.3010,  0, 0, 240,  2,  Iggill_Jubtob
P -1875.7408, -318.2259, 48.7169,  0, 0, 240,  2,  Givvel_Puppug
P -1510.4984, -1063.6979, 81.0406,  0, 127, 127,  2,  Scout_Melinda
P 1109.3234, -644.9681, 251.5050,  0, 127, 127,  2,  Holly_Windstalker
P 420.4486, 1674.3264, 255.9203,  0, 127, 127,  2,  Beauregard
