P 473.6469, -1460.4398, 98.4620,  127, 64, 0,  2,  Bear_Caves
P 146.4513, -1391.9231, 85.2070,  0, 0, 127,  2,  Targen_Stonefall(Rng_Pre-Q)
P 148.2904, -1350.3440, 85.2070,  0, 0, 240,  2,  Carwa_Ironbrace
P 196.1230, -1331.5596, 85.2070,  0, 0, 126,  2,  a_blacksmith(war1.5)
P -1290.5542, -295.9676, 68.2107,  0, 0, 0,  1,  Pal1.5
P 212.8737, -843.7028, 64.8293,  0, 0, 127,  2,  Redis_Linrok_the_Suffering(Pal1.5)
P 265.2794, -1406.2439, 68.7878,  0, 0, 127,  2,  Duram_Firechaser(Pal2.0)
P -1053.7941, -1410.5271, 62.4269,  0, 0, 127,  2,  Priestess_Rahku(Ench2.0)
P -1503.3584, -1078.8206, 81.8701,  0, 0, 127,  2,  Historian_Finraze(Druid2.0)
P 180.3987, -1388.7734, 67.1067,  0, 0, 127,  2,  Smith_Dandi(Rogue_epic)
P 170.3158, -1416.8495, 67.1067,  0, 0, 127,  2,  Li
P -1450.1198, -496.1333, 71.1401,  0, 0, 127,  2,  a_Wayfarer's_Brotherhood_Officer(Rng2.0)
P -1512.4003, -1017.2422, 80.1000,  0, 0, 127,  2,  Tavon_Vastsea(Cle_Epic)
P -2684.5176, -999.9791, 50.1976,  0, 0, 127,  2,  Cartographer_Tweister(Cle1.5)
P 510.1568, -1545.1942, 89.3369,  0, 0, 240,  1,  An_Epic_Request_(Rng)
