L -2151.569, 2577.991, -0.7191, -2028.182, 2462.669, -0.7191,  127, 127, 127
L -2036.058, 2701.758, -0.7191, -2151.569, 2577.991, -0.7191,  127, 127, 127
L -1912.136, 2586.888, -0.7191, -2036.058, 2701.758, -0.7191,  127, 127, 127
L -2027.891, 2462.434, -0.7191, -1912.136, 2586.888, -0.7191,  127, 127, 127
L -2283.401, 2453.62, -0.7191, -2169.32, 2329.624, -0.7191,  127, 127, 127
L -2159.918, 2569.22, -0.7191, -2283.401, 2453.62, -0.7191,  127, 127, 127
L -2044.317, 2445.481, -0.7191, -2159.918, 2569.22, -0.7191,  127, 127, 127
L -2169.011, 2329.819, -0.7191, -2044.317, 2445.481, -0.7191,  127, 127, 127
L -2454.43, 1839.378, 89.2807, -2308.411, 1924.11, 89.2807,  127, 127, 127
L -2538.633, 1985.501, 91.2450, -2454.43, 1839.378, 89.2807,  127, 127, 127
L -2393.84, 2069.92, 89.2807, -2538.633, 1985.501, 91.2450,  127, 127, 127
L -2308.571, 1924.385, 89.2807, -2393.84, 2069.92, 89.2807,  127, 127, 127
L -2029.218, 1781.496, 59.2807, -2047.548, 1616.878, 59.2807,  127, 127, 127
L -1863.061, 1765.774, 59.2807, -2029.218, 1781.496, 59.2807,  127, 127, 127
L -1878.433, 1598.257, 59.2807, -1863.061, 1765.774, 59.2807,  127, 127, 127
L -2045.929, 1614.158, 59.2807, -1878.433, 1598.257, 59.2807,  127, 127, 127
L -143.519, -706.683, 44.2807, -212.393, -862.414, 44.2807,  127, 127, 127
L -298.995, -639.742, 44.2807, -143.519, -706.683, 44.2807,  127, 127, 127
L -366.905, -794.548, 44.2807, -298.995, -639.742, 44.2807,  127, 127, 127
L -211.717, -863.182, 44.2807, -366.905, -794.548, 44.2807,  127, 127, 127
L 558.512, -941.161, 91.2807, 559.261, -773.421, 91.2807,  127, 127, 127
L 390.116, -773.378, 91.2807, 389.672, -941.549, 91.2807,  127, 127, 127
L 558.727, -773.503, 91.2807, 390.116, -773.378, 91.2807,  127, 127, 127
L 389.16, -942.941, 91.2807, 558.984, -942.887, 91.2807,  127, 127, 127
L 394.189, -1031.635, 91.2807, 395.242, -1201.93, 91.2807,  127, 127, 127
L 564.096, -1031.967, 91.2807, 394.189, -1031.635, 91.2807,  127, 127, 127
L 563.816, -1200.616, 91.2807, 564.096, -1031.967, 91.2807,  127, 127, 127
L 394.256, -1200.695, 91.2807, 563.816, -1200.616, 91.2807,  127, 127, 127
L 561.174, -1291.803, 91.2807, 392.023, -1292.479, 91.2807,  127, 127, 127
L 559.843, -1460.736, 91.2807, 561.174, -1291.803, 91.2807,  127, 127, 127
L 390.387, -1460.247, 91.2807, 559.843, -1460.736, 91.2807,  127, 127, 127
L 391.049, -1291.707, 91.2807, 390.387, -1460.247, 91.2807,  127, 127, 127
L 214.13, -1120.64, 64.2807, 44.644, -1120.971, 64.2807,  127, 127, 127
L 213.157, -952.441, 64.2807, 214.13, -1120.64, 64.2807,  127, 127, 127
L 44.625, -951.586, 64.2807, 213.157, -952.441, 64.2807,  127, 127, 127
L 44.16, -1120.406, 64.2807, 44.625, -951.586, 64.2807,  127, 127, 127
L 192.85, -1335.126, 64.2807, 25.097, -1334.579, 64.2807,  127, 127, 127
L 191.996, -1503.507, 64.2807, 192.85, -1335.126, 64.2807,  127, 127, 127
L 23.414, -1504.56, 64.2807, 191.996, -1503.507, 64.2807,  127, 127, 127
L 24.545, -1335.561, 64.2807, 23.414, -1504.56, 64.2807,  127, 127, 127
L 78.704, -1321.941, 64.2807, -88.32, -1320.991, 64.2807,  127, 127, 127
L 78.733, -1153.143, 64.2807, 78.704, -1321.941, 64.2807,  127, 127, 127
L -89.443, -1152.585, 64.4110, 78.733, -1153.143, 64.2807,  127, 127, 127
L -89.284, -1322.775, 64.2807, -89.443, -1152.585, 64.4110,  127, 127, 127
L 93.047, -2639.665, -101.5648, 261.893, -2638.475, -100.7190,  127, 127, 127
L 94.663, -2471.631, -101.4689, 93.047, -2639.665, -101.5648,  127, 127, 127
L 262.907, -2471.286, -100.7188, 94.663, -2471.631, -101.4689,  127, 127, 127
L 262.095, -2639.32, -100.7190, 262.907, -2471.286, -100.7188,  127, 127, 127
L 505.793, -2721.452, -100.4133, 433.89, -2873.874, -99.6269,  127, 127, 127
L 353.961, -2649.825, -100.7190, 505.793, -2721.452, -100.4133,  127, 127, 127
L 281.629, -2801.247, -100.7190, 353.961, -2649.825, -100.7190,  127, 127, 127
L 434.703, -2873.78, -99.6436, 281.629, -2801.247, -100.7190,  127, 127, 127
L 502.026, -3257.533, -1.7192, 501.133, -3088.856, -1.7192,  127, 127, 127
L 669.833, -3254.972, -1.7192, 502.026, -3257.533, -1.7192,  127, 127, 127
L 669.032, -3087.501, -1.7192, 669.833, -3254.972, -1.7192,  127, 127, 127
L 501.018, -3087.534, -1.7192, 669.032, -3087.501, -1.7192,  127, 127, 127
L 307.129, -2886.673, -100.7190, 138.52, -2885.665, -100.7190,  127, 127, 127
L 307.428, -3054.627, -100.1784, 307.129, -2886.673, -100.7190,  127, 127, 127
L 140.391, -3054.14, -100.7190, 307.428, -3054.627, -100.1784,  127, 127, 127
L 138.766, -2886.848, -100.7190, 140.391, -3054.14, -100.7190,  127, 127, 127
L 20.145, -3046.786, -70.7190, -147.479, -3046.201, -70.7190,  127, 127, 127
L 19.234, -2877.952, -70.8699, 20.145, -3046.786, -70.7190,  127, 127, 127
L -149.376, -2877.819, -70.6491, 19.234, -2877.952, -70.8699,  127, 127, 127
L -149.164, -3046.189, -70.7190, -149.376, -2877.819, -70.6491,  127, 127, 127
L -382.401, -2879.146, -70.7190, -380.151, -3047.551, -70.7190,  127, 127, 127
L -213.659, -2877.16, -70.6219, -382.401, -2879.146, -70.7190,  127, 127, 127
L -211.258, -3045.854, -70.7190, -213.659, -2877.16, -70.6219,  127, 127, 127
L -379.59, -3047.235, -70.7190, -211.258, -3045.854, -70.7190,  127, 127, 127
L -603.561, -2876.503, -70.2349, -434.544, -2876.677, -70.7189,  127, 127, 127
L -603.185, -3045.755, -70.7282, -603.561, -2876.503, -70.2349,  127, 127, 127
L -433.623, -3046.232, -70.7190, -603.185, -3045.755, -70.7282,  127, 127, 127
L -434.533, -2877.28, -70.7189, -433.623, -3046.232, -70.7190,  127, 127, 127
L -1858.282, -2905.54, 31.2807, -1701.654, -2842.619, 31.2807,  127, 127, 127
L -1794.996, -3062.444, 31.2807, -1858.282, -2905.54, 31.2807,  127, 127, 127
L -1640.155, -2999.813, 31.2807, -1794.996, -3062.444, 31.2807,  127, 127, 127
L -1701.418, -2844.622, 31.2807, -1640.155, -2999.813, 31.2807,  127, 127, 127
L -1926.308, -2896.35, 31.2807, -2094.638, -2885.5, 31.2807,  127, 127, 127
L -1936.463, -3063.967, 31.2807, -1926.308, -2896.35, 31.2807,  127, 127, 127
L -2104.931, -3053.734, 31.2807, -1936.463, -3063.967, 31.2807,  127, 127, 127
L -2094.341, -2885.336, 31.2807, -2104.931, -3053.734, 31.2807,  127, 127, 127
L -2191.219, -3074.152, 31.2807, -2191.471, -2905.427, 31.2807,  127, 127, 127
L -2362.895, -3073.643, 31.9431, -2191.219, -3074.152, 31.2807,  127, 127, 127
L -2359.836, -2904.653, 31.2807, -2362.895, -3073.643, 31.9431,  127, 127, 127
L -2191.706, -2905.482, 31.2807, -2359.836, -2904.653, 31.2807,  127, 127, 127
L -2002.855, -2572.308, 31.2836, -2143.539, -2667.972, 31.2807,  127, 127, 127
L -1906.846, -2711.116, 31.2807, -2002.855, -2572.308, 31.2836,  127, 127, 127
L -2046.633, -2808.556, 31.2807, -1906.846, -2711.116, 31.2807,  127, 127, 127
L -2142.673, -2668.353, 31.2807, -2046.633, -2808.556, 31.2807,  127, 127, 127
L -2056.911, -2530.92, 31.2807, -2056.455, -2362.221, 31.2807,  127, 127, 127
L -2225.527, -2530.167, 31.2807, -2056.911, -2530.92, 31.2807,  127, 127, 127
L -2224.35, -2361.792, 31.2807, -2225.527, -2530.167, 31.2807,  127, 127, 127
L -2056.128, -2362.133, 31.2807, -2224.35, -2361.792, 31.2807,  127, 127, 127
L -1562.012, -1701.252, 59.2807, -1561.942, -1531.762, 59.2807,  127, 127, 127
L -1732.002, -1702.703, 59.2807, -1562.012, -1701.252, 59.2807,  127, 127, 127
L -1731.726, -1532.51, 59.2807, -1732.002, -1702.703, 59.2807,  127, 127, 127
L -1562.022, -1533.514, 59.2807, -1731.726, -1532.51, 59.2807,  127, 127, 127
L -1755.957, -1535.127, 59.2807, -1926.124, -1535.448, 59.2747,  127, 127, 127
L -1755.895, -1704.268, 59.2807, -1755.957, -1535.127, 59.2807,  127, 127, 127
L -1924.6, -1703.835, 59.2807, -1755.895, -1704.268, 59.2807,  127, 127, 127
L -1923.461, -1536.151, 59.2807, -1924.6, -1703.835, 59.2807,  127, 127, 127
L -1954.337, -1546.335, 59.2807, -2117.47, -1506.387, 59.2550,  127, 127, 127
L -1993.849, -1708.129, 59.2807, -1954.337, -1546.335, 59.2807,  127, 127, 127
L -2156.486, -1669.703, 59.2807, -1993.849, -1708.129, 59.2807,  127, 127, 127
L -2118.001, -1507.139, 59.2563, -2156.486, -1669.703, 59.2807,  127, 127, 127
L -2135.288, -1512.212, 59.2805, -2237.669, -1380.588, 59.2807,  127, 127, 127
L -2268.675, -1614.934, 59.2807, -2135.288, -1512.212, 59.2805,  127, 127, 127
L -2371.892, -1483.299, 59.2807, -2268.675, -1614.934, 59.2807,  127, 127, 127
L -2240.441, -1379.998, 59.2807, -2371.892, -1483.299, 59.2807,  127, 127, 127
L -2252.24, -1370.165, 59.2807, -2216.721, -1205.987, 59.2807,  127, 127, 127
L -2419.246, -1332.791, 59.2807, -2252.24, -1370.165, 59.2807,  127, 127, 127
L -2380.439, -1170.319, 59.2807, -2419.246, -1332.791, 59.2807,  127, 127, 127
L -2217.698, -1205.822, 59.2807, -2380.439, -1170.319, 59.2807,  127, 127, 127
L -2277.315, -1178.159, 59.2807, -2130.534, -1093.118, 59.2807,  127, 127, 127
L -2360.631, -1034.414, 59.2807, -2277.315, -1178.159, 59.2807,  127, 127, 127
L -2217.373, -948.525, 59.2809, -2360.631, -1034.414, 59.2807,  127, 127, 127
L -2132.488, -1093.383, 59.2807, -2217.373, -948.525, 59.2809,  127, 127, 127
L -1905.245, -1062.556, 59.2807, -1948.392, -1225.494, 59.2914,  127, 127, 127
L -2069.277, -1018.846, 59.2807, -1905.245, -1062.556, 59.2807,  127, 127, 127
L -2111.028, -1181.53, 59.2807, -2069.277, -1018.846, 59.2807,  127, 127, 127
L -1948.447, -1225.478, 59.2916, -2111.028, -1181.53, 59.2807,  127, 127, 127
L -1716.455, -1141.132, 59.2807, -1776.29, -1298.801, 59.3686,  127, 127, 127
L -1875.315, -1082.694, 59.2807, -1716.455, -1141.132, 59.2807,  127, 127, 127
L -1933.356, -1240.988, 59.2922, -1875.315, -1082.694, 59.2807,  127, 127, 127
L -1775.839, -1298.868, 59.3676, -1933.356, -1240.988, 59.2922,  127, 127, 127
L -1575.564, 26.215, -40.1221, -1575.052, 195.891, -40.6935,  127, 127, 127
L -1743.665, 27.279, -40.7190, -1575.564, 26.215, -40.1221,  127, 127, 127
L -1744.079, 195.463, -40.7190, -1743.665, 27.279, -40.7190,  127, 127, 127
L -1575.048, 194.737, -40.7053, -1744.079, 195.463, -40.7190,  127, 127, 127
L -1298.94, 205.491, 59.2807, -1468.646, 214.857, 59.2807,  127, 127, 127
L -1309.045, 36.278, 59.2807, -1298.94, 205.491, 59.2807,  127, 127, 127
L -1478.402, 47.519, 59.2744, -1309.045, 36.278, 59.2807,  127, 127, 127
L -1466.619, 214.61, 59.2807, -1478.402, 47.519, 59.2744,  127, 127, 127
L -2033.424, 290.247, -40.7190, -2203.127, 293.239, -40.7190,  127, 127, 127
L -2032.242, 461.222, -40.4883, -2033.424, 290.247, -40.7190,  127, 127, 127
L -2201.217, 463.139, -40.6253, -2032.242, 461.222, -40.4883,  127, 127, 127
L -2202.839, 292.691, -40.7190, -2201.217, 463.139, -40.6253,  127, 127, 127
L -1925.854, 235.629, -40.7190, -1983.403, 75.246, -40.7190,  127, 127, 127
L -1767.075, 176.861, -40.7190, -1925.854, 235.629, -40.7190,  127, 127, 127
L -1825.029, 18.742, -40.5213, -1767.075, 176.861, -40.7190,  127, 127, 127
L -1983.179, 75.195, -40.7190, -1825.029, 18.742, -40.5213,  127, 127, 127
L -2210.514, 84.408, -40.7190, -2041.641, 82.163, -40.7190,  127, 127, 127
L -2207.118, 253.351, -40.7190, -2210.514, 84.408, -40.7190,  127, 127, 127
L -2039.95, 251.315, -40.7190, -2207.118, 253.351, -40.7190,  127, 127, 127
L -2041.294, 83.675, -40.7190, -2039.95, 251.315, -40.7190,  127, 127, 127
L -2152.588, -54.615, -40.7190, -2298.229, 30.394, -40.7190,  127, 127, 127
L -2238.627, -200.434, -40.7126, -2152.588, -54.615, -40.7190,  127, 127, 127
L -2385.063, -114.68, -40.7190, -2238.627, -200.434, -40.7126,  127, 127, 127
L -2300.415, 30.616, -40.7190, -2385.063, -114.68, -40.7190,  127, 127, 127
L -2434.908, 287.752, -40.7190, -2267.216, 288.309, -40.7190,  127, 127, 127
L -2432.854, 119.465, -40.7190, -2434.908, 287.752, -40.7190,  127, 127, 127
L -2264.714, 120.495, -40.7190, -2432.854, 119.465, -40.7190,  127, 127, 127
L -2265.969, 290.761, -40.7190, -2264.714, 120.495, -40.7190,  127, 127, 127
L -2265.735, 338.59, -40.7190, -2265.072, 507.439, -40.7190,  127, 127, 127
L -2433.962, 337.418, -40.7190, -2265.735, 338.59, -40.7190,  127, 127, 127
L -2433.962, 507.484, -40.7190, -2433.962, 337.418, -40.7190,  127, 127, 127
L -2264.337, 508.167, -40.7190, -2433.962, 507.484, -40.7190,  127, 127, 127
L -2261.313, 549.561, -40.7190, -2261.702, 716.627, -40.7190,  127, 127, 127
L -2430.663, 549.406, -40.7190, -2261.313, 549.561, -40.7190,  127, 127, 127
L -2431.081, 716.752, -40.7190, -2430.663, 549.406, -40.7190,  127, 127, 127
L -2261.518, 716.268, -40.7190, -2431.081, 716.752, -40.7190,  127, 127, 127
L -2039.045, 621.184, -40.7190, -2032.874, 788.493, -40.7190,  127, 127, 127
L -2207.45, 627.938, -40.7190, -2039.045, 621.184, -40.7190,  127, 127, 127
L -2201.13, 796.595, -40.7190, -2207.45, 627.938, -40.7190,  127, 127, 127
L -2033.679, 789.605, -40.7190, -2201.13, 796.595, -40.7190,  127, 127, 127
L -2525.076, 1166.22, -40.7190, -2395.41, 1058.178, -40.7190,  127, 127, 127
L -2418.466, 1294.95, -40.7190, -2525.076, 1166.22, -40.7190,  127, 127, 127
L -2288.856, 1185.946, -40.7190, -2418.466, 1294.95, -40.7190,  127, 127, 127
L -2396.448, 1058.419, -40.7190, -2288.856, 1185.946, -40.7190,  127, 127, 127
L -2203.248, 949.696, -40.7190, -2044.121, 1000.842, -40.7190,  127, 127, 127
L -2254.853, 1109.159, -40.7190, -2203.248, 949.696, -40.7190,  127, 127, 127
L -2093.458, 1160.154, -40.7190, -2254.853, 1109.159, -40.7190,  127, 127, 127
L -2043.28, 999.85, -40.7190, -2093.458, 1160.154, -40.7190,  127, 127, 127
L -2011.046, 997.822, -40.7190, -1844.189, 984.67, -40.7190,  127, 127, 127
L -1998.321, 1165.702, -40.7190, -2011.046, 997.822, -40.7190,  127, 127, 127
L -1830.533, 1150.678, -40.7190, -1998.321, 1165.702, -40.7190,  127, 127, 127
L -1845.406, 983.542, -40.7190, -1830.533, 1150.678, -40.7190,  127, 127, 127
L -1805.266, 972.406, -40.7190, -1651.26, 905.858, -40.7190,  127, 127, 127
L -1739.862, 1127.92, -40.7190, -1805.266, 972.406, -40.7190,  127, 127, 127
L -1585.591, 1061.187, -40.7190, -1739.862, 1127.92, -40.7190,  127, 127, 127
L -1651.713, 906.91, -40.7190, -1585.591, 1061.187, -40.7190,  127, 127, 127
L 92.074, 373.712, 109.2807, -76.276, 373.734, 109.2807,  127, 127, 127
L 91.878, 205.624, 109.2807, 92.074, 373.712, 109.2807,  127, 127, 127
L -76.835, 206.614, 109.2807, 91.878, 205.624, 109.2807,  127, 127, 127
L -76.296, 374.174, 109.2807, -76.835, 206.614, 109.2807,  127, 127, 127
L 134.54, 287.641, 109.2807, 134.187, 456.802, 109.2807,  127, 127, 127
L 304.881, 287.365, 109.2807, 134.54, 287.641, 109.2807,  127, 127, 127
L 303.815, 456.735, 109.2807, 304.881, 287.365, 109.2807,  127, 127, 127
L 136.07, 456.829, 109.2807, 303.815, 456.735, 109.2807,  127, 127, 127
L 127.06, 547.227, 109.2807, 103.263, 713.16, 109.2807,  127, 127, 127
L 291.915, 569.992, 109.2807, 127.06, 547.227, 109.2807,  127, 127, 127
L 269.795, 736.413, 109.2807, 291.915, 569.992, 109.2807,  127, 127, 127
L 103.027, 713.292, 109.2807, 269.795, 736.413, 109.2807,  127, 127, 127
L 215.508, 999.466, 109.2807, 52.133, 957.624, 109.2807,  127, 127, 127
L 257.075, 836.881, 109.2807, 215.508, 999.466, 109.2807,  127, 127, 127
L 93.747, 794.135, 109.2807, 257.075, 836.881, 109.2807,  127, 127, 127
L 52.039, 957.809, 109.2807, 93.747, 794.135, 109.2807,  127, 127, 127
L -343.373, 1546.47, 109.2807, -442.987, 1411.332, 109.2807,  127, 127, 127
L -208.919, 1445.611, 109.2807, -343.373, 1546.47, 109.2807,  127, 127, 127
L -308.17, 1311.497, 109.2807, -208.919, 1445.611, 109.2807,  127, 127, 127
L -443.293, 1410.624, 109.2807, -308.17, 1311.497, 109.2807,  127, 127, 127
L -416.105, 1097.994, 59.2807, -307.354, 964.375, 59.2807,  127, 127, 127
L -286.195, 1202.727, 59.3162, -416.105, 1097.994, 59.2807,  127, 127, 127
L -179.091, 1073.22, 59.2807, -286.195, 1202.727, 59.3162,  127, 127, 127
L -310.003, 965.794, 59.2807, -179.091, 1073.22, 59.2807,  127, 127, 127
L -268.194, 917.33, 59.2807, -217.907, 755.874, 59.2807,  127, 127, 127
L -107.006, 967.987, 59.2807, -268.194, 917.33, 59.2807,  127, 127, 127
L -55.413, 805.595, 59.5673, -107.006, 967.987, 59.2807,  127, 127, 127
L -216.923, 755.17, 59.2807, -55.413, 805.595, 59.5673,  127, 127, 127
L -228.659, 690.202, 59.2807, -233.895, 521.456, 58.9277,  127, 127, 127
L -60.001, 686.12, 59.2807, -228.659, 690.202, 59.2807,  127, 127, 127
L -66.012, 516.944, 59.2807, -60.001, 686.12, 59.2807,  127, 127, 127
L -233.957, 521.508, 58.9273, -66.012, 516.944, 59.2807,  127, 127, 127
L -638.28, -21.609, 149.2806, -637.984, -190.629, 149.2806,  127, 127, 127
L -470.604, -21.318, 149.2806, -638.28, -21.609, 149.2806,  127, 127, 127
L -469.413, -190.666, 148.5045, -470.604, -21.318, 149.2806,  127, 127, 127
L -638.036, -189.123, 149.2806, -469.413, -190.666, 148.5045,  127, 127, 127
L -512.406, 134.591, -0.7191, -511.928, 303.668, -0.7080,  127, 127, 127
L -344.166, 134.193, -0.7191, -512.406, 134.591, -0.7191,  127, 127, 127
L -344.329, 301.78, -0.7191, -344.166, 134.193, -0.7191,  127, 127, 127
L -512.838, 302.804, -0.7078, -344.329, 301.78, -0.7191,  127, 127, 127
L -546.011, 286.602, -0.6965, -587.539, 449.125, -0.7191,  127, 127, 127
L -708.894, 243.988, -0.7191, -546.011, 286.602, -0.6965,  127, 127, 127
L -751.12, 405.952, -0.7191, -708.894, 243.988, -0.7191,  127, 127, 127
L -588.42, 448.303, -0.7191, -751.12, 405.952, -0.7191,  127, 127, 127
L -412.177, 529.327, -0.7191, -577.254, 490.968, -0.7191,  127, 127, 127
L -375.259, 362.115, -0.7191, -412.177, 529.327, -0.7191,  127, 127, 127
L -540.972, 324.776, -0.6989, -375.259, 362.115, -0.7191,  127, 127, 127
L -576.356, 490.539, -0.7191, -540.972, 324.776, -0.6989,  127, 127, 127
L -440.226, 724.904, -0.7191, -606.29, 695.928, -0.7191,  127, 127, 127
L -413.134, 558.942, -0.7191, -440.226, 724.904, -0.7191,  127, 127, 127
L -578.257, 530.278, -0.7191, -413.134, 558.942, -0.7191,  127, 127, 127
L -607.002, 695.261, -0.7191, -578.257, 530.278, -0.7191,  127, 127, 127
L -656.704, 656.499, -0.7191, -815.149, 597.509, -0.7191,  127, 127, 127
L -599.365, 496.23, -0.7191, -656.704, 656.499, -0.7191,  127, 127, 127
L -759.526, 438.209, -0.7191, -599.365, 496.23, -0.7191,  127, 127, 127
L -816.645, 597.893, -0.7191, -759.526, 438.209, -0.7191,  127, 127, 127
L -673.073, 726.166, -0.7191, -776.364, 856.951, -0.7191,  127, 127, 127
L -806.201, 621.771, -0.7191, -673.073, 726.166, -0.7191,  127, 127, 127
L -909.281, 753.956, -0.7191, -806.201, 621.771, -0.7191,  127, 127, 127
L -776.626, 857.259, -0.7191, -909.281, 753.956, -0.7191,  127, 127, 127
L -708.411, 885.558, -0.7191, -572.087, 983.788, -0.7191,  127, 127, 127
L -610.275, 751.995, -0.7191, -708.411, 885.558, -0.7191,  127, 127, 127
L -476.045, 849.621, -0.7191, -610.275, 751.995, -0.7191,  127, 127, 127
L -573.495, 983.821, -0.7191, -476.045, 849.621, -0.7191,  127, 127, 127
L -739.645, 1075.192, -0.7191, -907.462, 1077.751, -0.7191,  127, 127, 127
L -739.848, 907.507, -0.7191, -739.645, 1075.192, -0.7191,  127, 127, 127
L -909.255, 908.626, -0.7191, -739.848, 907.507, -0.7191,  127, 127, 127
L -906.921, 1076.713, -0.7191, -909.255, 908.626, -0.7191,  127, 127, 127
L -694.232, 1466.694, -0.7191, -862.318, 1474.342, -0.7178,  127, 127, 127
L -701.218, 1299.291, -0.7191, -694.232, 1466.694, -0.7191,  127, 127, 127
L -870.344, 1307.443, -0.7146, -701.218, 1299.291, -0.7191,  127, 127, 127
L -862.094, 1473.224, -0.7179, -870.344, 1307.443, -0.7146,  127, 127, 127
L -682.268, 1525.727, -0.7191, -848.087, 1526.642, -0.3997,  127, 127, 127
L -679.322, 1692.936, -0.4950, -682.268, 1525.727, -0.7191,  127, 127, 127
L -848.255, 1692.955, -0.6820, -679.322, 1692.936, -0.4950,  127, 127, 127
L -848.577, 1526.279, -0.4026, -848.255, 1692.955, -0.6820,  127, 127, 127
L -1064.109, 1142.226, 37.2807, -1233.023, 1142.226, 37.2807,  127, 127, 127
L -1062.69, 973.18, 37.2807, -1064.109, 1142.226, 37.2807,  127, 127, 127
L -1231.552, 972.645, 37.2807, -1062.69, 973.18, 37.2807,  127, 127, 127
L -1231.699, 1141.623, 37.2807, -1231.552, 972.645, 37.2807,  127, 127, 127
L -1261.559, 1933.495, -30.7191, -1261.58, 2100.17, -30.7191,  127, 127, 127
L -1428.225, 1934.185, -30.4797, -1261.559, 1933.495, -30.7191,  127, 127, 127
L -1429.17, 2102.327, -30.7191, -1428.225, 1934.185, -30.4797,  127, 127, 127
L -1261.629, 2100.915, -30.7191, -1429.17, 2102.327, -30.7191,  127, 127, 127
L -2522.536, 2681.746, 79.2807, -2522.884, 2514.74, 79.2807,  127, 127, 127
L -2689.557, 2680.484, 79.2807, -2522.536, 2681.746, 79.2807,  127, 127, 127
L -2689.84, 2514.662, 79.3160, -2689.557, 2680.484, 79.2807,  127, 127, 127
L -2522.936, 2515.367, 79.2807, -2689.84, 2514.662, 79.3160,  127, 127, 127
L -2370.916, 2284.618, -0.7191, -2250.24, 2402.889, -0.7191,  127, 127, 127
L -2488.151, 2405.929, -0.7191, -2370.916, 2284.618, -0.7191,  127, 127, 127
L -2367.839, 2522.165, -0.7191, -2488.151, 2405.929, -0.7191,  127, 127, 127
L -2250.405, 2402.289, -0.7191, -2367.839, 2522.165, -0.7191,  127, 127, 127
L -2227.19, 2570.817, -0.7191, -2239.468, 2739.248, -0.7191,  127, 127, 127
L -2397.119, 2558.385, -0.7191, -2227.19, 2570.817, -0.7191,  127, 127, 127
L -2408.487, 2723.494, -0.7191, -2397.119, 2558.385, -0.7191,  127, 127, 127
L -2239.412, 2739.246, -0.7191, -2408.487, 2723.494, -0.7191,  127, 127, 127
L -2023.674, 647.922, -40.7190, -1860.268, 604.601, -40.7190,  127, 127, 127
L -1860.268, 604.601, -40.7190, -1904.502, 440.342, -40.7190,  127, 127, 127
L -1904.502, 440.342, -40.7190, -2067.149, 483.89, -39.9799,  127, 127, 127
L -2067.149, 483.89, -39.9799, -2023.674, 647.922, -40.7190,  127, 127, 127
L -1783.61, 821.707, -40.7190, -1875.403, 679.561, -40.7190,  127, 127, 127
L -1875.403, 679.561, -40.7190, -2018.036, 772.353, -40.7190,  127, 127, 127
L -2018.036, 772.353, -40.7190, -1925.621, 914.323, -40.7190,  127, 127, 127
L -1925.621, 914.323, -40.7190, -1783.61, 821.707, -40.7190,  127, 127, 127
P -2043.166, 2695.888, -0.7191,  240, 0, 0,  1,  101_Market_Street
P -2407.473, 2715.854, -0.7191,  240, 0, 0,  2,  104_Market_Street
P -2374.181, 2516.302, -0.7191,  240, 0, 0,  2,  103_Market_Street
P -2162.026, 2335.784, -0.7191,  240, 0, 0,  2,  102_Market_Street
P -2690.536, 2672.789, 79.2807,  240, 0, 0,  2,  101_Market_Heights
P -2535.001, 1977.648, 91.4677,  240, 0, 0,  2,  102_Market_Heights
P -2037.207, 1614.227, 59.2807,  240, 0, 0,  2,  103_Market_Heights
P -1429.325, 2092.592, -30.7191,  240, 240, 0,  2,  101_Brimming_Way
P -1072.61, 1141.769, 37.2807,  240, 240, 0,  2,  102_Brimming_Way
P -839.858, 1525.482, -0.4420,  240, 240, 0,  2,  113_Brimming_Way
P -863.396, 1465.328, -0.7181,  240, 240, 0,  2,  112_Brimming_Way
P -907.036, 1069.643, -0.7191,  240, 240, 0,  2,  103_Brimming_Way
P -904.264, 746.279, -0.7191,  240, 240, 0,  2,  104_Brimming_Way
P -813.093, 588.569, -0.7191,  240, 240, 0,  2,  105_Brimming_Way
P -748.938, 396.915, -0.7191,  240, 240, 0,  2,  106_Brimming_Way
P -502.974, 134.488, -0.7191,  240, 240, 0,  2,  108_Brimming_Way
P -469.288, -181.152, 148.7523,  240, 240, 0,  2,  107_Brimming_Way
P -76.361, 364.839, 109.2807,  240, 240, 0,  2,  105_Brimming_Heights
P 134.702, 448.747, 109.2807,  240, 240, 0,  2,  106_Brimming_Heights
P 103.984, 704.548, 109.2807,  240, 240, 0,  2,  107_Brimming_Heights
P 103.644, 796.107, 109.2807,  240, 240, 0,  2,  108_Brimming_Heights
P -229.267, 680.796, 59.2807,  240, 240, 0,  2,  104_Brimming_Heights
P -265.639, 906.967, 59.2807,  240, 240, 0,  2,  103_Brimming_Heights
P -411.247, 1088.831, 59.2807,  240, 240, 0,  2,  102_Brimming_Heights
P -478.999, 856.307, -0.7191,  240, 240, 0,  2,  111_Brimming_Way
P -413.153, 567.616, -0.7191,  240, 240, 0,  2,  110_Brimming_Way
P -377.63, 372.741, -0.7191,  240, 240, 0,  2,  109_Brimming_Way
P -436.126, 1405.742, 109.2807,  240, 240, 0,  2,  101_Brimming_Heights
P -1798.443, 968.797, -40.7190,  240, 240, 240,  2,  101_Vanward_Street
P -2003.342, 997.13, -40.7190,  240, 240, 240,  2,  103_Vanward_Street
P -2193.983, 952.226, -40.7190,  240, 240, 240,  2,  104_Vanward_Street
P -2390.627, 1064.877, -40.7190,  240, 240, 240,  2,  105_Vanward_Street
P -1791.386, 826.75, -40.7190,  240, 240, 240,  2,  102_Vanward_Street
P -1901.722, 449.706, -40.7190,  240, 240, 240,  2,  108_Vanward_Street
P -2202.094, 786.218, -40.7190,  240, 240, 240,  2,  106_Vanward_Street
P -2261.892, 557.512, -40.7190,  240, 240, 240,  2,  107_Vanward_Street
P -2265.631, 349.319, -40.7190,  240, 240, 240,  2,  109_Vanward_Street
P -2264.734, 129.677, -40.7190,  240, 240, 240,  2,  111_Vanward_Street
P -2161.891, -49.284, -40.7190,  240, 240, 240,  2,  113_Vanward_Street
P -2208.266, 244.204, -40.7190,  240, 240, 240,  2,  112_Vanward_Street
P -2201.13, 452.425, -40.6240,  240, 240, 240,  2,  110_Vanward_Street
P -1929.402, 225.965, -40.7190,  240, 240, 240,  2,  114_Vanward_Street
P -1743.71, 185.382, -40.7190,  240, 240, 240,  2,  116_Vanward_Street
P -1467.56, 205.641, 59.2807,  240, 240, 240,  2,  101_Vanward_Heights
P -1925.411, -1244.184, 59.2839,  0, 127, 0,  2,  101_Park_Circle
P -2102.364, -1184.711, 59.2807,  0, 127, 0,  2,  102_Park_Circle
P -2269.007, -1173.625, 59.2807,  0, 127, 0,  2,  103_Park_Circle
P -2251.034, -1361.149, 59.2807,  0, 127, 0,  2,  104_Park_Circle
P -2140.664, -1504.605, 59.2781,  0, 127, 0,  2,  105_Park_Circle
P -1963.296, -1542.554, 59.2807,  0, 127, 0,  2,  106_Park_Circle
P -1764.217, -1535.351, 59.2807,  0, 127, 0,  2,  107_Park_Circle
P -1571.146, -1533.291, 59.2807,  0, 127, 0,  2,  108_Park_Circle
P -2056.158, -2520.81, 31.2807,  127, 0, 0,  2,  105_Guild_Way
P -1913.516, -2703.696, 31.2807,  127, 0, 0,  2,  104_Guild_Way
P -2200.005, -2905.385, 31.2807,  127, 0, 0,  2,  101_Guild_Way
P -1935.849, -2894.673, 31.2807,  127, 0, 0,  2,  102_Guild_Way
P -1710.023, -2847.59, 31.2807,  127, 0, 0,  2,  103_Guild_Way
P -444.391, -2876.67, -70.7189,  0, 240, 240,  2,  101_Terminus_Street
P -222.489, -2876.798, -70.6149,  0, 240, 240,  2,  102_Terminus_Street
P 11.1, -2877.116, -70.9314,  0, 240, 240,  2,  103_Terminus_Street
P 298.723, -2886.131, -100.7190,  0, 240, 240,  2,  104_Terminus_Street
P 500.684, -3097.844, -1.7192,  0, 240, 240,  2,  101_Terminus_Heights
P 289.726, -2806.129, -100.7190,  0, 240, 240,  2,  105_Terminus_Street
P 93.114, -2479.454, -101.6363,  0, 240, 240,  2,  107_Terminus_Street
P 23.666, -1343.898, 64.2807,  255, 0, 255,  2,  Betwixt_Avenue
P -80.138, -1321.626, 64.2807,  255, 0, 255,  2,  104_Betwixt_Avenue
P 43.657, -962.22, 64.2807,  255, 0, 255,  2,  102_Betwixt_Avenue
P 389.829, -782.358, 91.2807,  255, 0, 255,  2,  107_Betwixt_Avenue
P 394.798, -1040.73, 91.2807,  255, 0, 255,  2,  106_Betwixt_Avenue
P 390.969, -1300.819, 91.2807,  255, 0, 255,  2,  105_Betwixt_Avenue
P -208.127, -853.791, 44.2807,  255, 0, 255,  2,  101_Betwixt_Avenue

L -212.448, 716.774, 72.4430, -195.593, 700.334, 72.4430,  240, 240, 0
L -247.689, 652.66, 72.4410, -212.448, 716.774, 72.4430,  240, 240, 0
L -280.547, 721.942, 72.4420, -247.689, 652.66, 72.4410,  240, 240, 0
L -290.048, 708.183, 72.4430, -280.547, 721.942, 72.4420,  240, 240, 0
L -248.245, 619.192, 72.4390, -290.048, 708.183, 72.4430,  240, 240, 0
L -195.593, 700.334, 72.4420, -248.245, 619.209, 72.4420,  240, 240, 0
L -167.127, 913.795, 72.4430, -88.58, 913.514, 72.4430,  240, 240, 0
L -135.026, 849.148, 72.4420, -88.58, 913.514, 72.4410,  240, 240, 0
L -107.985, 846.289, 72.4410, -135.026, 849.148, 72.4420,  240, 240, 0
L -58.601, 926.576, 72.4410, -107.993, 846.289, 72.4420,  240, 240, 0
L -156.35, 932.118, 72.4430, -58.602, 926.585, 72.4430,  240, 240, 0
L -167.127, 913.795, 72.4410, -156.35, 932.118, 72.4430,  240, 240, 0
L -362.917, 849.113, 72.4390, -406.288, 930.685, 72.4420,  240, 240, 0
L -342.535, 852.339, 72.4430, -362.917, 849.113, 72.4390,  240, 240, 0
L -380.4, 913.884, 72.4420, -342.535, 852.339, 72.4430,  240, 240, 0
L -306.528, 906.969, 72.4430, -380.4, 913.884, 72.4420,  240, 240, 0
L -314.132, 928.371, 72.4410, -306.528, 906.969, 72.4430,  240, 240, 0
L -406.288, 930.685, 72.4430, -314.132, 928.371, 72.4410,  240, 240, 0
L 359.826, -939.688, 141.4316, 409.838, -989.429, 141.4267,  255, 0, 255
L 349.623, -954.217, 141.4333, 359.826, -939.688, 141.4316,  255, 0, 255
L 409.838, -989.429, 141.4320, 349.623, -954.217, 141.4333,  255, 0, 255
L 251.688, -1124.163, 141.4287, 310.88, -1157.923, 141.4314,  255, 0, 255
L 301.889, -1170.64, 141.4301, 251.688, -1124.163, 141.4287,  255, 0, 255
L 310.88, -1157.923, 141.4264, 301.889, -1170.64, 141.4301,  255, 0, 255
L 237.042, -991.2, 141.4339, 136.777, -1075.847, 141.4210,  255, 0, 255
L 353.781, -1046.839, 141.4319, 237.042, -991.2, 141.4339,  255, 0, 255
L 260.772, -1053.944, 144.7315, 353.781, -1046.839, 141.4319,  255, 0, 255
L 432.253, -1181.582, 141.4283, 260.772, -1053.944, 144.7315,  255, 0, 255
L 525.629, -1024.446, 143.1924, 432.253, -1181.582, 141.4283,  255, 0, 255
L 422.518, -1115.452, 141.4302, 525.629, -1024.446, 143.1924,  255, 0, 255
L 320.223, -1070.937, 141.4299, 422.518, -1115.452, 141.4302,  255, 0, 255
L 407.814, -1063.438, 141.4338, 320.223, -1070.937, 141.4299,  255, 0, 255
L 228.837, -926.639, 141.4327, 407.814, -1063.438, 141.4338,  255, 0, 255
L 136.777, -1075.847, 141.4341, 228.837, -926.639, 141.4327,  255, 0, 255
L 239.044, -2971.53, -43.6433, 234.494, -2969.773, -43.6415,  0, 240, 240
L 244.26, -2973.122, -43.6480, 239.044, -2971.53, -43.6433,  0, 240, 240
L 246.079, -2972.296, -43.6415, 244.26, -2973.122, -43.6480,  0, 240, 240
L 249.199, -2970.31, -43.6379, 246.079, -2972.296, -43.6415,  0, 240, 240
L 251.529, -2968.44, -43.6400, 249.199, -2970.31, -43.6379,  0, 240, 240
L 253.729, -2966.294, -43.6398, 251.529, -2968.44, -43.6400,  0, 240, 240
L 255, -2964.801, -43.6398, 253.729, -2966.294, -43.6398,  0, 240, 240
L 257.971, -2961.379, -43.6398, 255, -2964.801, -43.6398,  0, 240, 240
L 259.236, -2957.596, -43.6396, 257.971, -2961.379, -43.6398,  0, 240, 240
L 260.708, -2953.393, -43.6409, 259.236, -2957.596, -43.6396,  0, 240, 240
L 260.942, -2952.488, -43.6409, 260.708, -2953.393, -43.6409,  0, 240, 240
L 261.233, -2942.242, -43.6407, 260.942, -2952.488, -43.6409,  0, 240, 240
L 259.141, -2924.394, -43.6482, 261.233, -2942.242, -43.6407,  0, 240, 240
L 256.119, -2928.944, -43.6392, 259.141, -2924.394, -43.6482,  0, 240, 240
L 255.998, -2929.909, -43.6240, 256.119, -2928.944, -43.6392,  0, 240, 240
L 253.609, -2931.763, -43.6392, 255.998, -2929.909, -43.6240,  0, 240, 240
L 250.995, -2933.985, -43.6364, 253.609, -2931.763, -43.6392,  0, 240, 240
L 248.709, -2935.545, -43.6396, 250.995, -2933.985, -43.6364,  0, 240, 240
L 243.587, -2938.371, -43.6400, 248.709, -2935.545, -43.6396,  0, 240, 240
L 240.608, -2939.678, -43.6349, 243.587, -2938.371, -43.6400,  0, 240, 240
L 236.855, -2940.835, -43.6387, 240.608, -2939.678, -43.6349,  0, 240, 240
L 228.759, -2942.258, -43.6403, 236.855, -2940.835, -43.6387,  0, 240, 240
L 221.764, -2942.731, -43.6377, 228.759, -2942.258, -43.6403,  0, 240, 240
L 216.001, -2942.548, -43.6394, 221.764, -2942.731, -43.6377,  0, 240, 240
L 209.853, -2942.543, -43.6394, 216.001, -2942.548, -43.6394,  0, 240, 240
L 205.025, -2941.304, -43.6388, 209.853, -2942.543, -43.6394,  0, 240, 240
L 200.98, -2940.67, -43.6390, 205.025, -2941.304, -43.6388,  0, 240, 240
L 192.964, -2938.577, -43.6400, 200.98, -2940.67, -43.6390,  0, 240, 240
L 184.095, -2935.961, -43.6407, 192.964, -2938.577, -43.6400,  0, 240, 240
L 176.737, -2933.802, -43.6405, 184.095, -2935.961, -43.6407,  0, 240, 240
L 158.905, -2926.747, -43.6398, 176.737, -2933.802, -43.6405,  0, 240, 240
L 116.885, -2908.383, -43.6398, 158.905, -2926.747, -43.6398,  0, 240, 240
L 57.829, -2876.837, -43.6396, 116.885, -2908.383, -43.6398,  0, 240, 240
L 47.263, -2872.402, -43.6390, 57.829, -2876.837, -43.6396,  0, 240, 240
L 40.475, -2870.163, -43.6394, 47.263, -2872.402, -43.6390,  0, 240, 240
L 31.05, -2868.866, -43.6377, 40.475, -2870.163, -43.6394,  0, 240, 240
L 21.645, -2867.204, -43.6396, 31.05, -2868.866, -43.6377,  0, 240, 240
L 18.138, -2867.494, -43.6381, 21.645, -2867.204, -43.6396,  0, 240, 240
L 14.688, -2868.198, -43.6385, 18.138, -2867.494, -43.6381,  0, 240, 240
L 11.46, -2869.237, -43.6377, 14.688, -2868.198, -43.6385,  0, 240, 240
L 6.964, -2871.205, -43.6377, 11.46, -2869.237, -43.6377,  0, 240, 240
L 3.813, -2872.969, -43.6377, 6.964, -2871.205, -43.6377,  0, 240, 240
L 0.81, -2875.127, -43.6385, 3.813, -2872.969, -43.6377,  0, 240, 240
L -1.786, -2877.506, -43.6400, 0.81, -2875.127, -43.6385,  0, 240, 240
L -3.98, -2880.25, -43.6383, -1.786, -2877.506, -43.6400,  0, 240, 240
L -6.023, -2883.565, -43.6375, -3.98, -2880.25, -43.6383,  0, 240, 240
L -7.6, -2886.556, -43.6379, -6.023, -2883.565, -43.6375,  0, 240, 240
L -8.963, -2889.544, -43.6387, -7.6, -2886.556, -43.6379,  0, 240, 240
L -9.811, -2892.783, -43.6390, -8.963, -2889.544, -43.6387,  0, 240, 240
L -10.383, -2896.176, -43.6381, -9.811, -2892.783, -43.6390,  0, 240, 240
L -10.861, -2900.666, -43.6388, -10.383, -2896.176, -43.6381,  0, 240, 240
L -11.354, -2917.444, -43.6394, -10.861, -2900.666, -43.6388,  0, 240, 240
L -10.315, -2918.58, -43.6420, -11.354, -2917.444, -43.6394,  0, 240, 240
L -9.153, -2917.518, -43.6473, -10.315, -2918.58, -43.6420,  0, 240, 240
L -1.927, -2910.828, -43.6375, -9.153, -2917.518, -43.6473,  0, 240, 240
L 2.776, -2907.203, -43.6375, -1.927, -2910.828, -43.6375,  0, 240, 240
L 5.588, -2905.393, -43.6388, 2.776, -2907.203, -43.6375,  0, 240, 240
L 15.472, -2900.5, -43.6426, 5.588, -2905.393, -43.6388,  0, 240, 240
L 20.193, -2897.945, -43.6450, 15.472, -2900.5, -43.6426,  0, 240, 240
L 24.653, -2897.268, -43.6398, 20.193, -2897.945, -43.6450,  0, 240, 240
L 27.461, -2897.117, -43.6381, 24.653, -2897.268, -43.6398,  0, 240, 240
L 34.388, -2897.311, -43.6385, 27.461, -2897.117, -43.6381,  0, 240, 240
L 40.224, -2897.769, -43.6387, 34.388, -2897.311, -43.6385,  0, 240, 240
L 42.573, -2898.812, -43.6390, 40.224, -2897.769, -43.6387,  0, 240, 240
L 49.511, -2899.403, -43.6400, 42.573, -2898.812, -43.6390,  0, 240, 240
L 58.952, -2901.644, -43.6400, 49.511, -2899.403, -43.6400,  0, 240, 240
L 76.673, -2906.843, -43.6394, 58.952, -2901.644, -43.6400,  0, 240, 240
L 86.219, -2909.905, -43.6405, 76.673, -2906.843, -43.6394,  0, 240, 240
L 102.373, -2916.86, -43.6394, 86.219, -2909.905, -43.6405,  0, 240, 240
L 119.105, -2924.246, -43.6370, 102.373, -2916.86, -43.6394,  0, 240, 240
L 161.211, -2945.794, -43.6390, 119.105, -2924.246, -43.6370,  0, 240, 240
L 178.799, -2954.109, -43.6347, 161.211, -2945.794, -43.6390,  0, 240, 240
L 189.842, -2958.672, -43.6398, 178.799, -2954.109, -43.6347,  0, 240, 240
L 198.536, -2961.715, -43.6400, 189.842, -2958.672, -43.6398,  0, 240, 240
L 206.721, -2964.155, -43.6398, 198.536, -2961.715, -43.6400,  0, 240, 240
L 211.37, -2965.287, -43.6392, 206.721, -2964.155, -43.6398,  0, 240, 240
L 234.494, -2969.773, -43.6398, 211.37, -2965.287, -43.6392,  0, 240, 240
L 247.473, -3018.886, -43.6482, 245.096, -3005.764, -43.6418,  0, 240, 240
L 249.724, -3024.3, -43.6454, 247.473, -3018.886, -43.6482,  0, 240, 240
L 250.495, -3027.475, -43.6456, 249.724, -3024.3, -43.6454,  0, 240, 240
L 248.95, -3032.118, -43.6443, 250.495, -3027.475, -43.6456,  0, 240, 240
L 247.989, -3033.503, -43.6422, 248.95, -3032.118, -43.6443,  0, 240, 240
L 246.008, -3035.664, -43.6370, 247.989, -3033.503, -43.6422,  0, 240, 240
L 243.546, -3037.792, -43.6377, 246.008, -3035.664, -43.6370,  0, 240, 240
L 242.538, -3038.529, -43.6377, 243.546, -3037.792, -43.6377,  0, 240, 240
L 232.735, -3044.244, -43.6400, 242.538, -3038.529, -43.6377,  0, 240, 240
L 229.642, -3045.637, -43.6379, 232.735, -3044.244, -43.6400,  0, 240, 240
L 225.985, -3047.112, -43.6390, 229.642, -3045.637, -43.6379,  0, 240, 240
L 222.178, -3047.869, -43.6407, 225.985, -3047.112, -43.6390,  0, 240, 240
L 217.657, -3048.282, -43.6405, 222.178, -3047.869, -43.6407,  0, 240, 240
L 210.618, -3047.822, -43.6403, 217.657, -3048.282, -43.6405,  0, 240, 240
L 206.665, -3047.361, -43.6409, 210.618, -3047.822, -43.6403,  0, 240, 240
L 201.503, -3046.546, -43.6388, 206.665, -3047.361, -43.6409,  0, 240, 240
L 196.398, -3045.413, -43.6394, 201.503, -3046.546, -43.6388,  0, 240, 240
L 186.781, -3042.796, -43.6398, 196.398, -3045.413, -43.6394,  0, 240, 240
L 179.826, -3040.494, -43.6353, 186.781, -3042.796, -43.6398,  0, 240, 240
L 171.676, -3037.439, -43.6422, 179.826, -3040.494, -43.6353,  0, 240, 240
L 154.397, -3028.472, -43.6407, 171.676, -3037.439, -43.6422,  0, 240, 240
L 125.758, -3013.884, -43.6411, 154.397, -3028.472, -43.6407,  0, 240, 240
L 117.446, -3008.924, -43.6411, 125.758, -3013.884, -43.6411,  0, 240, 240
L 75.025, -2989.577, -43.6403, 117.446, -3008.924, -43.6411,  0, 240, 240
L 65.896, -2986.398, -43.6373, 75.025, -2989.577, -43.6403,  0, 240, 240
L 57.425, -2983.398, -43.6394, 65.896, -2986.398, -43.6373,  0, 240, 240
L 48.209, -2980.161, -43.6407, 57.425, -2983.398, -43.6394,  0, 240, 240
L 39.47, -2977.887, -43.6403, 48.209, -2980.161, -43.6407,  0, 240, 240
L 29.887, -2975.891, -43.6388, 39.47, -2977.887, -43.6403,  0, 240, 240
L 21.873, -2974.517, -43.6407, 29.887, -2975.891, -43.6388,  0, 240, 240
L 12.153, -2973.378, -43.6428, 21.873, -2974.517, -43.6407,  0, 240, 240
L 5.641, -2974.168, -43.6441, 12.153, -2973.378, -43.6428,  0, 240, 240
L 0.396, -2975.715, -43.6392, 5.641, -2974.168, -43.6441,  0, 240, 240
L -2.618, -2977.597, -43.6403, 0.396, -2975.715, -43.6392,  0, 240, 240
L -6.342, -2979.18, -43.6394, -2.618, -2977.597, -43.6403,  0, 240, 240
L -9.814, -2981.606, -43.6400, -6.342, -2979.18, -43.6394,  0, 240, 240
L -22.361, -2991.325, -43.6415, -9.814, -2981.606, -43.6400,  0, 240, 240
L -23.859, -2992.267, -43.6471, -22.361, -2991.325, -43.6415,  0, 240, 240
L -24.589, -2988.871, -43.6450, -23.859, -2992.267, -43.6471,  0, 240, 240
L -25.455, -2980.994, -43.6418, -24.589, -2988.871, -43.6450,  0, 240, 240
L -25.872, -2967.698, -43.6428, -25.455, -2980.994, -43.6418,  0, 240, 240
L -25.558, -2966.112, -43.6456, -25.872, -2967.698, -43.6428,  0, 240, 240
L -23.882, -2961.517, -43.6450, -25.558, -2966.112, -43.6456,  0, 240, 240
L -21.349, -2957.156, -43.6413, -23.882, -2961.517, -43.6450,  0, 240, 240
L -19.819, -2954.144, -43.6482, -21.349, -2957.156, -43.6413,  0, 240, 240
L -15.766, -2951.442, -43.6396, -19.819, -2954.144, -43.6482,  0, 240, 240
L -11.983, -2949.53, -43.6398, -15.766, -2951.442, -43.6396,  0, 240, 240
L -7.358, -2947.754, -43.6407, -11.983, -2949.53, -43.6398,  0, 240, 240
L -1.954, -2946.373, -43.6390, -7.358, -2947.754, -43.6407,  0, 240, 240
L 7.934, -2945.572, -43.6390, -1.954, -2946.373, -43.6390,  0, 240, 240
L 13.568, -2945.98, -43.6400, 7.934, -2945.572, -43.6390,  0, 240, 240
L 22.011, -2947.517, -43.6396, 13.568, -2945.98, -43.6400,  0, 240, 240
L 31.581, -2950.297, -43.6400, 22.011, -2947.517, -43.6396,  0, 240, 240
L 40.668, -2953.822, -43.6392, 31.581, -2950.297, -43.6400,  0, 240, 240
L 78.262, -2970.142, -43.6396, 40.668, -2953.822, -43.6392,  0, 240, 240
L 133.626, -2998.245, -43.6383, 78.262, -2970.142, -43.6396,  0, 240, 240
L 142.581, -3002.211, -43.6362, 133.626, -2998.245, -43.6383,  0, 240, 240
L 150.159, -3004.908, -43.6390, 142.581, -3002.211, -43.6362,  0, 240, 240
L 166.976, -3010.725, -43.6402, 150.159, -3004.908, -43.6390,  0, 240, 240
L 193.916, -3017.658, -43.6381, 166.976, -3010.725, -43.6402,  0, 240, 240
L 204.07, -3019.544, -43.6409, 193.916, -3017.658, -43.6381,  0, 240, 240
L 212.591, -3020.309, -43.6402, 204.07, -3019.544, -43.6409,  0, 240, 240
L 215.655, -3020.713, -43.6390, 212.591, -3020.309, -43.6402,  0, 240, 240
L 219.237, -3019.334, -43.6379, 215.655, -3020.713, -43.6390,  0, 240, 240
L 223.529, -3017.956, -43.6400, 219.237, -3019.334, -43.6379,  0, 240, 240
L 231.061, -3014.817, -43.6398, 223.529, -3017.956, -43.6400,  0, 240, 240
L 233.767, -3012.9, -43.6398, 231.061, -3014.817, -43.6398,  0, 240, 240
L 245.096, -3005.764, -43.6482, 233.767, -3012.9, -43.6398,  0, 240, 240
L 196.628, -3118.198, -43.6379, 180.971, -3114.806, -43.6375,  0, 240, 240
L 204.725, -3119.406, -43.6441, 196.628, -3118.198, -43.6379,  0, 240, 240
L 209.643, -3119.246, -43.6482, 204.725, -3119.406, -43.6441,  0, 240, 240
L 212.947, -3117.981, -43.6415, 209.643, -3119.246, -43.6482,  0, 240, 240
L 221.376, -3113.803, -43.6482, 212.947, -3117.981, -43.6415,  0, 240, 240
L 223.96, -3111.465, -43.6390, 221.376, -3113.803, -43.6482,  0, 240, 240
L 227.816, -3107.19, -43.6413, 223.96, -3111.465, -43.6390,  0, 240, 240
L 230.964, -3103.971, -43.6482, 227.816, -3107.19, -43.6413,  0, 240, 240
L 231.585, -3100.717, -43.6403, 230.964, -3103.971, -43.6482,  0, 240, 240
L 232.079, -3098.868, -43.6396, 231.585, -3100.717, -43.6403,  0, 240, 240
L 232.564, -3095.604, -43.6409, 232.079, -3098.868, -43.6396,  0, 240, 240
L 233.038, -3075.173, -43.6424, 232.564, -3095.604, -43.6409,  0, 240, 240
L 232.774, -3073.57, -43.6424, 233.038, -3075.173, -43.6424,  0, 240, 240
L 227.934, -3078.479, -43.6370, 232.774, -3073.57, -43.6424,  0, 240, 240
L 223.562, -3082.629, -43.6394, 227.934, -3078.479, -43.6370,  0, 240, 240
L 220.869, -3084.689, -43.6396, 223.562, -3082.629, -43.6394,  0, 240, 240
L 218.075, -3086.442, -43.6385, 220.869, -3084.689, -43.6396,  0, 240, 240
L 214.855, -3087.976, -43.6390, 218.075, -3086.442, -43.6385,  0, 240, 240
L 213.813, -3088.376, -43.6390, 214.855, -3087.976, -43.6390,  0, 240, 240
L 208.675, -3089.893, -43.6388, 213.813, -3088.376, -43.6390,  0, 240, 240
L 203.216, -3090.831, -43.6394, 208.675, -3089.893, -43.6388,  0, 240, 240
L 189.259, -3091.597, -43.6398, 203.216, -3090.831, -43.6394,  0, 240, 240
L 185.958, -3091.414, -43.6417, 189.259, -3091.597, -43.6398,  0, 240, 240
L 182.802, -3091.761, -43.6417, 185.958, -3091.414, -43.6417,  0, 240, 240
L 173.72, -3089.567, -43.6398, 182.802, -3091.761, -43.6417,  0, 240, 240
L 169.038, -3088.593, -43.6392, 173.72, -3089.567, -43.6398,  0, 240, 240
L 161.211, -3086.551, -43.6409, 169.038, -3088.593, -43.6392,  0, 240, 240
L 151.99, -3083.691, -43.6400, 161.211, -3086.551, -43.6409,  0, 240, 240
L 124.764, -3073.684, -43.6409, 151.99, -3083.691, -43.6400,  0, 240, 240
L 107.482, -3066.587, -43.6407, 124.764, -3073.684, -43.6409,  0, 240, 240
L 81.754, -3054.595, -43.6411, 107.482, -3066.587, -43.6407,  0, 240, 240
L 20.057, -3023.456, -43.6388, 81.754, -3054.595, -43.6411,  0, 240, 240
L 13.862, -3020.685, -43.6400, 20.057, -3023.456, -43.6388,  0, 240, 240
L 8.648, -3019.109, -43.6390, 13.862, -3020.685, -43.6400,  0, 240, 240
L 2.247, -3017.877, -43.6396, 8.648, -3019.109, -43.6390,  0, 240, 240
L -4.254, -3017.46, -43.6387, 2.247, -3017.877, -43.6396,  0, 240, 240
L -7.779, -3017.545, -43.6385, -4.254, -3017.46, -43.6387,  0, 240, 240
L -11.059, -3017.885, -43.6381, -7.779, -3017.545, -43.6385,  0, 240, 240
L -14.077, -3018.69, -43.6345, -11.059, -3017.885, -43.6381,  0, 240, 240
L -18.304, -3019.931, -43.6394, -14.077, -3018.69, -43.6345,  0, 240, 240
L -24.772, -3022.85, -43.6390, -18.304, -3019.931, -43.6394,  0, 240, 240
L -28.383, -3024.922, -43.6366, -24.772, -3022.85, -43.6390,  0, 240, 240
L -31.992, -3027.402, -43.6411, -28.383, -3024.922, -43.6366,  0, 240, 240
L -34.509, -3029.452, -43.6450, -31.992, -3027.402, -43.6411,  0, 240, 240
L -35.354, -3030.73, -43.6428, -34.509, -3029.452, -43.6450,  0, 240, 240
L -36.234, -3032.316, -43.6242, -35.354, -3030.73, -43.6428,  0, 240, 240
L -37.282, -3034.619, -43.6392, -36.234, -3032.316, -43.6242,  0, 240, 240
L -38.305, -3037.896, -43.6381, -37.282, -3034.619, -43.6392,  0, 240, 240
L -38.783, -3040.166, -43.6390, -38.305, -3037.896, -43.6381,  0, 240, 240
L -39.189, -3050.418, -43.6392, -38.783, -3040.166, -43.6390,  0, 240, 240
L -38.02, -3066.375, -43.6482, -39.189, -3050.418, -43.6392,  0, 240, 240
L -29.349, -3058.608, -43.6394, -38.02, -3066.375, -43.6482,  0, 240, 240
L -25.277, -3055.477, -43.6394, -29.349, -3058.608, -43.6394,  0, 240, 240
L -18.893, -3051.281, -43.6387, -25.277, -3055.477, -43.6394,  0, 240, 240
L -13.498, -3048.482, -43.6379, -18.893, -3051.281, -43.6387,  0, 240, 240
L -10.592, -3047.175, -43.6388, -13.498, -3048.482, -43.6379,  0, 240, 240
L -7.328, -3046.283, -43.6379, -10.592, -3047.175, -43.6388,  0, 240, 240
L -6.142, -3046.729, -43.6405, -7.328, -3046.283, -43.6379,  0, 240, 240
L 2.058, -3045.6, -43.6396, -6.142, -3046.729, -43.6405,  0, 240, 240
L 4.994, -3045.632, -43.6396, 2.058, -3045.6, -43.6396,  0, 240, 240
L 14.989, -3046.408, -43.6394, 4.994, -3045.632, -43.6396,  0, 240, 240
L 20.845, -3047.345, -43.6396, 14.989, -3046.408, -43.6394,  0, 240, 240
L 28.08, -3049.974, -43.6394, 20.845, -3047.345, -43.6396,  0, 240, 240
L 35.575, -3051.18, -43.6385, 28.08, -3049.974, -43.6394,  0, 240, 240
L 44.849, -3054.698, -43.6392, 35.575, -3051.18, -43.6385,  0, 240, 240
L 53.013, -3057.262, -43.6375, 44.849, -3054.698, -43.6392,  0, 240, 240
L 62.123, -3060.983, -43.6390, 53.013, -3057.262, -43.6375,  0, 240, 240
L 70.628, -3064.751, -43.6390, 62.123, -3060.983, -43.6390,  0, 240, 240
L 104.6, -3081.421, -43.6413, 70.628, -3064.751, -43.6390,  0, 240, 240
L 162.12, -3107.598, -43.6385, 104.6, -3081.421, -43.6413,  0, 240, 240
L 170.777, -3111.119, -43.6398, 162.12, -3107.598, -43.6385,  0, 240, 240
L 180.971, -3114.806, -43.6392, 170.777, -3111.119, -43.6398,  0, 240, 240
L -2130.514, -2684.925, 45.8023, -2028.933, -2726.968, 45.8018,  127, 0, 0
L -2136.876, -2675.663, 45.8023, -2130.514, -2684.925, 45.8023,  127, 0, 0
L -1989.592, -2563.41, 45.8031, -2136.876, -2675.663, 45.8023,  127, 0, 0
L -2051.153, -2558.128, 45.8034, -1989.592, -2563.41, 45.8031,  127, 0, 0
L -2123.22, -2646.534, 45.8040, -2051.153, -2558.128, 45.8034,  127, 0, 0
L -2134.979, -2652.282, 45.8042, -2123.22, -2646.534, 45.8040,  127, 0, 0
L -2206.122, -2475.161, 45.8049, -2134.979, -2652.282, 45.8042,  127, 0, 0
L -2221.287, -2532.69, 45.8051, -2206.122, -2475.161, 45.8049,  127, 0, 0
L -2158.849, -2639.95, 45.8057, -2221.287, -2532.69, 45.8051,  127, 0, 0
L -2169.056, -2643.605, 45.8059, -2158.849, -2639.95, 45.8057,  127, 0, 0
L -2346.032, -2652.478, 45.8066, -2169.056, -2643.605, 45.8059,  127, 0, 0
L -2303.558, -2686.255, 45.8070, -2346.032, -2652.478, 45.8066,  127, 0, 0
L -2179.963, -2658.784, 45.8076, -2303.558, -2686.255, 45.8070,  127, 0, 0
L -2175.714, -2671.689, 45.8076, -2179.963, -2658.784, 45.8076,  127, 0, 0
L -2230.048, -2853.988, 45.8085, -2175.714, -2671.689, 45.8076,  127, 0, 0
L -2178.52, -2817.362, 45.8089, -2230.048, -2853.988, 45.8085,  127, 0, 0
L -2169.1, -2692.468, 45.8096, -2178.52, -2817.362, 45.8089,  127, 0, 0
L -2163.099, -2685.158, 45.8096, -2169.1, -2692.468, 45.8096,  127, 0, 0
L -2150.858, -2686.221, 45.8098, -2163.099, -2685.158, 45.8096,  127, 0, 0
L -2006.636, -2791.732, 45.8106, -2150.858, -2686.221, 45.8098,  127, 0, 0
L -2028.933, -2726.968, 45.8109, -2006.636, -2791.732, 45.8106,  127, 0, 0
L -1705.24, -1607.399, 73.8136, -1649.352, -1607.399, 73.8138,  0, 240, 0
L -1649.352, -1607.399, 73.8134, -1649.513, -1585.25, 73.8132,  0, 240, 0
L -1703.133, -1632.361, 73.8247, -1705.24, -1607.399, 73.8132,  0, 240, 0
L -1702.727, -1659.15, 73.8238, -1703.133, -1632.361, 73.8247,  0, 240, 0
L -1704.178, -1666.989, 73.8238, -1702.727, -1659.15, 73.8238,  0, 240, 0
L -1706.927, -1678.454, 73.8242, -1704.178, -1666.989, 73.8238,  0, 240, 0
L -1711.04, -1690.362, 73.8218, -1706.927, -1678.454, 73.8242,  0, 240, 0
L -1722.253, -1716.111, 73.8229, -1711.04, -1690.362, 73.8218,  0, 240, 0
L -1724.687, -1720.434, 73.8222, -1722.253, -1716.111, 73.8229,  0, 240, 0
L -1728.894, -1726.875, 73.8233, -1724.687, -1720.434, 73.8222,  0, 240, 0
L -1745.69, -1749.782, 73.8241, -1728.894, -1726.875, 73.8233,  0, 240, 0
L -1755.612, -1765.962, 73.8263, -1745.69, -1749.782, 73.8241,  0, 240, 0
L -1763.097, -1778.789, 73.8226, -1755.612, -1765.962, 73.8263,  0, 240, 0
L -1768.111, -1790.354, 73.8229, -1763.097, -1778.789, 73.8226,  0, 240, 0
L -1770.158, -1797.111, 73.8243, -1768.111, -1790.354, 73.8229,  0, 240, 0
L -1772.02, -1806.523, 73.8241, -1770.158, -1797.111, 73.8243,  0, 240, 0
L -1773.049, -1814.76, 73.8204, -1772.02, -1806.523, 73.8241,  0, 240, 0
L -1774.303, -1816.2, 73.8165, -1773.049, -1814.76, 73.8204,  0, 240, 0
L -1776.14, -1814.93, 73.8251, -1774.303, -1816.2, 73.8165,  0, 240, 0
L -1777.706, -1812.127, 73.8209, -1776.14, -1814.93, 73.8251,  0, 240, 0
L -1780.178, -1808.901, 73.8212, -1777.706, -1812.127, 73.8209,  0, 240, 0
L -1781.573, -1805.264, 73.8217, -1780.178, -1808.901, 73.8212,  0, 240, 0
L -1782.616, -1802.376, 73.8252, -1781.573, -1805.264, 73.8217,  0, 240, 0
L -1782.953, -1801.823, 73.8224, -1782.616, -1802.376, 73.8252,  0, 240, 0
L -1783.221, -1789.784, 73.8241, -1782.953, -1801.823, 73.8224,  0, 240, 0
L -1781.892, -1783.449, 73.8216, -1783.221, -1789.784, 73.8241,  0, 240, 0
L -1779.386, -1776.142, 73.8205, -1781.892, -1783.449, 73.8216,  0, 240, 0
L -1774.905, -1766.599, 73.8212, -1779.386, -1776.142, 73.8205,  0, 240, 0
L -1768.864, -1756.154, 73.8209, -1774.905, -1766.599, 73.8212,  0, 240, 0
L -1745.164, -1718.838, 73.8237, -1768.864, -1756.154, 73.8209,  0, 240, 0
L -1740.533, -1709.822, 73.8220, -1745.164, -1718.838, 73.8237,  0, 240, 0
L -1739.265, -1705.143, 73.8217, -1740.533, -1709.822, 73.8220,  0, 240, 0
L -1737.67, -1700.5, 73.8229, -1739.265, -1705.143, 73.8217,  0, 240, 0
L -1737.133, -1697.102, 73.8213, -1737.67, -1700.5, 73.8229,  0, 240, 0
L -1736.684, -1680.397, 73.8252, -1737.133, -1697.102, 73.8213,  0, 240, 0
L -1739.892, -1661.996, 73.8238, -1736.684, -1680.397, 73.8252,  0, 240, 0
L -1743.361, -1652.655, 73.8226, -1739.892, -1661.996, 73.8238,  0, 240, 0
L -1749.493, -1635.98, 73.8232, -1743.361, -1652.655, 73.8226,  0, 240, 0
L -1760.099, -1613.894, 73.8221, -1749.493, -1635.98, 73.8232,  0, 240, 0
L -1763.55, -1608.259, 73.8136, -1760.099, -1613.894, 73.8221,  0, 240, 0
L -1777.429, -1607.765, 73.8217, -1763.55, -1608.259, 73.8136,  0, 240, 0
L -1778.534, -1608.989, 73.8194, -1777.429, -1607.765, 73.8217,  0, 240, 0
L -1773.531, -1640.988, 73.8262, -1778.534, -1608.989, 73.8194,  0, 240, 0
L -1773.144, -1658.543, 73.8228, -1773.531, -1640.988, 73.8262,  0, 240, 0
L -1774.136, -1665.803, 73.8233, -1773.144, -1658.543, 73.8228,  0, 240, 0
L -1775.598, -1676.827, 73.8229, -1774.136, -1665.803, 73.8233,  0, 240, 0
L -1778.841, -1687.939, 73.8252, -1775.598, -1676.827, 73.8229,  0, 240, 0
L -1785.246, -1704.145, 73.8271, -1778.841, -1687.939, 73.8252,  0, 240, 0
L -1796.104, -1724.301, 73.8242, -1785.246, -1704.145, 73.8271,  0, 240, 0
L -1801.66, -1733.961, 73.8242, -1796.104, -1724.301, 73.8242,  0, 240, 0
L -1821.635, -1759.341, 73.8226, -1801.66, -1733.961, 73.8242,  0, 240, 0
L -1827.402, -1769.888, 73.8238, -1821.635, -1759.341, 73.8226,  0, 240, 0
L -1830.943, -1776.654, 73.8229, -1827.402, -1769.888, 73.8238,  0, 240, 0
L -1832.924, -1782.241, 73.8232, -1830.943, -1776.654, 73.8229,  0, 240, 0
L -1838.119, -1797.996, 73.8226, -1832.924, -1782.241, 73.8232,  0, 240, 0
L -1840.36, -1809.7, 73.8243, -1838.119, -1797.996, 73.8226,  0, 240, 0
L -1841.602, -1819.397, 73.8136, -1840.36, -1809.7, 73.8243,  0, 240, 0
L -1845.144, -1815.854, 73.8213, -1841.602, -1819.397, 73.8136,  0, 240, 0
L -1847.039, -1813.493, 73.8221, -1845.144, -1815.854, 73.8213,  0, 240, 0
L -1849.433, -1810.549, 73.8211, -1847.039, -1813.493, 73.8221,  0, 240, 0
L -1850.972, -1805.795, 73.8209, -1849.433, -1810.549, 73.8211,  0, 240, 0
L -1852.6, -1801.12, 73.8207, -1850.972, -1805.795, 73.8209,  0, 240, 0
L -1853.043, -1799.304, 73.8272, -1852.6, -1801.12, 73.8207,  0, 240, 0
L -1853.356, -1789.41, 73.8221, -1853.043, -1799.304, 73.8272,  0, 240, 0
L -1851.662, -1781.508, 73.8215, -1853.356, -1789.41, 73.8221,  0, 240, 0
L -1849.961, -1775.957, 73.8216, -1851.662, -1781.508, 73.8215,  0, 240, 0
L -1847.474, -1769.88, 73.8221, -1849.961, -1775.957, 73.8216,  0, 240, 0
L -1842.936, -1761.93, 73.8235, -1847.474, -1769.88, 73.8221,  0, 240, 0
L -1834.484, -1746.644, 73.8229, -1842.936, -1761.93, 73.8235,  0, 240, 0
L -1832.581, -1743.83, 73.8212, -1834.484, -1746.644, 73.8229,  0, 240, 0
L -1819.214, -1725.928, 73.8222, -1832.581, -1743.83, 73.8212,  0, 240, 0
L -1815.949, -1720.8, 73.8243, -1819.214, -1725.928, 73.8222,  0, 240, 0
L -1811.532, -1710.408, 73.8237, -1815.949, -1720.8, 73.8243,  0, 240, 0
L -1808.677, -1701.803, 73.8234, -1811.532, -1710.408, 73.8237,  0, 240, 0
L -1807.437, -1695.954, 73.8226, -1808.677, -1701.803, 73.8234,  0, 240, 0
L -1807.007, -1685.428, 73.8226, -1807.437, -1695.954, 73.8226,  0, 240, 0
L -1807.598, -1675.257, 73.8255, -1807.007, -1685.428, 73.8226,  0, 240, 0
L -1808.267, -1670.435, 73.8239, -1807.598, -1675.257, 73.8255,  0, 240, 0
L -1812.325, -1657.12, 73.8256, -1808.267, -1670.435, 73.8239,  0, 240, 0
L -1828.573, -1614.902, 73.8230, -1812.325, -1657.12, 73.8256,  0, 240, 0
L -1832.954, -1605.478, 73.8135, -1828.573, -1614.902, 73.8230,  0, 240, 0
L -1846.263, -1604.581, 73.8174, -1832.954, -1605.478, 73.8135,  0, 240, 0
L -1846.426, -1606.588, 73.8255, -1846.263, -1604.581, 73.8174,  0, 240, 0
L -1842.153, -1637.92, 73.8237, -1846.426, -1606.588, 73.8255,  0, 240, 0
L -1842.154, -1657.659, 73.8221, -1842.153, -1637.92, 73.8237,  0, 240, 0
L -1845.04, -1675.869, 73.8256, -1842.154, -1657.659, 73.8221,  0, 240, 0
L -1849.445, -1690.979, 73.8243, -1845.04, -1675.869, 73.8256,  0, 240, 0
L -1854.544, -1703.437, 73.8242, -1849.445, -1690.979, 73.8243,  0, 240, 0
L -1857.197, -1708.907, 73.8238, -1854.544, -1703.437, 73.8242,  0, 240, 0
L -1866.03, -1723.209, 73.8232, -1857.197, -1708.907, 73.8238,  0, 240, 0
L -1885.034, -1748.939, 73.8237, -1866.03, -1723.209, 73.8232,  0, 240, 0
L -1894.079, -1760.817, 73.8238, -1885.034, -1748.939, 73.8237,  0, 240, 0
L -1899.095, -1769.17, 73.8229, -1894.079, -1760.817, 73.8238,  0, 240, 0
L -1902.926, -1777.644, 73.8265, -1899.095, -1769.17, 73.8229,  0, 240, 0
L -1906.858, -1788.107, 73.8238, -1902.926, -1777.644, 73.8265,  0, 240, 0
L -1909.27, -1796.951, 73.8229, -1906.858, -1788.107, 73.8238,  0, 240, 0
L -1912.569, -1813.686, 73.8226, -1909.27, -1796.951, 73.8229,  0, 240, 0
L -1913.268, -1819.185, 73.8136, -1912.569, -1813.686, 73.8226,  0, 240, 0
L -1916.688, -1816.198, 73.8228, -1913.268, -1819.185, 73.8136,  0, 240, 0
L -1918.129, -1814.56, 73.8216, -1916.688, -1816.198, 73.8228,  0, 240, 0
L -1919.254, -1813.82, 73.8211, -1918.129, -1814.56, 73.8216,  0, 240, 0
L -1921.063, -1809.887, 73.8221, -1919.254, -1813.82, 73.8211,  0, 240, 0
L -1922.239, -1807.951, 73.8198, -1921.063, -1809.887, 73.8221,  0, 240, 0
L -1923.068, -1804.226, 73.8225, -1922.239, -1807.951, 73.8198,  0, 240, 0
L -1923.458, -1802.302, 73.8211, -1923.068, -1804.226, 73.8225,  0, 240, 0
L -1923.88, -1792.37, 73.8208, -1923.458, -1802.302, 73.8211,  0, 240, 0
L -1923.367, -1786.634, 73.8226, -1923.88, -1792.37, 73.8208,  0, 240, 0
L -1922.697, -1783.359, 73.8215, -1923.367, -1786.634, 73.8226,  0, 240, 0
L -1920.176, -1774.607, 73.8215, -1922.697, -1783.359, 73.8215,  0, 240, 0
L -1916.162, -1765.71, 73.8209, -1920.176, -1774.607, 73.8215,  0, 240, 0
L -1914.421, -1760.493, 73.8229, -1916.162, -1765.71, 73.8209,  0, 240, 0
L -1908.016, -1751.149, 73.8207, -1914.421, -1760.493, 73.8229,  0, 240, 0
L -1887.87, -1722.101, 73.8198, -1908.016, -1751.149, 73.8207,  0, 240, 0
L -1884.386, -1715.763, 73.8220, -1887.87, -1722.101, 73.8198,  0, 240, 0
L -1881.428, -1706.905, 73.8224, -1884.386, -1715.763, 73.8220,  0, 240, 0
L -1879.646, -1702.825, 73.8215, -1881.428, -1706.905, 73.8224,  0, 240, 0
L -1879.05, -1699.894, 73.8215, -1879.646, -1702.825, 73.8215,  0, 240, 0
L -1878.563, -1695.859, 73.8225, -1879.05, -1699.894, 73.8215,  0, 240, 0
L -1878.097, -1680.722, 73.8268, -1878.563, -1695.859, 73.8225,  0, 240, 0
L -1879.081, -1671.228, 73.8224, -1878.097, -1680.722, 73.8268,  0, 240, 0
L -1881.211, -1658.279, 73.8235, -1879.081, -1671.228, 73.8224,  0, 240, 0
L -1885.269, -1645.362, 73.8225, -1881.211, -1658.279, 73.8235,  0, 240, 0
L -1890.954, -1631.123, 73.8226, -1885.269, -1645.362, 73.8225,  0, 240, 0
L -1898.649, -1616.954, 73.8217, -1890.954, -1631.123, 73.8226,  0, 240, 0
L -1901.064, -1611.698, 73.8135, -1898.649, -1616.954, 73.8217,  0, 240, 0
L -1904.946, -1610.383, 73.8170, -1901.064, -1611.698, 73.8135,  0, 240, 0
L -1915.049, -1609.869, 73.8169, -1904.946, -1610.383, 73.8170,  0, 240, 0
L -1915.206, -1611.811, 73.8258, -1915.049, -1609.869, 73.8169,  0, 240, 0
L -1914.078, -1629.889, 73.8218, -1915.206, -1611.811, 73.8258,  0, 240, 0
L -1913.608, -1658.29, 73.8232, -1914.078, -1629.889, 73.8218,  0, 240, 0
L -1917.232, -1674.156, 73.8247, -1913.608, -1658.29, 73.8232,  0, 240, 0
L -1919.096, -1681.865, 73.8229, -1917.232, -1674.156, 73.8247,  0, 240, 0
L -1922.258, -1690.373, 73.8229, -1919.096, -1681.865, 73.8229,  0, 240, 0
L -1929.73, -1706.337, 73.8233, -1922.258, -1690.373, 73.8229,  0, 240, 0
L -1933.136, -1712.226, 73.8238, -1929.73, -1706.337, 73.8233,  0, 240, 0
L -1937.344, -1719.194, 73.8238, -1933.136, -1712.226, 73.8238,  0, 240, 0
L -1942.914, -1727.738, 73.8225, -1937.344, -1719.194, 73.8238,  0, 240, 0
L -1948.85, -1736.195, 73.8207, -1942.914, -1727.738, 73.8225,  0, 240, 0
L -1963.93, -1756.639, 73.8267, -1948.85, -1736.195, 73.8207,  0, 240, 0
L -1969.498, -1765.912, 73.8216, -1963.93, -1756.639, 73.8267,  0, 240, 0
L -1975.007, -1776.751, 73.8225, -1969.498, -1765.912, 73.8216,  0, 240, 0
L -1977.675, -1783.957, 73.8239, -1975.007, -1776.751, 73.8225,  0, 240, 0
L -1979.054, -1789.463, 73.8225, -1977.675, -1783.957, 73.8239,  0, 240, 0
L -1980.874, -1800.356, 73.8220, -1979.054, -1789.463, 73.8225,  0, 240, 0
L -1982.052, -1809.66, 73.8207, -1980.874, -1800.356, 73.8220,  0, 240, 0
L -1983.856, -1819.22, 73.8135, -1982.052, -1809.66, 73.8207,  0, 240, 0
L -1986.697, -1815.213, 73.8196, -1983.856, -1819.22, 73.8135,  0, 240, 0
L -1988.668, -1811.919, 73.8221, -1986.697, -1815.213, 73.8196,  0, 240, 0
L -1991.128, -1806.515, 73.8216, -1988.668, -1811.919, 73.8221,  0, 240, 0
L -1992.641, -1801.986, 73.8230, -1991.128, -1806.515, 73.8216,  0, 240, 0
L -1993.502, -1798.157, 73.8209, -1992.641, -1801.986, 73.8230,  0, 240, 0
L -1993.869, -1789.341, 73.8228, -1993.502, -1798.157, 73.8209,  0, 240, 0
L -1993.139, -1782.505, 73.8221, -1993.869, -1789.341, 73.8228,  0, 240, 0
L -1992.335, -1778.798, 73.8212, -1993.139, -1782.505, 73.8221,  0, 240, 0
L -1990.163, -1772.833, 73.8196, -1992.335, -1778.798, 73.8212,  0, 240, 0
L -1986.46, -1763.172, 73.8212, -1990.163, -1772.833, 73.8196,  0, 240, 0
L -1976.325, -1743.514, 73.8216, -1986.46, -1763.172, 73.8212,  0, 240, 0
L -1972.411, -1737.215, 73.8225, -1976.325, -1743.514, 73.8216,  0, 240, 0
L -1958.135, -1716.881, 73.8256, -1972.411, -1737.215, 73.8225,  0, 240, 0
L -1956.42, -1712.666, 73.8212, -1958.135, -1716.881, 73.8256,  0, 240, 0
L -1953.426, -1706.505, 73.8217, -1956.42, -1712.666, 73.8212,  0, 240, 0
L -1951.888, -1700.299, 73.8225, -1953.426, -1706.505, 73.8217,  0, 240, 0
L -1951.177, -1697.226, 73.8220, -1951.888, -1700.299, 73.8225,  0, 240, 0
L -1950.924, -1693.229, 73.8230, -1951.177, -1697.226, 73.8220,  0, 240, 0
L -1950.282, -1670.596, 73.8208, -1950.924, -1693.229, 73.8230,  0, 240, 0
L -1952.354, -1657.355, 73.8205, -1950.282, -1670.596, 73.8208,  0, 240, 0
L -1955.842, -1645.548, 73.8216, -1952.354, -1657.355, 73.8205,  0, 240, 0
L -1958.835, -1637.448, 73.8217, -1955.842, -1645.548, 73.8216,  0, 240, 0
L -1964.088, -1626.289, 73.8215, -1958.835, -1637.448, 73.8217,  0, 240, 0
L -1975.672, -1605.304, 73.8134, -1964.088, -1626.289, 73.8215,  0, 240, 0
L -2044.476, -1604.516, 73.8136, -1975.672, -1605.304, 73.8134,  0, 240, 0
L -2044.476, -1585.539, 73.8136, -2044.476, -1604.516, 73.8136,  0, 240, 0
L -2044.476, -1585.539, 73.8131, -1649.513, -1585.25, 73.8136,  0, 240, 0
L -2018.287, 582.448, -2.7492, -2016.381, 580.299, -2.7519,  240, 240, 240
L -2019.405, 584.25, -2.7502, -2018.287, 582.448, -2.7492,  240, 240, 240
L -2020.221, 586.111, -2.7498, -2019.405, 584.25, -2.7502,  240, 240, 240
L -2020.553, 587.163, -2.7502, -2020.221, 586.111, -2.7498,  240, 240, 240
L -2021.331, 594.163, -2.7483, -2020.553, 587.163, -2.7502,  240, 240, 240
L -2020.209, 596.292, -2.7498, -2021.331, 594.163, -2.7483,  240, 240, 240
L -2019.332, 598.269, -2.7480, -2020.209, 596.292, -2.7498,  240, 240, 240
L -2018.076, 600.244, -2.7507, -2019.332, 598.269, -2.7480,  240, 240, 240
L -2016.712, 601.807, -2.7482, -2018.076, 600.244, -2.7507,  240, 240, 240
L -2015.297, 603.433, -2.7507, -2016.712, 601.807, -2.7482,  240, 240, 240
L -2013.063, 604.5, -2.7494, -2015.297, 603.433, -2.7507,  240, 240, 240
L -2011.082, 605.368, -2.7509, -2013.063, 604.5, -2.7494,  240, 240, 240
L -2010.114, 605.671, -2.7498, -2011.082, 605.368, -2.7509,  240, 240, 240
L -2005.173, 606.151, -2.7503, -2010.114, 605.671, -2.7498,  240, 240, 240
L -2003.118, 605.88, -2.7488, -2005.173, 606.151, -2.7503,  240, 240, 240
L -2000.957, 605.261, -2.7488, -2003.118, 605.88, -2.7488,  240, 240, 240
L -1999.859, 604.802, -2.7513, -2000.957, 605.261, -2.7488,  240, 240, 240
L -1998.175, 603.85, -2.7374, -1999.859, 604.802, -2.7513,  240, 240, 240
L -1996.338, 602.477, -2.7503, -1998.175, 603.85, -2.7374,  240, 240, 240
L -1994.852, 601.238, -2.7507, -1996.338, 602.477, -2.7503,  240, 240, 240
L -1993.605, 599.417, -2.7496, -1994.852, 601.238, -2.7507,  240, 240, 240
L -1993.02, 598.479, -2.7519, -1993.605, 599.417, -2.7496,  240, 240, 240
L -1992.155, 596.689, -2.7507, -1993.02, 598.479, -2.7519,  240, 240, 240
L -1992.426, 595.735, -2.7515, -1992.155, 596.689, -2.7507,  240, 240, 240
L -1991.373, 588.496, -2.7501, -1992.426, 595.735, -2.7515,  240, 240, 240
L -1991.588, 587.455, -2.7523, -1991.373, 588.496, -2.7501,  240, 240, 240
L -1992.135, 585.678, -2.7519, -1991.588, 587.455, -2.7523,  240, 240, 240
L -1992.966, 583.868, -2.7505, -1992.135, 585.678, -2.7519,  240, 240, 240
L -1993.922, 582.324, -2.7507, -1992.966, 583.868, -2.7505,  240, 240, 240
L -1995.178, 580.778, -2.7536, -1993.922, 582.324, -2.7507,  240, 240, 240
L -1996.595, 579.443, -2.7523, -1995.178, 580.778, -2.7536,  240, 240, 240
L -1998.174, 578.308, -2.7492, -1996.595, 579.443, -2.7523,  240, 240, 240
L -1999.172, 577.735, -2.7511, -1998.174, 578.308, -2.7492,  240, 240, 240
L -2000.912, 576.965, -2.7492, -1999.172, 577.735, -2.7511,  240, 240, 240
L -2002.994, 576.357, -2.7507, -2000.912, 576.965, -2.7492,  240, 240, 240
L -2007.583, 576.358, -2.7509, -2002.994, 576.357, -2.7507,  240, 240, 240
L -2008.926, 576.291, -2.7488, -2007.583, 576.358, -2.7509,  240, 240, 240
L -2011.065, 576.858, -2.7505, -2008.926, 576.291, -2.7488,  240, 240, 240
L -2012.016, 577.222, -2.7523, -2011.065, 576.858, -2.7505,  240, 240, 240
L -2013.715, 578.773, -2.7500, -2012.016, 577.222, -2.7523,  240, 240, 240
L -2015.572, 579.361, -2.7521, -2013.715, 578.773, -2.7500,  240, 240, 240
L -2016.245, 579.935, -2.7519, -2015.572, 579.361, -2.7521,  240, 240, 240
L -2017.626, 581.369, -2.7511, -2016.245, 579.935, -2.7519,  240, 240, 240
L -2019.142, 582.936, -2.7505, -2017.626, 581.369, -2.7511,  240, 240, 240
L -2019.853, 584.963, -2.7496, -2019.142, 582.936, -2.7505,  240, 240, 240
L -2020.54, 586.873, -2.7480, -2019.853, 584.963, -2.7496,  240, 240, 240
L -2020.98, 592.918, -2.7502, -2020.54, 586.873, -2.7480,  240, 240, 240
L -2021.524, 593.967, -2.7517, -2020.98, 592.918, -2.7502,  240, 240, 240
L -2020.32, 595.848, -2.7504, -2021.524, 593.967, -2.7517,  240, 240, 240
L -2019.944, 596.84, -2.7504, -2020.32, 595.848, -2.7504,  240, 240, 240
L -2018.99, 598.734, -2.7509, -2019.944, 596.84, -2.7504,  240, 240, 240
L -2077.033, 580.526, -2.7530, -2075.637, 582.653, -2.7547,  240, 240, 240
L -2078.556, 579.245, -2.7511, -2077.033, 580.526, -2.7530,  240, 240, 240
L -2080.193, 578.195, -2.7498, -2078.556, 579.245, -2.7511,  240, 240, 240
L -2082.675, 577.425, -2.7462, -2080.193, 578.195, -2.7498,  240, 240, 240
L -2083.208, 576.959, -2.7494, -2082.675, 577.425, -2.7462,  240, 240, 240
L -2084.322, 576.684, -2.7501, -2083.208, 576.959, -2.7494,  240, 240, 240
L -2088.723, 576.391, -2.7484, -2084.322, 576.684, -2.7501,  240, 240, 240
L -2090.117, 576.64, -2.7488, -2088.723, 576.391, -2.7484,  240, 240, 240
L -2092.252, 577.206, -2.7507, -2090.117, 576.64, -2.7488,  240, 240, 240
L -2094.437, 578.163, -2.7505, -2092.252, 577.206, -2.7507,  240, 240, 240
L -2096.273, 579.313, -2.7515, -2094.437, 578.163, -2.7505,  240, 240, 240
L -2097.925, 580.715, -2.7505, -2096.273, 579.313, -2.7515,  240, 240, 240
L -2099.199, 582.128, -2.7496, -2097.925, 580.715, -2.7505,  240, 240, 240
L -2100.534, 584.109, -2.7536, -2099.199, 582.128, -2.7496,  240, 240, 240
L -2101.291, 585.659, -2.7492, -2100.534, 584.109, -2.7536,  240, 240, 240
L -2101.957, 587.626, -2.7484, -2101.291, 585.659, -2.7492,  240, 240, 240
L -2102.234, 593.986, -2.7483, -2101.957, 587.626, -2.7484,  240, 240, 240
L -2101.978, 595.198, -2.7511, -2102.234, 593.986, -2.7483,  240, 240, 240
L -2101.373, 597.461, -2.7498, -2101.978, 595.198, -2.7511,  240, 240, 240
L -2100.418, 598.99, -2.7504, -2101.373, 597.461, -2.7498,  240, 240, 240
L -2099.2, 600.781, -2.7507, -2100.418, 598.99, -2.7504,  240, 240, 240
L -2097.892, 602.221, -2.7498, -2099.2, 600.781, -2.7507,  240, 240, 240
L -2097.068, 602.956, -2.7505, -2097.892, 602.221, -2.7498,  240, 240, 240
L -2095.455, 604.115, -2.7446, -2097.068, 602.956, -2.7505,  240, 240, 240
L -2094.067, 604.891, -2.7498, -2095.455, 604.115, -2.7446,  240, 240, 240
L -2092.105, 605.701, -2.7507, -2094.067, 604.891, -2.7498,  240, 240, 240
L -2091.128, 605.99, -2.7517, -2092.105, 605.701, -2.7507,  240, 240, 240
L -2089.262, 606.349, -2.7503, -2091.128, 605.99, -2.7517,  240, 240, 240
L -2088.205, 606.444, -2.7511, -2089.262, 606.349, -2.7503,  240, 240, 240
L -2086.307, 606.411, -2.7496, -2088.205, 606.444, -2.7511,  240, 240, 240
L -2083.954, 606.238, -2.7494, -2086.307, 606.411, -2.7496,  240, 240, 240
L -2082.847, 605.711, -2.7507, -2083.954, 606.238, -2.7494,  240, 240, 240
L -2081.001, 604.975, -2.7492, -2082.847, 605.711, -2.7507,  240, 240, 240
L -2079.161, 603.922, -2.7490, -2081.001, 604.975, -2.7492,  240, 240, 240
L -2077.354, 602.504, -2.7517, -2079.161, 603.922, -2.7490,  240, 240, 240
L -2075.837, 600.898, -2.7524, -2077.354, 602.504, -2.7517,  240, 240, 240
L -2075.299, 600.197, -2.7509, -2075.837, 600.898, -2.7524,  240, 240, 240
L -2074.322, 598.624, -2.7443, -2075.299, 600.197, -2.7509,  240, 240, 240
L -2073.62, 597.15, -2.7500, -2074.322, 598.624, -2.7443,  240, 240, 240
L -2072.95, 595.14, -2.7564, -2073.62, 597.15, -2.7500,  240, 240, 240
L -2072.576, 589.646, -2.7509, -2072.95, 595.14, -2.7564,  240, 240, 240
L -2072.876, 587.855, -2.7515, -2072.576, 589.646, -2.7509,  240, 240, 240
L -2073.378, 586.156, -2.7517, -2072.876, 587.855, -2.7515,  240, 240, 240
L -2074.118, 584.452, -2.7513, -2073.378, 586.156, -2.7517,  240, 240, 240
L -2075.147, 582.749, -2.7490, -2074.118, 584.452, -2.7513,  240, 240, 240
L -2076.416, 581.163, -2.7492, -2075.147, 582.749, -2.7490,  240, 240, 240
L -2077.928, 579.74, -2.7486, -2076.416, 581.163, -2.7492,  240, 240, 240
L -2079.926, 578.361, -2.7530, -2077.928, 579.74, -2.7486,  240, 240, 240
L -2081.927, 577.476, -2.7494, -2079.926, 578.361, -2.7530,  240, 240, 240
L -2083.943, 576.78, -2.7509, -2081.927, 577.476, -2.7494,  240, 240, 240
L -2086.078, 576.439, -2.7509, -2083.943, 576.78, -2.7509,  240, 240, 240
L -2088.194, 576.413, -2.7477, -2086.078, 576.439, -2.7509,  240, 240, 240
L -2089.509, 576.551, -2.7488, -2088.194, 576.413, -2.7477,  240, 240, 240
L -2090.68, 576.776, -2.7500, -2089.509, 576.551, -2.7488,  240, 240, 240
L -2094.165, 578.339, -2.7480, -2090.68, 576.776, -2.7500,  240, 240, 240
L -2129.213, 656.807, -2.7589, -2129.213, 539.767, -2.7589,  240, 240, 240
L -2038.625, 670.431, -2.7526, -2041.327, 669.338, -2.7515,  240, 240, 240
L -2037.086, 671.384, -2.7486, -2038.625, 670.431, -2.7526,  240, 240, 240
L -2035.191, 672.971, -2.7482, -2037.086, 671.384, -2.7486,  240, 240, 240
L -2034.337, 673.868, -2.7522, -2035.191, 672.971, -2.7482,  240, 240, 240
L -2033.213, 675.344, -2.7494, -2034.337, 673.868, -2.7522,  240, 240, 240
L -2032.092, 677.349, -2.7507, -2033.213, 675.344, -2.7494,  240, 240, 240
L -2031.363, 679.246, -2.7502, -2032.092, 677.349, -2.7507,  240, 240, 240
L -2031.08, 680.315, -2.7479, -2031.363, 679.246, -2.7502,  240, 240, 240
L -2031.308, 685.54, -2.7517, -2031.08, 680.315, -2.7479,  240, 240, 240
L -2031.16, 687.395, -2.7500, -2031.308, 685.54, -2.7517,  240, 240, 240
L -2031.485, 688.398, -2.7523, -2031.16, 687.395, -2.7500,  240, 240, 240
L -2031.91, 689.408, -2.7320, -2031.485, 688.398, -2.7523,  240, 240, 240
L -2033.258, 691.879, -2.7507, -2031.91, 689.408, -2.7320,  240, 240, 240
L -2034.488, 693.498, -2.7498, -2033.258, 691.879, -2.7507,  240, 240, 240
L -2036.028, 695.235, -2.7503, -2034.488, 693.498, -2.7498,  240, 240, 240
L -2037.693, 696.27, -2.7502, -2036.028, 695.235, -2.7503,  240, 240, 240
L -2039.434, 697.237, -2.7517, -2037.693, 696.27, -2.7502,  240, 240, 240
L -2041.247, 697.946, -2.7488, -2039.434, 697.237, -2.7517,  240, 240, 240
L -2043.31, 698.453, -2.7524, -2041.247, 697.946, -2.7488,  240, 240, 240
L -2046.444, 698.653, -2.7517, -2043.31, 698.453, -2.7524,  240, 240, 240
L -2047.372, 698.591, -2.7517, -2046.444, 698.653, -2.7517,  240, 240, 240
L -2049.206, 698.293, -2.7507, -2047.372, 698.591, -2.7517,  240, 240, 240
L -2051.111, 697.721, -2.7500, -2049.206, 698.293, -2.7507,  240, 240, 240
L -2052.13, 697.292, -2.7501, -2051.111, 697.721, -2.7500,  240, 240, 240
L -2054.731, 696.36, -2.7479, -2052.13, 697.292, -2.7501,  240, 240, 240
L -2054.92, 695.599, -2.7463, -2054.731, 696.36, -2.7479,  240, 240, 240
L -2056.676, 694.475, -2.7517, -2054.92, 695.599, -2.7463,  240, 240, 240
L -2057.928, 692.559, -2.7490, -2056.676, 694.475, -2.7517,  240, 240, 240
L -2059.149, 690.61, -2.7513, -2057.928, 692.559, -2.7490,  240, 240, 240
L -2059.574, 689.734, -2.7507, -2059.149, 690.61, -2.7513,  240, 240, 240
L -2060.261, 687.866, -2.7509, -2059.574, 689.734, -2.7507,  240, 240, 240
L -2060.606, 680.819, -2.7505, -2060.261, 687.866, -2.7509,  240, 240, 240
L -2059.989, 678.607, -2.7484, -2060.606, 680.819, -2.7505,  240, 240, 240
L -2059.041, 676.462, -2.7505, -2059.989, 678.607, -2.7484,  240, 240, 240
L -2058.066, 674.879, -2.7528, -2059.041, 676.462, -2.7505,  240, 240, 240
L -2056.895, 673.436, -2.7504, -2058.066, 674.879, -2.7528,  240, 240, 240
L -2056.15, 672.679, -2.7503, -2056.895, 673.436, -2.7504,  240, 240, 240
L -2054.618, 671.407, -2.7528, -2056.15, 672.679, -2.7503,  240, 240, 240
L -2052.968, 670.376, -2.7486, -2054.618, 671.407, -2.7528,  240, 240, 240
L -2051.896, 669.847, -2.7517, -2052.968, 670.376, -2.7486,  240, 240, 240
L -2050.068, 669.173, -2.7507, -2051.896, 669.847, -2.7517,  240, 240, 240
L -2048.214, 668.739, -2.7530, -2050.068, 669.173, -2.7507,  240, 240, 240
L -2046.275, 668.543, -2.7534, -2048.214, 668.739, -2.7530,  240, 240, 240
L -2044.459, 668.589, -2.7517, -2046.275, 668.543, -2.7534,  240, 240, 240
L -2042.662, 668.846, -2.7538, -2044.459, 668.589, -2.7517,  240, 240, 240
L -2040.997, 669.299, -2.7530, -2042.662, 668.846, -2.7538,  240, 240, 240
L -2039.16, 670.629, -2.7509, -2040.997, 669.299, -2.7530,  240, 240, 240
L -2037.591, 670.968, -2.7462, -2039.16, 670.629, -2.7509,  240, 240, 240
L -2036.459, 672.348, -2.7488, -2037.591, 670.968, -2.7462,  240, 240, 240
L -2034.301, 673.907, -2.7517, -2036.459, 672.348, -2.7488,  240, 240, 240
L -2033.177, 675.441, -2.7496, -2034.301, 673.907, -2.7517,  240, 240, 240
L -2032.614, 676.393, -2.7517, -2033.177, 675.441, -2.7496,  240, 240, 240
L -2032.433, 678.162, -2.7504, -2032.614, 676.393, -2.7517,  240, 240, 240
L -2031.188, 680.238, -2.7507, -2032.433, 678.162, -2.7504,  240, 240, 240
L -2045.418, 538.918, -2.7589, -2045.418, 657.106, -2.7589,  240, 240, 240
L -2028.578, 509.354, -2.7494, -2029.102, 502.192, -2.7509,  240, 240, 240
L -2029.523, 510.48, -2.7507, -2028.578, 509.354, -2.7494,  240, 240, 240
L -2029.423, 512.374, -2.7528, -2029.523, 510.48, -2.7507,  240, 240, 240
L -2030.249, 514.828, -2.7475, -2029.423, 512.374, -2.7528,  240, 240, 240
L -2031.631, 516.132, -2.7507, -2030.249, 514.828, -2.7475,  240, 240, 240
L -2032.291, 516.904, -2.7509, -2031.631, 516.132, -2.7507,  240, 240, 240
L -2033.633, 518.177, -2.7483, -2032.291, 516.904, -2.7509,  240, 240, 240
L -2034.617, 518.917, -2.7515, -2033.633, 518.177, -2.7483,  240, 240, 240
L -2035.548, 519.5, -2.7383, -2034.617, 518.917, -2.7515,  240, 240, 240
L -2037.511, 520.491, -2.7509, -2035.548, 519.5, -2.7383,  240, 240, 240
L -2039.56, 521.176, -2.7465, -2037.511, 520.491, -2.7509,  240, 240, 240
L -2040.942, 521.466, -2.7511, -2039.56, 521.176, -2.7465,  240, 240, 240
L -2043.183, 521.652, -2.7494, -2040.942, 521.466, -2.7511,  240, 240, 240
L -2045.512, 521.483, -2.7475, -2043.183, 521.652, -2.7494,  240, 240, 240
L -2047.874, 520.927, -2.7465, -2045.512, 521.483, -2.7475,  240, 240, 240
L -2050.123, 520.108, -2.7494, -2047.874, 520.927, -2.7465,  240, 240, 240
L -2052.055, 518.853, -2.7490, -2050.123, 520.108, -2.7494,  240, 240, 240
L -2054.642, 517.389, -2.7509, -2052.055, 518.853, -2.7490,  240, 240, 240
L -2055.274, 515.778, -2.7504, -2054.642, 517.389, -2.7509,  240, 240, 240
L -2056.48, 513.978, -2.7503, -2055.274, 515.778, -2.7504,  240, 240, 240
L -2057.385, 512.107, -2.7507, -2056.48, 513.978, -2.7503,  240, 240, 240
L -2057.73, 511.149, -2.7507, -2057.385, 512.107, -2.7507,  240, 240, 240
L -2058.203, 503.942, -2.7504, -2057.73, 511.149, -2.7507,  240, 240, 240
L -2057.659, 501.847, -2.7505, -2058.203, 503.942, -2.7504,  240, 240, 240
L -2057.425, 499.81, -2.7505, -2057.659, 501.847, -2.7505,  240, 240, 240
L -2055.662, 497.918, -2.7513, -2057.425, 499.81, -2.7505,  240, 240, 240
L -2054.375, 496.344, -2.7511, -2055.662, 497.918, -2.7513,  240, 240, 240
L -2052.879, 494.846, -2.7515, -2054.375, 496.344, -2.7511,  240, 240, 240
L -2051.039, 493.664, -2.7513, -2052.879, 494.846, -2.7515,  240, 240, 240
L -2049.266, 492.761, -2.7503, -2051.039, 493.664, -2.7513,  240, 240, 240
L -2048.275, 492.377, -2.7513, -2049.266, 492.761, -2.7503,  240, 240, 240
L -2046.356, 491.849, -2.7496, -2048.275, 492.377, -2.7513,  240, 240, 240
L -2045.266, 491.663, -2.7515, -2046.356, 491.849, -2.7496,  240, 240, 240
L -2043.413, 491.536, -2.7498, -2045.266, 491.663, -2.7515,  240, 240, 240
L -2041.34, 491.67, -2.7503, -2043.413, 491.536, -2.7498,  240, 240, 240
L -2040.294, 491.851, -2.7513, -2041.34, 491.67, -2.7503,  240, 240, 240
L -2038.38, 492.389, -2.7492, -2040.294, 491.851, -2.7513,  240, 240, 240
L -2037.312, 492.812, -2.7519, -2038.38, 492.389, -2.7492,  240, 240, 240
L -2035.556, 493.738, -2.7503, -2037.312, 492.812, -2.7519,  240, 240, 240
L -2033.604, 495.179, -2.7503, -2035.556, 493.738, -2.7503,  240, 240, 240
L -2032.111, 496.681, -2.7486, -2033.604, 495.179, -2.7503,  240, 240, 240
L -2030.705, 498.608, -2.7507, -2032.111, 496.681, -2.7486,  240, 240, 240
L -2029.629, 500.69, -2.7502, -2030.705, 498.608, -2.7507,  240, 240, 240
L -2029.243, 501.68, -2.7513, -2029.629, 500.69, -2.7502,  240, 240, 240
L -2028.707, 503.599, -2.7511, -2029.243, 501.68, -2.7513,  240, 240, 240
L -2028.401, 507.474, -2.7515, -2028.707, 503.599, -2.7511,  240, 240, 240
L -2028.606, 509.276, -2.7502, -2028.401, 507.474, -2.7515,  240, 240, 240
L -2029.086, 511.208, -2.7505, -2028.606, 509.276, -2.7502,  240, 240, 240
L -2030.422, 513.153, -2.7494, -2029.086, 511.208, -2.7505,  240, 240, 240
L -2030.901, 514.934, -2.7501, -2030.422, 513.153, -2.7494,  240, 240, 240
L -2031.522, 515.795, -2.7526, -2030.901, 514.934, -2.7501,  240, 240, 240
L -2032.846, 517.274, -2.7524, -2031.522, 515.795, -2.7526,  240, 240, 240
L -2034.369, 518.54, -2.7509, -2032.846, 517.274, -2.7524,  240, 240, 240
L -2037.276, 520.195, -2.7509, -2034.369, 518.54, -2.7509,  240, 240, 240
L -1962.039, 658.281, -2.7589, -1962.481, 539.458, -2.7589,  240, 240, 240
L -2281.294, 2463.937, 13.4969, -2286.648, 2457.805, 13.4870,  240, 0, 0
L -2279.329, 2465.92, 13.4939, -2281.294, 2463.937, 13.4969,  240, 0, 0
L -2277.536, 2467.485, 13.4891, -2279.329, 2465.92, 13.4939,  240, 0, 0
L -2276.502, 2468.806, 13.4939, -2277.536, 2467.485, 13.4891,  240, 0, 0
L -2274.716, 2470.127, 13.4885, -2276.502, 2468.806, 13.4939,  240, 0, 0
L -2272.039, 2471.158, 13.4929, -2274.716, 2470.127, 13.4885,  240, 0, 0
L -2269.906, 2472.208, 13.4911, -2272.039, 2471.158, 13.4929,  240, 0, 0
L -2267.901, 2473.381, 13.4899, -2269.906, 2472.208, 13.4911,  240, 0, 0
L -2265.855, 2473.764, 13.4959, -2267.901, 2473.381, 13.4899,  240, 0, 0
L -2263.246, 2474.412, 13.4905, -2265.855, 2473.764, 13.4959,  240, 0, 0
L -2253.499, 2475.204, 13.4920, -2263.246, 2474.412, 13.4905,  240, 0, 0
L -2251.138, 2474.976, 13.4945, -2253.499, 2475.204, 13.4920,  240, 0, 0
L -2248.596, 2474.541, 13.4939, -2251.138, 2474.976, 13.4945,  240, 0, 0
L -2246.293, 2473.971, 13.4902, -2248.596, 2474.541, 13.4939,  240, 0, 0
L -2243.843, 2473.17, 13.5074, -2246.293, 2473.971, 13.4902,  240, 0, 0
L -2240.414, 2471.738, 13.4946, -2243.843, 2473.17, 13.5074,  240, 0, 0
L -2238.212, 2470.593, 13.4902, -2240.414, 2471.738, 13.4946,  240, 0, 0
L -2236.356, 2469.465, 13.4916, -2238.212, 2470.593, 13.4902,  240, 0, 0
L -2234.493, 2468.162, 13.4915, -2236.356, 2469.465, 13.4916,  240, 0, 0
L -2232.719, 2466.742, 13.4923, -2234.493, 2468.162, 13.4915,  240, 0, 0
L -2230.968, 2465.137, 13.4931, -2232.719, 2466.742, 13.4923,  240, 0, 0
L -2229.334, 2463.413, 13.4911, -2230.968, 2465.137, 13.4931,  240, 0, 0
L -2228.606, 2461.583, 13.4959, -2229.334, 2463.413, 13.4911,  240, 0, 0
L -2226.327, 2459.479, 13.4902, -2228.606, 2461.583, 13.4959,  240, 0, 0
L -2225.148, 2457.54, 13.4953, -2226.327, 2459.479, 13.4902,  240, 0, 0
L -2223.967, 2455.249, 13.4931, -2225.148, 2457.54, 13.4953,  240, 0, 0
L -2222.923, 2452.779, 13.5023, -2223.967, 2455.249, 13.4931,  240, 0, 0
L -2221.909, 2449.745, 13.4917, -2222.923, 2452.779, 13.5023,  240, 0, 0
L -2221.338, 2447.44, 13.4944, -2221.909, 2449.745, 13.4917,  240, 0, 0
L -2220.907, 2445.1, 13.4909, -2221.338, 2447.44, 13.4944,  240, 0, 0
L -2220.725, 2437.173, 13.4931, -2220.907, 2445.1, 13.4909,  240, 0, 0
L -2221.018, 2434.712, 13.4941, -2220.725, 2437.173, 13.4931,  240, 0, 0
L -2221.488, 2432.279, 13.4917, -2221.018, 2434.712, 13.4941,  240, 0, 0
L -2222.101, 2429.984, 13.4945, -2221.488, 2432.279, 13.4917,  240, 0, 0
L -2222.903, 2427.64, 13.4910, -2222.101, 2429.984, 13.4945,  240, 0, 0
L -2224.718, 2425.455, 13.4970, -2222.903, 2427.64, 13.4910,  240, 0, 0
L -2225.11, 2422.975, 13.4936, -2224.718, 2425.455, 13.4970,  240, 0, 0
L -2226.345, 2420.947, 13.4903, -2225.11, 2422.975, 13.4936,  240, 0, 0
L -2227.721, 2419.104, 13.4982, -2226.345, 2420.947, 13.4903,  240, 0, 0
L -2229.489, 2416.854, 13.4901, -2227.721, 2419.104, 13.4982,  240, 0, 0
L -2231.055, 2415.208, 13.4940, -2229.489, 2416.854, 13.4901,  240, 0, 0
L -2232.726, 2413.67, 13.4854, -2231.055, 2415.208, 13.4940,  240, 0, 0
L -2234.417, 2412.317, 13.5036, -2232.726, 2413.67, 13.4854,  240, 0, 0
L -2237.141, 2410.452, 13.4917, -2234.417, 2412.317, 13.5036,  240, 0, 0
L -2239.204, 2409.274, 13.4948, -2237.141, 2410.452, 13.4917,  240, 0, 0
L -2241.532, 2408.158, 13.4931, -2239.204, 2409.274, 13.4948,  240, 0, 0
L -2244.415, 2407.286, 13.4921, -2241.532, 2408.158, 13.4931,  240, 0, 0
L -2246.202, 2406.507, 13.4998, -2244.415, 2407.286, 13.4921,  240, 0, 0
L -2248.916, 2405.864, 13.4847, -2246.202, 2406.507, 13.4998,  240, 0, 0
L -2250.956, 2405.539, 13.5014, -2248.916, 2405.864, 13.4847,  240, 0, 0
L -2256.42, 2405.227, 13.4953, -2250.956, 2405.539, 13.5014,  240, 0, 0
L -2259.001, 2405.365, 13.4916, -2256.42, 2405.227, 13.4953,  240, 0, 0
L -2261.258, 2405.644, 13.4916, -2259.001, 2405.365, 13.4916,  240, 0, 0
L -2263.492, 2406.713, 13.4920, -2261.258, 2405.644, 13.4916,  240, 0, 0
L -2266.278, 2406.68, 13.4940, -2263.492, 2406.713, 13.4920,  240, 0, 0
L -2268.139, 2407.475, 13.4922, -2266.278, 2406.68, 13.4940,  240, 0, 0
L -2270.331, 2408.395, 13.4946, -2268.139, 2407.475, 13.4922,  240, 0, 0
L -2272.73, 2409.606, 13.4978, -2270.331, 2408.395, 13.4946,  240, 0, 0
L -2275.124, 2411.457, 13.4906, -2272.73, 2409.606, 13.4978,  240, 0, 0
L -2277.592, 2412.23, 13.4882, -2275.124, 2411.457, 13.4906,  240, 0, 0
L -2278.518, 2413.585, 13.4962, -2277.592, 2412.23, 13.4882,  240, 0, 0
L -2280.429, 2415.328, 13.4887, -2278.518, 2413.585, 13.4962,  240, 0, 0
L -2281.93, 2416.899, 13.4944, -2280.429, 2415.328, 13.4887,  240, 0, 0
L -2283.456, 2418.723, 13.4876, -2281.93, 2416.899, 13.4944,  240, 0, 0
L -2284.733, 2420.481, 13.4975, -2283.456, 2418.723, 13.4876,  240, 0, 0
L -2286.167, 2422.756, 13.4885, -2284.733, 2420.481, 13.4975,  240, 0, 0
L -2287.149, 2424.577, 13.4932, -2286.167, 2422.756, 13.4885,  240, 0, 0
L -2288.184, 2426.834, 13.4945, -2287.149, 2424.577, 13.4932,  240, 0, 0
L -2289.101, 2429.251, 13.4940, -2288.184, 2426.834, 13.4945,  240, 0, 0
L -2290.554, 2431.629, 13.4916, -2289.101, 2429.251, 13.4940,  240, 0, 0
L -2290.323, 2433.849, 13.4916, -2290.554, 2431.629, 13.4916,  240, 0, 0
L -2290.684, 2436.969, 13.4918, -2290.323, 2433.849, 13.4916,  240, 0, 0
L -2290.887, 2442.814, 13.4957, -2290.684, 2436.969, 13.4918,  240, 0, 0
L -2290.635, 2445.389, 13.4901, -2290.887, 2442.814, 13.4957,  240, 0, 0
L -2290.28, 2447.534, 13.4916, -2290.635, 2445.389, 13.4901,  240, 0, 0
L -2290.293, 2449.653, 13.4885, -2290.28, 2447.534, 13.4916,  240, 0, 0
L -2289.199, 2451.637, 13.4928, -2290.293, 2449.653, 13.4885,  240, 0, 0
L -2288.372, 2453.869, 13.4917, -2289.199, 2451.637, 13.4928,  240, 0, 0
L -2287.441, 2455.948, 13.4908, -2288.372, 2453.869, 13.4917,  240, 0, 0
L -2286.432, 2457.874, 13.4903, -2287.441, 2455.948, 13.4908,  240, 0, 0
L -2452.575, 2461.699, 13.4749, -2373.645, 2338.893, 13.4749,  240, 0, 0
L -2093.442, 2461.699, 13.4749, -2181.228, 2338.893, 13.4749,  240, 0, 0
L -2303.623, 2586.163, 13.4749, -2216.888, 2586.163, 13.4749,  240, 0, 0
L -2265.835, 2267.764, 13.4749, -2419.691, 2534.944, 13.4749,  240, 0, 0
L -2101.269, 2534.944, 13.4749, -2265.835, 2267.764, 13.4749,  240, 0, 0
L -2419.691, 2534.944, 13.4749, -2101.269, 2534.944, 13.4749,  240, 0, 0
P -2157.842, 546.693, -40.5910,  0, 240, 0,  2,  Park
P -2150.236, 536.588, -40.5940,  127, 0, 0,  2,  Guild
P -2138.009, 538.76, -40.5960,  0, 240, 240,  2,  Terminus
P -2132.923, 549.744, -40.6020,  255, 0, 255,  2,  Betwixt
P -2140.549, 560.239, -40.6060,  240, 240, 0,  2,  Brimming
P -2153.515, 557.857, -40.6090,  240, 0, 0,  2,  Market
P -1643.9, -1251.625, 59.2747,  240, 240, 240,  2,  Vanward
P -1634.121, -1259.534, 59.2757,  127, 0, 0,  2,  Guild
P -1622.281, -1255.419, 59.2766,  0, 240, 240,  2,  Terminus
P -1620.341, -1242.341, 59.2770,  255, 0, 255,  2,  Betwixt
P -1630.273, -1234.305, 59.2792,  240, 240, 0,  2,  Brimming
P -1642.217, -1239.482, 59.2796,  240, 0, 0,  2,  Market
P -1784.022, -2608.641, 40.3130,  240, 240, 240,  2,  Vanward
P -1784.646, -2621.218, 40.3200,  0, 240, 0,  2,  Park
P -1774.063, -2628.702, 40.3320,  0, 240, 240,  2,  Terminus
P -1762.331, -2623.137, 40.3340,  255, 0, 255,  2,  Betwixt
P -1762.185, -2609.387, 40.3370,  240, 240, 0,  2,  Brimming
P -1772.899, -2603.203, 40.3430,  240, 0, 0,  2,  Market
P -144.338, -2756.562, -66.2377,  240, 240, 240,  2,  Vanward
P -145.138, -2768.836, -66.2383,  0, 240, 0,  2,  Park
P -134.556, -2776.302, -66.2394,  127, 0, 0,  2,  Guild
P -123.919, -2770.643, -66.2403,  255, 0, 255,  2,  Betwixt
P -122.517, -2758.883, -66.2406,  240, 240, 0,  2,  Brimming
P -132.724, -2751.495, -66.2412,  240, 0, 0,  2,  Market
P 108.906, -715.318, 44.2779,  240, 240, 240,  2,  Vanward
P 107.576, -727.957, 44.2779,  0, 240, 0,  2,  Park
P 117.668, -735.424, 44.2785,  127, 0, 0,  2,  Guild
P 129.014, -729.93, 44.2787,  0, 240, 240,  2,  Terminus
P 130.646, -717.497, 44.2792,  240, 240, 0,  2,  Brimming
P 120.078, -710.29, 44.2798,  240, 0, 0,  2,  Market
P -483.583, 776.128, -0.5433,  240, 240, 240,  2,  Vanward
P -484.146, 763.935, -0.5432,  0, 240, 0,  2,  Park
P -474.039, 756.733, -0.5432,  127, 0, 0,  2,  Guild
P -463.192, 763.153, -0.5431,  0, 240, 240,  2,  Terminus
P -462.459, 775.825, -0.5431,  255, 0, 255,  2,  Betwixt
P -473.525, 781.52, -0.5430,  240, 0, 0,  2,  Market
P -2156.231, 2662.28, -0.7196,  240, 240, 0,  2,  Brimming
P -2154.028, 2650.925, -0.7195,  240, 240, 240,  2,  Vanward
P -2143.481, 2645.499, -0.7194,  0, 240, 0,  2,  Park
P -2132.855, 2653.44, -0.7193,  127, 0, 0,  2,  Guild
P -2134.565, 2665.625, -0.7193,  0, 240, 240,  2,  Terminus
P -2146.262, 2670.365, -0.7191,  255, 0, 255,  2,  Betwixt
P -2189.918, 2837.552, 1.9931,  0, 0, 240,  2,  Ardak(Barkeep)
P -2177.579, 2848.875, 1.9544,  0, 0, 240,  2,  Banker
P -2167.519, 2852.947, 1.9544,  0, 0, 240,  2,  Lorekeeper
P -2132.056, 2830.33, 4.8361,  0, 0, 240,  2,  Furnitures
P -2117.023, 2824.31, 1.9525,  0, 0, 240,  2,  Crafting_Supplies
P -2104.022, 2810.776, 4.4943,  0, 0, 240,  2,  Excavator
P -2184.169, 2751.653, 3.1974,  0, 0, 240,  2,  Alaran_Furnitures
P -2170.441, 2724.533, 3.5428,  0, 0, 240,  2,  Parcel_Delivery
P -2140.207, 2716.841, 3.5428,  0, 0, 240,  2,  Guild_Halls
P -2218.62, 2793.425, 1.6659,  0, 0, 240,  2,  Paintings
P -2110.651, 2850.82, 1.9462,  0, 0, 240,  2,  Housing_Informations
