P -1033.9335, 1108.6686, 52.6383,  0, 0, 0,  3,  1
P 887.7690, 1913.2748, 43.8449,  0, 0, 0,  3,  2
P -26.6859, 1192.3721, 1.1234,  0, 0, 0,  3,  3
P -1052.2870, 498.5163, 88.1006,  0, 0, 0,  3,  4
P -533.3730, -886.6429, 11.2658,  0, 0, 0,  3,  5
P 528.3060, 887.9869, 83.7344,  0, 0, 0,  3,  6
P 738.2400, -18.9620, 5.7626,  0, 0, 0,  3,  7
P 66.7557, -857.1349, 12.1731,  0, 0, 0,  3,  8
P -691.4297, -1681.5662, 9.6577,  0, 0, 0,  3,  9
P 893.0000, 1913.0000, 42.0000,  127, 64, 0,  2,  Pillar
P 390.0000, 518.0000, -1.0000,  0, 0, 0,  1,  Small_Orc_camp
P 713.0000, 55.0000, 38.0000,  127, 64, 0,  2,  Broken_Wizard_Spire
P -512.0000, 442.0000, 0.0000,  0, 0, 0,  1,  Orc_camp
P -633.0000, -575.0000, 91.0000,  127, 64, 0,  2,  Scout_hill
P -991.0000, -901.0000, 0.0000,  127, 64, 0,  2,  Rodcet
P -581.0000, -1047.0000, 0.0000,  0, 0, 0,  1,  Leatherfoot
P -646.0000, 1560.0000, 0.0000,  0, 0, 0,  1,  Shadowmen
P -763.0000, 464.0000, 0.0000,  0, 0, 0,  1,  Orcs
P 474.0000, 151.0000, 0.0000,  0, 0, 0,  1,  Orcs
P 942.0000, -605.0000, 0.0000,  127, 64, 0,  2,  Arcane
P 733.0000, -523.0000, 0.0000,  0, 0, 0,  1,  Undead
P 56.9172, -865.1479, 11.8930,  127, 64, 0,  2,  Newbie_Log
P 989.5931, -193.6261, 33.5223,  0, 0, 0,  1,  First_Fragment_of_Igok
P -821.0000, -43.0000, 6.0000,  127, 64, 0,  3,  Druid_circle
P 767.0000, -437.0000, 0.0000,  127, 64, 0,  3,  Wizard_Spire
P 261.7898, 1142.5470, 3.4500,  0, 0, 127,  2,  Venenzi_Oberzendi(Ncr_1.0)
P 769.6642, -1904.6764, 5.1635,  127, 0, 0,  2,  Kirak_Vil*(Pal1.0)
P 816.3091, -886.7980, 10.5470,  127, 64, 0,  2,  Dreadful_Pumpkin_(GS)
P -1199.5569, 1925.3275, 30.0953,  127, 64, 0,  2,  Grom_Shives_(Q)
