P 806.955, -170.077, -41.9677,  0, 0, 240,  3,  Wizard_Spells
P 839.654, -169.939, -41.9677,  0, 0, 240,  3,  Enchanter_Spells
P 840.398, -163.257, -41.9677,  0, 0, 240,  3,  Magician_Spells
P 916.982, -13.577, -41.9677,  0, 0, 240,  3,  Garren_(Tailor)
P 922.982, -12.577, -41.9677,  0, 0, 240,  3,  Mikaela_(Tailor)
P 1043.982, 56.423, -55.9677,  0, 0, 240,  3,  Issva_(Weapons)
P 950.982, 25.423, -41.9677,  0, 0, 240,  3,  Volkoon_(Merchant)
P 962.982, 135.423, -41.9677,  0, 0, 240,  3,  Tenso_(Bar)
P 931.982, 134.423, -27.9989,  0, 0, 240,  3,  Rista_(Bar)
P 906.839, 113.813, -27.9989,  0, 0, 240,  3,  Halvn_(Smith)
P 984.982, 129.423, -40.9677,  0, 0, 240,  3,  Dianax_(Fletcher)
P 982.982, 117.423, -40.9677,  0, 0, 240,  3,  Andara_(Fletcher)
P 858.982, 145.423, -41.9677,  0, 0, 240,  3,  Mariz_(Merchant)
P 824.982, -69.577, -41.9677,  0, 0, 240,  3,  Treven_(Smith)
P 835.982, -51.577, -41.9677,  0, 0, 240,  3,  Felok_(Armor)
P 777.982, -87.577, -41.9677,  0, 0, 240,  3,  Trista_(Smith)
P 788.982, -98.577, -41.9677,  0, 0, 240,  3,  Zanotix_(Weapons)
P 786.982, -77.577, -41.9677,  0, 0, 240,  3,  Opal_(Weapons)
P 806.982, -80.577, -41.9677,  0, 0, 240,  3,  Krivn_(Armor)
P 757.982, -26.577, -55.9677,  0, 0, 240,  3,  Marenkor_(Bar)
P 716.982, -63.577, -68.9676,  0, 0, 240,  3,  Glazn_(Smith)
P 719.982, -78.577, -68.9676,  0, 0, 240,  3,  Sivy_(Smith)
P 768.982, -28.577, -69.9676,  0, 0, 240,  3,  Rysva_(Bar)
P 795.982, -37.577, -55.9677,  0, 0, 240,  3,  Marza_(Potions)
P 804.982, -99.577, -55.9677,  0, 0, 240,  3,  Niz_(Baking)
P 786.982, -88.577, -55.9677,  0, 0, 240,  3,  Dunred_(Merchant)
P 838.982, -63.577, -55.9677,  0, 0, 240,  3,  Antian_(Bank)
P 821.982, -99.577, -27.9989,  0, 0, 240,  3,  Zartox_(Jewelry)
P 851.982, -98.577, -27.9989,  0, 0, 240,  3,  Nekola_(Gems)
P 891.982, -110.577, -41.9677,  0, 0, 240,  3,  Lynsalai_(Merchant)
P 784.494, -95.262, -55.9667,  0, 0, 240,  3,  Kwilrz_Vn'Ycxa
P 1018.287, 153.465, -39.8143,  0, 0, 240,  3,  Vexaria_D`Mord_(Ranger_Guildmaster)
P 1003.454, -32.055, 1.7221,  0, 0, 240,  2,  Vexia_D`Ynth_(Ranger_Guildmaster)
P 1030.94, -47.139, 1.7335,  0, 0, 240,  3,  Draxen_S'Kyr_(Ranger_Guildmaster)
P 810.439, -169.719, 1.7260,  0, 0, 240,  3,  Zalara_N`Hex_(Ranger_Spells)
P 796.937, -169.481, 1.7361,  0, 0, 240,  3,  Zethril_N'Hex_(Ranger_Spells)
