P 1516.3467, -774.6769, -83.9676,  127, 64, 0,  3,  The_Rack
P 1445.6106, -748.9586, -83.9676,  127, 64, 0,  3,  Cuisine_Excelsior
P 1448.1703, -880.2040, -83.9676,  127, 64, 0,  3,  The_Maiden's_Fancy
P 1423.2383, -822.9169, -83.9676,  127, 64, 0,  3,  The_Bauble
P 1320.7627, -765.1467, -83.9676,  127, 64, 0,  3,  Furrier_Royale
P 1316.1222, -859.1810, -69.9676,  127, 64, 0,  3,  Library
P 811.0000, -512.0000, -27.9969,  0, 127, 0,  2,  from_The_Hole_(portal)
P 1571.9147, -834.3354, -82.4226,  0, 0, 0,  1,  DE_Cultural_Forge
P 811.3523, -414.3534, -55.6542,  127, 0, 0,  2,  Verina_Tomb(Ench1.0)
P 1463.0133, -855.6155, -106.4265,  0, 0, 127,  2,  Mare_X'lottl
P 1224.9364, -1271.1586, -40.4292,  127, 0, 0,  2,  Talorial_D`Estalian
P 820.1308, -408.0911, -52.8603,  127, 0, 0,  2,  High_Priestess_Alexandria
P 803.7706, -411.7404, -52.1871,  127, 0, 0,  2,  Qrixat_Du'voy
P 1254.6774, -1302.9906, -40.4224,  0, 0, 240,  2,  Noxhil_V`Sek_(Q)
