L 42.9632, 717.6301, 1.8218,  62.3350, 717.5497, 1.8231,  255, 0, 255
L -86.2570, 714.9681, 1.8241,  -63.9677, 714.9365, 1.8196,  255, 0, 255
L -65.0000, -1672.3628, -68.0000,  -65.0000, -641.9127, -64.0000,  0, 0, 0
L 407.5493, -1935.7970, -71.4351,  407.2660, -2173.6382, -71.8417,  255, 0, 255
L -66.2973, -2174.9976, -71.3918,  407.2660, -2173.6382, -71.8417,  0, 0, 0
L 407.5493, -1935.7970, -71.4512,  35.2905, -1935.7261, -71.7031,  0, 0, 0
L 34.9799, -1841.2273, -65.5828,  35.2905, -1935.7261, -70.4384,  0, 0, 0
L 34.9819, -1840.9657, -65.5767,  17.9846, -1840.9716, -70.5100,  0, 0, 0
L 17.9846, -1840.9716, -71.8101,  18.3240, -1672.3169, -68.8417,  0, 0, 0
L 18.3240, -1672.3169, -67.8417,  34.6965, -1672.3379, -67.8426,  0, 0, 0
L 34.7049, -1672.3490, -67.8426,  37.7222, -558.9657, 0.1582,  0, 0, 0
L 37.7222, -558.9657, 0.1582,  32.9652, -558.9651, 3.1591,  0, 0, 0
L 32.9234, -548.3520, 3.1591,  32.9767, -561.9935, 1.1581,  64, 64, 64
L 32.9767, -561.9935, 3.1543,  19.3460, -561.9628, 1.1584,  64, 64, 64
L 19.3460, -561.9628, 1.1583,  19.5400, -548.3310, 1.1585,  64, 64, 64
L 19.5400, -548.3310, 1.1581,  32.9234, -548.3520, 1.1581,  64, 64, 64
L 31.7467, -548.3510, 1.1581,  59.1265, -536.3564, -0.3770,  0, 0, 0
L 59.1265, -536.3564, -0.3770,  65.2205, -530.3990, 0.1582,  0, 0, 0
L 65.2205, -530.3990, 0.1582,  73.3440, -513.7704, 0.1582,  0, 0, 0
L 73.3440, -513.7704, 0.1582,  73.3070, -495.6480, 0.1582,  0, 0, 0
L 73.3070, -495.6480, 0.1582,  79.2347, -486.2850, 0.1582,  0, 0, 0
L 93.7947, -486.3550, 6.6982,  79.2347, -486.2850, 6.6665,  0, 0, 0
L 93.7947, -486.3550, 3.1783,  91.8186, -489.3300, 4.4214,  0, 0, 0
L 91.8186, -489.3300, 4.4214,  126.9737, -489.3330, 5.2519,  0, 0, 0
L 126.9737, -489.3330, 11.4840,  126.9649, -492.8600, 12.8354,  0, 0, 0
L 126.9649, -492.8600, 12.8354,  297.9891, -492.3620, 15.5759,  0, 0, 0
L 297.9891, -492.3620, 0.9043,  308.9678, -496.3555, -12.3275,  0, 0, 0
L 308.9678, -496.3555, -12.3048,  308.9658, -564.3300, -3.5857,  0, 0, 0
L 308.9658, -564.3300, -3.5857,  387.3440, -564.3400, -3.5857,  0, 0, 0
L 387.3440, -564.3400, -3.5857,  387.3010, -558.7300, -7.8083,  0, 0, 0
L 387.3010, -558.7300, -8.8130,  394.4404, -558.4740, -8.6469,  0, 0, 0
L 394.2060, -719.2704, -10.4293,  394.4404, -558.4740, -11.1008,  0, 0, 0
L 395.5964, -722.9910, -1.9148,  396.3030, -744.6182, -1.5358,  0, 0, 0
L 396.3030, -744.6182, -1.5358,  396.1768, -760.3450, -2.4276,  0, 0, 0
L 396.1768, -760.3450, -2.4276,  410.9200, -767.8130, -12.5007,  0, 0, 0
L 410.9200, -767.8130, -12.5007,  425.8562, -776.8849, -8.4901,  0, 0, 0
L 425.8562, -776.8849, -8.4901,  430.9492, -777.1702, -0.4986,  0, 0, 0
L 430.9492, -777.1702, -0.4986,  437.3385, -783.3220, -0.3209,  0, 0, 0
L 437.3385, -783.3220, -4.5903,  541.4260, -783.3130, -4.5872,  0, 0, 0
L 395.5964, -722.9910, -1.4673,  394.2060, -719.2704, -2.4599,  0, 0, 0
L 541.3440, -771.8545, 5.2724,  558.1218, -770.9247, 8.1207,  0, 0, 0
L 558.1218, -770.9247, 8.1207,  559.5016, -764.9836, -11.7172,  0, 0, 0
L 559.5016, -764.9836, -11.7172,  564.9557, -770.6968, -12.2547,  0, 0, 0
L 564.9557, -770.6968, -12.2547,  568.1393, -770.8157, -12.2681,  0, 0, 0
L 568.1393, -770.8157, -12.2681,  572.2500, -773.2704, -12.4990,  0, 0, 0
L 572.2500, -773.2704, -12.4990,  573.7386, -772.7430, -12.4473,  0, 0, 0
L 573.7386, -772.7430, -12.4473,  574.9789, -770.1584, -10.8900,  0, 0, 0
L 574.9789, -770.1584, -10.8900,  583.3893, -772.4152, -7.4570,  0, 0, 0
L 583.3893, -772.4152, -7.4570,  591.5533, -795.3170, -12.9403,  0, 0, 0
L 591.5533, -795.3170, -2.5874,  788.3310, -795.3950, -2.5952,  0, 0, 0
L 541.4260, -783.3130, 5.8800,  541.3440, -771.8545, -5.7835,  0, 0, 0
L 788.3310, -795.3950, -2.9908,  788.1850, -686.7173, 0.3667,  0, 0, 0
L 788.1850, -686.7173, 0.3667,  769.4985, -680.4142, 1.6935,  0, 0, 0
L 769.4985, -680.4142, 1.6935,  763.2889, -683.5538, 3.6324,  0, 0, 0
L 763.2889, -683.5538, 3.6324,  757.4202, -681.8913, 3.6943,  0, 0, 0
L 757.4202, -681.8913, 3.6943,  753.8615, -673.5679, -3.1983,  0, 0, 0
L 753.8615, -673.5679, -3.1983,  757.5892, -666.8514, -3.6444,  0, 0, 0
L 757.5892, -666.8514, -3.6444,  760.9521, -662.1080, 2.2181,  0, 0, 0
L 760.9521, -662.1080, 2.2181,  759.9714, -657.1490, -1.6263,  0, 0, 0
L 759.9714, -657.1490, -13.4130,  641.9661, -656.9379, -13.7882,  0, 0, 0
L 641.9661, -656.9379, -2.4535,  641.9711, -659.9633, -1.7776,  0, 0, 0
L 641.9711, -659.9633, -3.5853,  621.5806, -659.9724, -3.5868,  0, 0, 0
L 621.5806, -659.9724, -6.8417,  621.9565, -649.9648, -6.8432,  0, 0, 0
L 621.9565, -649.9648, -6.8432,  619.8533, -649.9692, -6.8417,  0, 0, 0
L 619.8533, -649.9692, -6.8437,  617.6187, -632.9880, -4.4642,  0, 0, 0
L 617.6187, -632.9880, -4.4642,  619.1168, -614.4833, 9.7349,  0, 0, 0
L 619.1168, -614.4833, 9.7349,  620.3080, -607.9805, 10.9796,  0, 0, 0
L 616.3470, -607.9734, 1.3500,  615.8218, -211.4345, 1.1581,  0, 0, 0
L 620.3110, -607.9647, 10.9800,  616.3470, -607.9734, 9.5709,  0, 0, 0
L 615.8218, -211.4345, 1.1581,  624.6378, -208.7785, 4.5172,  0, 0, 0
L 624.6378, -208.7785, 4.5172,  616.7903, -167.9813, 8.1320,  0, 0, 0
L 616.7903, -167.9813, 8.1320,  516.9657, -166.9671, 6.8944,  0, 0, 0
L 516.9657, -166.9671, 6.8944,  516.9637, -168.9677, 6.6425,  0, 0, 0
L 516.9637, -168.9677, 6.3216,  507.4189, -168.9663, 6.3217,  0, 0, 0
L 507.4189, -168.9663, 6.4863,  506.3516, -166.9655, 6.8943,  0, 0, 0
L 506.3516, -166.9655, 6.8943,  499.5729, -166.9669, 6.8943,  0, 0, 0
L 499.5729, -166.9669, 3.9089,  503.7796, -155.9636, -6.8822,  0, 0, 0
L 503.7796, -155.9636, -6.8822,  507.1100, -127.2579, -2.4310,  0, 0, 0
L 507.1100, -127.2579, -2.4310,  499.3722, -115.8028, 4.8851,  0, 0, 0
L 499.3722, -115.8028, 4.8851,  506.6806, -66.3180, 20.4242,  0, 0, 0
L 506.6806, -66.3180, 20.4242,  498.8956, -40.7265, 9.8717,  0, 0, 0
L 498.8956, -40.7265, 9.8717,  507.3460, -28.7030, 4.8437,  0, 0, 0
L 507.3460, -28.7030, 4.8437,  507.3370, 38.5469, 13.6517,  0, 0, 0
L 507.3370, 38.5469, 13.6517,  501.8081, 132.1785, 3.4296,  0, 0, 0
L 501.8081, 132.1785, 3.4296,  501.6530, 189.3497, 3.1785,  0, 0, 0
L 501.6530, 189.3497, 3.1785,  503.9603, 208.3480, 3.4453,  0, 0, 0
L 503.9603, 208.3480, 3.4453,  500.4433, 330.7515, -1.9376,  0, 0, 0
L 500.4433, 330.7515, -1.9376,  499.8016, 338.2928, -1.4502,  0, 0, 0
L 499.8016, 338.2928, -1.4502,  509.2600, 344.3174, 6.4161,  0, 0, 0
L 509.2600, 344.3174, 6.4161,  508.6510, 446.9841, -1.9507,  0, 0, 0
L 508.6510, 446.9841, -1.9507,  502.3489, 459.2076, 3.5871,  0, 0, 0
L 502.3489, 459.2076, 3.5871,  496.9662, 466.4959, -2.2519,  0, 0, 0
L 496.9662, 466.4959, -2.2519,  484.3570, 482.6110, -5.5841,  0, 0, 0
L 484.3570, 482.6110, -5.5841,  442.4730, 489.3300, 11.5243,  0, 0, 0
L 442.4730, 489.3300, 11.5243,  201.9605, 489.7955, 1.8782,  0, 0, 0
L 201.9605, 489.7955, 1.9434,  199.9763, 436.5206, 12.6900,  0, 0, 0
L 199.9647, 436.4528, 12.2020,  199.9670, 329.3100, 12.4700,  0, 0, 0
L 199.9670, 329.3100, 15.5000,  158.2520, 329.3260, 15.3600,  0, 0, 0
L 158.2520, 329.3260, 15.8030,  158.3450, 333.9782, 17.9323,  0, 0, 0
L 158.3450, 333.9782, 17.9323,  34.6813, 334.4320, 18.2400,  0, 0, 0
L 34.6813, 334.4320, 0.1597,  35.4710, 657.3390, 2.1583,  0, 0, 0
L 35.2900, 641.3329, 2.1583,  22.3070, 641.3390, 2.1581,  0, 0, 0
L 22.3070, 641.3390, 2.1583,  22.3470, 655.9657, 2.1581,  0, 0, 0
L 22.3470, 655.9657, 2.1581,  35.1420, 655.9651, 2.1581,  0, 0, 0
L 35.4710, 657.3390, 2.1583,  17.3350, 657.3300, 2.1581,  0, 0, 0
L 17.3350, 657.3300, 0.1582,  17.3380, 666.9668, 0.1582,  0, 0, 0
L 17.3380, 666.9668, 0.1582,  62.3410, 666.9659, 0.1582,  0, 0, 0
L 62.3410, 666.9659, 0.1582,  62.3350, 717.5497, 0.1582,  0, 0, 0
L 42.9632, 717.6301, 0.1582,  42.9690, 703.3110, 0.1582,  0, 0, 0
L 42.9690, 703.3110, 0.1582,  -63.9671, 703.3069, 0.1582,  0, 0, 0
L -63.9671, 703.3069, 0.1582,  -63.9677, 714.9365, 0.1582,  0, 0, 0
L -41.3350, 666.9717, 0.1582,  -86.3400, 666.9657, 0.1582,  0, 0, 0
L -86.3400, 666.9657, 0.1582,  -86.2570, 714.9681, 0.1582,  0, 0, 0
L -41.3350, 666.9717, 0.1582,  -41.3170, 657.2980, 0.1582,  0, 0, 0
L -41.3170, 657.2980, 2.1581,  -63.6550, 657.3400, 0.8984,  0, 0, 0
L -63.6550, 657.3400, 0.8984,  -63.7355, -109.2560, 0.8877,  0, 0, 0
L -60.9658, 655.9750, 2.1581,  -60.9650, 641.3400, 2.1572,  0, 0, 0
L -60.9650, 641.3400, 2.1581,  -46.3860, 641.3400, 2.1581,  0, 0, 0
L -46.3860, 641.3400, 2.1581,  -46.1140, 655.9646, 2.1591,  0, 0, 0
L -46.1140, 655.9646, 2.1581,  -60.9658, 655.9750, 2.1583,  0, 0, 0
L 39.5890, 273.9725, 18.0000,  80.9647, 273.9630, 18.9400,  0, 0, 0
L 80.9647, 273.9630, 15.5800,  80.9726, 114.3566, 14.9972,  0, 0, 0
L 63.2550, 99.8723, 6.1017,  80.9726, 114.3566, 14.7905,  0, 0, 0
L 63.2550, 99.8723, 7.4610,  63.3370, 108.3430, 15.8722,  0, 0, 0
L 63.3370, 108.3430, 15.8722,  38.6135, 108.3370, 15.8720,  0, 0, 0
L 38.6135, 108.3370, 2.1825,  39.5890, 273.9725, 2.4864,  0, 0, 0
L 33.9656, 259.3410, 2.1581,  20.3340, 259.3410, 2.1581,  64, 64, 64
L 20.3340, 259.3410, 2.1583,  20.3380, 272.9889, 2.1581,  64, 64, 64
L 20.3380, 272.9889, 2.1591,  33.9667, 272.9633, 2.1581,  64, 64, 64
L 33.9667, 272.9633, 2.1581,  33.9656, 259.3410, 2.1581,  64, 64, 64
L -44.3340, 272.9662, 2.1581,  -44.3370, 259.3320, 2.1581,  64, 64, 64
L -44.3370, 259.3320, 2.1581,  -57.9669, 259.3370, 2.1581,  64, 64, 64
L -57.9669, 259.3370, 2.1585,  -57.9656, 272.9660, 2.1581,  64, 64, 64
L -57.9656, 272.9660, 2.1581,  -44.3340, 272.9662, 2.1581,  64, 64, 64
L 135.8400, 268.9639, 14.9748,  135.2860, 115.3360, 14.9974,  0, 0, 0
L 135.2860, 115.3360, 11.6768,  137.3400, 115.3260, 11.7233,  0, 0, 0
L 137.3400, 115.3260, 11.7233,  137.2770, 111.3230, 10.8363,  0, 0, 0
L 137.2770, 111.3230, 13.7790,  174.7744, 111.3060, 13.7874,  0, 0, 0
L 174.7744, 111.3060, 13.7874,  194.8119, 113.9427, 14.2719,  0, 0, 0
L 194.8119, 113.9427, 14.2719,  203.4438, 113.2640, 15.8683,  0, 0, 0
L 329.9680, 113.3130, 12.8873,  203.4438, 113.2640, 12.8890,  0, 0, 0
L 329.9680, 113.3130, 9.4132,  329.9662, 225.3610, 9.4141,  0, 0, 0
L 329.9662, 225.3610, 6.3193,  347.6992, 225.3030, 11.8524,  0, 0, 0
L 347.6992, 225.3030, -5.5749,  321.5590, 247.3990, -5.8417,  0, 0, 0
L 321.5590, 247.3990, 2.9956,  321.1650, 237.4479, 1.5896,  0, 0, 0
L 321.1650, 237.4479, 1.5896,  300.5316, 255.5738, 5.7464,  0, 0, 0
L 300.5316, 255.5738, 5.7464,  275.2800, 275.4574, 10.9778,  0, 0, 0
L 275.3390, 268.9680, 13.7710,  275.2800, 275.4574, 11.8957,  0, 0, 0
L 275.3390, 268.9680, 15.3000,  135.8400, 268.9639, 15.4200,  0, 0, 0
L 171.7206, 268.9651, 15.4200,  165.3420, 276.9859, 10.1785,  64, 64, 64
L 165.3420, 276.9859, 10.1785,  159.9601, 280.2803, 15.7672,  64, 64, 64
L 159.9601, 280.2803, 15.7672,  153.1604, 278.3591, 12.1506,  64, 64, 64
L 153.1604, 278.3591, 12.1506,  145.5542, 268.9642, 15.8979,  64, 64, 64
L 149.6036, 273.9658, 15.8979,  136.6008, 273.9649, 11.7407,  64, 64, 64
L 136.6008, 273.9649, 11.1519,  132.9436, 270.3091, 11.1582,  64, 64, 64
L 135.2463, 268.9639, 11.1582,  128.4033, 272.9603, 11.1579,  64, 64, 64
L 128.4033, 272.9603, 11.1579,  120.6910, 269.4479, 11.1582,  64, 64, 64
L 120.6910, 269.4479, 11.1582,  123.1504, 264.3091, 11.6780,  64, 64, 64
L 123.1504, 264.3091, 11.6780,  123.8550, 263.1807, 11.7700,  64, 64, 64
L 127.3114, 264.9778, 11.7700,  121.9840, 262.2076, 10.7025,  64, 64, 64
L 121.9840, 262.2076, 10.7025,  121.8029, 258.6673, 10.1694,  64, 64, 64
L 121.8029, 258.6673, 10.1694,  126.7546, 255.5210, 10.5973,  64, 64, 64
L 126.7546, 255.5210, 10.5973,  130.6063, 259.2092, 13.4200,  64, 64, 64
L 129.8745, 258.5085, 13.4200,  131.8010, 257.9651, 13.4400,  64, 64, 64
L 131.8010, 257.9651, 13.4400,  134.9998, 256.7866, 14.9611,  64, 64, 64
L 130.1227, 261.4520, 10.6000,  130.6063, 259.2092, 10.8591,  64, 64, 64
L 127.3114, 264.9778, 13.6186,  130.1227, 261.4520, 15.5300,  64, 64, 64
L 276.2190, 322.4089, 1.2462,  433.3410, 323.4135, -2.4697,  0, 0, 0
L 433.3410, 323.4135, -2.4697,  433.3010, 310.3405, -1.7942,  0, 0, 0
L 433.3010, 310.3405, -1.9430,  457.7130, 338.9628, 1.9044,  0, 0, 0
L 457.7130, 338.9628, 2.8725,  448.9658, 338.9737, 8.2014,  0, 0, 0
L 448.9658, 338.9737, 8.2014,  448.9703, 445.9676, 7.7804,  0, 0, 0
L 448.9703, 445.9676, 9.8899,  256.3300, 445.9635, 10.5600,  0, 0, 0
L 256.3300, 445.9635, 7.9139,  256.3190, 443.9653, 8.7315,  0, 0, 0
L 256.3190, 443.9653, 8.7315,  254.3620, 443.9673, 8.6774,  0, 0, 0
L 254.3620, 443.9673, 12.2040,  253.9773, 343.6616, 11.9318,  0, 0, 0
L 253.5083, 344.2187, 11.9318,  243.5870, 336.7490, 8.1582,  64, 64, 64
L 243.5870, 336.7490, 8.1582,  243.1000, 334.7624, 8.1582,  64, 64, 64
L 243.1000, 334.7624, 8.1582,  250.1493, 324.8435, 8.1582,  64, 64, 64
L 250.1493, 324.8435, 8.1582,  254.8960, 323.9549, 8.1522,  64, 64, 64
L 254.8960, 323.9549, 8.1522,  260.3034, 325.5500, 17.8270,  64, 64, 64
L 260.3034, 325.5500, 17.8270,  260.8043, 328.5047, 20.5131,  64, 64, 64
L 260.8043, 328.5047, 20.5131,  276.3500, 329.3410, 15.6800,  0, 0, 0
L 276.3500, 329.3410, 15.6800,  276.2190, 322.4089, 6.3311,  0, 0, 0
L 261.2030, 328.5122, 17.9543,  259.5058, 337.9320, 20.3415,  64, 64, 64
L 259.5058, 337.9320, 10.7266,  253.5083, 344.2187, 7.7007,  64, 64, 64
L 390.3140, 225.1064, 9.4109,  390.3390, 112.1010, 9.4122,  0, 0, 0
L 390.3390, 112.1010, 8.6268,  375.4263, 89.5510, -0.2529,  0, 0, 0
L 363.8756, 70.9040, -0.2529,  362.6541, 76.2545, 1.3079,  0, 0, 0
L 362.6541, 76.2545, 1.3079,  363.4023, 83.5610, -0.4264,  0, 0, 0
L 363.4023, 83.5610, -0.4264,  373.6582, 88.7988, 1.7575,  0, 0, 0
L 373.6806, 88.7870, 1.7575,  367.2810, 92.1298, 0.3982,  64, 64, 64
L 367.2810, 92.1298, 0.3982,  365.8530, 96.6042, 0.8312,  64, 64, 64
L 365.8530, 96.6042, 0.8312,  370.4846, 100.4770, 2.7511,  64, 64, 64
L 370.4846, 100.4770, 2.7511,  379.1009, 98.1919, 4.5381,  64, 64, 64
L 379.1009, 98.1919, 4.5381,  378.3183, 93.5999, 8.9306,  64, 64, 64
L 375.4263, 89.5510, 1.7457,  373.6806, 88.7870, 1.3187,  64, 64, 64
L 363.8754, 70.9042, -0.2525,  193.3130, 70.9672, 7.1581,  0, 0, 0
L 193.3130, 70.9672, 7.1581,  193.3440, 67.1508, 7.1581,  64, 64, 64
L 193.3440, 67.1508, 7.1581,  157.9579, 68.2870, 7.1596,  0, 0, 0
L 176.6877, 67.5598, 7.1596,  175.6100, 76.3456, 6.2362,  64, 64, 64
L 175.6100, 76.3456, 6.2362,  163.3519, 79.8850, 4.8197,  64, 64, 64
L 163.3519, 79.8850, 4.8197,  157.9649, 73.4324, 7.1542,  64, 64, 64
L 157.9579, 68.2870, 7.1542,  157.9694, 76.9682, 6.3851,  64, 64, 64
L 157.9694, 76.9682, 5.8569,  130.5210, 76.9689, 2.4817,  0, 0, 0
L 130.5210, 76.9689, 3.4171,  129.9549, 61.2967, 7.2313,  0, 0, 0
L 129.9549, 61.2967, 7.2313,  124.3645, 56.8791, 2.9830,  0, 0, 0
L 124.3645, 56.8791, 2.9830,  125.3798, 48.4292, 3.5196,  0, 0, 0
L 125.3798, 48.4292, 3.5196,  129.3036, 43.1510, 6.6908,  0, 0, 0
L 129.3036, 43.1510, 6.6908,  135.3380, 41.1460, 14.4400,  0, 0, 0
L 135.3380, 41.1460, 14.4400,  135.2720, -47.5364, 13.9986,  0, 0, 0
L 135.2720, -47.5364, 1.1741,  311.9571, -53.7796, 0.5372,  0, 0, 0
L 311.9571, -53.7796, 0.5372,  392.3420, -39.8057, -0.8418,  0, 0, 0
L 392.3420, -39.8057, -0.8418,  392.3080, -58.9665, -0.8418,  0, 0, 0
L 392.3080, -58.9665, -0.8418,  402.8482, -58.9682, -0.8418,  0, 0, 0
L 402.8482, -58.9682, -0.8418,  405.4103, -39.6458, -0.8418,  0, 0, 0
L 405.4103, -39.6458, -0.8418,  458.9680, -38.9534, -0.8408,  0, 0, 0
L 458.9680, -38.9534, 4.2253,  458.9662, -27.1820, 3.3600,  0, 0, 0
L 458.9662, -27.1820, -2.8495,  406.9918, -27.6777, -2.8460,  0, 0, 0
L 406.9918, -27.6777, -2.8460,  403.1474, 202.3280, -3.7602,  0, 0, 0
L 403.1474, 202.3280, -3.7602,  447.3851, 202.7150, -2.3792,  0, 0, 0
L 400.7660, 213.9651, 26.3672,  402.8600, 213.9670, 25.6545,  0, 0, 0
L 453.7640, 224.4564, -4.8190,  390.3140, 225.1064, -3.2351,  0, 0, 0
L 453.7640, 224.4564, -2.7570,  447.3851, 202.7150, 0.8608,  0, 0, 0
L 156.8900, -125.2576, -0.8614,  420.4929, -131.3390, -0.8418,  0, 0, 0
L 420.4929, -131.3390, -0.8418,  419.1250, -123.8585, -0.8418,  0, 0, 0
L 419.1250, -123.8585, -0.8418,  424.4050, -122.8840, -0.8418,  0, 0, 0
L 424.4050, -122.8840, -0.8418,  428.2040, -117.8629, -0.8418,  0, 0, 0
L 428.2040, -117.8629, -0.8418,  436.8226, -116.6045, -0.8418,  0, 0, 0
L 436.8226, -116.6045, -0.8418,  443.4900, -119.3555, -0.8417,  0, 0, 0
L 443.4900, -119.3555, -0.8417,  448.3417, -129.3290, 4.6405,  0, 0, 0
L 448.3417, -129.3290, 4.6405,  453.9646, -129.3000, 6.2656,  0, 0, 0
L 453.9646, -129.3000, 6.6753,  453.9649, -130.9872, 7.2507,  0, 0, 0
L 453.9649, -130.9872, 7.2507,  459.9657, -131.5780, 6.7313,  0, 0, 0
L 459.9657, -131.5780, 5.8720,  459.9676, -136.4444, 3.3109,  0, 0, 0
L 459.9676, -136.4444, -0.2013,  463.7520, -139.2584, 0.1749,  0, 0, 0
L 463.7520, -139.2584, 0.1749,  464.7232, -145.4094, 0.8673,  0, 0, 0
L 464.7232, -145.4094, 0.8673,  453.9653, -157.1474, 4.5925,  0, 0, 0
L 453.9653, -157.1474, 4.5925,  453.9653, -165.9375, -1.5172,  0, 0, 0
L 453.9653, -165.9375, 3.3483,  446.3020, -165.9976, 0.4550,  0, 0, 0
L 446.3020, -165.9976, 0.4550,  445.1143, -171.4234, -0.3842,  0, 0, 0
L 445.1143, -171.4234, -0.3842,  428.6766, -187.3575, -7.1313,  0, 0, 0
L 428.6766, -187.3575, -7.1313,  424.9318, -190.9337, -6.4414,  0, 0, 0
L 424.9318, -190.9337, -6.4414,  424.3283, -193.4250, -6.1818,  0, 0, 0
L 424.3283, -193.4250, -6.1818,  420.3300, -200.8746, -5.9036,  0, 0, 0
L 420.3300, -200.8746, -5.9036,  414.2805, -203.6470, -5.4226,  0, 0, 0
L 414.2805, -203.6470, -5.4226,  406.9775, -202.8903, 0.7645,  0, 0, 0
L 406.9775, -202.8903, 0.7645,  403.1295, -195.6933, -0.8146,  0, 0, 0
L 392.2670, -202.7531, -0.4507,  403.1295, -195.6933, 2.1970,  0, 0, 0
L 392.2670, -202.7531, 0.4080,  392.3370, -196.2000, 4.9653,  0, 0, 0
L 392.3370, -196.2000, 4.9653,  187.9660, -195.9658, 5.1500,  0, 0, 0
L 187.9660, -195.9658, 5.1500,  187.4893, -199.1796, 4.3745,  0, 0, 0
L 187.4893, -199.1796, 8.2254,  43.9241, -198.8820, 6.4276,  0, 0, 0
L 43.9241, -198.8820, 4.3014,  38.6321, -200.4475, 3.5531,  0, 0, 0
L 38.6321, -200.4475, 2.1829,  38.6315, 73.9681, 2.1823,  0, 0, 0
L 38.6315, 73.9681, 15.8688,  72.9705, 73.9690, 15.8770,  0, 0, 0
L 72.9705, 73.9690, 20.7803,  72.9658, 65.9662, 22.7432,  0, 0, 0
L 72.9658, 65.9662, 22.7432,  80.9659, 65.9662, 17.4022,  0, 0, 0
L 80.9659, 65.9662, 14.4500,  80.9732, -41.8256, 15.7248,  0, 0, 0
L 80.9732, -41.8256, 15.7248,  82.8628, -53.5619, 10.4055,  0, 0, 0
L 82.8628, -53.5619, 10.4055,  89.6556, -64.8769, -0.4264,  0, 0, 0
L 89.6556, -64.8769, -0.4264,  102.6188, -77.4663, 2.1013,  0, 0, 0
L 102.6188, -77.4663, 2.1013,  112.7250, -84.5733, 8.4174,  0, 0, 0
L 112.7250, -84.5733, 8.4174,  156.8900, -125.2576, 22.3780,  0, 0, 0
L 440.5688, -245.3300, 0.4386,  446.9694, -245.3130, 0.6026,  0, 0, 0
L 446.9694, -245.3130, -3.5882,  446.9687, -360.9408, -3.5878,  0, 0, 0
L 446.9687, -360.9408, -0.1099,  282.3010, -361.9873, 1.3100,  0, 0, 0
L 282.3010, -361.9873, -0.3541,  282.3410, -358.9658, -0.8839,  0, 0, 0
L 282.3410, -358.9658, -0.8839,  280.3210, -358.8971, -0.1671,  0, 0, 0
L 280.3210, -358.8971, 2.3600,  280.3410, -252.9667, 2.5100,  0, 0, 0
L 280.3410, -252.9667, 2.5100,  273.7450, -252.9724, 0.5286,  0, 0, 0
L 273.7450, -252.9724, 3.1613,  280.5126, -243.2180, -1.8416,  0, 0, 0
L 280.5126, -243.2180, -1.8416,  334.6892, -241.1920, -1.8416,  0, 0, 0
L 334.6892, -241.1920, -1.8416,  386.7251, -244.3490, 3.4535,  0, 0, 0
L 386.7251, -244.3490, 3.4535,  401.9680, -244.3140, 5.2900,  0, 0, 0
L 401.9680, -244.3140, -0.9981,  401.9649, -247.7784, -1.9388,  0, 0, 0
L 401.9649, -247.7784, -1.9388,  409.8247, -244.6387, -1.4690,  0, 0, 0
L 409.8247, -244.6387, -1.4690,  419.2993, -243.9681, -2.4506,  0, 0, 0
L 419.2993, -243.9681, -2.4506,  429.8340, -247.8665, -3.5560,  0, 0, 0
L 429.8340, -247.8665, -3.5560,  432.4914, -243.9355, -1.2914,  0, 0, 0
L 432.4914, -243.9355, -1.2914,  440.3371, -245.2880, 0.3839,  0, 0, 0
L 488.8879, -370.1847, -2.2625,  493.9682, -382.9703, -1.6556,  0, 0, 0
L 493.9682, -382.9703, -1.6556,  492.4809, -388.1900, 7.1337,  0, 0, 0
L 492.4809, -388.1900, 7.1337,  487.9458, -389.3440, 1.8214,  0, 0, 0
L 487.9458, -389.3440, 1.8214,  484.7560, -403.7205, -5.8852,  0, 0, 0
L 484.7560, -403.7205, -5.8852,  474.4624, -401.8310, -5.6904,  0, 0, 0
L 474.4624, -401.8310, -5.6904,  467.4431, -403.7556, -1.8053,  0, 0, 0
L 467.4431, -403.7556, -1.8053,  460.4877, -401.2255, -2.7200,  0, 0, 0
L 460.4877, -401.2255, -2.7200,  443.9143, -404.3410, -0.3267,  0, 0, 0
L 443.9143, -404.3410, -0.3267,  420.3480, -404.3260, -2.7246,  0, 0, 0
L 420.3480, -404.3260, -0.2131,  419.9975, -445.3460, 3.3309,  0, 0, 0
L 419.9975, -445.3460, 3.3309,  415.6537, -445.2640, 3.4799,  0, 0, 0
L 415.6537, -445.2640, 3.2814,  420.2620, -449.3915, 1.5705,  0, 0, 0
L 420.2620, -449.3915, 1.5705,  419.9907, -720.9664, -17.5428,  0, 0, 0
L 419.9907, -720.9664, -8.4890,  438.1850, -720.9650, -4.1914,  0, 0, 0
L 438.1850, -720.9650, -4.1914,  438.4640, -722.9655, -3.6383,  0, 0, 0
L 438.4640, -722.9655, -4.5852,  544.3329, -722.9650, -4.5857,  0, 0, 0
L 544.3329, -722.9650, 3.4994,  549.2296, -731.9960, 2.6067,  0, 0, 0
L 549.2296, -731.9960, 2.6067,  557.2364, -733.3940, 1.3640,  0, 0, 0
L 557.2364, -733.3940, 1.3640,  565.4203, -729.1313, -7.8417,  0, 0, 0
L 565.4203, -729.1313, -7.8417,  565.5599, -722.6780, -6.7540,  0, 0, 0
L 565.5599, -722.6780, -6.7540,  563.1720, -717.4545, -1.5565,  0, 0, 0
L 563.1720, -717.4545, -1.5565,  563.7476, -716.6200, 3.4746,  0, 0, 0
L 563.7476, -716.6200, 3.4746,  566.6742, -717.4133, 1.4821,  0, 0, 0
L 566.6742, -717.4133, 1.4821,  571.8429, -714.7643, -10.5975,  0, 0, 0
L 571.8429, -714.7643, -10.5975,  575.2875, -708.4752, -11.5394,  0, 0, 0
L 575.2875, -708.4752, -11.5394,  575.1287, -699.2170, -12.3603,  0, 0, 0
L 575.1287, -699.2170, -12.3603,  570.4274, -696.3658, -7.7588,  0, 0, 0
L 570.4274, -696.3658, -7.7588,  558.4338, -697.4000, -4.2111,  0, 0, 0
L 558.4338, -697.4000, -2.1886,  556.8490, -691.9760, -5.3677,  0, 0, 0
L 556.8490, -691.9760, -5.3677,  556.8708, -679.3295, -5.6684,  0, 0, 0
L 556.8708, -679.3295, -5.6684,  554.4542, -671.2820, -0.5971,  0, 0, 0
L 554.4542, -671.2820, -0.5971,  552.2552, -669.6045, -0.4442,  0, 0, 0
L 552.2552, -669.6045, -0.4442,  546.9657, -659.9656, -3.5847,  0, 0, 0
L 546.9657, -659.9656, -3.5847,  585.3350, -659.9655, -3.5853,  0, 0, 0
L 585.3350, -659.9655, -3.5853,  585.3030, -666.9053, -7.5448,  0, 0, 0
L 585.3030, -666.9053, -12.8416,  590.9686, -667.1122, -12.8409,  0, 0, 0
L 590.9686, -667.1122, -7.8417,  590.9611, -637.9100, -6.8417,  0, 0, 0
L 590.9611, -637.9100, -4.7904,  594.2485, -633.7056, -4.8417,  0, 0, 0
L 594.2485, -633.7056, -4.8417,  592.8190, -630.1376, -4.8417,  0, 0, 0
L 592.8190, -630.1376, -4.8417,  588.4896, -626.9764, -1.6354,  0, 0, 0
L 588.4896, -626.9764, -1.6354,  583.8610, -623.6415, 0.9461,  0, 0, 0
L 583.8610, -623.6415, 0.9461,  579.6823, -614.9080, 9.3330,  0, 0, 0
L 579.6823, -614.9080, 9.3330,  573.1435, -607.1270, 0.7840,  0, 0, 0
L 573.1435, -607.1270, 0.7840,  574.9269, -606.3931, 0.7674,  0, 0, 0
L 574.9269, -606.3931, 0.7674,  573.7020, -221.9658, 1.4140,  0, 0, 0
L 573.7020, -221.9658, 1.4140,  581.9651, -221.9661, 0.8964,  0, 0, 0
L 581.9651, -221.9661, 0.9565,  581.9678, -209.4610, 1.1581,  0, 0, 0
L 581.9678, -209.4610, 1.1581,  557.8089, -208.9968, 3.2423,  0, 0, 0
L 539.7190, -206.6494, 9.8617,  503.6790, -210.3350, 4.2752,  0, 0, 0
L 503.6790, -210.3350, 4.2752,  502.6868, -209.3350, 3.7627,  0, 0, 0
L 502.6868, -209.3350, 3.2753,  499.5590, -209.3180, 1.5199,  0, 0, 0
L 557.8089, -208.9968, 3.3363,  539.7190, -206.6494, -0.1787,  0, 0, 0
L 499.5590, -209.3180, -7.4859,  503.9821, -232.7441, -2.3485,  0, 0, 0
L 503.9821, -232.7441, -2.3485,  507.3100, -246.7472, 0.2693,  0, 0, 0
L 507.3100, -246.7472, -3.5865,  507.3440, -355.2923, -3.5840,  0, 0, 0
L 507.3440, -355.2923, -3.5840,  505.5147, -354.6924, -5.4620,  0, 0, 0
L 505.5147, -354.6924, -8.3420,  490.5099, -364.1358, -13.5542,  0, 0, 0
L 490.5099, -364.1358, -13.5542,  488.8879, -370.1847, -11.2426,  0, 0, 0
L 235.1350, -366.5471, -4.6212,  231.9676, -367.5145, -4.4987,  0, 0, 0
L 231.9676, -367.5145, -4.4987,  232.1375, -371.9975, -3.4984,  0, 0, 0
L 232.1375, -371.9975, -3.4984,  237.6939, -385.2375, -9.4564,  0, 0, 0
L 237.6939, -385.2375, -9.4564,  238.7618, -402.6109, -8.7985,  0, 0, 0
L 238.7618, -402.6109, -8.7985,  239.5107, -407.8600, -2.1187,  0, 0, 0
L 239.5107, -407.8600, -2.1187,  230.5336, -416.8550, -0.7094,  0, 0, 0
L 230.5336, -416.8550, -0.7094,  225.9663, -415.9655, 1.5700,  0, 0, 0
L 225.9663, -415.9655, 1.5700,  225.9650, -436.7880, 1.8000,  0, 0, 0
L 225.9650, -436.7880, 1.8000,  232.9645, -431.1327, 2.5426,  0, 0, 0
L 232.9645, -431.1327, 2.7947,  232.9764, -445.9639, 1.5276,  0, 0, 0
L 232.9764, -445.9639, 4.1261,  216.2300, -445.9863, 11.7523,  0, 0, 0
L 216.2300, -445.9863, 11.7523,  216.5346, -448.9664, 11.2659,  0, 0, 0
L 216.5346, -448.9664, 12.2814,  126.9655, -448.9658, 12.2821,  0, 0, 0
L 126.9655, -448.9658, 12.2821,  126.9680, -453.3285, 11.3040,  0, 0, 0
L 126.9680, -453.3285, 0.6371,  92.9649, -442.2905, 0.6582,  0, 0, 0
L 73.1834, -439.5255, 0.1582,  69.1830, -431.5316, 0.1582,  0, 0, 0
L 69.1830, -431.5316, 0.1582,  69.3390, -413.5108, 0.1582,  0, 0, 0
L 69.3390, -413.5108, 0.1582,  67.1045, -403.4187, 0.1582,  0, 0, 0
L 67.1045, -403.4187, 0.1582,  61.6398, -395.8976, 0.1582,  0, 0, 0
L 61.6398, -395.8976, 0.1582,  55.9108, -389.3378, 0.1582,  0, 0, 0
L 55.9108, -389.3378, 0.1582,  49.4947, -383.8381, 0.1582,  0, 0, 0
L 49.4947, -383.8381, 0.1582,  39.5810, -379.8743, 0.1582,  0, 0, 0
L 39.5810, -379.8743, 0.1582,  31.7372, -375.9658, 2.1581,  0, 0, 0
L 33.9029, -375.9658, 2.1581,  20.3390, -375.9658, 2.1581,  64, 64, 64
L 20.3390, -375.9658, 2.1581,  20.3410, -362.3350, 2.1581,  64, 64, 64
L 33.9029, -375.9658, 2.1581,  33.9168, -362.3370, 0.1582,  64, 64, 64
L 33.9168, -362.3370, 4.9150,  20.3410, -362.3350, 2.1581,  64, 64, 64
L 33.9309, -362.5942, 2.1581,  38.6321, -362.5942, 2.1821,  0, 0, 0
L 38.6321, -362.5942, 2.1821,  38.6319, -225.3460, 2.1819,  0, 0, 0
L 38.6319, -225.3460, 3.1581,  44.7963, -225.3120, 3.1583,  0, 0, 0
L 44.7963, -225.3120, 3.1894,  44.7012, -226.4924, 3.2252,  0, 0, 0
L 44.7012, -226.4924, 3.2252,  180.3360, -226.7983, 19.3591,  0, 0, 0
L 180.3360, -226.7983, 19.3591,  180.2060, -221.3820, 13.2117,  0, 0, 0
L 180.2060, -221.3820, 8.4080,  195.9693, -221.1250, 0.3308,  0, 0, 0
L 195.9693, -221.1250, -2.8083,  195.9659, -244.2000, 4.9641,  0, 0, 0
L 195.9659, -244.2000, 4.9641,  246.9561, -244.2780, 5.8376,  0, 0, 0
L 246.9561, -244.2780, 13.9094,  247.4010, -238.3460, 12.8818,  0, 0, 0
L 247.4010, -238.3460, 12.9534,  259.6861, -238.3210, 10.8430,  0, 0, 0
L 257.7534, -252.9694, -1.8429,  259.6861, -238.3210, -1.8416,  0, 0, 0
L 257.7534, -252.9694, -2.5177,  253.8743, -252.9687, -2.5169,  0, 0, 0
L 253.8743, -252.9687, -2.5169,  246.7775, -253.8836, -3.2023,  0, 0, 0
L 246.7775, -253.8836, -3.2023,  245.8787, -260.1720, -7.9189,  0, 0, 0
L 245.8787, -260.1720, -7.9189,  238.2841, -264.5265, -10.2550,  0, 0, 0
L 238.2841, -264.5265, -10.2550,  233.2549, -269.4410, -6.4813,  0, 0, 0
L 225.9649, -265.5600, 2.7600,  233.2365, -268.9465, -6.4691,  0, 0, 0
L 226.1106, -263.3571, 3.2366,  225.9582, -354.4340, 2.5700,  0, 0, 0
L 225.9582, -354.4340, -5.5151,  234.9601, -354.2960, -6.4059,  0, 0, 0
L 234.9601, -354.2960, -7.7660,  235.1350, -366.5471, -9.6362,  0, 0, 0
L 275.3170, -417.9667, -0.5572,  279.3410, -417.9660, -0.3277,  0, 0, 0
L 279.3410, -417.9660, -0.3277,  279.1310, -468.9589, -0.3308,  0, 0, 0
L 279.1310, -468.9589, -3.7393,  299.7545, -468.9714, -2.6118,  0, 0, 0
L 299.7545, -468.9714, -5.1753,  299.8679, -465.9755, -4.7260,  0, 0, 0
L 299.8679, -465.9755, -4.7260,  306.9660, -465.9615, -7.7403,  0, 0, 0
L 306.9660, -465.9615, -7.1997,  306.9666, -459.3230, -7.2862,  0, 0, 0
L 306.9666, -459.3230, -6.7625,  304.9680, -459.3330, -5.9878,  0, 0, 0
L 304.9680, -459.3330, -5.9878,  305.1281, -407.2710, -5.8918,  0, 0, 0
L 305.1281, -407.2710, -1.1588,  302.9674, -407.3410, -1.4001,  0, 0, 0
L 302.9674, -407.3410, -1.4001,  302.9662, -397.3260, -0.6874,  0, 0, 0
L 302.9662, -397.3260, -7.1300,  275.3300, -397.2980, -10.5144,  0, 0, 0
L 275.3300, -397.2980, -9.6975,  275.3170, -417.9667, -1.1765,  0, 0, 0
L 393.9694, -452.3440, -7.5816,  393.9676, -397.8514, -5.5790,  0, 0, 0
L 363.7368, -403.3550, -5.5620,  393.9676, -397.8514, -7.6534,  0, 0, 0
L 338.3050, -403.3350, -5.8417,  338.3230, -415.9683, -6.9184,  0, 0, 0
L 338.3230, -415.9683, -5.6947,  346.2475, -415.9655, -2.1726,  0, 0, 0
L 346.2475, -415.9655, -2.1726,  344.8362, -426.3020, -6.6463,  0, 0, 0
L 344.8362, -426.3020, -6.6463,  347.2030, -432.1508, -5.8399,  0, 0, 0
L 347.2030, -432.1508, -5.8399,  347.3280, -454.2328, -5.4135,  0, 0, 0
L 347.3280, -454.2328, -5.4135,  337.8358, -462.4821, -3.9621,  0, 0, 0
L 337.8358, -462.4821, -3.8288,  370.9753, -468.6469, -10.7474,  0, 0, 0
L 370.9753, -468.6469, -3.7303,  391.9460, -461.8734, -5.6074,  0, 0, 0
L 391.9460, -461.8734, -8.4786,  399.8899, -452.3120, -6.3955,  0, 0, 0
L 399.8899, -452.3120, -13.6096,  393.9694, -452.3440, -13.6119,  0, 0, 0
L 338.3050, -403.3350, -5.8417,  363.7368, -403.3550, -2.8195,  0, 0, 0
L -63.7355, -109.2560, 28.2760,  -99.9561, -107.9981, 28.2078,  0, 0, 0
L -99.9561, -107.9981, 28.2078,  -113.4408, -112.3128, 31.9340,  0, 0, 0
L -218.3170, -139.3290, 28.8570,  -218.3400, -168.3300, 29.9750,  0, 0, 0
L -218.3400, -168.3300, 29.9750,  -69.9665, -168.3410, 29.9360,  0, 0, 0
L -69.9665, -168.3410, 29.9360,  -69.9682, -155.3450, 28.3816,  0, 0, 0
L -69.9682, -155.3450, 26.6057,  -63.4881, -155.2720, 25.7241,  0, 0, 0
L -63.4881, -155.2720, 2.2620,  -63.4889, -364.3460, 2.2597,  0, 0, 0
L -63.4889, -364.3460, 2.2597,  -57.9658, -364.3300, 3.6821,  0, 0, 0
L -57.9570, -375.9660, 3.6821,  -57.9673, -362.3280, 3.6821,  64, 64, 64
L -57.9673, -362.3280, 4.2634,  -44.3410, -362.3410, 5.2427,  64, 64, 64
L -44.3410, -375.9658, 5.4772,  -44.3410, -362.3410, 5.6935,  64, 64, 64
L -57.9570, -375.9660, 4.9428,  -44.3410, -375.9658, 5.6913,  64, 64, 64
L -57.9650, -372.9655, 6.2557,  -71.7540, -372.9685, 6.2496,  0, 0, 0
L -71.7540, -372.9685, 6.2496,  -80.8281, -378.6400, 6.2461,  0, 0, 0
L -80.8281, -378.6400, 6.2461,  -87.3791, -382.7440, 6.2453,  0, 0, 0
L -87.3791, -382.7440, 6.2453,  -93.3499, -388.7515, 6.2439,  0, 0, 0
L -93.3499, -388.7515, 6.2439,  -98.1621, -395.4916, 6.2153,  0, 0, 0
L -98.1621, -395.4916, 6.2153,  -102.3450, -404.2235, 6.2145,  0, 0, 0
L -102.3450, -404.2235, 6.2145,  -102.3430, -416.3460, 6.2134,  0, 0, 0
L -113.9659, -416.5930, 6.2134,  -100.3390, -416.3050, 6.2134,  64, 64, 64
L -100.3390, -416.3050, 5.6889,  -100.3400, -429.9658, 5.6887,  64, 64, 64
L -100.3400, -429.9658, 5.6850,  -113.9658, -429.9660, 5.6830,  64, 64, 64
L -113.9658, -429.9660, 4.4006,  -113.9659, -416.5930, 4.6981,  64, 64, 64
L -113.9582, -411.3057, 1.1420,  -113.9702, -416.5930, 2.6899,  0, 0, 0
L -33.3676, -464.7350, 3.9093,  -27.3500, -481.1535, 3.9091,  0, 0, 0
L -27.3500, -481.1535, 3.9091,  -10.9542, -488.2764, 3.9089,  0, 0, 0
L -10.9542, -488.2764, 3.9089,  5.4546, -481.9528, 3.9089,  0, 0, 0
L 5.4546, -481.9528, 3.9087,  12.5897, -465.8639, 3.9087,  0, 0, 0
L 12.5897, -465.8639, 3.9085,  6.2550, -449.4513, 3.9085,  0, 0, 0
L 6.2550, -449.4513, 3.9083,  -9.8245, -442.3215, 3.9083,  64, 64, 64
L -9.8245, -442.3215, 3.9081,  -26.2356, -448.6487, 3.9081,  0, 0, 0
L -26.2356, -448.6487, 3.9032,  -33.3676, -464.7350, 3.9030,  0, 0, 0
L -100.3440, -494.3330, 3.3790,  -100.3220, -507.9712, 1.1583,  64, 64, 64
L -100.3220, -507.9712, 1.1583,  -113.9659, -507.9415, 3.1589,  64, 64, 64
L -102.9094, -507.9651, 3.1589,  -102.4540, -521.8010, 0.1582,  0, 0, 0
L -102.4540, -521.8010, 0.1582,  -99.8490, -530.6417, 0.1582,  0, 0, 0
L -99.8490, -530.6417, 0.1582,  -94.2702, -538.3452, 0.1582,  0, 0, 0
L -94.2702, -538.3452, 0.1582,  -88.4474, -543.2036, 0.1582,  0, 0, 0
L -88.4474, -543.2036, 0.1582,  -80.6046, -548.1086, 0.1582,  0, 0, 0
L -80.6046, -548.1086, 0.1582,  -71.8482, -551.3300, 0.1582,  0, 0, 0
L -71.8482, -551.3300, 0.1582,  -58.9647, -551.3440, 3.1591,  0, 0, 0
L -58.9412, -562.9910, 3.1591,  -58.9710, -548.3560, 1.1581,  64, 64, 64
L -58.9710, -548.3560, 1.1584,  -45.3390, -548.2540, 1.1583,  64, 64, 64
L -45.3390, -548.2540, 1.1581,  -45.3390, -561.9479, 3.4930,  64, 64, 64
L -45.3390, -561.9479, 1.1581,  -58.9412, -562.9910, 3.1581,  64, 64, 64
L -58.6666, -560.9673, 1.1581,  -60.2832, -560.9648, 1.1584,  0, 0, 0
L -60.2832, -560.9648, 1.1584,  -60.3010, -642.1204, 1.1581,  0, 0, 0
L -60.3010, -642.1204, 0.1587,  -65.0000, -641.9127, 0.1570,  0, 0, 0
L -65.0000, -1672.3628, -67.8397,  -43.3050, -1672.2588, -67.8417,  0, 0, 0
L -43.3050, -1672.2588, -71.2557,  -43.3000, -1840.9717, -67.6885,  0, 0, 0
L -43.3000, -1840.9717, -66.1701,  -65.1293, -1840.9668, -67.6745,  0, 0, 0
L -65.1293, -1840.9668, -67.6745,  -66.2973, -2174.9976, -71.3786,  0, 0, 0
L 92.9705, -447.9655, 3.1345,  79.5253, -447.9757, 0.1583,  0, 0, 0
L 79.5253, -447.9757, 0.1582,  73.1834, -439.5255, 0.1582,  0, 0, 0
L 92.9651, -442.4078, 0.6211,  92.9705, -447.9655, 2.6414,  0, 0, 0
L -113.9659, -494.3350, 1.1581,  -100.3440, -494.3330, 1.1581,  64, 64, 64
L -100.3390, -496.5273, 3.4610,  -100.3340, -506.8838, 1.1581,  0, 0, 0
L -113.9659, -494.3350, 1.1581,  -113.9659, -509.1900, 1.1581,  64, 64, 64
L -416.2850, -509.4554, 1.1581,  -967.3220, -510.2259, 69.1581,  0, 0, 0
L -967.3220, -510.2259, 69.1581,  -967.2880, -491.3280, 70.1581,  0, 0, 0
L -967.2880, -491.3280, 69.1581,  -991.9659, -491.2990, 69.1581,  0, 0, 0
L -991.9659, -491.2990, 69.1581,  -991.9657, -536.2289, 69.1581,  0, 0, 0
L -991.9657, -536.2289, 69.1581,  -1034.8512, -536.3539, 69.1581,  0, 0, 0
L -1023.3040, -511.9309, 69.1581,  -1023.3120, -409.6580, 69.1581,  0, 0, 0
L -1037.2122, -387.9352, 69.1581,  -991.9659, -387.9984, 69.1581,  0, 0, 0
L -991.9659, -387.9984, 69.1581,  -991.9664, -432.9669, 69.1581,  0, 0, 0
L -991.9664, -432.9669, 69.1581,  -967.2220, -432.9701, 69.1581,  0, 0, 0
L -967.3490, -411.2382, 69.1590,  -967.2220, -432.9701, 70.1581,  0, 0, 0
L -967.3400, -411.2311, 69.1567,  -113.9582, -411.3057, 69.1581,  0, 0, 0
L -386.7937, -514.2910, 43.2931,  -380.9649, -546.1337, 42.4786,  0, 0, 0
L -380.9649, -546.1337, 42.4786,  -380.9683, -575.9485, 42.4729,  0, 0, 0
L -439.9673, -583.9664, 34.3870,  -416.3350, -583.9683, 37.4934,  0, 0, 0
L -416.3350, -583.9683, 42.4748,  -416.2850, -509.4554, 42.4682,  0, 0, 0
L -282.9660, -514.3470, 34.6159,  -282.9732, -509.3250, 33.1584,  64, 64, 64
L -282.9732, -509.3250, 19.8275,  -113.9659, -509.1900, 8.2064,  0, 0, 0
L -282.9660, -514.3470, 35.5339,  -386.7937, -514.2910, 35.5334,  0, 0, 0
L -378.9658, -494.3410, 26.1144,  -365.3350, -494.3410, 24.1591,  64, 64, 64
L -365.3350, -494.3410, 24.1582,  -365.3500, -507.9658, 24.1591,  64, 64, 64
L -365.3500, -507.9658, 24.1591,  -378.9658, -507.9657, 24.1582,  64, 64, 64
L -378.9658, -507.9657, 24.1582,  -378.9658, -494.3410, 24.1589,  64, 64, 64
L -482.3410, -494.3420, 47.1582,  -482.3260, -507.9660, 49.1910,  64, 64, 64
L -482.3260, -507.9660, 47.1582,  -495.9655, -507.9658, 47.1582,  64, 64, 64
L -495.9655, -507.9658, 47.1582,  -495.9664, -494.3140, 47.1582,  64, 64, 64
L -495.9664, -494.3140, 47.1589,  -482.3410, -494.3420, 47.1591,  64, 64, 64
L -380.9683, -575.9485, 38.2764,  -288.5810, -580.3290, 36.3301,  0, 0, 0
L -288.5810, -580.3290, 36.3301,  -280.7150, -577.9651, 36.9211,  0, 0, 0
L -280.7150, -577.9651, 36.9211,  -271.3559, -579.3187, 36.5855,  0, 0, 0
L -271.3559, -579.3187, 36.5855,  -270.7558, -582.1105, 35.8890,  0, 0, 0
L -270.7558, -582.1105, 35.8890,  -263.3005, -587.7096, 34.7297,  0, 0, 0
L -263.3005, -587.7096, 34.7297,  -261.4660, -592.1683, 34.2261,  0, 0, 0
L -261.4660, -592.1683, 34.2261,  -263.1743, -593.2426, 33.3903,  0, 0, 0
L -263.1743, -593.2426, 33.3903,  -260.2794, -602.2895, 32.9300,  0, 0, 0
L -260.2794, -602.2895, 32.9300,  -255.7283, -602.8541, 33.4690,  0, 0, 0
L -255.7283, -602.8541, 33.4690,  -251.6051, -608.2231, 33.4919,  0, 0, 0
L -251.6051, -608.2231, 33.4919,  -250.9089, -611.5236, 32.3594,  0, 0, 0
L -250.9089, -611.5236, 32.3594,  -246.8403, -623.1434, 31.4502,  0, 0, 0
L -246.8403, -623.1434, 31.4502,  -241.9656, -628.1702, 37.1390,  0, 0, 0
L -241.9656, -628.1702, 37.1390,  -241.9662, -760.3440, 37.1403,  0, 0, 0
L -241.9662, -760.3440, 37.1403,  -246.8685, -760.2970, 36.3826,  0, 0, 0
L -246.8685, -760.2970, 25.1492,  -246.8744, -872.7507, 25.1582,  0, 0, 0
L -246.8744, -872.7507, 40.1375,  -295.2830, -871.7840, 37.4230,  0, 0, 0
L -295.2510, -873.2131, 37.4230,  -295.2830, -871.7840, 36.1604,  0, 0, 0
L -295.2510, -873.2131, 27.7622,  -358.9669, -873.2032, 27.7591,  0, 0, 0
L -358.9669, -873.2032, 42.8093,  -358.9658, -903.3420, 35.1582,  0, 0, 0
L -358.9658, -903.3420, 35.1582,  -360.9481, -903.2800, 35.1582,  0, 0, 0
L -360.9481, -903.2800, 37.6989,  -361.3423, -994.3799, 44.4874,  0, 0, 0
L -361.3423, -994.3799, 45.1707,  -373.3170, -999.7527, 39.4431,  0, 0, 0
L -373.3170, -999.7527, 39.4431,  -376.3976, -1013.4950, 42.1822,  0, 0, 0
L -376.3976, -1013.4950, 42.1822,  -375.5498, -1016.2686, 45.8421,  0, 0, 0
L -375.5498, -1016.2686, 45.8421,  -373.2042, -1017.9764, 48.9360,  0, 0, 0
L -373.2042, -1017.9764, 48.9360,  -383.9852, -1037.7240, 38.5831,  0, 0, 0
L -383.9852, -1037.7240, 38.5831,  -394.2049, -1036.8467, 32.1582,  0, 0, 0
L -394.2049, -1036.8467, 32.1582,  -396.5552, -1038.3457, 32.1396,  0, 0, 0
L -396.5552, -1038.3457, 32.1396,  -399.9547, -1037.9856, 32.1582,  0, 0, 0
L -399.9547, -1037.9856, 32.1582,  -402.8022, -1036.8998, 32.1582,  0, 0, 0
L -402.8022, -1036.8998, 32.1582,  -408.6981, -1036.9727, 32.1582,  0, 0, 0
L -408.6981, -1036.9727, 32.1582,  -424.6180, -1038.2620, 44.8744,  0, 0, 0
L -424.6180, -1038.2620, 44.8744,  -557.9668, -1038.4529, 43.6991,  0, 0, 0
L -557.9677, -1031.3250, 41.1456,  -557.9668, -1038.4529, 51.2359,  0, 0, 0
L -557.9677, -1031.3250, 41.4241,  -620.9673, -1031.1167, 33.4810,  0, 0, 0
L -620.9673, -1031.1167, 34.7126,  -620.9659, -1051.9668, 41.7423,  0, 0, 0
L -620.9659, -1051.9668, 40.6929,  -616.9657, -1051.9668, 43.6764,  0, 0, 0
L -616.9657, -1051.9668, 43.6764,  -615.4393, -1115.8689, 44.9776,  0, 0, 0
L -615.4393, -1115.8689, 34.4969,  -448.5649, -1123.2621, 31.7612,  0, 0, 0
L -448.5649, -1123.2621, 31.7612,  -383.8775, -1105.9650, 30.2259,  0, 0, 0
L -383.8775, -1105.9650, 30.2259,  -359.8115, -1105.9646, 37.8070,  0, 0, 0
L -359.8115, -1105.9646, 37.8070,  -420.2219, -1161.8196, 46.3102,  0, 0, 0
L -420.2219, -1161.8196, 49.9774,  -450.9662, -1199.4916, 51.3712,  0, 0, 0
L -450.9662, -1199.4916, 41.7374,  -450.9658, -1254.3318, 41.7400,  0, 0, 0
L -450.9658, -1254.3318, 41.7400,  -462.9703, -1254.3197, 31.9528,  0, 0, 0
L -462.9703, -1254.3197, 27.1265,  -462.9666, -1271.9651, 29.1158,  0, 0, 0
L -462.9666, -1271.9651, 24.5134,  -445.2260, -1271.9661, 24.5128,  0, 0, 0
L -445.2260, -1271.9661, 26.6476,  -445.3460, -1267.3589, 35.3787,  0, 0, 0
L -445.3460, -1267.3589, 35.3787,  -390.3100, -1267.3578, 35.5557,  0, 0, 0
L -390.3100, -1267.3578, 31.8720,  -390.3370, -1262.9655, 36.1910,  0, 0, 0
L -390.3370, -1262.9655, 36.1910,  -358.9660, -1262.9657, 36.1850,  0, 0, 0
L -358.9660, -1262.9657, 36.1850,  -358.9662, -1269.7489, 31.7082,  0, 0, 0
L -358.9662, -1269.7489, 28.8931,  -352.8206, -1265.8606, 32.1396,  0, 0, 0
L -352.8206, -1265.8606, 32.1396,  -348.2142, -1271.2288, 30.7071,  0, 0, 0
L -348.2142, -1271.2288, 31.6617,  -329.7037, -1260.7544, 27.9073,  0, 0, 0
L -329.7037, -1260.7544, 27.9073,  -311.7479, -1241.1304, 21.1268,  0, 0, 0
L -311.7479, -1241.1304, 21.1268,  -306.2083, -1233.6311, 31.1534,  0, 0, 0
L -306.2083, -1233.6311, 31.1534,  -274.7998, -1237.3656, 31.1492,  0, 0, 0
L -274.7998, -1237.3656, 31.1492,  -240.5382, -1236.2638, 38.1591,  0, 0, 0
L -240.5382, -1236.2638, 38.1591,  -236.1316, -1233.9679, 38.1582,  0, 0, 0
L -236.1316, -1233.9679, 38.1582,  -121.4788, -1233.9618, 37.8915,  0, 0, 0
L -121.4788, -1233.9618, 40.4279,  -123.9317, -1237.2339, 43.1350,  0, 0, 0
L -123.9317, -1237.2339, 43.1350,  -128.8084, -1246.4574, 45.4588,  0, 0, 0
L -128.8084, -1246.4574, 45.4588,  -125.7462, -1261.8190, 40.7501,  0, 0, 0
L -125.7462, -1261.8190, 40.7501,  -121.5888, -1266.4030, 43.7601,  0, 0, 0
L -121.5888, -1266.4030, 43.7601,  -121.4318, -1274.1842, 43.9754,  0, 0, 0
L -121.4318, -1274.1842, 38.8712,  -137.9662, -1279.2876, 32.1582,  0, 0, 0
L -137.9662, -1279.2876, 32.1591,  -137.9667, -1290.9679, 32.9269,  0, 0, 0
L -137.9667, -1290.9679, 32.7655,  -135.9656, -1290.9656, 32.8729,  0, 0, 0
L -135.9656, -1290.9656, 32.8729,  -135.9655, -1417.3230, 32.8736,  0, 0, 0
L -135.9655, -1417.3230, 32.8736,  -140.9660, -1417.2371, 28.9374,  0, 0, 0
L -140.9660, -1417.2371, 28.6797,  -140.9676, -1602.9640, 25.3480,  0, 0, 0
L -137.8576, -1602.9650, 28.5289,  -140.9676, -1602.9640, 29.2514,  0, 0, 0
L -137.8632, -1602.9651, 28.5208,  -137.9204, -1609.8927, 28.8084,  0, 0, 0
L -137.9204, -1609.8927, 28.8084,  -136.8568, -1612.7367, 30.2130,  0, 0, 0
L -136.8568, -1612.7367, 30.2130,  -139.3745, -1615.8108, 26.9220,  0, 0, 0
L -139.3745, -1615.8108, 26.9220,  -146.6730, -1620.8064, 30.8090,  0, 0, 0
L -146.6730, -1620.8064, 30.8090,  -144.6740, -1632.2168, 25.1583,  0, 0, 0
L -144.6740, -1632.2168, 25.1583,  -138.1745, -1637.5038, 28.2906,  0, 0, 0
L -138.1745, -1637.5038, 28.2906,  -137.3100, -1639.5038, 31.2109,  0, 0, 0
L -137.3100, -1639.5038, 31.2109,  -135.2589, -1640.6432, 35.2660,  0, 0, 0
L -135.2589, -1640.6432, 35.2660,  -134.9660, -1701.7798, 33.4025,  0, 0, 0
L -134.9660, -1701.7798, 33.4025,  -136.2740, -1701.3927, 31.2667,  0, 0, 0
L -136.2740, -1701.3927, 31.2667,  -139.3627, -1708.6005, 26.2780,  0, 0, 0
L -139.3627, -1708.6005, 26.2780,  -146.4736, -1710.8014, 33.8588,  0, 0, 0
L -146.4736, -1710.8014, 33.8588,  -146.4584, -1725.8450, 33.5050,  0, 0, 0
L -146.4584, -1725.8450, 33.5050,  -129.3640, -1730.8091, 24.2107,  0, 0, 0
L -129.3640, -1730.8091, 24.2107,  -117.4792, -1729.8385, 25.4059,  0, 0, 0
L -117.4792, -1729.8385, 25.4059,  -112.4809, -1727.1746, 23.9063,  0, 0, 0
L -112.4809, -1727.1746, 23.9063,  -103.7918, -1726.1858, 17.8847,  0, 0, 0
L -103.7918, -1726.1858, 17.8847,  -96.7197, -1722.9882, 16.1575,  0, 0, 0
L -96.7197, -1722.9882, 16.1575,  -93.9658, -1722.9656, 16.1582,  0, 0, 0
L -93.9658, -1722.9656, 16.1582,  -93.9791, -1729.9596, 16.1563,  0, 0, 0
L -93.9791, -1729.9596, 16.1563,  -96.6052, -1733.2123, 17.2218,  0, 0, 0
L -96.6052, -1733.2123, 17.2218,  -92.9663, -1760.5348, 23.8237,  0, 0, 0
L -92.9663, -1760.5348, 27.4146,  -92.9649, -1856.9960, 27.4151,  0, 0, 0
L -92.9649, -1856.9960, 27.4151,  -95.9667, -1855.1581, 24.9232,  0, 0, 0
L -95.9667, -1855.1581, 24.9232,  -100.9091, -1856.7155, 23.9766,  0, 0, 0
L -100.9091, -1856.7155, 23.9766,  -103.7469, -1858.8733, 25.7799,  0, 0, 0
L -103.7469, -1858.8733, 25.7799,  -104.6602, -1862.3407, 28.4100,  0, 0, 0
L -104.6602, -1862.3407, 28.4100,  -192.3430, -1862.3407, 28.4146,  0, 0, 0
L -192.3430, -1862.3407, 28.4146,  -192.2870, -1833.3589, 18.9694,  0, 0, 0
L -192.2870, -1833.3589, 19.1552,  -209.9661, -1833.2748, 18.9967,  0, 0, 0
L -209.9661, -1833.2748, 18.2891,  -209.9656, -1850.3101, 26.4152,  0, 0, 0
L -209.9656, -1850.3101, 26.4116,  -313.6114, -1850.3521, 26.4161,  0, 0, 0
L -313.6114, -1850.3521, 31.9320,  -319.5629, -1844.2898, 31.2740,  0, 0, 0
L -319.5629, -1844.2898, 31.2740,  -349.8030, -1828.9646, 56.1584,  0, 0, 0
L -349.8030, -1828.9646, 56.1584,  -355.9230, -1815.6261, 15.2623,  0, 0, 0
L -355.9230, -1815.6261, 15.2623,  -356.1458, -1625.3040, 19.5808,  0, 0, 0
L -363.9671, -1625.3468, 22.3806,  -356.1458, -1625.3040, 17.6203,  0, 0, 0
L -363.9671, -1625.3468, 23.9888,  -363.9655, -1631.3418, 27.4145,  0, 0, 0
L -363.9655, -1631.3418, 27.4145,  -442.3440, -1631.3429, 27.4146,  0, 0, 0
L -442.3440, -1631.3429, 27.4146,  -442.2940, -1563.3660, 17.8593,  0, 0, 0
L -442.2940, -1563.3660, 22.1582,  -450.4920, -1559.5470, 22.1571,  0, 0, 0
L -450.4920, -1559.5470, 22.1571,  -465.9676, -1557.5673, 41.6732,  0, 0, 0
L -465.9676, -1557.5673, 41.6732,  -465.9648, -1559.2980, 43.8669,  0, 0, 0
L -465.9648, -1559.2980, 43.8669,  -534.7690, -1559.3457, 43.8680,  0, 0, 0
L -534.5569, -1559.2278, 45.2458,  -529.8904, -1553.6204, 46.3021,  0, 0, 0
L -529.8904, -1553.6204, 46.3021,  -526.7190, -1545.4419, 46.5645,  0, 0, 0
L -526.7190, -1545.4419, 46.5645,  -527.8179, -1526.5331, 46.4615,  0, 0, 0
L -527.8179, -1526.5331, 46.4615,  -536.2068, -1524.6681, 50.7314,  0, 0, 0
L -536.2068, -1524.6681, 50.7314,  -538.1508, -1517.2710, 49.3254,  0, 0, 0
L -538.1508, -1517.2710, 51.5720,  -515.3160, -1525.3622, 34.8256,  0, 0, 0
L -515.3160, -1525.3622, 36.2903,  -515.3080, -1506.4988, 26.6960,  0, 0, 0
L -515.3080, -1506.4988, 26.6955,  -524.4184, -1510.7349, 32.7145,  0, 0, 0
L -524.4184, -1510.7349, 32.7145,  -525.3400, -1482.9666, 33.5232,  0, 0, 0
L -525.3400, -1482.9666, 33.5232,  -519.4836, -1482.9690, 33.5228,  0, 0, 0
L -519.4836, -1482.9690, 33.5223,  -511.6340, -1470.3416, 32.4144,  0, 0, 0
L -511.6340, -1470.3416, 32.4144,  -515.1399, -1452.1187, 22.5255,  0, 0, 0
L -515.1399, -1452.1187, 22.5255,  -518.5825, -1441.4463, 22.5313,  0, 0, 0
L -518.5825, -1441.4463, 22.5313,  -518.9731, -1437.4152, 26.1777,  0, 0, 0
L -518.9731, -1437.4152, 26.1777,  -509.6220, -1431.5226, 28.7833,  0, 0, 0
L -509.6220, -1431.5226, 28.7833,  -509.2339, -1422.9302, 29.6402,  0, 0, 0
L -509.2339, -1422.9302, 29.6402,  -517.5923, -1417.4817, 26.9405,  0, 0, 0
L -517.5923, -1417.4817, 26.9405,  -524.9008, -1414.4810, 34.1218,  0, 0, 0
L -524.9008, -1414.4810, 34.1218,  -525.3350, -1322.2980, 34.5309,  0, 0, 0
L -525.3350, -1322.2980, 34.5309,  -501.3260, -1321.9657, 34.5268,  0, 0, 0
L -501.3260, -1321.9657, 34.5262,  -501.2820, -1307.8610, 34.5257,  0, 0, 0
L -501.2820, -1307.8610, 34.5244,  -555.3069, -1310.5735, 36.1591,  0, 0, 0
L -555.3069, -1310.5735, 36.1591,  -555.3390, -1288.3639, 36.1580,  0, 0, 0
L -555.3390, -1288.3639, 36.1572,  -570.9669, -1288.2638, 41.2490,  0, 0, 0
L -570.9669, -1288.2638, 41.2685,  -570.9647, -1292.5636, 41.1899,  0, 0, 0
L -570.9647, -1292.5636, 41.1899,  -698.3360, -1292.6050, 37.9746,  0, 0, 0
L -698.3360, -1292.6050, 37.9746,  -697.8961, -1275.8799, 34.4040,  0, 0, 0
L -697.8961, -1275.8799, 34.4040,  -694.9302, -1271.1310, 35.5307,  0, 0, 0
L -694.9302, -1271.1310, 35.5307,  -694.6740, -1262.9882, 34.7959,  0, 0, 0
L -694.6740, -1262.9882, 55.1998,  -501.3120, -1263.7599, 55.4313,  0, 0, 0
L -501.3120, -1263.7599, 46.5818,  -501.3350, -1259.3219, 47.4444,  0, 0, 0
L -501.3350, -1259.3219, 46.2593,  -505.3390, -1259.3318, 48.2757,  0, 0, 0
L -505.3390, -1259.3318, 48.2757,  -505.3500, -1231.1675, 47.7593,  0, 0, 0
L -505.3500, -1231.1675, 47.7593,  -497.6485, -1227.8395, 46.4817,  0, 0, 0
L -497.6485, -1227.8395, 46.4817,  -486.4619, -1207.8501, 44.5399,  0, 0, 0
L -486.4619, -1207.8501, 44.5399,  -495.9870, -1194.1177, 44.7670,  0, 0, 0
L -495.9870, -1194.1177, 44.7670,  -522.2665, -1181.3949, 48.9934,  0, 0, 0
L -522.2665, -1181.3949, 48.9934,  -520.6214, -1173.9153, 47.3611,  0, 0, 0
L -520.6214, -1173.9153, 47.3611,  -525.7881, -1169.1603, 46.2530,  0, 0, 0
L -525.7881, -1169.1603, 46.2530,  -534.8550, -1170.5885, 47.1270,  0, 0, 0
L -534.8550, -1170.5885, 47.1270,  -539.4195, -1167.5033, 47.1398,  0, 0, 0
L -539.4195, -1167.5033, 47.1398,  -541.8021, -1169.4778, 46.9256,  0, 0, 0
L -541.8021, -1169.4778, 46.9256,  -548.7360, -1166.5835, 46.1011,  0, 0, 0
L -548.7360, -1166.5835, 46.1011,  -555.8229, -1172.8694, 50.7779,  0, 0, 0
L -555.8229, -1172.8694, 50.7779,  -558.2444, -1176.8711, 51.1480,  0, 0, 0
L -558.2444, -1176.8711, 51.1480,  -559.2223, -1181.8372, 51.4040,  0, 0, 0
L -559.2223, -1181.8372, 51.4040,  -614.3400, -1196.3130, 68.1347,  0, 0, 0
L -614.3400, -1196.3130, 68.1347,  -618.9651, -1173.2903, 42.6599,  0, 0, 0
L -618.9651, -1173.2903, 42.6599,  -621.1390, -1170.5059, 42.5076,  0, 0, 0
L -621.1390, -1170.5059, 42.5076,  -626.6855, -1167.5027, 41.5020,  0, 0, 0
L -626.6855, -1167.5027, 41.5020,  -626.7101, -1164.9612, 43.8913,  0, 0, 0
L -626.7101, -1164.9612, 43.8913,  -629.2346, -1160.2681, 48.5123,  0, 0, 0
L -629.2346, -1160.2681, 48.5123,  -629.2587, -1158.5353, 50.1768,  0, 0, 0
L -629.2587, -1158.5353, 50.1768,  -629.6250, -1156.1198, 49.7411,  0, 0, 0
L -629.6250, -1156.1198, 49.7411,  -633.3979, -1154.9032, 51.5490,  0, 0, 0
L -633.3979, -1154.9032, 51.5490,  -635.3591, -1148.5237, 50.7623,  0, 0, 0
L -635.3591, -1148.5237, 50.7623,  -641.5349, -1147.4983, 53.9508,  0, 0, 0
L -641.5349, -1147.4983, 53.9508,  -636.7903, -1142.8053, 56.6739,  0, 0, 0
L -636.7903, -1142.8053, 56.6739,  -637.5973, -1141.1431, 55.8380,  0, 0, 0
L -637.5973, -1141.1431, 55.8380,  -641.1879, -1138.3727, 54.9690,  0, 0, 0
L -641.1879, -1138.3727, 54.9690,  -645.2605, -1134.8593, 58.1047,  0, 0, 0
L -645.2605, -1134.8593, 58.1047,  -648.7191, -1135.3279, 58.6824,  0, 0, 0
L -648.7191, -1135.3279, 58.6824,  -670.3380, -1099.2046, 57.8438,  0, 0, 0
L -670.3380, -1099.2046, 49.4521,  -670.3220, -1042.3019, 46.5392,  0, 0, 0
L -670.3220, -1042.3019, 51.8293,  -673.3440, -1042.3429, 51.8293,  0, 0, 0
L -673.3440, -1042.3429, 51.8293,  -673.3390, -1036.8401, 56.1570,  0, 0, 0
L -673.3390, -1036.8401, 56.1570,  -669.2181, -1029.4302, 49.8113,  0, 0, 0
L -669.2181, -1029.4302, 49.8113,  -673.3069, -1024.7675, 56.2867,  0, 0, 0
L -673.3069, -1024.7675, 56.2867,  -669.9302, -992.9647, 57.1550,  0, 0, 0
L -669.9832, -992.9646, 50.8980,  -669.9811, -818.7510, 50.9677,  0, 0, 0
L -669.9811, -818.7510, 54.4380,  -673.8568, -816.6309, 55.3100,  0, 0, 0
L -673.8568, -816.6309, 55.3100,  -674.1684, -764.9661, 51.1280,  0, 0, 0
L -674.1684, -764.9661, 45.2299,  -551.3300, -764.9691, 46.1691,  0, 0, 0
L -551.3300, -764.9691, 46.1683,  -551.3470, -633.4075, 46.1612,  0, 0, 0
L -551.3470, -633.4075, 46.1612,  -543.8698, -625.1567, 46.1572,  0, 0, 0
L -543.8698, -625.1567, 46.1561,  -545.6031, -603.1470, 50.1741,  0, 0, 0
L -545.6031, -603.1470, 50.1741,  -536.6520, -601.8137, 39.9964,  0, 0, 0
L -536.6520, -601.8137, 39.9964,  -526.9391, -596.2399, 33.9744,  0, 0, 0
L -526.9391, -596.2399, 33.9744,  -531.1658, -586.1942, 31.8286,  0, 0, 0
L -531.1658, -586.1942, 31.8286,  -525.3871, -584.8965, 33.1512,  0, 0, 0
L -525.3871, -584.8965, 33.1512,  -521.6413, -581.3334, 33.7753,  0, 0, 0
L -521.6413, -581.3334, 33.7753,  -521.2802, -580.1620, 33.8004,  0, 0, 0
L -521.2802, -580.1620, 33.8004,  -517.8536, -582.2870, 33.9510,  0, 0, 0
L -517.8536, -582.2870, 33.9510,  -514.6944, -581.3810, 33.9084,  0, 0, 0
L -514.6944, -581.3810, 33.9084,  -499.6687, -584.2892, 37.3984,  0, 0, 0
L -499.6687, -584.2892, 37.3984,  -496.9753, -581.7267, 37.3738,  0, 0, 0
L -496.9753, -581.7267, 37.3738,  -498.7887, -578.1274, 34.1084,  0, 0, 0
L -498.7887, -578.1274, 34.1084,  -449.4261, -577.6250, 36.8937,  0, 0, 0
L -449.4261, -577.6250, 43.5830,  -439.9653, -575.4443, 43.1289,  0, 0, 0
L -439.9653, -575.4443, 43.1289,  -439.9673, -583.9664, 43.1289,  0, 0, 0
L -419.9658, -620.3199, 43.7090,  -419.9669, -613.8443, 36.6914,  0, 0, 0
L -419.9669, -613.8443, 33.5073,  -377.3010, -615.4941, 31.1582,  0, 0, 0
L -377.3010, -615.4941, 42.5011,  -377.3440, -621.3440, 42.5427,  0, 0, 0
L -377.3440, -621.3440, 42.5427,  -302.3370, -621.3149, 41.1582,  0, 0, 0
L -302.3370, -621.3149, 37.4217,  -302.3480, -727.8781, 37.2764,  0, 0, 0
L -302.3480, -727.8781, 37.2764,  -295.9399, -755.2878, 33.7021,  0, 0, 0
L -295.9399, -755.2878, 34.3100,  -309.8000, -768.9944, 34.2162,  0, 0, 0
L -309.8000, -768.9944, 34.2162,  -309.3030, -770.5720, 34.2096,  0, 0, 0
L -309.3030, -770.5720, 34.2096,  -317.9666, -777.3618, 29.1186,  0, 0, 0
L -317.9666, -777.3618, 28.7793,  -317.9657, -770.5525, 28.6740,  0, 0, 0
L -317.9657, -770.5525, 28.6740,  -474.9714, -770.4559, 26.9548,  0, 0, 0
L -474.9714, -770.4559, 38.3864,  -474.9694, -764.9647, 44.6356,  0, 0, 0
L -474.9694, -764.9647, 44.6356,  -495.4008, -764.9664, 38.4298,  0, 0, 0
L -495.4008, -764.9664, 37.1582,  -504.3387, -756.3080, 38.7021,  0, 0, 0
L -504.3387, -756.3080, 39.8290,  -496.9701, -756.3390, 43.9000,  0, 0, 0
L -496.9701, -756.3390, 43.9000,  -496.9712, -623.2520, 42.9986,  0, 0, 0
L -496.9712, -623.2520, 39.7316,  -494.9692, -623.3470, 39.7331,  0, 0, 0
L -494.9692, -623.3470, 39.7331,  -494.7221, -620.3130, 37.7441,  0, 0, 0
L -494.7221, -620.3130, 42.2600,  -419.9694, -620.3430, 42.5200,  0, 0, 0
L -473.9096, -818.6269, 25.4768,  -439.1154, -844.3066, 25.1582,  0, 0, 0
L -439.1154, -844.3066, 25.1582,  -431.3700, -851.6186, 25.1582,  0, 0, 0
L -431.3700, -851.6186, 25.1582,  -426.3888, -864.7663, 25.1582,  0, 0, 0
L -426.3888, -864.7663, 25.1582,  -424.7153, -877.4000, 25.1582,  0, 0, 0
L -424.7153, -877.4000, 25.1582,  -421.3140, -877.2900, 25.1582,  0, 0, 0
L -421.3140, -877.2900, 40.2751,  -421.1810, -994.9665, 40.2623,  0, 0, 0
L -421.1810, -994.9665, 45.2432,  -613.9701, -994.9742, 44.9427,  0, 0, 0
L -613.9701, -994.9742, 41.7244,  -613.9673, -992.9659, 42.7338,  0, 0, 0
L -613.9673, -992.9659, 42.7338,  -615.6005, -992.9723, 42.6876,  0, 0, 0
L -615.9681, -989.5793, 46.2600,  -615.9688, -830.9657, 47.1582,  0, 0, 0
L -615.9688, -830.9657, 47.1582,  -628.4625, -830.9640, 47.3350,  0, 0, 0
L -628.4625, -830.9640, 42.1582,  -611.2469, -814.7621, 42.1582,  0, 0, 0
L -611.2469, -814.7621, 43.2511,  -611.3400, -819.3210, 43.2503,  0, 0, 0
L -611.3400, -819.3210, 43.2503,  -590.8429, -819.6150, 43.9662,  0, 0, 0
L -578.4139, -822.3610, 44.1336,  -590.7988, -819.1044, 44.2790,  0, 0, 0
L -578.4139, -822.3610, 44.2659,  -474.8405, -821.9669, 44.1013,  0, 0, 0
L -474.8405, -821.9669, 44.1013,  -473.9096, -818.6269, 41.4200,  0, 0, 0
L -470.2606, -1312.9573, 29.1582,  -395.3931, -1308.3528, 29.1571,  0, 0, 0
L -395.3931, -1308.3528, 29.1571,  -394.5409, -1305.5507, 27.5671,  0, 0, 0
L -394.5409, -1305.5507, 27.5671,  -387.9870, -1305.4646, 27.5069,  0, 0, 0
L -387.9870, -1305.4646, 27.5069,  -385.7293, -1307.9690, 29.2537,  0, 0, 0
L -385.7293, -1307.9690, 29.2537,  -382.3749, -1305.2118, 27.3415,  0, 0, 0
L -382.3749, -1305.2118, 27.3415,  -375.3484, -1299.6669, 31.1953,  0, 0, 0
L -375.3484, -1299.6669, 31.1953,  -371.1116, -1300.6825, 30.7648,  0, 0, 0
L -371.1116, -1300.6825, 30.7648,  -364.7973, -1307.5492, 28.8997,  0, 0, 0
L -364.7973, -1307.5492, 28.8997,  -365.7040, -1311.2240, 33.5897,  0, 0, 0
L -365.7040, -1311.2240, 33.5897,  -362.4028, -1309.7046, 31.5677,  0, 0, 0
L -362.4028, -1309.7046, 31.5677,  -356.5496, -1310.5697, 31.4973,  0, 0, 0
L -356.5496, -1310.5697, 31.4973,  -349.3440, -1314.7620, 24.1582,  0, 0, 0
L -349.3440, -1314.7620, 24.1582,  -331.1053, -1312.5757, 24.1582,  0, 0, 0
L -331.1053, -1312.5757, 24.1582,  -307.9655, -1316.9655, 23.8994,  0, 0, 0
L -307.9655, -1316.9655, 23.8994,  -307.9669, -1312.3639, 23.8516,  0, 0, 0
L -307.9669, -1312.3639, 23.8354,  -304.3230, -1312.3058, 23.8339,  0, 0, 0
L -304.3230, -1312.3058, 27.4142,  -304.3170, -1427.9666, 28.6132,  0, 0, 0
L -304.3170, -1427.9666, 31.9850,  -468.9667, -1427.9673, 30.8904,  0, 0, 0
L -468.9667, -1427.9673, 28.8062,  -468.9658, -1425.9655, 29.7322,  0, 0, 0
L -468.9658, -1425.9655, 29.7322,  -470.9680, -1425.9694, 29.7290,  0, 0, 0
L -470.9680, -1425.9694, 33.3000,  -470.9667, -1319.9668, 33.5555,  0, 0, 0
L -470.9667, -1319.9668, 33.5555,  -478.6734, -1319.9634, 33.5553,  0, 0, 0
L -478.6734, -1319.9634, 29.1582,  -470.2606, -1312.9573, 29.1582,  0, 0, 0
L -475.9687, -1464.3230, 20.4841,  -448.3210, -1464.3268, 23.9754,  0, 0, 0
L -448.3210, -1464.3268, 25.4100,  -448.3390, -1474.1969, 25.1582,  0, 0, 0
L -448.3390, -1474.1969, 25.1582,  -446.3260, -1474.6250, 25.1582,  0, 0, 0
L -446.3260, -1474.6250, 25.1582,  -446.3480, -1491.9048, 25.6100,  0, 0, 0
L -446.3480, -1491.9048, 25.6100,  -444.3183, -1502.2599, 22.7241,  0, 0, 0
L -444.3183, -1502.2599, 22.7241,  -444.3322, -1517.8146, 22.7469,  0, 0, 0
L -444.3322, -1517.8146, 22.7469,  -445.6965, -1526.3429, 24.5609,  0, 0, 0
L -445.6965, -1526.3429, 24.5609,  -444.3460, -1526.1493, 23.2700,  0, 0, 0
L -444.3460, -1526.1493, 22.3482,  -444.3070, -1532.9635, 22.3466,  0, 0, 0
L -444.3070, -1532.9635, 22.2343,  -467.9660, -1533.4518, 34.8629,  0, 0, 0
L -467.9660, -1533.4518, 27.6371,  -467.9685, -1512.9646, 26.8740,  0, 0, 0
L -467.9685, -1512.9646, 26.1582,  -470.9660, -1512.9666, 26.1582,  0, 0, 0
L -470.9660, -1512.9666, 32.7500,  -470.9651, -1484.9646, 32.6300,  0, 0, 0
L -470.9651, -1484.9646, 30.6713,  -475.9648, -1484.9779, 25.6259,  0, 0, 0
L -475.9648, -1484.9779, 25.3394,  -475.9687, -1464.3230, 21.9040,  0, 0, 0
L -403.9662, -1473.3440, 25.1582,  -403.9701, -1532.9655, 27.4830,  0, 0, 0
L -403.9701, -1532.9655, 20.2811,  -364.9103, -1532.9655, 17.9627,  0, 0, 0
L -364.9103, -1532.9655, 17.6234,  -357.1736, -1523.5188, 15.2916,  0, 0, 0
L -357.1736, -1523.5188, 15.2916,  -357.2530, -1471.3350, 23.1582,  0, 0, 0
L -357.2530, -1471.3350, 23.1878,  -361.9662, -1471.3180, 23.4895,  0, 0, 0
L -361.9662, -1471.3180, 23.8411,  -361.9662, -1474.3379, 23.8381,  0, 0, 0
L -361.9662, -1474.3379, 23.8381,  -372.3190, -1473.2090, 27.6000,  0, 0, 0
L -403.9662, -1473.3440, 31.8698,  -372.3190, -1473.2090, 32.2081,  0, 0, 0
L -330.9676, -1626.9628, 27.4131,  -330.9667, -1516.4502, 26.7740,  0, 0, 0
L -330.9667, -1516.4502, 26.9750,  -335.3236, -1512.5800, 21.4669,  0, 0, 0
L -335.3236, -1512.5800, 28.6643,  -330.9658, -1512.3407, 30.4429,  0, 0, 0
L -330.9658, -1512.3407, 30.4429,  -330.9703, -1471.1110, 30.4391,  0, 0, 0
L -330.9703, -1471.1110, 28.2753,  -284.6779, -1470.3367, 18.1772,  0, 0, 0
L -284.6779, -1470.3367, 18.1772,  -279.1163, -1471.2770, 17.8579,  0, 0, 0
L -279.1163, -1471.2770, 17.8579,  -276.5466, -1470.9230, 17.7951,  0, 0, 0
L -276.5466, -1470.9230, 17.7951,  -275.3238, -1465.3705, 18.5170,  0, 0, 0
L -275.8167, -1466.6669, 17.9890,  -265.2404, -1447.9352, 18.9950,  0, 0, 0
L -265.2404, -1447.9352, 18.9950,  -264.8786, -1440.9015, 19.4460,  0, 0, 0
L -264.8786, -1440.9015, 19.4460,  -258.7219, -1436.6537, 19.2223,  0, 0, 0
L -258.7219, -1436.6537, 19.2223,  -261.4800, -1432.3728, 18.1472,  0, 0, 0
L -261.4800, -1432.3728, 18.1472,  -260.4590, -1425.5625, 17.4289,  0, 0, 0
L -260.4590, -1425.5625, 17.4289,  -243.9921, -1418.6421, 27.3936,  0, 0, 0
L -243.9921, -1418.6421, 27.3936,  -243.9305, -1312.7959, 23.8415,  0, 0, 0
L -243.9305, -1312.7959, 23.8415,  -249.2281, -1283.1355, 23.7329,  0, 0, 0
L -245.6236, -1302.8296, 23.7329,  -248.3619, -1306.9031, 23.7528,  64, 64, 64
L -248.3619, -1306.9031, 23.7528,  -260.6712, -1306.6947, 23.7571,  64, 64, 64
L -260.6712, -1306.6947, 23.7571,  -261.6453, -1297.5188, 23.6273,  64, 64, 64
L -261.6453, -1297.5188, 23.6273,  -259.5448, -1287.4463, 22.6659,  64, 64, 64
L -259.5448, -1287.4463, 22.6659,  -257.1567, -1283.3571, 23.4356,  64, 64, 64
L -257.1567, -1283.3571, 23.4356,  -249.2281, -1283.1355, 23.4919,  64, 64, 64
L -250.4490, -1283.1698, 23.4919,  -251.9874, -1277.3429, 24.8651,  0, 0, 0
L -251.9874, -1277.3429, 35.2755,  -231.8967, -1277.3329, 35.2757,  0, 0, 0
L -231.8967, -1277.3329, 35.2757,  -207.9516, -1274.2898, 32.5332,  0, 0, 0
L -207.9516, -1274.2898, 32.5332,  -190.7715, -1276.3190, 34.2747,  0, 0, 0
L -190.7715, -1276.3190, 34.2747,  -169.3200, -1275.8134, 32.1582,  0, 0, 0
L -169.3200, -1275.8134, 36.7481,  -169.3500, -1288.9679, 38.3100,  0, 0, 0
L -169.3500, -1288.9679, 39.3205,  -177.1858, -1288.9655, 39.1993,  0, 0, 0
L -177.1858, -1288.9655, 31.8030,  -175.4721, -1726.9650, 30.8501,  0, 0, 0
L -175.4721, -1726.9650, 27.7085,  -207.8380, -1726.9646, 27.4181,  0, 0, 0
L -207.8380, -1726.9646, 27.4181,  -193.2512, -1756.2100, 18.5554,  0, 0, 0
L -193.2512, -1756.2100, 18.5554,  -189.3430, -1756.4700, 18.5444,  0, 0, 0
L -189.3430, -1756.4700, 31.7384,  -189.1210, -1797.9740, 32.7308,  0, 0, 0
L -189.1210, -1797.9740, 19.7453,  -202.9730, -1797.9633, 19.6298,  0, 0, 0
L -202.9730, -1797.9633, 19.8031,  -202.9658, -1789.9657, 26.4148,  0, 0, 0
L -202.9658, -1789.9657, 26.4148,  -306.3410, -1789.9657, 26.4146,  0, 0, 0
L -306.3410, -1789.9657, 26.4146,  -306.3100, -1795.9662, 22.2331,  0, 0, 0
L -306.3100, -1795.9662, 21.3801,  -335.9646, -1795.9672, 18.1582,  0, 0, 0
L -335.9646, -1795.9672, 18.1582,  -335.9773, -1782.3418, 18.5699,  0, 0, 0
L -335.9773, -1782.3418, 24.1727,  -328.9655, -1782.3258, 31.3478,  0, 0, 0
L -328.9655, -1782.3258, 31.3478,  -328.9653, -1626.9657, 31.3477,  0, 0, 0
L -328.9653, -1626.9657, 31.3477,  -330.9676, -1626.9628, 30.3292,  0, 0, 0
L -378.9658, -429.9658, 24.1582,  -378.9658, -416.3420, 26.5370,  64, 64, 64
L -378.9658, -416.3420, 24.1582,  -365.3320, -416.3350, 24.1582,  64, 64, 64
L -365.3320, -416.3350, 24.1588,  -365.3390, -429.9662, 24.1582,  64, 64, 64
L -365.3390, -429.9662, 24.1582,  -378.9658, -429.9658, 24.1582,  64, 64, 64
L -304.9657, -429.9658, 24.1582,  -291.3390, -429.9658, 24.1582,  64, 64, 64
L -291.3390, -429.9658, 24.1582,  -291.3370, -416.3370, 24.1582,  64, 64, 64
L -291.3370, -416.3370, 24.1582,  -304.9662, -416.3370, 24.1582,  64, 64, 64
L -304.9662, -416.3370, 24.1582,  -304.9657, -429.9658, 24.1582,  64, 64, 64
L -304.9655, -494.3370, 24.1582,  -291.3410, -494.3410, 24.1582,  64, 64, 64
L -291.3410, -494.3410, 24.1582,  -291.3370, -507.9658, 24.1582,  64, 64, 64
L -291.3370, -507.9658, 24.1582,  -304.9660, -507.9658, 24.1582,  64, 64, 64
L -304.9660, -507.9658, 24.1582,  -304.9655, -494.3370, 24.1582,  64, 64, 64
L -187.9660, -507.9182, 1.1581,  -187.9658, -494.3010, 1.1581,  64, 64, 64
L -187.9658, -494.3010, 1.1585,  -174.3370, -494.3440, 1.1581,  64, 64, 64
L -174.3370, -494.3440, 1.1581,  -174.3400, -507.9750, 1.1581,  64, 64, 64
L -174.3400, -507.9750, 1.1581,  -187.9660, -507.9182, 1.1581,  64, 64, 64
L -174.3010, -429.9662, 1.1581,  -187.9656, -429.9658, 1.1581,  64, 64, 64
L -187.9656, -429.9658, 1.1581,  -187.9689, -416.3390, 1.1589,  64, 64, 64
L -187.9689, -416.3390, 3.1575,  -174.3440, -416.3390, 3.1059,  64, 64, 64
L -174.3440, -416.3390, 1.1581,  -174.3010, -429.9662, 1.1590,  64, 64, 64
L -482.3410, -416.3370, 47.1582,  -482.3260, -429.9655, 47.1591,  64, 64, 64
L -482.3260, -429.9655, 47.1582,  -495.9662, -429.9658, 47.1582,  64, 64, 64
L -495.9662, -429.9658, 47.1582,  -495.9657, -416.3390, 47.1582,  64, 64, 64
L -495.9657, -416.3390, 47.1582,  -482.3410, -416.3370, 47.1582,  64, 64, 64
L -556.3350, -416.3390, 47.1582,  -556.3420, -429.9660, 47.1582,  64, 64, 64
L -556.3420, -429.9660, 47.1582,  -569.9659, -429.9658, 47.1582,  64, 64, 64
L -569.9659, -429.9658, 49.1293,  -569.9657, -416.3370, 47.1582,  64, 64, 64
L -569.9657, -416.3370, 49.1582,  -556.3350, -416.3390, 47.1582,  64, 64, 64
L -569.9657, -493.9895, 49.1242,  -556.5380, -493.9895, 49.1582,  64, 64, 64
L -556.5380, -493.9895, 47.1582,  -555.8950, -507.9669, 47.1591,  64, 64, 64
L -555.8950, -507.9669, 47.1582,  -569.9659, -507.9657, 47.1582,  64, 64, 64
L -569.9659, -507.9657, 47.1582,  -569.9657, -493.9895, 47.1582,  64, 64, 64
L -673.3360, -494.3280, 70.1581,  -673.3390, -507.9657, 70.1581,  64, 64, 64
L -673.3390, -507.9657, 70.1581,  -686.9665, -507.9658, 70.1581,  64, 64, 64
L -686.9665, -507.9658, 70.1581,  -686.9656, -494.3250, 70.1581,  64, 64, 64
L -686.9656, -494.3250, 72.9090,  -673.3360, -494.3280, 72.1149,  64, 64, 64
L -673.3390, -429.9658, 70.1581,  -686.9661, -429.9658, 72.1410,  64, 64, 64
L -686.9661, -429.9658, 70.1581,  -686.9656, -416.3280, 70.1581,  64, 64, 64
L -686.9656, -416.3280, 72.3610,  -673.3350, -416.3410, 70.1581,  64, 64, 64
L -673.3350, -416.3410, 70.1581,  -673.3390, -429.9658, 70.1581,  64, 64, 64
L -952.3310, -494.3640, 70.1581,  -952.3400, -507.9655, 70.1581,  0, 0, 0
L -952.3400, -507.9655, 70.1581,  -965.9657, -507.9660, 70.1581,  0, 0, 0
L -965.9657, -507.9660, 70.1591,  -965.9665, -494.9500, 70.1581,  0, 0, 0
L -965.9665, -494.9500, 70.1591,  -952.3310, -494.3640, 70.1581,  0, 0, 0
L -952.3400, -429.9658, 70.1581,  -965.9655, -429.9657, 70.1581,  0, 0, 0
L -965.9655, -429.9657, 70.1581,  -965.9679, -416.3350, 70.1586,  0, 0, 0
L -965.9679, -416.3350, 72.8030,  -952.3170, -416.3390, 70.1581,  0, 0, 0
L -952.3170, -416.3390, 70.1587,  -952.3400, -429.9658, 70.1581,  0, 0, 0
L -1037.5092, -409.6990, 69.3144,  -1037.2122, -387.9352, 69.3144,  255, 0, 255
L -1037.5092, -409.6990, 69.3144,  -1023.3120, -409.6580, 69.3144,  0, 0, 0
L -1023.3040, -511.9309, 69.3144,  -1034.9406, -511.9332, 69.3144,  0, 0, 0
L -1034.8512, -536.3539, 69.3144,  -1034.9406, -511.9332, 69.3144,  255, 0, 255
L -112.7165, -112.8708, 31.7554,  -114.9001, -117.3195, 30.3370,  0, 0, 0
L -114.9001, -117.3195, 30.3370,  -118.8632, -118.3379, 32.6751,  0, 0, 0
L -118.8632, -118.3379, 32.6751,  -122.4591, -116.3401, 33.3581,  0, 0, 0
L -122.4591, -116.3401, 33.3581,  -124.3966, -111.5091, 35.6400,  0, 0, 0
L -124.3966, -111.5091, 35.6400,  -119.7417, -107.4600, 38.1230,  0, 0, 0
L -112.7165, -112.8708, 38.1230,  -119.7417, -107.4600, 38.3521,  0, 0, 0
L -118.9668, -108.5680, 29.8232,  -118.9655, -63.9971, 29.8232,  0, 0, 0
L -119.9656, -63.8194, 23.4493,  -119.9659, -58.3785, 24.3396,  0, 0, 0
L -119.9659, -58.3785, 24.3396,  -123.9873, -48.2993, 19.6593,  0, 0, 0
L -123.9873, -48.2993, 19.6593,  -123.9373, -38.1788, 16.8858,  0, 0, 0
L -123.9373, -38.1788, 16.8858,  -119.9654, -35.2109, 16.1582,  0, 0, 0
L -119.9654, -35.2109, 16.1582,  -119.9658, -28.9651, 16.1582,  0, 0, 0
L -119.9658, -28.9651, 16.1582,  -121.6430, -28.9652, 16.1582,  0, 0, 0
L -121.6430, -28.9652, 16.1582,  -130.4157, -32.2665, 17.4909,  0, 0, 0
L -140.4684, -32.4082, 19.3902,  -144.2678, -29.3733, 17.4065,  0, 0, 0
L -144.2678, -29.3733, 17.4065,  -152.3400, -28.9664, 16.1582,  0, 0, 0
L -118.9663, -63.9658, 28.2762,  -119.9656, -63.8194, 27.9091,  0, 0, 0
L -152.3390, -32.9684, 27.4122,  -223.3170, -32.9660, 27.4145,  0, 0, 0
L -152.3400, -29.2947, 16.1582,  -152.3390, -32.9684, 16.1582,  0, 0, 0
L -140.4684, -32.4082, 19.5953,  -130.4157, -32.2665, 17.8032,  0, 0, 0
L -223.3170, -32.9660, 24.8550,  -223.3630, -64.2334, 22.4024,  0, 0, 0
L -223.3630, -64.2334, 22.1582,  -217.4340, -68.8452, 22.1582,  0, 0, 0
L -217.4340, -68.8452, 22.1582,  -211.9353, -70.3944, 18.5356,  0, 0, 0
L -211.9353, -70.3944, 18.5356,  -212.1567, -81.4261, 19.5910,  0, 0, 0
L -212.1567, -81.4261, 19.5910,  -215.7387, -88.2813, 20.2204,  0, 0, 0
L -215.7387, -88.2813, 20.2204,  -217.3320, -88.6222, 20.2440,  0, 0, 0
L -217.3320, -88.6222, 20.2440,  -217.3000, -95.9664, 20.6601,  0, 0, 0
L -217.3000, -95.9664, 26.4183,  -342.9678, -95.9668, 26.4117,  0, 0, 0
L -342.9678, -95.9668, 28.4520,  -342.9660, -93.9655, 28.4480,  0, 0, 0
L -342.9660, -93.9655, 28.4480,  -354.9664, -93.9680, 26.7541,  0, 0, 0
L -354.9664, -93.9680, 18.1582,  -354.9664, 67.3480, 28.3724,  0, 0, 0
L -354.9664, 67.3480, 28.3724,  -356.9667, 67.3270, 25.2424,  0, 0, 0
L -356.9667, 67.3270, 27.4969,  -356.9658, 177.5695, 27.4136,  0, 0, 0
L -356.9658, 177.5695, 27.4136,  -361.3102, 181.9707, 25.4071,  0, 0, 0
L -356.9676, 181.9656, 30.7866,  -356.9707, 222.9684, 30.7769,  0, 0, 0
L -356.9707, 222.9684, 28.2747,  -310.6450, 222.9643, 28.2758,  0, 0, 0
L -356.9676, 181.9656, 30.7876,  -361.3102, 181.9707, 30.7610,  0, 0, 0
L -310.6450, 222.9643, 18.8020,  -301.2137, 225.5175, 28.4470,  0, 0, 0
L -301.2137, 225.5175, 28.4470,  -296.7407, 224.3063, 29.4780,  0, 0, 0
L -296.7407, 224.3063, 29.4780,  -291.3156, 238.1721, 32.2085,  0, 0, 0
L -291.3156, 238.1721, 32.2085,  -292.8890, 245.3660, 18.7377,  0, 0, 0
L -292.8890, 245.3660, 18.7377,  -287.4060, 251.9314, 23.1848,  0, 0, 0
L -287.4060, 251.9314, 23.1848,  -281.6093, 251.2242, 25.9683,  0, 0, 0
L -281.6093, 251.2242, 25.9683,  -274.5908, 262.5287, 27.2961,  0, 0, 0
L -274.5908, 262.5287, 27.2961,  -272.4243, 270.7871, 25.3649,  0, 0, 0
L -272.4243, 270.7871, 25.3649,  -274.7576, 272.7101, 23.4222,  0, 0, 0
L -274.7576, 272.7101, 23.4222,  -276.5351, 277.4304, 21.8817,  0, 0, 0
L -276.5351, 277.4304, 21.8817,  -276.3014, 279.7180, 21.9253,  0, 0, 0
L -276.3014, 279.7180, 21.9253,  -273.9608, 284.9861, 24.8440,  0, 0, 0
L -273.9608, 284.9861, 24.8440,  -269.9649, 285.8383, 27.4158,  0, 0, 0
L -269.9649, 285.8383, 27.4158,  -269.9648, 380.7491, 28.7228,  0, 0, 0
L -269.9648, 380.7491, 28.7228,  -271.4900, 390.5518, 28.4575,  0, 0, 0
L -271.4900, 390.5518, 28.4575,  -275.7065, 400.7144, 30.5788,  0, 0, 0
L -278.6360, 417.9666, 34.6379,  -275.7065, 400.7144, 30.6419,  0, 0, 0
L -278.6360, 417.9666, 34.7068,  -274.2543, 417.9662, 34.8149,  0, 0, 0
L -274.2543, 417.9662, 34.8766,  -273.9970, 416.9898, 35.2535,  0, 0, 0
L -273.9970, 416.9898, 35.2535,  -257.9280, 416.9673, 35.2759,  0, 0, 0
L -257.9280, 416.9673, 35.2759,  -217.7574, 420.6815, 31.5607,  0, 0, 0
L -217.7574, 420.6815, 31.5607,  -204.6399, 417.9662, 32.1578,  0, 0, 0
L -204.6399, 417.9662, 32.1578,  -195.3380, 417.9669, 32.1582,  0, 0, 0
L -195.3380, 417.9669, 32.1582,  -195.3340, 405.3620, 38.9557,  0, 0, 0
L -195.3340, 405.3620, 39.2250,  -199.8522, 405.2800, 38.3579,  0, 0, 0
L -199.8522, 405.2800, 38.3579,  -202.3360, 400.2792, 39.7195,  0, 0, 0
L -202.3360, 400.2792, 31.7851,  -203.1672, 26.9318, 32.6190,  0, 0, 0
L -202.9913, 105.9124, 32.6190,  -199.1597, 105.8708, 27.6817,  64, 64, 64
L -199.1597, 105.8708, 27.6817,  -193.1325, 102.4283, 25.1582,  64, 64, 64
L -193.1325, 102.4283, 25.1582,  -192.8959, 95.6124, 25.1582,  64, 64, 64
L -192.8959, 95.6124, 25.1582,  -195.9429, 92.2553, 28.8330,  64, 64, 64
L -195.9429, 92.2553, 28.8330,  -203.3140, 87.8623, 27.7927,  64, 64, 64
L -199.2178, 90.2258, 27.7927,  -195.9512, 88.1677, 25.1582,  64, 64, 64
L -195.9512, 88.1677, 25.1582,  -189.3351, 81.3717, 25.1582,  64, 64, 64
L -189.3351, 81.3717, 25.1582,  -190.1965, 76.4556, 25.1582,  64, 64, 64
L -190.1965, 76.4556, 25.1582,  -193.4490, 72.3034, 25.1582,  64, 64, 64
L -193.4490, 72.3034, 25.1582,  -197.8521, 69.5030, 25.3805,  64, 64, 64
L -197.8521, 69.5030, 25.3805,  -203.5460, 77.4659, 33.2319,  64, 64, 64
L -203.1672, 26.9318, 31.3844,  -200.8300, 15.9644, 29.1676,  0, 0, 0
L -200.8300, 15.9644, 29.1676,  -189.4787, -6.6981, 29.3024,  0, 0, 0
L -189.4787, -6.6981, 29.3024,  -182.7507, -15.8346, 36.2683,  0, 0, 0
L -182.7507, -15.8346, 36.2683,  -171.3516, -15.5253, 29.1581,  0, 0, 0
L -171.3516, -15.5253, 29.1581,  -168.5200, -11.3795, 29.1582,  0, 0, 0
L -168.5200, -11.3795, 29.1582,  -159.2120, -10.8050, 29.1582,  0, 0, 0
L -159.2120, -10.8050, 29.1582,  -153.9684, -11.1073, 29.1582,  0, 0, 0
L -153.9684, -11.1073, 29.1582,  -150.4713, -16.1576, 29.1582,  0, 0, 0
L -150.4713, -16.1576, 29.1582,  -134.4217, -14.1098, 38.6572,  0, 0, 0
L -134.4217, -14.1098, 38.6572,  -121.7694, -17.3390, 41.7330,  0, 0, 0
L -121.7694, -17.3390, 41.7330,  -116.5454, -12.8995, 37.1441,  0, 0, 0
L -116.5454, -12.8995, 37.1441,  -108.5692, -16.2630, 39.1642,  0, 0, 0
L -108.5692, -16.2630, 39.1642,  -105.2151, -5.9688, 28.2631,  0, 0, 0
L -105.2151, -5.9688, 28.2631,  -102.8849, 6.8924, 31.8689,  0, 0, 0
L -102.8849, 6.8924, 31.8689,  -96.9984, 6.9108, 29.8194,  0, 0, 0
L -96.9984, 6.9108, 29.8194,  -99.8606, 10.8743, 28.2845,  0, 0, 0
L -99.8606, 10.8743, 28.2845,  -97.4342, 18.3490, 27.4894,  0, 0, 0
L -97.4342, 18.3490, 27.4894,  -110.9265, 18.3330, 26.1582,  0, 0, 0
L -110.9265, 18.3330, 29.1582,  -146.5802, 10.8962, 36.4087,  0, 0, 0
L -146.5802, 10.8962, 38.7120,  -149.4388, 17.3542, 38.4583,  0, 0, 0
L -149.4388, 17.3542, 38.4583,  -156.9473, 18.1297, 36.6028,  0, 0, 0
L -156.9473, 18.1297, 33.6974,  -156.9704, 20.3460, 33.6848,  0, 0, 0
L -156.9704, 20.3460, 33.6848,  -160.9578, 20.3260, 33.9485,  0, 0, 0
L -160.9578, 20.3260, 32.1582,  -161.4327, 192.5391, 33.5444,  0, 0, 0
L -161.4507, 192.5346, 33.5373,  -165.1540, 195.2150, 30.2527,  0, 0, 0
L -165.1540, 195.2150, 30.2527,  -165.8117, 201.6266, 34.4151,  0, 0, 0
L -165.8117, 201.6266, 34.4151,  -165.2680, 202.9910, 38.1548,  0, 0, 0
L -165.2680, 202.9910, 38.1548,  -167.3174, 208.1271, 33.4022,  0, 0, 0
L -167.3174, 208.1271, 33.4022,  -168.8660, 209.1617, 33.4084,  0, 0, 0
L -168.8660, 209.1617, 33.4084,  -167.1424, 214.1613, 36.5797,  0, 0, 0
L -167.1424, 214.1613, 36.5797,  -161.7479, 217.6465, 39.8635,  0, 0, 0
L -161.7479, 217.6465, 32.5200,  -161.9651, 400.1782, 36.5478,  0, 0, 0
L -161.9651, 400.1782, 36.5478,  -165.1978, 401.4875, 38.6456,  0, 0, 0
L -165.1978, 401.4875, 38.6456,  -167.8829, 405.2765, 38.8194,  0, 0, 0
L -167.8829, 405.2765, 38.8194,  -166.5770, 409.4900, 37.7331,  0, 0, 0
L -166.5770, 409.4900, 37.7331,  -164.2025, 410.9560, 39.3700,  0, 0, 0
L -164.2025, 410.9560, 39.3700,  -165.5166, 413.4494, 38.6370,  0, 0, 0
L -165.5166, 413.4494, 38.6370,  -164.5469, 416.3124, 36.6790,  0, 0, 0
L -164.5469, 416.3124, 36.6790,  -161.5373, 418.3476, 32.1572,  0, 0, 0
L -161.5373, 418.3476, 32.1572,  -160.5628, 422.9660, 35.3237,  0, 0, 0
L -160.5628, 422.9660, 35.3237,  -161.4482, 428.7436, 29.7720,  0, 0, 0
L -161.4482, 428.7436, 29.7720,  -158.7752, 429.9531, 33.4326,  0, 0, 0
L -158.7752, 429.9531, 33.4326,  -155.5895, 431.6623, 32.4401,  0, 0, 0
L -155.5895, 431.6623, 32.4401,  -154.7650, 438.4463, 35.7999,  0, 0, 0
L -154.7650, 438.4463, 35.7999,  -152.7518, 439.9397, 36.8796,  0, 0, 0
L -152.7518, 439.9397, 36.8796,  -147.8506, 453.9264, 32.8950,  0, 0, 0
L -147.8506, 453.9264, 32.8950,  -150.6120, 459.3500, 39.8800,  0, 0, 0
L -150.6120, 459.3500, 39.8800,  -215.7830, 459.2920, 39.0000,  0, 0, 0
L -215.7830, 459.2920, 37.8016,  -216.7400, 460.3370, 37.8903,  0, 0, 0
L -216.7400, 460.3370, 37.8903,  -262.8910, 460.3440, 37.8894,  0, 0, 0
L -262.8910, 460.3440, 37.8894,  -267.1313, 456.7842, 36.9622,  0, 0, 0
L -267.1313, 456.7842, 36.9622,  -308.6090, 464.2477, 47.7599,  0, 0, 0
L -308.6090, 464.2477, 47.7599,  -330.2010, 461.6942, 29.4188,  0, 0, 0
L -330.2010, 461.6942, 29.4188,  -339.6530, 453.4395, 35.6490,  0, 0, 0
L -339.6530, 453.4395, 35.6490,  -349.9778, 445.1723, 38.1681,  0, 0, 0
L -349.9778, 445.1723, 38.1681,  -351.4300, 441.6005, 27.2362,  0, 0, 0
L -351.4300, 441.6005, 27.2362,  -363.6843, 430.9486, 29.8017,  0, 0, 0
L -363.6843, 430.9486, 29.8017,  -364.4015, 427.2594, 32.3744,  0, 0, 0
L -364.4015, 427.2594, 32.3744,  -372.2719, 424.9221, 34.5048,  0, 0, 0
L -372.2719, 424.9221, 34.5048,  -375.7805, 430.8710, 33.6642,  0, 0, 0
L -375.7805, 430.8710, 33.6642,  -384.9397, 424.2604, 29.7635,  0, 0, 0
L -384.9397, 424.2604, 31.1477,  -385.2000, 431.3390, 36.5600,  0, 0, 0
L -385.2000, 431.3390, 36.5600,  -582.6370, 431.3500, 36.5000,  0, 0, 0
L -582.6370, 431.3500, 36.5000,  -581.2523, 428.8589, 33.1066,  0, 0, 0
L -581.2523, 428.8589, 33.1066,  -584.8989, 422.2540, 31.4818,  0, 0, 0
L -584.8989, 422.2540, 31.4818,  -593.2518, 415.7830, 39.2862,  0, 0, 0
L -593.2518, 415.7830, 39.2862,  -598.3553, 417.1032, 39.8031,  0, 0, 0
L -598.3553, 417.1032, 39.8031,  -604.3083, 426.7148, 40.4059,  0, 0, 0
L -604.3083, 426.7148, 40.4059,  -603.1202, 427.6843, 40.2843,  0, 0, 0
L -603.1202, 427.6843, 40.2843,  -730.3950, 428.5120, 33.9510,  0, 0, 0
L -730.3950, 428.5120, 33.9510,  -736.1130, 426.8985, 30.1582,  0, 0, 0
L -736.1130, 426.8985, 30.1582,  -741.3533, 430.4550, 30.1582,  0, 0, 0
L -741.3533, 430.4550, 30.1582,  -741.7300, 437.2968, 30.1582,  0, 0, 0
L -741.7300, 437.2968, 30.1582,  -739.2726, 442.1897, 30.1582,  0, 0, 0
L -739.2726, 442.1897, 30.1582,  -734.9647, 442.8283, 30.1583,  0, 0, 0
L -734.9647, 442.8283, 30.1583,  -737.8875, 623.9410, 30.9900,  0, 0, 0
L -737.8875, 623.9410, 30.9900,  -799.7241, 684.3654, 33.4117,  0, 0, 0
L -799.7241, 684.3654, 33.4117,  -801.1490, 683.8370, 33.4508,  0, 0, 0
L -801.1490, 683.8370, 33.4508,  -815.1340, 676.2756, 33.6486,  0, 0, 0
L -815.1340, 676.2756, 33.6486,  -820.6526, 683.1153, 33.4500,  0, 0, 0
L -820.6526, 683.1153, 33.4500,  -825.4478, 688.6740, 33.1587,  0, 0, 0
L -825.4478, 688.6740, 33.1587,  -810.8610, 623.3635, 35.1875,  0, 0, 0
L -810.8610, 623.3635, 35.1875,  -817.3555, 528.6698, 33.6520,  0, 0, 0
L -817.3555, 528.6698, 33.9290,  -817.5973, 455.3300, 31.9492,  0, 0, 0
L -817.5973, 455.3300, 31.9270,  -928.3400, 455.3370, 38.1582,  0, 0, 0
L -928.3400, 455.3370, 38.1582,  -928.2980, 451.3410, 38.1582,  0, 0, 0
L -928.2980, 451.3410, 36.9303,  -936.7717, 451.3160, 35.8806,  0, 0, 0
L -936.7717, 451.3160, 35.3352,  -939.9008, 513.3678, 38.1189,  0, 0, 0
L -939.9008, 513.3678, 38.1189,  -937.7530, 576.7729, 39.5852,  0, 0, 0
L -937.7530, 576.7729, 39.5852,  -936.9880, 628.7591, 47.6302,  0, 0, 0
L -936.9880, 628.7591, 47.6302,  -939.6946, 658.7448, 41.5636,  0, 0, 0
L -939.6946, 658.7448, 41.5636,  -936.9983, 673.7087, 40.5855,  0, 0, 0
L -936.9983, 673.7087, 40.5855,  -938.1468, 680.4998, 40.2530,  0, 0, 0
L -938.1468, 680.4998, 40.2530,  -938.4930, 684.1449, 40.2819,  0, 0, 0
L -938.4930, 684.1449, 40.2819,  -937.7494, 686.5384, 40.3674,  0, 0, 0
L -937.7494, 686.5384, 40.3674,  -960.4210, 699.5955, 36.7370,  0, 0, 0
L -960.4210, 699.5955, 36.7370,  -980.8082, 706.5883, 36.7087,  0, 0, 0
L -980.8082, 706.5883, 36.7087,  -980.9648, 711.3420, 40.3044,  0, 0, 0
L -980.9648, 711.3420, 40.3044,  -1086.3456, 711.3440, 40.4138,  0, 0, 0
L -1084.9607, 716.3096, 40.4138,  -1087.2179, 707.7106, 37.6460,  64, 64, 64
L -1087.2179, 707.7106, 37.6460,  -1091.4290, 703.5363, 36.2353,  64, 64, 64
L -1091.4290, 703.5363, 36.2353,  -1096.9258, 704.3392, 37.1766,  64, 64, 64
L -1096.9258, 704.3392, 37.1766,  -1101.1514, 709.7060, 33.7914,  64, 64, 64
L -1101.1514, 709.7060, 33.7914,  -1102.6515, 716.4717, 37.1032,  64, 64, 64
L -1102.6515, 716.4717, 37.1032,  -1100.4677, 721.9156, 36.1099,  64, 64, 64
L -1100.4677, 721.9156, 36.1099,  -1084.9607, 716.3096, 30.8046,  64, 64, 64
L -1091.1431, 718.5447, 30.8046,  -1090.5813, 777.7128, 28.1453,  0, 0, 0
L -1090.5868, 777.7120, 28.1525,  -1102.6709, 784.1344, 28.1582,  0, 0, 0
L -1102.6709, 784.1344, 28.1582,  -1100.7510, 793.4432, 28.1582,  0, 0, 0
L -1100.7510, 793.4432, 28.1582,  -1093.6100, 793.8191, 28.1582,  0, 0, 0
L -1093.6100, 793.8191, 28.1582,  -1096.9563, 797.8911, 28.1580,  0, 0, 0
L -1096.9563, 797.8911, 28.1580,  -1102.6105, 808.3120, 28.1582,  0, 0, 0
L -1102.6105, 808.3120, 28.1582,  -1100.4563, 818.5480, 28.1582,  0, 0, 0
L -1100.4563, 818.5480, 28.1582,  -1092.4777, 821.7721, 33.5711,  0, 0, 0
L -1092.4777, 821.7721, 33.5711,  -1092.6420, 823.1532, 33.8766,  0, 0, 0
L -1092.6420, 823.1532, 33.8766,  -1160.8998, 823.9740, 31.9409,  0, 0, 0
L -1160.8998, 823.9740, 31.9409,  -1161.9292, 817.7899, 42.1993,  0, 0, 0
L -1161.9292, 817.7899, 42.1993,  -1168.7975, 808.7146, 45.9010,  0, 0, 0
L -1168.7975, 808.7146, 45.9010,  -1179.1044, 812.4681, 43.4033,  0, 0, 0
L -1179.1044, 812.4681, 43.4033,  -1182.3258, 818.5900, 47.4729,  0, 0, 0
L -1182.3258, 818.5900, 47.4729,  -1198.2460, 820.4651, 40.8241,  0, 0, 0
L -1198.2460, 820.4651, 39.8575,  -1202.3324, 830.2889, 42.4836,  0, 0, 0
L -1202.3324, 830.2889, 37.4140,  -1310.6880, 830.3380, 37.4144,  0, 0, 0
L -1310.6880, 830.3380, 37.4144,  -1314.5060, 826.7086, 29.9307,  0, 0, 0
L -1314.5060, 826.7086, 29.9307,  -1322.8903, 824.1290, 32.8496,  0, 0, 0
L -1322.8903, 824.1290, 32.8496,  -1345.3368, 811.7405, 28.9524,  0, 0, 0
L -1345.3368, 811.7405, 28.9524,  -1344.7179, 804.6534, 27.8733,  0, 0, 0
L -1344.7179, 804.6534, 27.8733,  -1342.1193, 791.8455, 36.5792,  0, 0, 0
L -1342.1193, 791.8455, 36.5792,  -1338.5459, 789.5732, 37.1890,  0, 0, 0
L -1338.5459, 789.5732, 37.1890,  -1334.1010, 775.2880, 37.4510,  0, 0, 0
L -1334.1010, 775.2880, 37.4510,  -1338.7306, 768.7123, 33.6045,  0, 0, 0
L -1338.7306, 768.7123, 33.6045,  -1342.1420, 765.4479, 34.9367,  0, 0, 0
L -1342.1420, 765.4479, 34.9367,  -1355.3738, 760.8246, 35.4793,  0, 0, 0
L -1355.3738, 760.8246, 38.2764,  -1354.6023, 522.8990, 38.1875,  0, 0, 0
L -1354.6023, 522.8990, 32.8853,  -1297.9391, 521.1285, 31.4407,  0, 0, 0
L -1319.7643, 521.8105, 31.4407,  -1314.8405, 527.4814, 32.8600,  64, 64, 64
L -1314.8405, 527.4814, 32.8600,  -1315.9600, 535.4116, 32.5501,  64, 64, 64
L -1315.9600, 535.4116, 32.5501,  -1312.1283, 541.9510, 32.7740,  64, 64, 64
L -1312.1283, 541.9510, 32.7740,  -1301.6199, 541.5607, 30.1582,  64, 64, 64
L -1301.6199, 541.5607, 30.1582,  -1297.9391, 521.1285, 30.1423,  64, 64, 64
L -1300.4679, 535.1664, 30.1423,  -1297.2771, 538.2833, 30.1582,  64, 64, 64
L -1297.2771, 538.2833, 30.1582,  -1286.5459, 544.5493, 30.1582,  64, 64, 64
L -1286.5459, 544.5493, 30.1582,  -1273.1532, 533.7299, 30.4105,  64, 64, 64
L -1273.1532, 533.7299, 30.4105,  -1276.4209, 520.9668, 43.4600,  64, 64, 64
L -1297.9098, 520.9655, 43.4600,  -1195.3147, 520.9711, 43.3000,  0, 0, 0
L -1195.3147, 520.9711, 46.8676,  -1195.3407, 406.9658, 48.5600,  0, 0, 0
L -1195.3407, 406.9658, 48.5600,  -1172.5470, 406.9658, 40.7156,  0, 0, 0
L -1172.5470, 406.9658, 40.7156,  -1157.7643, 411.4434, 37.5373,  0, 0, 0
L -1157.7643, 411.4434, 37.5373,  -1156.8096, 414.9076, 37.3096,  0, 0, 0
L -1156.8096, 414.9076, 37.3096,  -1151.8018, 416.4504, 36.3303,  0, 0, 0
L -1151.8018, 416.4504, 36.3303,  -1142.8385, 412.8915, 42.1582,  0, 0, 0
L -1142.8385, 412.8915, 42.1582,  -1141.5918, 409.6143, 42.1591,  0, 0, 0
L -1141.5918, 409.6143, 42.1591,  -1130.2610, 406.7436, 42.7385,  0, 0, 0
L -1130.2610, 406.7436, 43.8023,  -1130.3418, 402.1220, 45.5253,  0, 0, 0
L -1130.3418, 402.1220, 45.5253,  -983.9651, 401.9667, 45.5600,  0, 0, 0
L -983.9651, 401.9667, 45.5600,  -983.9661, 407.9655, 43.3350,  0, 0, 0
L -983.9661, 407.9655, 43.4780,  -975.6602, 407.9683, 41.2160,  0, 0, 0
L -975.6602, 407.9683, 37.5690,  -967.6979, 401.9805, 38.4453,  0, 0, 0
L -967.6979, 401.9805, 38.4453,  -958.2096, 401.9730, 34.5818,  0, 0, 0
L -958.2096, 401.9730, 34.5818,  -951.5931, 405.9696, 34.4067,  0, 0, 0
L -951.5931, 405.9696, 34.4067,  -937.1028, 404.4814, 35.5844,  0, 0, 0
L -937.1028, 404.4814, 35.5844,  -931.9648, 402.4255, 36.8719,  0, 0, 0
L -931.9648, 402.4255, 36.8719,  -903.9067, 401.9671, 45.4100,  0, 0, 0
L -903.9067, 401.9671, 45.4100,  -829.5778, 401.9649, 45.1180,  0, 0, 0
L -829.5778, 401.9649, 45.1180,  -825.8528, 404.5810, 41.5384,  0, 0, 0
L -825.8528, 404.5810, 41.5384,  -793.6988, 402.8462, 61.7150,  0, 0, 0
L -793.6988, 402.8462, 61.7150,  -789.7374, 404.6084, 60.4380,  0, 0, 0
L -789.7374, 404.6084, 60.4380,  -780.2518, 405.5730, 63.7481,  0, 0, 0
L -780.2518, 405.5730, 63.7481,  -766.8391, 404.4049, 68.7541,  0, 0, 0
L -766.8391, 404.4049, 68.7541,  -765.2817, 400.6936, 71.8633,  0, 0, 0
L -765.2817, 400.6936, 71.8633,  -753.6171, 394.9669, 30.1582,  0, 0, 0
L -753.6171, 394.9669, 30.1582,  -746.6440, 394.9653, 30.1575,  0, 0, 0
L -746.6440, 394.9653, 30.1575,  -746.6717, 400.5729, 30.1582,  0, 0, 0
L -746.6717, 400.5729, 30.1582,  -740.4240, 407.9972, 30.1582,  0, 0, 0
L -740.4240, 407.9972, 30.1582,  -731.4800, 406.3326, 30.7149,  0, 0, 0
L -731.4800, 406.3326, 30.7149,  -729.1680, 404.5376, 31.3144,  0, 0, 0
L -729.1680, 404.5376, 31.3144,  -728.3111, 400.3779, 33.1760,  0, 0, 0
L -728.3111, 400.3779, 33.1760,  -589.1708, 400.1940, 35.1137,  0, 0, 0
L -589.1708, 400.1940, 35.1137,  -589.3290, 397.9651, 34.9986,  0, 0, 0
L -589.3290, 397.9651, 34.9986,  -581.4261, 397.8480, 30.9949,  0, 0, 0
L -581.4261, 397.8480, 30.9949,  -577.4160, 399.7610, 24.8048,  0, 0, 0
L -577.4160, 399.7610, 24.8048,  -573.7355, 396.7701, 23.3456,  0, 0, 0
L -573.7355, 396.7701, 23.3456,  -573.9502, 393.5305, 25.5990,  0, 0, 0
L -573.9502, 393.5305, 25.5990,  -570.7990, 391.9909, 26.2148,  0, 0, 0
L -570.7990, 391.9909, 26.2148,  -570.9670, 388.4927, 28.8384,  0, 0, 0
L -570.9670, 388.4927, 28.8384,  -573.7992, 383.9298, 34.6824,  0, 0, 0
L -573.7992, 383.9298, 34.6824,  -569.5529, 377.7486, 29.1582,  0, 0, 0
L -569.5529, 377.7486, 29.1582,  -569.7910, 375.9655, 29.1582,  0, 0, 0
L -569.7910, 375.9655, 29.1582,  -551.3180, 375.9667, 32.6152,  0, 0, 0
L -551.3180, 375.9667, 33.3900,  -551.3420, 273.9657, 33.5800,  0, 0, 0
L -551.3420, 273.9657, 33.5800,  -542.3210, 273.9698, 28.8470,  0, 0, 0
L -542.3210, 273.9698, 23.2335,  -542.3530, 260.3840, 22.7311,  0, 0, 0
L -542.3530, 260.3840, 28.1680,  -545.3430, 260.3460, 28.6480,  0, 0, 0
L -545.3430, 260.3460, 28.6480,  -537.3074, 241.1417, 33.3472,  0, 0, 0
L -537.3074, 241.1417, 33.3472,  -534.5712, 237.8722, 21.3290,  0, 0, 0
L -534.5712, 237.8722, 21.3290,  -535.5754, 229.2027, 20.8698,  0, 0, 0
L -535.5754, 229.2027, 20.8698,  -533.3492, 226.9850, 25.9943,  0, 0, 0
L -533.3492, 226.9850, 25.9943,  -533.1801, 218.8369, 25.6727,  0, 0, 0
L -533.1801, 218.8369, 25.6727,  -540.1367, 212.9939, 29.8657,  0, 0, 0
L -540.1367, 212.9939, 29.8657,  -541.7645, 214.1270, 29.8323,  0, 0, 0
L -541.7645, 214.1270, 29.8323,  -540.5447, 207.1350, 29.3098,  0, 0, 0
L -540.5447, 207.1350, 29.3098,  -543.3536, 204.2649, 27.5118,  0, 0, 0
L -543.3536, 204.2649, 27.5118,  -544.4275, 201.3940, 27.4422,  0, 0, 0
L -544.4275, 201.3940, 27.4422,  -549.7440, 199.6816, 30.2846,  0, 0, 0
L -549.7440, 199.6816, 30.2846,  -550.9941, 202.3773, 33.6811,  0, 0, 0
L -550.9941, 202.3773, 33.6811,  -548.4266, 183.9660, 39.1002,  0, 0, 0
L -548.4266, 183.9660, 38.9799,  -496.9648, 183.9882, 26.5120,  0, 0, 0
L -496.9648, 183.9882, 32.8200,  -496.9658, 209.3400, 32.6100,  0, 0, 0
L -496.9658, 209.3400, 30.6325,  -501.9660, 209.3320, 28.1820,  0, 0, 0
L -501.9660, 209.3320, 28.6705,  -501.9687, 229.9671, 20.9832,  0, 0, 0
L -501.9687, 229.9671, 20.4907,  -474.4340, 229.9689, 24.2411,  0, 0, 0
L -474.4340, 229.9689, 25.1582,  -474.1720, 219.9653, 25.1582,  0, 0, 0
L -474.1720, 219.9653, 25.1582,  -472.3370, 219.9668, 25.1582,  0, 0, 0
L -472.3370, 219.9668, 24.7925,  -472.3390, 170.6069, 24.8020,  0, 0, 0
L -472.3390, 170.6069, 24.8020,  -464.8856, 169.2701, 20.1582,  0, 0, 0
L -464.8856, 169.2701, 20.1584,  -465.3552, 161.5818, 20.1582,  0, 0, 0
L -465.3552, 161.5818, 20.1582,  -466.5923, 156.4521, 20.1582,  0, 0, 0
L -466.5923, 156.4521, 20.1582,  -462.4248, 149.8617, 20.1582,  0, 0, 0
L -462.4248, 149.8617, 20.1582,  -464.8780, 144.3394, 23.4447,  0, 0, 0
L -464.8780, 144.3394, 23.4447,  -468.2447, 143.3635, 28.1550,  0, 0, 0
L -468.2447, 143.3635, 28.1550,  -467.8609, 62.9667, 27.4142,  0, 0, 0
L -467.8609, 62.9667, 27.4142,  -389.9657, 62.9656, 27.4147,  0, 0, 0
L -389.9657, 62.9656, 27.4147,  -389.9664, 68.9662, 25.8648,  0, 0, 0
L -389.9664, 68.9662, 25.7601,  -385.4500, 68.9663, 25.3523,  0, 0, 0
L -385.4500, 68.9663, 26.6915,  -384.5357, -80.8271, 25.3439,  0, 0, 0
L -384.5357, -80.8271, 25.7531,  -379.6055, -104.5947, 25.1289,  0, 0, 0
L -379.6055, -104.5947, 25.1289,  -381.3845, -123.8829, 30.6278,  0, 0, 0
L -381.3845, -123.8829, 30.6278,  -382.5097, -139.8312, 31.2254,  0, 0, 0
L -382.5097, -139.8312, 31.2254,  -365.5630, -155.3189, 23.5013,  0, 0, 0
L -365.5630, -155.3189, 23.5013,  -359.9825, -158.8668, 24.9182,  0, 0, 0
L -359.9825, -158.8668, 24.9182,  -344.8319, -154.7302, 18.1550,  0, 0, 0
L -344.8319, -154.7302, 18.1550,  -338.2459, -156.3490, 26.4163,  0, 0, 0
L -338.2459, -156.3490, 26.4163,  -235.9660, -156.3450, 26.4165,  0, 0, 0
L -235.9660, -156.3450, 26.4165,  -235.9689, -139.3290, 18.2866,  0, 0, 0
L -235.9689, -139.3290, 18.7386,  -218.3170, -139.3290, 19.1909,  0, 0, 0
L -386.3750, 156.8704, 28.6022,  -385.3249, 166.3037, 28.1895,  0, 0, 0
L -385.3249, 166.3037, 28.1895,  -378.1472, 174.9678, 27.8304,  0, 0, 0
L -378.1472, 174.9678, 30.6285,  -383.3280, 174.9658, 30.6270,  0, 0, 0
L -383.3280, 174.9658, 30.6270,  -383.2850, 223.4900, 31.4295,  0, 0, 0
L -417.3480, 223.3157, 32.4759,  -383.2850, 223.4900, 44.3633,  0, 0, 0
L -417.3460, 223.3160, 32.4827,  -417.3140, 225.9665, 32.4825,  0, 0, 0
L -417.3140, 225.9665, 34.4196,  -438.9669, 225.9705, 34.4185,  0, 0, 0
L -438.9669, 225.9705, 34.4176,  -438.9703, 211.2980, 34.4170,  0, 0, 0
L -438.9703, 211.2980, 27.4027,  -430.7450, 211.3460, 28.4969,  0, 0, 0
L -430.7450, 211.3460, 28.4969,  -431.9519, 200.1845, 26.2808,  0, 0, 0
L -431.9519, 200.1845, 26.2808,  -429.9649, 194.7930, 27.5882,  0, 0, 0
L -429.9649, 194.7930, 27.5882,  -429.9649, 162.2160, 29.1784,  0, 0, 0
L -429.9649, 162.2160, 30.3811,  -404.1671, 159.8112, 28.9890,  0, 0, 0
L -404.1671, 159.8112, 28.9890,  -404.5074, 156.2493, 29.2317,  0, 0, 0
L -404.5074, 156.2493, 29.2317,  -386.3750, 156.8704, 29.6045,  0, 0, 0
L -330.3210, 266.3480, 32.4316,  -498.9664, 265.9612, 34.7143,  0, 0, 0
L -498.9664, 265.9612, 30.3535,  -498.9687, 277.9454, 31.8636,  0, 0, 0
L -498.9687, 277.9454, 34.4528,  -496.9658, 278.3370, 34.5621,  0, 0, 0
L -496.9658, 278.3370, 34.5621,  -496.9658, 374.3320, 34.5574,  0, 0, 0
L -496.9658, 374.3320, 34.5574,  -504.1716, 374.3190, 34.5568,  0, 0, 0
L -504.1716, 374.3190, 34.1500,  -496.4426, 382.2139, 35.4521,  0, 0, 0
L -496.4426, 382.2139, 35.4521,  -495.4984, 387.1741, 35.6522,  0, 0, 0
L -495.4984, 387.1741, 35.6522,  -490.2529, 386.9187, 36.2732,  0, 0, 0
L -490.2529, 386.9187, 36.2732,  -485.2457, 387.5410, 40.3970,  0, 0, 0
L -485.2457, 387.5410, 40.3970,  -487.1347, 381.8217, 40.7862,  0, 0, 0
L -487.1347, 381.8217, 40.7862,  -445.2574, 385.8534, 30.6838,  0, 0, 0
L -445.2574, 385.8534, 30.6838,  -418.5407, 383.7522, 30.6705,  0, 0, 0
L -418.5407, 383.7522, 30.6705,  -398.9667, 383.8620, 39.5752,  0, 0, 0
L -398.9667, 383.8620, 39.5752,  -398.9664, 401.7225, 24.6871,  0, 0, 0
L -398.9664, 401.7225, 24.6861,  -372.9291, 385.6852, 33.5090,  0, 0, 0
L -372.9291, 385.6852, 33.5090,  -361.3532, 390.4639, 32.7800,  0, 0, 0
L -361.3532, 390.4639, 32.7800,  -340.7567, 382.2670, 30.8421,  0, 0, 0
L -340.7567, 382.2670, 30.8421,  -331.9492, 381.9497, 30.8201,  0, 0, 0
L -331.9492, 381.9497, 30.2493,  -332.6988, 368.7599, 24.3860,  0, 0, 0
L -332.6988, 368.7599, 24.3860,  -326.9155, 341.4336, 26.9144,  0, 0, 0
L -326.9155, 341.4336, 28.7856,  -330.3370, 340.1043, 28.9150,  0, 0, 0
L -330.3370, 340.1043, 28.9150,  -330.3210, 266.3480, 30.4410,  0, 0, 0
L -979.3740, 456.2980, 47.8040,  -1137.9739, 456.2740, 46.9493,  0, 0, 0
L -1137.9739, 456.2740, 51.8977,  -1137.9666, 483.9680, 50.6680,  0, 0, 0
L -1137.9666, 483.9680, 48.4994,  -1135.1897, 483.9655, 49.3430,  0, 0, 0
L -1135.1897, 483.9655, 49.3430,  -1138.6476, 596.3380, 49.3389,  0, 0, 0
L -1138.9701, 596.3390, 36.7342,  -1120.4059, 623.9651, 38.7882,  0, 0, 0
L -1120.4059, 623.9651, 38.7882,  -1105.8373, 642.3490, 40.5508,  0, 0, 0
L -1105.8373, 642.3490, 40.5508,  -1112.9185, 642.3220, 41.1938,  0, 0, 0
L -1112.9185, 642.3220, 40.9602,  -1093.3368, 668.9362, 40.5429,  0, 0, 0
L -1093.3368, 668.9362, 40.5439,  -1093.3368, 650.9681, 40.9335,  0, 0, 0
L -1093.3368, 650.9681, 41.1180,  -979.2939, 650.9668, 42.3049,  0, 0, 0
L -979.2939, 650.9668, 45.4140,  -979.3740, 456.2980, 45.4140,  0, 0, 0
L -1186.5187, 763.6335, 40.5566,  -1204.9236, 777.9419, 40.5512,  0, 0, 0
L -1204.9236, 777.9419, 34.9277,  -1204.9646, 769.9688, 38.7372,  0, 0, 0
L -1204.9646, 769.9688, 38.7372,  -1316.2754, 770.3995, 41.5234,  0, 0, 0
L -1316.2754, 770.3995, 42.7000,  -1318.6631, 737.5463, 39.8723,  0, 0, 0
L -1318.6631, 737.5463, 39.8723,  -1316.4406, 718.9388, 42.5640,  0, 0, 0
L -1316.4406, 718.9388, 42.5640,  -1320.8429, 675.1769, 42.5722,  0, 0, 0
L -1320.8429, 675.1769, 42.5722,  -1315.5374, 652.3210, 43.5180,  0, 0, 0
L -1315.5374, 652.3210, 43.5656,  -1312.9657, 652.3350, 43.5634,  0, 0, 0
L -1312.9657, 652.3350, 43.5634,  -1312.9723, 575.3879, 43.5608,  0, 0, 0
L -1312.9723, 575.3879, 44.5465,  -1195.3268, 574.7906, 43.8432,  0, 0, 0
L -1195.3268, 574.7906, 49.6833,  -1195.3329, 597.3400, 49.6794,  0, 0, 0
L -1195.3329, 597.3400, 49.6794,  -1186.5403, 597.3120, 48.8708,  0, 0, 0
L -1186.5403, 597.3120, 43.7158,  -1186.5187, 763.6335, 32.8620,  0, 0, 0
L -44.3390, -150.3980, 4.1139,  -44.3280, -163.9690, 4.1349,  64, 64, 64
L -44.3280, -163.9690, 2.1587,  -57.9662, -163.9652, 4.1516,  64, 64, 64
L -57.9662, -163.9652, 2.1581,  -57.9660, -150.8900, 2.1581,  64, 64, 64
L -57.9660, -150.8900, 4.5680,  -44.3390, -150.3980, 4.1143,  64, 64, 64
L -57.9658, -288.3320, 2.1581,  -44.3340, -288.3370, 2.1591,  64, 64, 64
L -44.3340, -288.3370, 2.1581,  -44.3410, -301.9655, 2.1581,  64, 64, 64
L -44.3410, -301.9655, 2.1581,  -57.9662, -301.9655, 3.9914,  64, 64, 64
L -57.9662, -301.9655, 2.1581,  -57.9658, -288.3320, 2.1581,  64, 64, 64
L -44.3390, -89.9656, 2.1581,  -57.9658, -89.9667, 2.1581,  64, 64, 64
L -57.9658, -89.9667, 4.1528,  -57.9662, -76.3440, 2.1581,  64, 64, 64
L -57.9662, -76.3440, 2.1581,  -44.3320, -76.3230, 2.1581,  64, 64, 64
L -44.3320, -76.3230, 2.1581,  -44.3390, -89.9656, 2.1581,  64, 64, 64
L -57.9714, 48.1200, 2.1591,  -44.3490, 48.3880, 2.1581,  64, 64, 64
L -44.3490, 48.3880, 2.1572,  -44.3450, 61.9630, 2.1589,  64, 64, 64
L -44.3450, 61.9630, 2.1581,  -57.9647, 61.9825, 4.7120,  64, 64, 64
L -57.9647, 61.9825, 4.1479,  -57.9714, 48.1200, 2.1581,  64, 64, 64
L 20.3200, 135.9594, 4.1581,  33.9669, 135.9882, 2.1591,  64, 64, 64
L 33.9669, 135.9882, 2.1581,  33.9660, 122.3360, 2.1581,  64, 64, 64
L 33.9660, 122.3360, 4.6654,  20.3410, 122.3400, 2.1585,  64, 64, 64
L 20.3410, 122.3400, 2.1581,  20.3200, 135.9594, 2.1589,  64, 64, 64
L -44.3410, 135.9644, 2.1581,  -44.3390, 122.3340, 2.1581,  64, 64, 64
L -44.3390, 122.3340, 2.1581,  -57.9690, 122.3400, 2.1581,  64, 64, 64
L -57.9690, 122.3400, 2.1583,  -57.9669, 135.9684, 4.1357,  64, 64, 64
L -57.9669, 135.9684, 2.1581,  -44.3410, 135.9644, 2.1581,  64, 64, 64
L 20.3370, -76.3410, 4.1410,  33.9656, -76.3400, 2.1581,  64, 64, 64
L 33.9656, -76.3400, 2.1591,  33.9658, -89.9659, 2.1581,  64, 64, 64
L 33.9658, -89.9659, 4.1379,  20.3450, -89.9659, 4.5710,  64, 64, 64
L 20.3450, -89.9659, 2.1581,  20.3370, -76.3410, 2.1581,  64, 64, 64
L 33.9662, 48.3240, 2.1589,  20.3410, 48.3430, 2.1581,  64, 64, 64
L 20.3410, 48.3430, 2.1581,  20.3360, 61.9658, 2.1581,  64, 64, 64
L 20.3360, 61.9658, 2.1583,  33.9660, 61.9652, 2.1573,  64, 64, 64
L 33.9660, 61.9652, 2.1581,  33.9662, 48.3240, 2.1581,  64, 64, 64
L 20.3350, -150.2960, 4.7008,  33.9662, -150.3450, 3.6939,  64, 64, 64
L 33.9662, -150.3450, 5.6348,  33.9658, -163.9655, 5.6841,  64, 64, 64
L 33.9658, -163.9655, 5.9030,  20.3400, -163.9665, 4.8933,  64, 64, 64
L 20.3400, -163.9665, 4.3996,  20.3350, -150.2960, 4.8768,  64, 64, 64
L 20.3860, -288.3230, 5.6140,  33.9658, -288.3390, 5.7035,  64, 64, 64
L 33.9660, -301.9658, 4.3079,  20.7200, -301.9657, 3.7075,  64, 64, 64
L 20.7200, -301.9657, 3.6852,  20.3860, -288.3230, 2.1581,  64, 64, 64
L 33.9658, -288.3390, 2.1581,  33.9660, -301.9658, 4.1000,  64, 64, 64
L 19.4020, -622.3380, 1.1592,  32.9677, -622.3360, 1.1581,  64, 64, 64
L 32.9677, -622.3360, 3.1116,  32.9658, -635.9659, 1.1581,  64, 64, 64
L 32.9658, -635.9659, 3.8650,  18.9863, -635.9659, 1.1581,  64, 64, 64
L 18.9863, -635.9659, 1.1592,  19.4020, -622.3380, 1.1581,  64, 64, 64
L 19.3400, -739.3400, -21.8416,  32.9664, -739.3350, -19.9095,  64, 64, 64
L 32.9664, -739.3350, -19.8491,  32.9658, -752.9661, -19.8429,  64, 64, 64
L 32.9658, -752.9661, -21.8416,  19.3380, -752.9657, -19.8502,  64, 64, 64
L 19.3380, -752.9657, -19.8698,  19.3400, -739.3400, -21.8416,  64, 64, 64
L 32.9667, -813.3400, -21.8411,  32.9662, -826.9886, -21.8416,  64, 64, 64
L 32.9662, -826.9886, -21.8406,  19.3300, -826.9614, -21.8416,  64, 64, 64
L 19.3300, -826.9614, -21.8411,  19.3430, -813.3270, -21.8416,  64, 64, 64
L 19.3430, -813.3270, -21.8416,  32.9667, -813.3400, -21.8416,  64, 64, 64
L 19.3440, -930.3390, -44.8417,  32.9660, -930.3390, -42.8674,  64, 64, 64
L 32.9658, -943.9659, -44.8417,  32.9660, -930.3390, -44.8417,  64, 64, 64
L 32.9658, -943.9659, -44.8417,  19.3140, -943.9659, -44.8417,  64, 64, 64
L 19.3140, -943.9659, -44.8417,  19.3440, -930.3390, -44.8417,  64, 64, 64
L 19.3400, -1004.3400, -44.8417,  32.9613, -1004.3390, -44.8417,  64, 64, 64
L 32.9613, -1004.3390, -44.8408,  32.9879, -1017.9620, -44.8406,  64, 64, 64
L 32.9879, -1017.9620, -42.8969,  19.3400, -1017.9915, -42.8496,  64, 64, 64
L 19.3400, -1017.9915, -44.8417,  19.3400, -1004.3400, -44.8417,  64, 64, 64
L 19.3370, -1121.2439, -67.8406,  32.9658, -1121.3589, -67.8417,  64, 64, 64
L 32.9658, -1121.3589, -67.8417,  32.9660, -1134.9661, -67.8417,  64, 64, 64
L 32.9660, -1134.9661, -67.8417,  19.3410, -1134.9656, -67.8417,  64, 64, 64
L 19.3410, -1134.9656, -67.8417,  19.3370, -1121.2439, -67.8417,  64, 64, 64
L 19.3400, -1657.3180, -66.3063,  32.9667, -1657.1698, -67.8406,  64, 64, 64
L 32.9667, -1657.1698, -67.8417,  32.9664, -1670.9618, -67.8417,  64, 64, 64
L 32.9664, -1670.9618, -67.8417,  19.3380, -1670.9878, -67.8406,  64, 64, 64
L 19.3380, -1670.9878, -67.8417,  19.3400, -1657.3180, -67.8417,  64, 64, 64
L -45.3390, -1670.9655, -67.8417,  -45.3370, -1657.3290, -67.8417,  64, 64, 64
L -45.3370, -1657.3290, -67.8417,  -58.9658, -1657.3290, -65.9244,  64, 64, 64
L -58.9658, -1657.3290, -67.8417,  -58.9667, -1670.9690, -67.8417,  64, 64, 64
L -58.9667, -1670.9690, -67.8417,  -45.3390, -1670.9655, -67.8417,  64, 64, 64
L -45.3730, -1134.9878, -67.8406,  -58.9664, -1134.9601, -65.8417,  64, 64, 64
L -58.9664, -1134.9601, -67.8417,  -58.9658, -1121.3340, -67.8419,  64, 64, 64
L -58.9658, -1121.3340, -67.8417,  -45.9500, -1121.3340, -67.8417,  64, 64, 64
L -45.9500, -1121.3340, -67.8406,  -45.3730, -1134.9878, -67.8417,  64, 64, 64
L -45.3620, -1017.9657, -44.8417,  -58.9694, -1017.9659, -44.8417,  64, 64, 64
L -58.9694, -1017.9659, -44.8408,  -58.9656, -1004.1110, -44.8417,  64, 64, 64
L -58.9656, -1004.1110, -44.8406,  -45.2230, -1004.3799, -44.8417,  64, 64, 64
L -45.2230, -1004.3799, -44.8406,  -45.3620, -1017.9657, -44.8417,  64, 64, 64
L -45.3470, -943.9659, -42.9575,  -58.9624, -943.9659, -44.8417,  64, 64, 64
L -58.9624, -943.9659, -44.8417,  -58.9893, -930.3390, -42.8813,  64, 64, 64
L -58.9893, -930.3390, -44.8417,  -45.3280, -930.3350, -44.8417,  64, 64, 64
L -45.3280, -930.3350, -44.8417,  -45.3470, -943.9659, -42.8924,  64, 64, 64
L -45.3370, -826.9655, -21.8416,  -58.9690, -826.9655, -21.8416,  64, 64, 64
L -58.9690, -826.9655, -21.8416,  -58.9656, -813.3250, -21.8416,  64, 64, 64
L -58.9656, -813.3250, -21.8416,  -45.3370, -813.3300, -19.8921,  64, 64, 64
L -45.3370, -813.3300, -21.8416,  -45.3370, -826.9655, -21.8416,  64, 64, 64
L -45.1290, -752.9623, -21.8416,  -58.9707, -752.9877, -21.8406,  64, 64, 64
L -58.9707, -752.9877, -21.8416,  -58.9662, -739.4160, -21.8416,  64, 64, 64
L -58.9662, -739.4160, -19.8427,  -45.1233, -739.3220, -21.8416,  64, 64, 64
L -45.1233, -739.3220, -19.8406,  -45.1290, -752.9623, -19.8883,  64, 64, 64
L -45.2400, -635.9659, 1.1581,  -58.9658, -635.9657, 1.1581,  64, 64, 64
L -58.9658, -635.9657, 1.1581,  -58.9662, -622.9500, 3.1583,  64, 64, 64
L -58.9662, -622.9500, 3.1301,  -45.3520, -622.3879, 1.1581,  64, 64, 64
L -45.3520, -622.3879, 1.1581,  -45.2400, -635.9659, 3.6550,  64, 64, 64
P -13.7118, 800.6700, 1.8166,  0, 0, 0,  1,  Map_by_Goodurden
P -14.5368, 695.9216, 2.1802,  0, 127, 0,  3,  to_Dawnshroud_Peaks(VT)
P -1022.6840, -459.9914, 69.3144,  0, 127, 0,  3,  to_Marus_Seru(Ssra)
P 407.3120, -2055.5496, -68.3653,  0, 127, 0,  3,  The_Nexus
P -14.0000, -1787.0000, 0.0000,  0, 0, 0,  1,  Succor
