P -1054.3798, -1287.8362, -3.8940,  127, 64, 0,  3,  X
P -1299.3541, 3704.1211, -10.9655,  127, 64, 0,  3,  Great_Spires
P 1449.3822, 2730.6758, -10.6240,  127, 64, 0,  3,  Druid_Circle
P -1151.7841, -1303.3295, -3.5354,  0, 0, 127,  2,  Dire_Griffon(Brd_1.5)
P 379.6496, 1334.7919, -0.6136,  127, 0, 0,  2,  Sir_Gerwin_Thunderblade(Ncr1.5)*
P 1067.1388, -1210.5017, -3.2021,  0, 0, 127,  2,  withered_treant(Druid1.0)
P -502.2690, -1350.7074, -7.7672,  0, 0, 127,  2,  Xanuusus(Druid1.0)
P 2224.2288, 1135.0405, -9.1516,  0, 127, 127,  2,  3-Apple
P 859.5346, 3268.4202, -9.6465,  0, 127, 127,  2,  4-Appel
P 1636.4467, 2820.7261, -9.6478,  0, 127, 127,  2,  Trail
P 953.9897, 3547.1294, -9.6461,  0, 127, 127,  2,  Pony
