P 938.3440, 2132.3191, -223.9050,  0, 0, 127,  2,  Slave_Du_Jour
P 69.5409, 1491.8058, -191.9370,  0, 0, 127,  2,  a_sleeping_ogre(Mnk1.0)
P -261.4780, 1448.1565, -191.9353,  0, 127, 127,  2,  Zusuu
P -1352.8300, 1283.9047, -287.8727,  0, 127, 127,  2,  The_Bone_Seer
P -1382.1027, 1994.4419, -307.8690,  0, 127, 127,  2,  Tribal_Mineralist
P -596.1271, 1648.8604, -222.0441,  0, 127, 127,  1,  Poguu
P -490.3630, 1121.2112, -190.0866,  0, 127, 127,  2,  Poguu
P 941.5046, 1910.1188, -222.2934,  0, 127, 127,  2,  Jade_1
P 613.1523, 1526.6963, -190.3458,  0, 127, 127,  2,  Jade_2
P 962.7122, 1238.3455, -174.3226,  0, 127, 139,  2,  Jade_3
