P 5800.5762, -2081.4771, -198.7417,  0, 0, 240,  2,  Merchant_Elesseryl_Terussar
P -7692.9893, 1438.2544, -223.7648,  0, 0, 240,  2,  Sanian_Shearsin_(Fishing)
P -7588.8638, 1308.7074, -294.3442,  0, 0, 240,  2,  Craven_Jonsbrow_(Fishing)
P 7624.4341, -2351.1780, -283.7259,  0, 0, 240,  2,  Doran_Vargnus_(Armor)
P 5797.3521, -2085.7173, -198.2367,  0, 0, 240,  2,  Elesseryl_Terussar_(Spells)
P 7822.4087, -1972.6664, -199.9244,  0, 0, 240,  2,  Cleonae_Kalen_(M)
P -7590.5898, 1334.8396, -295.1200,  0, 0, 240,  2,  Endan_Halsom_(M)
P -3657.7610, -1237.7465, -276.9153,  0, 0, 240,  2,  Fendlemend_Figlefop(Q)
P 8287.4854, -2396.4546, -266.6671,  0, 0, 240,  2,  Glendl_Vargnus
P 7653.5352, -2095.8533, -285.3296,  0, 0, 240,  2,  Melanaie_Marcynn
P 8008.5757, -2554.5293, -281.8756,  0, 0, 240,  2,  Velanae_Marcynn
P 8032.7646, -2222.6775, -232.4815,  0, 0, 240,  2,  Kaeylie_Prendyn
P 7851.2212, -1956.7527, -200.5027,  0, 127, 127,  2,  Styria_Fearnon_(GM_War)
P 8170.9375, -2490.1797, -274.5484,  0, 0, 240,  2,  Dayle_Jornin*(Q)
P 7468.9756, 338.1849, -297.1931,  0, 0, 240,  2,  Secaldru_Zandar(Q)
P 6731.5132, 32.2832, -200.9259,  0, 0, 240,  2,  Assistant_Jeyular(Q)
P 6732.1763, 18.9068, -202.9778,  0, 0, 240,  2,  Oracle_of_K`Arnon(Q)
P -7002.8853, -2042.2262, -374.8716,  0, 0, 240,  2,  Nerbilik(Q)
P -7798.8125, 1566.9944, -120.4946,  0, 0, 240,  2,  Seplawishni_Bladeblight(Q)
P 5805.3311, -2263.7642, -86.4039,  0, 0, 240,  2,  Moad_Delangan
P 7662.9966, -2234.7703, -284.9098,  0, 0, 240,  2,  Laeviniia_Sortellin
P 5306.1797, -2445.9932, -107.2309,  0, 0, 240,  2,  Gellmana_Sunara(Q)
P 5796.8936, -2085.7786, -197.5900,  0, 0, 240,  2,  Spell_Merchant
P -4096.1309, -1548.6010, -69.7446,  0, 0, 240,  2,  Raotin_Teawel(Q)
P 4772.9277, -157.2090, -197.5055,  0, 0, 240,  2,  Sentry_Xyrin(Q)
P 7999.8223, -1987.4987, -199.9559,  0, 0, 240,  2,  Phalcoa_Neldarin
P 8003.8276, -1985.3645, -199.9559,  0, 0, 240,  2,  Jaelinia_Dalwynn
P -7873.1587, 1485.2179, -160.9831,  0, 0, 240,  2,  Donoven_Blurr
P -7825.4321, 1263.8777, -255.3240,  0, 0, 240,  2,  Valaryn_Elben
P -7670.3486, 1461.6409, -224.1786,  0, 0, 240,  2,  Ran_Aldorne
P -7675.5020, 1476.3981, -224.2026,  0, 0, 240,  2,  Lorna_Shearsin
P -7576.1514, 1353.8324, -295.3999,  0, 0, 240,  2,  Dunvan_Mercwinn
P 7869.9976, -2245.1663, -218.9852,  0, 0, 240,  2,  Talaniea_Derenell
P -7691.6851, 1440.3599, -224.3117,  0, 0, 240,  2,  Merchant
P -7592.3320, 1325.2107, -295.1517,  0, 0, 240,  2,  Merchants
P -7455.2554, 1245.2310, -279.9961,  0, 0, 240,  2,  Zachariah_Reigh
P 5482.1021, -2286.1082, -155.3865,  0, 0, 240,  2,  Breecyll_Skene(Q)
P 8256.5020, -2391.3892, -266.4990,  0, 0, 240,  2,  Elona_Tunbrin
P 7569.8809, -2156.9236, -284.1861,  0, 0, 240,  2,  Hugan_Tunbrin
P 7659.7852, -2262.7898, -287.3817,  0, 0, 240,  2,  Euboea_Delewyn*
P 7658.8975, -2206.5171, -287.3817,  0, 0, 240,  2,  Tegea_Prendyn*
P 7817.3750, -1955.6316, -199.5267,  0, 0, 240,  2,  Vaelinia_Dalwynn
P 8022.8813, -2215.5508, -232.8420,  0, 0, 240,  2,  Larisa_Gelrith
P 7967.2031, -2554.9468, -281.6261,  0, 0, 240,  2,  Antinime
P 1342.9340, 1882.9329, -230.5344,  0, 0, 240,  2,  Gubblegrot_Smashfist
