P 7631.6523, -178.6940, -294.2119,  127, 64, 0,  2,  Oracle_Island_(Beware!__Lvl_76-78_Skellies)
P 965.1511, 1430.8478, -296.6661,  127, 64, 0,  3,  Goblin_Isle
P 2854.2715, -2324.8301, -139.2190,  0, 0, 0,  1,  The_Oblong_Bottle(GS)
P 7980.6001, -2838.1775, -291.9102,  127, 64, 0,  3,  Sisters_of_Erollisi_Isle
P 3291.6602, -1536.7118, -287.6759,  127, 64, 0,  2,  Druid_Ring
P -2036.2787, -141.4678, -302.6308,  127, 64, 0,  3,  Sirens'_Pass
P -7500.1401, -2249.9583, -289.5713,  127, 64, 0,  3,  The_Koada'Dal_Tear
P 7558.6685, -81.9252, -288.1548,  127, 0, 0,  2,  Greysong_Ship_Debris
P 5089.2729, 59.6214, -198.6836,  0, 0, 0,  1,  Spectres_and_Skellies
P 3538.1194, -2096.1226, -140.4730,  127, 64, 0,  2,  Pirates
P -2108.2322, -492.8351, -211.1293,  0, 0, 0,  1,  Aqua_Goblins
P 5529.4688, -2743.7559, -281.4526,  127, 64, 0,  3,  Goblins_Island
P 5093.6719, -414.7336, -297.7555,  127, 64, 0,  3,  Island_of_the_Dead
P -7930.2549, 1010.9846, -303.0656,  127, 64, 0,  3,  Fisher's_Island
P -3953.4126, -2098.2732, -289.6195,  127, 64, 0,  3,  Aviak_Island
P -2053.8975, 165.1842, -297.6745,  0, 0, 0,  1,  Sirens
P 3098.7610, -2910.2417, -292.6486,  127, 64, 0,  3,  Cyclops_Island
P -1969.3368, -32.7899, -505.9049,  0, 0, 0,  1,  Gyrospire_Zeka_Gyroscope
P 2993.6995, -2419.2273, -131.2409,  127, 0, 0,  2,  Captain_Surestout_(Shm_1.0)
P 1342.9340, 1882.9329, -230.5344,  127, 0, 0,  2,  Gubblegrot_Smashfist(Sk_1.5)
P 3116.4048, -1590.1858, -293.8951,  127, 0, 0,  2,  Quag_Maelstrom(BRD1.0)
P -3645.9319, -1299.8760, -288.3550,  0, 0, 127,  2,  Denken_Strongpick_(War1.0)
P -7855.9561, -946.4319, -235.6911,  0, 0, 0,  1,  Cryptic_Page(GS)Ench1.5)
P -3991.2847, -1283.5000, -171.9566,  127, 0, 0,  2,  Kaiaren(Mnk2.0)
P -1995.1050, -662.7794, -196.6030,  0, 0, 127,  2,  Marrey_McGrannel(BST1.5)
P 3125.4817, -2023.2056, -140.5028,  127, 0, 0,  2,  Toko_Binlittle
P -3710.1980, -1594.5485, -192.5240,  240, 0, 0,  2,  Gull_Skytalon*
P 3727.3982, -2261.7874, -181.2120,  127, 0, 0,  2,  Gornit*
P 6756.1807, 17.2498, -208.3000,  127, 0, 0,  2,  Guardian_of_K`Arnon
P 2962.4773, -2491.7996, -132.7599,  127, 0, 0,  2,  Goob_Mudtoe
P 1121.5740, 2111.4446, -216.7658,  127, 0, 0,  2,  Allizewsaur
P 3614.7720, -2021.9041, -140.4036,  127, 0, 0,  2,  a_buccaneer(ph)
P 5433.5425, -157.1240, -222.8781,  0, 0, 127,  2,  Saldra_Trailfinder
P 785.8954, 1595.3661, -295.2970,  127, 0, 0,  2,  Nyuae_the_Cruel
P 7880.4443, -1609.2144, -300.7932,  0, 127, 127,  2,  Raptured_Daffodi_(22nd_Anniversary)
P 7893.7310, -1567.0497, -322.9877,  0, 0, 0,  1,  Strongbox_(GS)
