P -212.501, 355.325, 30.8134,  0, 127, 0,  3,  Priest_of_Discord
P 164.201, -256.175, 4.6885,  0, 0, 240,  2,  Lether_Armer
P 167.954, -211.925, 4.6885,  0, 0, 240,  2,  Metil_Armer
P -784.791, -258.815, 39.3759,  0, 0, 240,  2,  Gralbug_(Smithing)
P -911.901, -114.622, 39.3759,  0, 0, 240,  2,  Blergerda_(Smithing)
P -875.915, -2.816, 39.3759,  0, 0, 240,  2,  Brana_(Weaponer)
P -846.248, -25.811, 39.3759,  0, 0, 240,  2,  Puglala_(Smithing)
P -1057.614, -194.06, 80.3447,  0, 0, 127,  2,  Brogdog_(Spells)
P -1069.277, -247.786, 80.3447,  0, 0, 127,  3,  Rognok_(Spells)
P -1074.206, -561.529, 80.4466,  0, 0, 127,  2,  Merchants_(Spells)
P -999.461, -553.05, 80.3447,  0, 0, 126,  2,  Cralk_(Spells)
P -975.984, -582.471, 80.3447,  0, 0, 240,  2,  Squeea_(Weaponer)
P -847.397, -745.086, 39.4630,  0, 0, 240,  2,  Hrak_(Merchant)
P -683.022, -583.123, 4.4770,  0, 0, 240,  2,  Uoola_(Merchant)
P -695.658, -552.227, 4.3760,  0, 0, 240,  2,  Gretamog_(Tailoring)
P -747.34, -159.569, 4.3760,  0, 0, 240,  2,  Merchants_(Pottery)
P -678.432, -197.186, 4.4995,  0, 0, 240,  2,  Sinsaal_(Merchant)
P -12.046, -193.822, 4.3760,  0, 0, 240,  2,  Iksob_(Merchant)
P 6.402, -204.41, 4.3760,  0, 0, 127,  2,  Crilt_(Spells)
P -10.98, -314.379, 4.3760,  0, 0, 127,  2,  Merchants_(Spells)
P 264.251, 77.022, -6.6239,  0, 0, 240,  2,  Ungral_(Banker)
P 3.474, -8.666, -26.6239,  0, 0, 240,  2,  Snarg_(Weaponer)
P 177.224, -457.805, 4.3760,  0, 0, 240,  2,  Merchants_(General)
P 239.486, -115.435, 4.3760,  0, 0, 240,  2,  Merchants_(Brewing)
P 371.249, -222.494, 4.6885,  0, 0, 240,  2,  Merchants_(Alchemy)
P 371, -144.096, 4.7895,  0, 0, 240,  2,  Rora_(Weaponer)
P 138.164, -290.786, 4.7895,  0, 0, 240,  2,  Duuga_(Armorer)
P 199.302, -292.318, 4.7895,  0, 0, 240,  2,  Juk_(Armorer)
P 196.811, -174.027, 4.6885,  0, 0, 240,  2,  Zarg_(Armorer)
P 142.743, -179.614, 4.6944,  0, 0, 240,  2,  Lopuka_(Armorer)
P 2.343, 317.196, 2.6019,  0, 0, 240,  2,  Angrog_(Merchant)
P -491.364, 403.627, 46.3447,  0, 0, 240,  2,  Praak_(Fletcher)
P -382.654, -151.22, 60.3447,  0, 0, 240,  2,  Brokk_(Merchant)
P -478.217, -376.309, 4.4772,  0, 0, 240,  2,  Cikoona_(Weaponer)
P -492.735, -437.997, 4.4770,  0, 0, 240,  2,  Grop_(Merchant)
P -650.965, -424.267, 4.3760,  0, 0, 240,  2,  Trurg_(Soulbinder)
P 207.336, -213.828, 4.3760,  0, 0, 240,  2,  Bubbgrib_(Smith)
P 211.653, -247.2, 4.3760,  0, 0, 240,  2,  Varrok_(Weaponer)
P 279.343, -242.468, 0.1000,  0, 0, 127,  2,  Sheerie_(Berserker_Tomes)
P 81.476, 427.441, 4.2974,  0, 0, 240,  2,  Exterminator_Glurg_(Q)
P -26.28, -239.636, 2.5496,  0, 0, 240,  2,  Grevak_(Q)
P 26.906, 143.01, -29.4848,  0, 0, 240,  2,  Kogna_(Q)
P 282.254, -180.426, 1.5464,  0, 0, 240,  2,  Clurg_(Q)
P -70.575, 47.773, -29.4787,  0, 0, 240,  2,  Guntrik_(Q)
