P -1110.0912, -1536.9314, 0.5612,  0, 0, 240,  2,  Praetor_Scout_Ellidia(T)
P -452.0139, -359.2260, -547.5709,  0, 0, 240,  2,  Scout_Deni_M'Trix(R)
P -1399.7271, -1902.4835, -0.2063,  0, 0, 240,  2,  Mercator_Pera(M)
P -1473.8812, -1851.8765, -2.1819,  0, 0, 240,  2,  Indigatrix_Winters(T)
P -1545.5918, -1815.8679, -2.0057,  0, 0, 240,  2,  High_Praetor_Yerlin(T)
P -1708.0293, -1610.1731, 4.6417,  0, 0, 240,  2,  Praetor_General_Teralus(2-G/Mi)
P -1698.8252, -1616.3252, 4.5895,  0, 0, 240,  2,  Vizra,_magia_mortis_fortitio(Mi,R)
P -1700.1449, -1648.7168, 4.5823,  0, 0, 240,  2,  Praetor_Noctis_Trayer(Q)
P -1274.1156, -1425.4043, -0.1990,  0, 0, 240,  2,  Krama_Alaeus_(Q)
P -2028.9940, -1686.4370, 0.6860,  0, 0, 240,  2,  Hortulanus_Cryolex(Mi,R)
P -1904.1886, -2397.6851, -22.8719,  0, 0, 240,  2,  Cresta(T)
P -991.1827, -2070.4783, -2.6788,  0, 0, 240,  2,  Augmentations
P -1051.1177, -2060.2659, -0.2115,  0, 0, 127,  2,  Drd_&_Rng_Spells
P -1051.3239, -2050.3118, -0.2115,  0, 0, 127,  2,  Cle_&_Pal_Spells
P -1093.2822, -2148.8904, -0.7914,  0, 0, 127,  2,  Wiz_&_Mag_Spells
P -1092.0419, -2160.9397, -0.6177,  0, 0, 127,  2,  Sha_&_BST_Spells
P -1384.1073, -1975.2671, 4.0947,  0, 0, 127,  2,  Ench_&_Brd_Spells
P -1544.7235, -1807.5770, -2.1936,  0, 0, 127,  2,  Melee_Tomes
P -1709.8290, -1649.2017, 5.8034,  0, 0, 127,  2,  Nec_&_Sk_Spells
P -1056.6238, -1768.0966, 4.2065,  0, 0, 240,  2,  Raid_Merchant
P -1056.9596, -1853.9235, 3.4652,  0, 0, 240,  2,  Group_Merchant_&_Parcel
