P -2146.3899, -2675.1775, -53.9270,  127, 64, 0,  3,  Bank
P -2383.4348, -2680.8599, -53.9270,  0, 0, 0,  1,  Brew_Barrel
P -2357.1685, -2692.7537, -53.9270,  0, 0, 0,  1,  Oven
P -2371.5466, -2847.5259, -53.9270,  0, 0, 0,  1,  Sewing_Kit
P -2396.1543, -2861.2478, -53.9270,  0, 0, 0,  1,  Pottery_Wheel
P -2384.5603, -2866.9395, -53.9270,  0, 0, 0,  1,  Kiln
P -3250.7920, -2502.8770, -139.3259,  0, 0, 0,  1,  Forge
P -2204.3962, -3252.7869, -62.8220,  0, 0, 127,  2,  Kurron_Ni_(Sk_1.0)
P -2147.4722, -2856.4800, -51.5435,  0, 0, 127,  2,  Inem_R'Ker(Rog_1.5)
P -2167.3376, -2453.2678, -51.1518,  0, 0, 127,  2,  Captain_Rottgrime_(Mage1.0)
P -1499.5870, -120.9767, -52.7792,  0, 0, 127,  2,  Impaler_Tzilug_(ench1.0)
P -856.3422, -767.2790, -496.7253,  0, 0, 127,  2,  Astral_Projection(Mnk1.0)
P 842.8984, -499.3788, -523.1517,  0, 0, 127,  2,  Modani_Qu`Loni*(Ench1.0)
P 560.7299, 100.4886, 35.1715,  0, 0, 0,  1,  lev_to_key
P 381.2100, 193.1870, -207.2860,  0, 0, 0,  1,  The_One_Key(Ench1.0)
P 3108.6470, -3520.7407, -101.5658,  0, 0, 127,  2,  Irionu_Bastun(Bst_Epic)
P 978.4012, -3760.2759, -180.4774,  0, 0, 0,  1,  Greysong_ship_debris
P 794.5389, -3669.9290, -151.4000,  0, 0, 127,  2,  Nekexin_Virulence(Druid1.0)
P 1687.8876, -3185.9177, -29.1180,  0, 127, 127,  2,  East_past_the_wreck
P 1750.8955, -2024.1865, -46.8098,  0, 127, 127,  2,  Head_south
P 342.0919, -3655.3594, -39.6346,  0, 127, 127,  2,  Beach_Grass_(GS)
P -3265.7344, 2242.4666, 46.6968,  0, 127, 127,  2,  Search_near_FM_1
P -3299.7271, 2248.1868, 47.8751,  0, 127, 127,  2,  Golden_Thevetia_Flower_(GS)
P -331.3607, 3479.0984, 270.7250,  0, 127, 127,  2,  Search_near_FM_2
P -267.2495, 3497.5881, 277.7433,  0, 127, 127,  2,  Roseus_Thevetia_Flower_(GS)
