P -1276.9058, -1310.3943, -0.1740,  0, 0, 127,  2,  VP_-sarnak_prisoner_'Flamescale
P 1754.5038, 153.6329, 34.9704,  127, 0, 0,  2,  VP_-Acron_Thaumaturge_Osellik
P 1557.2980, -861.1955, 0.5062,  127, 64, 0,  2,  Eastern_Pool
P -1968.7318, -222.7252, 1.6067,  127, 64, 0,  2,  Western_Pool
P -2150.9678, -2819.8843, -36.3993,  0, 127, 127,  2,  Nature_of_the_Curse
P -610.9037, 17.0119, -400.7488,  0, 0, 127,  2,  VP_-a_baleful_spirit_'Arisen
P -348.6635, 1500.1503, -49.1257,  127, 0, 0,  2,  VP_-Flamescale_Overlord_Takarious
P 1746.2328, 104.8653, 69.6647,  0, 0, 0,  2,  (GS)Aged_Sebilis
P 1499.7831, 901.5298, -0.2063,  0, 0, 0,  2,  sarnak_trap
P -1574.1018, 634.0483, -0.1512,  0, 0, 0,  2,  sarnak_trap
P 1687.3397, 1338.4768, -0.2063,  0, 0, 0,  2,  sarnak_trap
P 1884.3058, 1457.9335, -0.1268,  0, 0, 0,  2,  sarnak_trap
P 1855.5604, 1153.2627, 6.0327,  0, 0, 0,  2,  sarnak_trap
P -570.2925, 1783.5763, -1.6595,  0, 0, 0,  2,  sarnak_trap
P -695.0021, 1517.8203, -7.4584,  0, 0, 0,  2,  sarnak_trap
P -706.6346, 774.1729, 18.8974,  0, 0, 0,  2,  sarnak_trap
P 274.7494, 285.1698, -468.0382,  0, 127, 127,  2,  Tarsus
P 340.7372, 212.8636, -468.0342,  0, 127, 127,  2,  Manus
P -1771.5299, -1730.7625, 0.6847,  0, 127, 127,  2,  a_barber'Information
P -1482.0000, 2275.0000, 226.3381,  0, 0, 0,  2,  Succor
P -1524.5618, -1815.0221, -3.9361,  0, 0, 0,  2,  Forge
P -1520.2307, -1795.4175, -3.9363,  0, 0, 0,  2,  JC_Table
P -1509.2896, -1781.7007, -3.9363,  0, 0, 0,  2,  Loom
P -1397.0530, -1963.6310, -0.2269,  0, 0, 0,  2,  Research_Table
P -1393.5990, -1923.1487, -0.2269,  0, 0, 0,  2,  Kiln
P -1302.7401, -1963.1576, -0.2269,  0, 0, 0,  2,  Pottery_Wheel
P -1371.7323, -2024.5109, -0.6230,  0, 0, 0,  2,  Alchemy_Table
P -1370.2472, -2002.3561, -0.9268,  0, 0, 0,  2,  Fletching_Table
P -1082.2057, -2088.4717, -2.8064,  0, 0, 0,  2,  Brewing_Barrel
P -1081.8206, -2125.8252, -0.0734,  0, 0, 0,  2,  Mixing_Bowl
P -1074.5017, -2114.0525, -3.0057,  0, 0, 0,  2,  Oven
P -2070.2964, -1717.6819, 2.6725,  0, 0, 0,  2,  Poison_Table
P -1959.6221, -2284.2432, -18.3731,  0, 0, 0,  2,  Fishing_Table
P -1003.8608, -1812.4824, 9.7942,  127, 64, 0,  2,  Bank
P -1699.0604, -1615.0021, 4.2916,  0, 127, 127,  2,  Vizra_'curse_golem
P -1925.8766, -1644.7891, 4.1130,  0, 127, 127,  2,  an_indigator_materia_salus_'Restore
P -359.5608, -951.4423, -0.8634,  127, 0, 0,  2,  a_monstrous_scorpiki*
P -123.9322, 391.8750, -468.0193,  0, 127, 127,  2,  Aculeus
P -772.2253, -2034.2466, 1.0346,  0, 0, 0,  2,  Tinkering_Table
P -1863.2998, -1379.7654, -0.4174,  0, 127, 127,  2,  Indigator*
P -1106.3766, -1808.8333, -0.6085,  0, 127, 127,  2,  Indigator*
