P -8.5118, -2528.6294, -41.5638,  240, 0, 0,  2,  Bloodstalker
P 1788.7964, 155.1874, 28.1636,  240, 0, 0,  2,  Myrmidon_Tundrak
P -71.6386, 1179.0652, 1.0119,  240, 0, 0,  2,  Oberver*_'mysterious
P -1151.5382, -59.6590, 23.2770,  240, 0, 0,  2,  Saber*_'raging
P 228.0595, 336.1429, -458.5365,  240, 0, 0,  2,  Drakis*
P -384.0439, 1526.8484, -48.0943,  240, 0, 0,  2,  Janissary
P 1820.4790, -2003.5929, 4.5516,  240, 0, 0,  2,  a_bluff_golem*
P -2075.1697, 302.9276, 2.7972,  240, 0, 0,  2,  a_majestic*_'stoneglint
P -1091.7133, 1655.6310, 17.5530,  240, 0, 0,  2,  Janissary_Virzak
P -1736.4584, 1222.3910, 23.1215,  240, 0, 0,  2,  a_majestic_cockatrice*
P 1788.0648, 1300.7610, -0.1661,  240, 0, 0,  2,  a_Kar`Zok_lacerator
P -402.5518, 98.8514, 18.2290,  240, 0, 0,  2,  Needle
P 493.9459, 819.8076, -459.9478,  240, 0, 0,  2,  Rigelon*_'shifty
P 1346.7666, -1310.4905, -37.1117,  240, 0, 0,  2,  a_bluff_golem
P 551.1294, 1684.8690, 14.9590,  240, 0, 0,  2,  Fang*
P -363.1590, -758.2516, 6.1502,  240, 0, 0,  2,  a_grotesque*_'sickly
P 1801.7122, 1473.2676, 3.8623,  240, 0, 0,  2,  lacerator
P 1938.3865, 1403.0094, 3.8623,  240, 0, 0,  2,  lacerator
P 1854.9486, 1356.2052, 3.4372,  240, 0, 0,  2,  lacerator*
P 1706.2216, 184.4763, 30.9466,  240, 0, 0,  2,  Tundrak
P 1594.1066, 72.1231, 27.9809,  240, 0, 0,  2,  Tundrak
P 1374.6178, -179.8618, 9.5741,  240, 0, 0,  2,  Tundrak*_'officer
P -1318.6836, 1578.7090, 11.3701,  240, 0, 0,  2,  an_iron_sentinel
P -1888.0261, 2011.0917, 81.6145,  240, 0, 0,  2,  an_iron_sentinel
P -432.4028, -661.1359, -464.0244,  240, 0, 0,  2,  Rigelon
P 146.1150, 457.1789, -456.4147,  240, 0, 0,  2,  Drakis
P 118.7953, 595.0809, -456.4214,  240, 0, 0,  2,  Drakis_'dreadful
P 36.9371, 425.4043, -456.4074,  240, 0, 0,  2,  Drakis
P 900.6069, 331.0889, -460.6721,  240, 0, 0,  2,  Rigelon
P 20.0193, -14.1177, -473.1540,  240, 0, 0,  2,  Rigelon_the_Watcher
P 880.9471, 1818.2638, 11.0312,  240, 0, 0,  2,  Fang
P 684.2941, 1845.9014, 19.1118,  240, 0, 0,  2,  Fang
P 1114.6991, 1645.9889, 4.0525,  240, 0, 0,  2,  Fang*_'stonepeep
P 1763.7672, 762.7123, 14.2754,  240, 0, 0,  2,  Observer*_'mysterious
P 1902.2478, 717.0323, 13.7210,  240, 0, 0,  2,  Observer_Eyrzekla
P -1113.7958, 66.8803, 26.1215,  240, 0, 0,  2,  Saber
P -607.5289, 519.8094, 9.2587,  240, 0, 0,  2,  Saber
P -678.4399, 330.0253, 1.8122,  240, 0, 0,  2,  Saber*_'raging
P -2340.6912, 490.9820, 1.3349,  240, 0, 0,  2,  a_majestic*_'stoneglint
P 296.6078, -2433.1482, -30.3566,  240, 0, 0,  2,  Bloodstalker*_'blood-stained
P 776.5004, -1889.0707, 5.2250,  240, 0, 0,  2,  Bloodstalker*
P 1986.6525, -2428.1370, -35.1040,  240, 0, 0,  2,  Bloodstalker
P -1461.2350, -1056.6327, 5.0451,  240, 0, 0,  2,  a_grotesque*_'sickly
P -363.3124, 64.6661, 15.2238,  240, 0, 0,  2,  Needle
P -479.8735, -329.6776, 11.1544,  240, 0, 0,  2,  Needle
P -745.9017, -357.3578, 1.2612,  240, 0, 0,  2,  Needle*_'needle-covered
P 622.3926, -1871.8169, 5.9789,  240, 0, 0,  2,  a_grotesque_succulent
P -201.5516, 1594.3960, -46.9779,  240, 0, 0,  2,  Janissary
P 853.0558, 1090.7725, 8.0347,  240, 0, 0,  2,  Janissary*_'Zealot
P 1090.8147, 74.6764, 1.5010,  240, 0, 0,  2,  Banshee_'screeching
P -2051.7144, -622.1437, -0.3105,  240, 0, 0,  2,  Needle*
P 1209.8635, 550.3381, 0.7007,  240, 0, 0,  2,  Banshee*
P -1973.1565, 765.7183, 39.5974,  240, 0, 0,  2,  an_iron_sentinel*_'rubble
P -1680.7289, 2084.3384, 147.3172,  240, 0, 0,  2,  an_iron_sentinel
P 2032.1642, -1093.7367, 5.0436,  240, 0, 0,  2,  a_bluff_golem
P 1554.0707, 104.9019, 27.4964,  240, 0, 0,  2,  Banshee*
P 1932.2750, 65.3386, 28.1370,  240, 0, 0,  2,  Banshee
P 788.2142, -1253.1133, 7.3364,  240, 0, 0,  2,  a_bluff_golem
