P -3152.4724, 2928.9600, 132.3420,  0, 0, 240,  2,  Skizz_Skazz_(T)
P -1507.6200, 3538.3445, 313.6168,  0, 0, 240,  2,  Historian_Azern_(Q)
P -3222.6177, -2689.3018, -178.1359,  0, 0, 240,  2,  Yiln_Darksly_(Q)
P -2047.6519, -3144.6028, -51.1567,  0, 0, 240,  2,  Galdon_Vok_Nir_(Q)SHM)
P -2209.1580, -2957.7463, -51.1548,  0, 0, 240,  2,  Gogu_the_Smasher
P -2335.3689, -2795.3130, -51.8820,  0, 0, 240,  2,  Brinaa_Darkpact_(Q)
P -2331.7549, -2766.8457, -51.8780,  0, 0, 240,  2,  Vaean_the_Night_(Q)
P -2350.1260, -2744.4512, -51.8760,  0, 0, 240,  2,  Grubmar_Hartblak
P -2365.3135, -2769.6055, -51.8740,  0, 0, 240,  2,  Finlay_Kitoran_(T)
P -2392.5540, -2767.8682, -51.8700,  0, 0, 240,  2,  Bukuku_Wolffeetz
P -2395.8884, -2737.4805, -51.1923,  0, 0, 240,  2,  Lissa_T'Born
P -2421.9944, -2757.8826, -51.1920,  0, 0, 240,  2,  Kuglaz_Grot
P -2428.5837, -2788.1221, -51.2124,  0, 0, 240,  2,  Vizra_L'Nizlon
P -2420.7141, -2797.8679, -51.2124,  0, 0, 240,  2,  Siladdarae_N'Riese_(Q)
P -2405.8167, -2813.8081, -51.1965,  0, 0, 240,  2,  Tyrin_F'Linz
P -2393.7737, -2790.7144, -51.1963,  0, 0, 240,  2,  Slicia_J'Singe
P -2370.2461, -2793.6370, -51.1961,  0, 0, 240,  2,  Utandar_Rizndown
P -2365.2898, -2817.8298, -51.1957,  0, 0, 240,  2,  Kelsi_Q'Grinol
P -695.3582, -328.3000, 35.2475,  0, 0, 240,  2,  Norx_Blackheart(Ornaments)
P -2408.9248, -2751.6250, -53.9270,  0, 0, 240,  2,  Merchants_(Spells)
P -2775.8564, -3068.9023, -156.5937,  0, 0, 240,  2,  Soulbinder
P -2586.2881, -2658.1565, -53.9270,  0, 0, 240,  2,  Merchants
P -2727.4834, -2513.9263, -53.9270,  0, 0, 240,  2,  Uggrig_(T)
P -2192.4473, -3018.2703, -53.4630,  0, 0, 240,  3,  Dom_(M)
P -2251.1482, -3139.9719, -53.9270,  0, 127, 127,  3,  Dyth_(GM_Wizard)
P -3764.3230, 658.5710, 85.6675,  0, 0, 127,  2,  Ratrana_Zill
P -1490.1423, 2654.9080, 0.8725,  0, 0, 127,  2,  Xasraa_Ricken
P -1928.6698, -2488.5420, -51.2222,  0, 0, 127,  2,  Alchemist_Granika
P -3787.5027, 1031.3684, 97.0516,  240, 240, 240,  2,  Agent_of_Change_(R)_Skyfire
P -1890.7949, -2635.7715, -51.1575,  0, 127, 127,  2,  Darenne_K`Reil_(Q)
P -1893.8282, -3042.1287, -51.1548,  0, 127, 127,  2,  Lithxn_(Q)
P -1934.1482, -3072.9314, -51.1540,  0, 127, 127,  2,  Muku_Wolfeetz_(Q)
P -1941.1006, -3085.9224, -51.1535,  0, 127, 127,  2,  Toxon_Frennor_(Q)
