P -938.5854, 473.1469, 2.9960,  127, 0, 0,  2,  Glerbard
P -918.9293, 843.2589, -35.2498,  0, 0, 127,  2,  Snart
P -995.8310, 248.5780, -34.6032,  127, 64, 0,  2,  Rallosian_camp
P 267.2255, 517.4919, -27.5534,  0, 0, 127,  2,  Shallowain
P 1160.6991, -1119.4773, 87.4796,  0, 0, 0,  2,  Hotarions
P -396.3851, 688.2567, -29.4804,  0, 0, 127,  2,  Elthar
P 659.6236, 467.7733, -32.7620,  0, 0, 0,  2,  Swarms
P 243.0640, 479.8637, 36.7435,  0, 0, 127,  2,  Elmara_Emberclaw
P -747.3427, 711.0047, -34.7077,  127, 0, 0,  2,  Dork
P -1113.4971, -78.4635, -36.6957,  127, 0, 0,  2,  Dork
P -6.0084, 924.8190, -26.6757,  0, 0, 0,  3,  Start,_phase_1
P 106.9092, 571.1392, -30.9486,  0, 0, 0,  3,  Phase_2
P 851.0016, -699.5165, -0.9033,  0, 0, 0,  3,  Final_phase
P 527.4966, 162.8713, -27.4371,  0, 0, 0,  3,  Ambush_point
P -50.0247, 556.7267, -28.8214,  127, 0, 0,  2,  a_war_wraith
P 676.5760, -994.3774, 3.5755,  127, 0, 0,  2,  1.Darga
P 831.3441, -931.7270, 6.6559,  127, 0, 0,  2,  2.Margator
P 665.2977, -770.8400, 1.5097,  127, 0, 0,  2,  3.Firethorn
P 790.9985, -904.3591, 5.2693,  127, 0, 0,  2,  5-Kar
P 640.4716, -778.9776, 2.2235,  127, 0, 0,  2,  4.Yarith
