P -177.4608, 3143.1702, 182.2787,  0, 0, 240,  2,  Thach_Jerden
P -626.5474, -1818.9877, 23.4075,  127, 0, 0,  2,  The_Neverending_Reishicben
P -851.7707, 1647.0707, -250.9032,  0, 0, 127,  2,  Bellweather
P -415.0000, 617.0000, -316.6633,  0, 0, 0,  2,  from_Shadow_Haven
P -525.2806, -1862.2542, 23.3247,  0, 0, 0,  2,  Shik'nar_&_Underbulk_Samples
P 831.9933, 953.7051, -178.8059,  127, 0, 0,  2,  Shik'nar_tunneler
P 337.5099, 1752.1050, -3.8494,  0, 0, 0,  2,  Owlbears
P 403.8358, 1162.1227, -253.9606,  0, 0, 0,  2,  Faintly_Glowing_Digested_Stone_drop_here
P 1168.7638, 1307.1012, -181.1219,  127, 64, 0,  2,  Find_Daesorak
P 546.9454, -753.4911, 57.3322,  0, 0, 0,  2,  Fiends
P -420.1730, -1841.9609, 7.7940,  240, 0, 0,  2,  Beware_SEE_INVI
P -645.4755, -1593.9692, 25.9852,  240, 0, 0,  2,  Beware_SEE_INVI
