P -419.7760, 1653.2379, 38.5949,  127, 0, 0,  2,  General_Reparm
P -311.1089, -68.9009, -150.8429,  127, 0, 0,  2,  Chaplain_of_Fire
P -216.4958, -1614.5991, -261.7166,  240, 0, 0,  2,  Jopal_Seer
P -366.3437, -454.5455, -166.9945,  240, 0, 0,  2,  Captain_of_Fire
P -248.6573, -60.7730, -149.3095,  240, 0, 0,  2,  Vicar_of_Fire
P -452.5688, 1157.8104, -158.8149,  240, 0, 0,  2,  Doomfire_Magus
P -229.9227, 1166.5597, -126.5893,  240, 0, 0,  2,  Doomfire_Warlord
P 460.2047, -851.5505, -184.1019,  240, 0, 0,  2,  Obsidian_Tree_Spider_Queen*
P -306.7371, -1472.3822, -234.9293,  240, 0, 0,  2,  Jopal_Flame_Protector
P -268.3942, 1629.9707, 39.1230,  127, 0, 0,  2,  Arch_Mage_Yozanni
P -713.3113, 1613.1414, -127.7062,  240, 0, 0,  2,  Doomfire_Vicar*
P -1146.5060, 74.5150, -181.9498,  127, 0, 0,  2,  Magmaton*
P -1052.7500, 357.4390, -174.7064,  240, 0, 0,  2,  Firey_Spirit_Equine_Overlord*
P -1211.6145, 190.6132, -177.1499,  240, 0, 0,  2,  Flame_Overlord*
P 1419.4929, 1066.5044, -201.5603,  127, 0, 0,  2,  Chancellor_Traxom
P 1503.8904, 1162.4965, -201.5603,  127, 0, 0,  2,  Chancellor_Kirtra
P -818.7679, 662.1760, -177.6579,  127, 0, 0,  2,  Pyronis*
P -516.1120, -737.8102, -55.6278,  240, 0, 0,  2,  Charmer_of_Fire
P -322.8842, -270.4510, -41.9224,  127, 0, 0,  2,  General_Druav_Flamesinger
P 1585.7550, 905.7889, -190.2167,  127, 0, 0,  2,  Warlord_Prollaz
P 1392.3192, 914.2685, -190.2165,  127, 0, 0,  2,  Omni_Magus_Crato
P 1499.9789, 898.2885, -186.2167,  127, 0, 0,  2,  Fennin_Ro_the_Tyrant_of_Fire
P -155.3457, -66.2387, -123.5383,  240, 0, 0,  2,  Sorcerer_of_Fire
P -502.5697, -1476.4561, -263.5815,  240, 0, 0,  2,  Jopal_Chieftain
P -466.6202, 1580.4203, -65.7018,  240, 0, 0,  2,  Doomfire_Reaver
P -168.3961, 1097.4054, -63.1104,  240, 0, 0,  2,  Doomfire_Firecharmer
P -762.4740, 309.4965, -179.2478,  240, 0, 0,  2,  Doomfire_Warmaster
P 863.6843, -541.8087, -193.2506,  240, 0, 0,  2,  Flame_Wilder*
P -500.6014, -1475.2407, -259.4193,  240, 0, 0,  2,  Jopal_Crafter
P 401.7397, -912.3339, -160.2855,  240, 0, 0,  2,  Jopal_Tracker*
P -956.5510, 412.5124, -174.1460,  240, 0, 0,  2,  Magma_Overlord*
P -172.1810, -1334.7650, -276.5565,  240, 0, 0,  2,  Obsidian_War_Spider
P 918.2338, -823.3564, -188.4981,  240, 0, 0,  2,  Wild_Fiery_Spirit_Steed*
P -1612.5886, -1009.1266, -156.3068,  127, 0, 0,  2,  Quavonis_Firetail
P -772.9702, -372.7989, -140.3701,  127, 0, 0,  2,  Jaxoliz_Dawneyes
P -779.4708, -543.4175, -140.3657,  127, 0, 0,  2,  Criare_Sunmane
