L -1394.6310, 383.3817, -118.2203,  -1431.4800, 346.4096, -118.2167,  255, 0, 255
P -143.8514, -647.6086, -159.8934,  127, 64, 0,  2,  GM_Druid
P -182.9036, -701.8259, -159.8934,  127, 64, 0,  2,  GM_Cleric
P -105.9060, -671.1028, -159.8934,  127, 64, 0,  2,  GM_BST
P -153.3188, -696.8160, -159.9979,  127, 64, 0,  2,  GM_Shaman
P -564.4619, -854.6462, -113.8936,  127, 64, 0,  2,  GM_Warrior
P -560.1208, -824.6479, -113.8936,  127, 64, 0,  2,  GM_Bard
P -595.1816, -824.9482, -113.8936,  127, 64, 0,  2,  GM_Rogue
P -594.6367, -890.5800, -113.8936,  127, 64, 0,  2,  GM_Monk
P -561.8310, -888.9397, -113.8936,  127, 64, 0,  2,  GM_Paladin
P -1035.2372, -868.5099, -159.8934,  127, 64, 0,  2,  GM_Wizard_(roam)
P -970.7100, -860.3082, -159.8934,  127, 64, 0,  2,  GM_Magician
P -1018.4124, -889.7889, -159.8934,  127, 64, 0,  2,  GM_Enchanter
P -84.9848, -450.0000, -151.6237,  127, 64, 0,  2,  GM_Wizard
P -42.9874, -424.0000, -155.6237,  127, 64, 0,  2,  GM_Enchanter
P 193.1228, -326.0000, -152.2487,  127, 64, 0,  2,  GM_Ranger
P 228.1065, -190.0000, -156.2487,  127, 64, 0,  2,  GM_Bard
P 230.0000, 325.0000, -156.2487,  127, 64, 0,  2,  GM_Cleric
P 8.0000, 291.0000, -156.2460,  127, 64, 0,  2,  GM_Shaman
P 68.1598, 352.1700, -156.2487,  127, 64, 0,  2,  GM_Beastlord
P -1109.8776, 798.3528, -158.4918,  127, 64, 0,  2,  GM_Shaman
P -1055.4539, 900.3147, -158.4838,  127, 64, 0,  2,  GM_Cleric
P -545.8998, 825.0000, -110.2489,  127, 64, 0,  2,  GM_Warrior
P -604.0000, 846.0000, -110.2489,  127, 64, 0,  2,  GM_Beastlord
P -548.0000, 857.3600, -110.2488,  127, 64, 0,  2,  GM_Warrior
P -549.0000, 792.2500, -110.2485,  127, 64, 0,  2,  GM_Shaman
P -604.0000, 808.1698, -110.2489,  127, 64, 0,  2,  GM_Shadow_Knight
P -660.0000, 783.3097, -110.2488,  127, 64, 0,  2,  GM_Rogue
P -554.0000, 832.5800, -152.2487,  127, 64, 0,  2,  GM_Monk
P -249.0000, 831.0000, -156.2444,  127, 64, 0,  2,  GM_Magician
P -268.0000, 877.0000, -156.2458,  127, 64, 0,  2,  GM_Necromancer
P -308.9934, 829.0000, -155.6237,  127, 64, 0,  2,  GM_Enchanter
P -1118.8230, 793.4728, -158.4875,  127, 64, 0,  2,  GM_Bard
