P -511.9345, 127.4818, -96.8726,  0, 0, 0,  1,  u
P -1023.5298, 677.8541, -39.8937,  0, 0, 127,  2,  Gilina_Yizior(SK_1.5)
P -561.7798, 420.9374, -124.8739,  0, 0, 0,  2,  Forge
P -477.4495, 399.7216, -124.8739,  0, 0, 0,  2,  Forge
P -801.2803, 305.3922, -95.8936,  0, 0, 0,  2,  Alchemy_Table
P -836.9985, 291.1030, -95.8936,  0, 0, 0,  2,  Tinkering_Table
P -794.5706, 343.3127, -95.8936,  0, 0, 0,  2,  Kiln
P -776.2952, 341.1304, -95.8936,  0, 0, 0,  2,  Oven
P -760.2562, 340.7735, -95.8930,  0, 0, 0,  2,  Forge
P -799.8523, 278.6363, -95.8936,  0, 0, 0,  2,  Poison_Table
P -752.3586, 327.8546, -95.8927,  0, 0, 0,  2,  Icecream_Chum
P -752.6915, 277.4923, -91.7459,  0, 0, 0,  2,  Mixing_Bowl
P -778.6933, 279.2543, -95.8936,  0, 0, 0,  2,  Pottery_Wheel
P -1218.1980, 554.3440, -126.2583,  0, 0, 127,  2,  Agrakath_Theric
P -1003.2385, 662.9714, -39.8937,  0, 0, 127,  2,  Sage_Gunyth
P -435.2235, 399.9995, -124.8739,  0, 0, 0,  2,  Forge
P -989.3795, -373.8947, -91.6239,  0, 0, 0,  2,  Kiln
P -265.5769, 88.9663, -123.6239,  0, 0, 0,  2,  Oven
P -266.7570, -89.4667, -123.6239,  0, 0, 0,  2,  Brew_Barrel
P -196.9687, -10.6460, -123.6239,  0, 0, 0,  2,  Brew_Barrel
P -798.9948, -338.5778, -91.6239,  0, 0, 0,  2,  Pottery_Wheel
P -819.8559, -335.3419, -91.6239,  0, 0, 0,  2,  Kiln
P -998.4103, -354.8999, -91.6239,  0, 0, 0,  2,  Pottery_Wheel
P -1441.2360, -96.5901, -107.6239,  0, 0, 0,  2,  Forge
P -319.9909, -745.7729, -160.8934,  127, 64, 0,  2,  New-B_Welcome_Informators
P -999.8694, -532.7744, -127.8936,  0, 0, 0,  1,  an_unemployed_mercenary
P -406.7361, -675.7277, -156.3925,  0, 0, 127,  2,  Tarerd_Gahar
P -804.3147, -675.6561, -127.8936,  0, 0, 127,  2,  Acomar_Lothwol
P -804.1548, -651.2159, -127.8936,  0, 0, 127,  2,  Caddelic_Etord
P -802.1389, -700.7626, -127.8936,  0, 0, 127,  2,  Zalil_Nyvin
P -952.4260, -684.1612, -127.8936,  0, 0, 127,  2,  Bolcen_Tendag
P -1526.8844, -24.7144, -127.8936,  0, 0, 0,  1,  an_unemployed_mercenary
P -1066.8134, -451.9005, -103.8936,  0, 0, 0,  1,  an_unemployed_mercenary
P -1380.6292, -256.4282, -116.3709,  0, 0, 127,  2,  Sage_Vilgand
P -1433.5403, -261.1560, -128.8925,  0, 0, 127,  2,  Nebbo_Watzet
P -933.7679, 291.9449, -95.8927,  0, 0, 0,  2,  Jewelry_Table
P -933.5824, 347.9116, -95.8936,  0, 0, 0,  2,  Loom
P -885.3929, 322.6184, -95.8936,  0, 0, 127,  2,  Jeann_Acur
P -901.8550, 348.1109, -95.8936,  0, 0, 127,  2,  Morgyn_Connors
P -849.9601, 320.3319, -95.8936,  0, 0, 0,  2,  Fishing_Bench
P -861.2440, 319.6075, -95.8936,  0, 0, 0,  2,  Fletching_Table
P 247.1100, 334.3559, -159.9978,  0, 0, 127,  2,  Sionachie_Heartsinger(18th_Anni)
P -328.5985, 826.5221, -159.9978,  0, 0, 127,  2,  a_sloshed_gnoll_(18th_Anni)
P -139.7168, -426.1326, -159.9978,  0, 0, 127,  2,  High_Magister_Zueria_(18th_Anni)
P -236.4850, 881.4075, -159.9978,  0, 0, 127,  2,  Sienn_Kastane(Sk_1.5)
P -305.3897, 865.9690, -159.6853,  0, 0, 127,  2,  Geboron(Ncr-Pre)
P -157.5346, -445.9239, -158.4079,  0, 0, 127,  2,  Ruandia(Ncr1.5)
P -1061.2206, 799.9832, -158.4738,  0, 0, 127,  2,  Tebarin(Ncr1.5)
P -511.1795, 421.5955, -127.6854,  0, 0, 127,  2,  Baeldarr_Hawkeye(Ber_1.5)
P -993.3170, -113.7018, 94.3144,  0, 0, 127,  2,  Bantil_Io`Tuv(Mag_Epic)
P -1077.9446, 63.4774, -63.6854,  0, 0, 127,  2,  Illusionist_Lobaen(Ench1.5)
P -70.2043, -28.1020, -126.4223,  0, 0, 127,  2,  Sebast_Muckle(Mnk2.0)
P -516.5659, 349.4461, -127.6854,  0, 0, 127,  2,  Thach_Jerden(Special_Armor)
P -1109.9391, -179.4329, 0.3000,  0, 0, 0,  1,  an_unemployed_merc
P -373.9959, 875.3290, -159.9970,  0, 0, 127,  2,  Gravelady_Beddia(Druid1.5)
P -921.1096, 22.5533, 64.2998,  0, 0, 127,  2,  Pathfinder_Arelat(Druid1.5)
P -730.6722, 247.0078, -95.6854,  0, 0, 0,  1,  Spell_Research_Table
P 216.5441, 249.2815, -155.9204,  0, 0, 0,  1,  (GS)_Gibbledon's_Jar_of_Pickels
P -1018.4557, 1.6402, 387.5830,  0, 127, 127,  2,  Riveting_Tales_of_Rivits_(U)
P -975.6913, 93.0594, 64.0020,  0, 0, 0,  1,  Book_of_History_(GS)
P 90.4541, -431.6866, -159.4003,  0, 127, 127,  2,  Adaha_(24th)
P 10.9081, -420.4173, -158.3633,  127, 64, 0,  2,  Epic_Tales_of_Heroism_(24th)
P -89.3959, -339.5194, -158.3815,  0, 127, 127,  2,  The_Great_Hero_Ezra_(24th)
P -836.2404, 101.5814, 71.0461,  0, 127, 127,  2,  From_Madness_Comes_Clarity_(25th)
P -972.4786, -396.7040, -94.4003,  0, 127, 127,  2,  Security_specialist
P -964.1600, 66.3198, -26.1646,  0, 127, 127,  2,  Pepper_and_the_Tip-tap_Bunny_(26th)
P -861.8853, -465.9390, -128.9359,  0, 127, 106,  2,  Wonto_Paanche_(27th)
P -1055.2678, -119.2700, 95.6647,  0, 127, 127,  2,  Pastseeker_Rhondarra
P -293.9386, -100.1665, -126.3954,  0, 127, 127,  2,  Poppy_(BD)
