P -484.0000, -447.0000, -123.6221,  127, 64, 0,  3,  Main_Bank
P -494.6064, 372.9780, -124.8739,  0, 0, 240,  2,  Smithing
P -569.8242, 24.1432, 0.1062,  0, 0, 240,  2,  Goblin_Mercenary
P -787.8409, 290.2726, -95.8936,  0, 0, 240,  2,  Pottery
P -757.1049, 303.3980, -95.8936,  0, 0, 240,  2,  Baking
P -770.4619, 329.4268, -95.8936,  0, 0, 240,  2,  Tradeskill_Scribe
P -750.6340, 341.8020, -95.8936,  0, 0, 240,  2,  Parcels
P -739.6516, 353.4703, -95.8936,  0, 0, 240,  2,  General
P -710.1158, 360.8657, -95.8936,  0, 0, 240,  2,  Smithing
P -733.9275, 299.6795, -95.8936,  0, 0, 240,  2,  Research
P -733.9990, 263.8605, -95.8936,  0, 0, 240,  2,  Poison
P -837.6108, 273.4549, -95.8936,  0, 0, 240,  2,  Tinkering
P -814.8871, 331.6134, -95.8936,  0, 0, 240,  2,  Alchemy
P -800.3860, 295.9673, -95.8275,  0, 0, 240,  2,  General
P -765.6979, 302.1711, -80.3936,  0, 0, 240,  2,  Tradeskil_Kits
P -636.2441, 300.9773, -108.2775,  0, 0, 240,  2,  Spirit_Shrouds
P -249.8095, -18.9512, -127.8936,  0, 0, 240,  2,  General
P -262.6897, -69.6145, -127.8936,  0, 0, 240,  2,  Old_Man_McKenzie_(Monster_Mi)
P -52.1120, -448.1870, -155.8934,  0, 0, 240,  2,  Fellowship_Registrar
P 90.3499, -135.3564, -160.8934,  0, 0, 240,  2,  Loyalists
P 3.4552, 60.1400, -160.4884,  0, 0, 240,  2,  Legendary_Liason
P 54.6238, 222.4473, -160.8934,  0, 0, 240,  2,  Soul_Binder
P 80.7026, 223.7410, -160.8934,  0, 0, 240,  2,  Hero's_Forge
P 156.3659, 35.3870, -159.8934,  0, 0, 240,  2,  General
P 223.6108, 43.3228, -159.8934,  0, 0, 240,  2,  Seer_Mal_Nae'Shi
P 75.5815, 371.8460, -159.8934,  0, 0, 127,  2,  Grundle_Cogwelder_(Q)
P -234.2966, 823.2806, -159.8934,  0, 0, 240,  2,  Special_Mercenary
P -197.7290, -941.4891, -159.8934,  0, 0, 240,  2,  Monster_Missions_Master_(Q)
P -190.2049, -865.9781, -160.8934,  0, 0, 240,  2,  Jame_the_Watchmaker_(Q)
P -872.4221, 289.6372, -95.8936,  0, 0, 240,  3,  Kerst_Frostrift_(Q)
P -836.9092, 323.3716, -95.8936,  0, 0, 240,  2,  Fletching
P -473.8002, -468.4438, -127.8936,  0, 0, 240,  2,  Destrea_Kinmare_(Mi)
P -344.3666, -340.2554, -128.8934,  0, 0, 127,  2,  Emissary_of_Bristlebane_(Q)
P -984.3478, 320.1544, -95.8936,  0, 0, 240,  2,  Brewing
P -952.8390, 335.0000, -95.8936,  0, 0, 240,  2,  Tailoring
P -954.5579, 314.2117, -80.3936,  0, 0, 240,  2,  Cultural
P -912.6317, 306.3485, -95.8936,  0, 0, 240,  2,  Jewelry
P -1434.5824, 2.9022, -127.8936,  0, 0, 240,  2,  Fishing
P -1529.4030, 54.5700, -127.8936,  0, 0, 240,  2,  General
P -1528.6674, -54.7203, -127.8936,  0, 0, 240,  2,  General
P -1379.3655, 266.3614, -121.5759,  0, 0, 240,  2,  Living_Legacy
P -1409.5226, 270.7450, -121.6721,  0, 0, 127,  2,  Sage_Valgon
P -1217.4943, 315.5792, -115.2724,  0, 0, 240,  2,  Hot_Zone_Quests
P -1123.5363, 308.8734, -100.7086,  0, 0, 240,  2,  Tierna_Morganna_(to_Dragon_Crypt(Mi)
P -796.5002, -866.9029, -158.1425,  0, 0, 127,  2,  Tratlan_Jowyr
P -807.4515, -879.4610, -158.1425,  0, 0, 127,  2,  Wicas_Adaolath
P -667.7997, -864.7228, -163.8934,  0, 0, 240,  2,  Curator_Merri_(Q)
P -905.2567, -675.4347, -39.8937,  0, 0, 240,  2,  Sage_Xelrin_(Q)
P -878.2159, -81.8906, 3.1259,  0, 0, 240,  2,  Shaman_Spells
P -1057.1648, 66.2309, 3.1259,  0, 0, 240,  2,  Druid_Spells
P -870.5959, 35.3674, -60.8740,  0, 0, 240,  2,  Wizard_Spells
P -1057.8340, 74.5948, -60.8740,  0, 0, 240,  2,  Enchanter_Spells
P -916.2110, -51.7012, -60.8740,  0, 0, 240,  2,  Bard_Songs
P -744.8998, -56.7047, -92.8739,  0, 0, 240,  2,  Necromancer_Spells
P -744.7735, 67.4637, -92.8739,  0, 0, 240,  2,  Shadow_Knight_Spells
P -849.7123, -3.5154, 67.1260,  0, 0, 240,  2,  Ranger_Spells
P -1098.3615, 107.8267, 97.1260,  0, 0, 240,  2,  Beastlord_Spells
P -1060.9539, -70.2878, 67.1260,  0, 0, 240,  2,  Paladin_Spells
P -1097.8195, -107.1684, -30.8735,  0, 0, 240,  2,  Cleric_Spells
P -1103.1150, -94.3473, 33.1259,  0, 0, 240,  2,  Magician_Spells
P -274.9941, 103.4098, -123.6239,  0, 0, 240,  2,  Baking
P -325.0000, 78.1610, -123.5772,  0, 0, 240,  2,  Jewelry
P -325.0000, 55.0000, -123.6239,  0, 0, 240,  2,  Pottery
P -323.0000, -44.0000, -123.6222,  0, 0, 240,  2,  Smithing
P -275.0000, -103.0000, -123.6225,  0, 0, 240,  2,  Brewing
P 169.2100, 119.2000, -156.2487,  0, 0, 240,  2,  General
P 216.2598, 89.2600, -156.2487,  0, 0, 240,  2,  Mirao_Frostpouch_(M)
P -542.6603, 385.9621, -89.5447,  0, 0, 240,  2,  Tinkerer
P -944.0000, 305.0000, -91.6239,  127, 64, 0,  3,  Small_Bank
P -1476.3539, 142.7613, -123.6239,  0, 0, 240,  2,  Fletching
P -1422.9590, 112.9094, -107.5643,  0, 0, 240,  2,  Poison
P -1378.1802, 46.2408, -107.6239,  0, 0, 240,  2,  Alchemy
P -1376.5280, -47.1045, -107.6239,  0, 0, 240,  2,  Smithing
P -1421.9690, -117.5841, -107.6239,  0, 0, 240,  2,  Smithing
P -1476.3224, -143.3951, -123.6239,  0, 0, 240,  2,  Tailoring
P -769.9279, -406.4037, -91.6239,  0, 0, 240,  2,  Jewelcraft
P -945.0000, -394.0000, -91.6222,  0, 0, 240,  2,  Pottery
P -864.0000, -388.0000, -91.6239,  0, 0, 240,  2,  Pottery
P -842.0000, -408.0000, -91.6239,  0, 0, 240,  2,  Tinkerer
P -1068.2278, -426.9316, -99.5578,  0, 0, 240,  2,  Smithing
P -558.1105, 446.6616, -124.8739,  0, 0, 240,  2,  Smithing
P -170.8651, -170.5404, -127.8937,  0, 0, 240,  2,  Kobold_Mercenary
P -729.5784, -532.8708, -127.8937,  0, 0, 240,  2,  Brownie_Mercenary
P -1155.5608, -25.0974, 5.5418,  0, 0, 240,  2,  a_mysterious_presence_(Overseer_Merchant)
P -1154.0784, 428.9663, -128.9979,  0, 0, 0,  1,  Willamina_(Q)
P -154.4918, -693.5350, -159.9979,  0, 0, 240,  2,  Oracle_Cador
P -1051.7560, 650.4050, -127.6334,  0, 0, 240,  2,  Onirelin_Gali_
P -21.1290, -428.2458, -159.9979,  0, 0, 240,  2,  Arch_Mage_Narik
P -944.9238, -393.1060, -95.9979,  0, 0, 240,  2,  Elisha_Dirtyshoes
P -323.9367, -30.0529, -127.8865,  0, 0, 240,  2,  Boiron_Ston
P -752.8044, 344.7943, -95.9979,  0, 0, 240,  2,  Caden_Zharik
P -900.2590, 663.1565, -127.6333,  0, 0, 240,  2,  Zauvudd_Gigoth_(Q)
