P -1485.1250, -2648.5513, -83.4732,  127, 0, 0,  2,  Hobgoblin_Anguish_Lord
P 409.3892, -1416.7614, 174.2278,  127, 0, 0,  2,  Vhaksiz_the_Shade
P 459.2778, 1300.5442, 143.7385,  240, 0, 0,  2,  an_infernal_consort
P 495.7792, -2400.8589, -209.9052,  240, 0, 0,  2,  an_agony_mephit
P 829.3046, -4499.3262, -123.9300,  240, 0, 0,  2,  a_bullyrag_bat
P 1879.1027, -193.1448, 127.3777,  127, 0, 0,  2,  Tyrant_of_Nightmare
P -335.7937, -1423.7278, 7.5594,  240, 0, 0,  2,  a_paimwrack_hobgoblin
P 499.1736, 1216.3766, 134.3386,  240, 0, 0,  2,  a_fiendish_consort
P -1508.9513, -2500.6199, -84.3426,  240, 0, 0,  2,  a_fearsome_hobgoblin
P 338.4155, -3482.9446, -145.5680,  240, 0, 0,  2,  a_bullyrag_bat
P 521.8467, 1287.5640, 183.4290,  127, 0, 0,  2,  Terror_Matriarch
P 773.1326, -4562.4175, -114.1600,  127, 0, 0,  2,  Hobgoblin_Horrorfiend(Wiz_1.5)
P 1474.7688, 2555.3091, 171.5429,  127, 0, 0,  2,  Mujaki_the_Devourer(Pal1.5)
P 46.4981, -3434.5850, -145.5828,  240, 0, 0,  2,  a_bullyrag_bat
P -810.6024, -3046.1189, -116.8638,  240, 0, 0,  2,  a_fearsome_hobgoblin
P 938.4988, -2891.3003, -134.4775,  240, 0, 0,  2,  an_agony_mephit
P 746.8289, -4634.4385, -121.8336,  240, 0, 0,  2,  X
