L 514.1449, -1557.4103, 433.6486,  195.3823, -1557.0724, 433.6642,  240, 240, 240
L 196.4464, -1562.9186, 433.6625,  514.9952, -1563.0309, 433.6535,  0, 0, 0
P 492.4929, -564.3066, 287.4119,  0, 0, 0,  1,  Chest_of_Crystal_Shards_Area
P -427.4486, -1064.7240, 287.4119,  0, 0, 0,  1,  Chest_of_Crystal_Shards_Area
P -578.4134, -1529.3770, 447.4119,  0, 0, 0,  1,  Living_Essence_of_Shadow_Area
P -118.7586, -2644.7256, 447.1301,  0, 0, 0,  1,  Living_Essence_of_Shadow_Area_
P -293.1320, -2365.7500, 287.1301,  0, 0, 0,  1,  Chest_of_Crystal_Shards_Area
P -2197.4749, 892.7928, -62.3337,  0, 0, 0,  1,  Vagabonds
P -1469.5734, 1058.1022, -62.1720,  0, 0, 0,  1,  Vagabonds
P -2179.8738, -860.1663, -21.1058,  0, 0, 0,  1,  Vagabonds
P 744.5610, -1038.1852, 213.9577,  127, 0, 0,  3,  The_Goddess
P 967.4300, -1638.8732, 29.1340,  0, 0, 0,  1,  North_Runes
P 1225.0000, -1464.0000, 29.1350,  0, 0, 0,  1,  East_Runes
P 972.0000, -1296.0000, 29.1350,  0, 0, 0,  1,  South_Runes
P 709.0000, -1460.0000, 29.1350,  0, 0, 0,  1,  West_Runes
