P -1099.3893, -717.6580, 30.7715,  240, 0, 0,  2,  A_Thundering_Tempest
P -909.6765, -418.5153, 30.7985,  240, 0, 0,  2,  A_Thundering_Tempest
P -509.1820, -751.5280, 31.8734,  240, 0, 0,  2,  A_Thundering_Tempest
P -1244.9938, -2193.5186, 159.5418,  240, 0, 0,  2,  An_Astral_Wanderer
P -1236.2543, -1136.7632, 199.8819,  240, 0, 0,  2,  Darkstone
P -1177.1808, -1085.5458, 159.8749,  240, 0, 0,  2,  Darkstone
P -1234.4213, -1118.4335, 279.8888,  240, 0, 0,  2,  Darkstone
P 966.1602, 325.6909, -107.4159,  240, 0, 0,  2,  Gloomshell
P 377.1145, 40.7497, -77.9976,  240, 0, 0,  2,  Gloomshell
P -2434.7144, -2209.1121, -19.2295,  240, 0, 0,  2,  Kaas_Thox
P -2449.9170, -2807.6360, -20.7689,  240, 0, 0,  2,  Kaas_Thox
P -160.6256, -1183.6603, 30.8735,  240, 0, 0,  2,  Kela_Rentha_Xakra
P -116.0000, -1620.0000, 33.0000,  240, 0, 0,  2,  Kela_Rentha_Xakra
P -249.0000, -1675.0000, 33.0000,  240, 0, 0,  2,  Kela_Rentha_Xakra
P -986.6070, -41.3353, -107.5940,  240, 0, 0,  2,  Nightwing
P -1202.1990, 370.9734, -63.6417,  240, 0, 0,  2,  Nightwing
P -1438.3300, -72.2199, -69.4200,  240, 0, 0,  2,  Nightwing
P -2125.4004, -2459.9407, -170.3763,  240, 0, 0,  2,  Shakra_Za
P -691.4497, -1999.1293, 27.8593,  240, 0, 0,  2,  Dark_Lady
P -600.3401, -1528.5552, 30.8040,  240, 0, 0,  2,  Dark_Lady
P -729.4550, -1993.3024, 159.5268,  240, 0, 0,  2,  Dark_Lady
P 87.2655, -1549.6166, 432.4101,  240, 0, 0,  2,  Volx_Xi_Xakra
P -5.5823, -1428.1581, 435.3306,  240, 0, 0,  2,  Volx_Xi_Xakra
P -1422.5027, -1813.5448, -19.8505,  240, 0, 0,  2,  Xal_Zeth
P -2053.8306, 776.8007, -58.5061,  240, 0, 0,  2,  Xi_Dyn
P -314.3496, -436.9350, 31.5639,  240, 0, 0,  2,  Xorla_Vor
P 213.4391, -689.7966, 30.7927,  240, 0, 0,  2,  Xorla_Vor
P 510.6012, -545.4346, 427.4121,  240, 0, 0,  2,  Xundraux_Xakra
P -238.3499, -2355.2996, 290.6999,  240, 0, 0,  2,  Zel_Kaxri
P -2139.3982, -2804.3999, -18.0135,  240, 0, 0,  2,  Xal_Zeth
