P 1462.9009, -625.8488, -878.2518,  0, 0, 240,  2,  Amalissa_Dawntender_(R)
P 1290.6875, 257.6666, -907.2667,  0, 0, 240,  2,  Quellious_(Q)
P 1406.0000, 489.0000, -909.9990,  0, 0, 240,  2,  Rataga_(M)
P 1543.0000, -878.0000, -894.5489,  0, 0, 240,  2,  Paumil_(B)
P 1558.0000, -878.0000, -894.5489,  0, 0, 240,  2,  Domri_(B)
P 1573.0000, -878.0000, -894.5489,  0, 0, 240,  2,  Taisika_(B)
P 1631.0000, -768.0000, -894.4672,  0, 0, 240,  2,  Derith_(Soulbinder)
P 1752.0000, -886.0000, -894.4174,  0, 0, 240,  2,  Aelisian_(M)
P 1896.0000, -672.0000, -911.1860,  0, 0, 240,  2,  Parija_(M)
P 1889.0000, -734.0000, -911.1860,  0, 0, 240,  2,  Adrania_(M)
P 1847.0000, -627.0000, -911.1860,  0, 0, 240,  2,  Gregory_(M)
P 1637.0000, -583.0000, -914.2323,  0, 0, 240,  2,  Jimmik_(M)
P 1621.0000, -583.0000, -914.2323,  0, 0, 240,  2,  Jasir_(M)
P 1716.0000, -479.0000, -914.2323,  0, 0, 240,  2,  Aliia_(M)
P 1719.0000, -512.0000, -914.2323,  0, 0, 240,  2,  Samusk_(M)
P -2142.3855, 1433.5983, -712.5089,  0, 0, 240,  2,  Tya_Silvercloud
P -1926.1603, 1436.1967, -710.1295,  0, 0, 240,  2,  Fellan_Shireshore
P -2225.6768, 1360.1995, -716.1120,  0, 0, 240,  2,  Muzzrap_Dirtdigger
P -2103.9661, 1333.3997, -716.2360,  0, 0, 240,  2,  Taq'aal_Emeraldshard
P 1324.1382, 313.9413, -908.4365,  0, 0, 240,  2,  Nelirid_Wittma_(Raid_Outfitter)
P 686.4679, -884.7010, -613.6645,  0, 0, 240,  2,  Sarhya_the_Dawnbreeze(Q)
P 2112.2542, -253.1692, -928.9764,  0, 0, 240,  2,  Ronar_Flametip_(Q)
P 2257.5762, -254.6888, -928.9831,  0, 0, 240,  2,  Milak_the_Searedsoul
P 652.6307, -839.3028, -613.6741,  240, 240, 240,  2,  PoAir_Agent
P 1378.6370, -1674.4369, -768.8286,  240, 240, 240,  2,  PoD_Agent
P 1125.2073, -1854.8915, -883.9355,  240, 240, 240,  2,  CoD_Agent
P 1630.2655, -741.0031, -913.5706,  240, 240, 240,  2,  PoT_Agent
P 1241.6193, 166.6659, -903.0199,  240, 240, 240,  2,  PoN_Agent
P 37.3468, 1519.5961, -922.1989,  240, 240, 240,  2,  PoI_Agent
P -2104.1343, 1317.6543, -716.0820,  240, 240, 240,  1,  PoE_Agent
P -1754.1194, 620.2076, -933.4813,  240, 240, 240,  2,  BoT_Agent
P -1323.7936, 623.2286, -931.9340,  240, 240, 240,  2,  PoS_Agent
P -1045.7240, 1180.6659, -778.8569,  240, 240, 240,  2,  PoW_Agent
P 561.2845, 163.6463, -611.9706,  240, 240, 240,  2,  PoJ_Agent
P 7.9232, 194.3990, -623.5890,  240, 240, 240,  2,  Agents_Circle
P 2204.8987, -173.9931, -928.9708,  240, 240, 240,  2,  PoF_Agent
P 1355.7886, 251.1506, -906.9278,  0, 0, 240,  2,  Iramai_Sacredsoul
