P 1423.8781, 254.7676, -909.9152,  0, 0, 127,  2,  Elder_Poxbourne
P 1431.5619, 258.2870, -907.9456,  0, 0, 127,  2,  Adroha_Jezith
P 1421.2289, 292.9732, -909.6652,  0, 0, 127,  2,  Elder_Fuirstel
P 1367.1967, 302.5776, -908.6974,  0, 0, 127,  2,  Fahlia_Shadyglade
P 1368.7378, 296.5880, -909.9152,  0, 0, 127,  2,  Tylis_Newleaf
P 1469.4369, -1786.7372, -774.3405,  0, 0, 127,  2,  Adler_Fuirstel
P 1150.9988, 303.8711, -871.1136,  0, 0, 127,  2,  Kalym_Rasalan(Wiz1.5)
P -974.8853, 1156.4318, -777.1620,  0, 0, 127,  2,  Jurmak_the_Undertow(Mag1.5)
P -2100.5767, 1329.3772, -717.3414,  0, 0, 127,  2,  Taq`aal_Emeraldshard(Mag1.5)
P 2258.7825, -253.7340, -930.2164,  0, 0, 127,  2,  Miak_the_Searedsoul(Mag1.5)
P 686.7865, -884.4465, -614.9039,  0, 0, 127,  2,  Sarhya_the_Dawnbreeze(Mag1.5)
P 1735.2527, -703.5273, -911.3298,  0, 0, 127,  2,  Bor_Wharhammer(Mag1.5)
P -217.8170, 560.7507, -936.5280,  0, 0, 0,  1,  Rune_of_Xor(Pal_Pre-Q)
P 741.8745, -1843.6797, -659.1208,  0, 0, 127,  2,  Vortix(Mnk1.5)
P 2110.1270, -367.0041, -928.9207,  0, 127, 127,  2,  Erol_Xybella_(24th)
