P -394.9525, 560.7425, -441.9109,  240, 0, 0,  2,  archseer
P -781.2396, 1154.1698, -474.4857,  240, 0, 0,  2,  archseer
P -172.8679, 1244.1884, -478.4471,  240, 0, 0,  2,  archseer
P -754.5306, 312.1423, -182.0332,  240, 0, 0,  2,  operator
P -325.2638, 326.5997, -204.4341,  240, 0, 0,  2,  operator*
P -140.6556, 446.2104, -205.9561,  240, 0, 0,  2,  operator*
P -362.8497, 881.9363, -757.3323,  240, 0, 0,  2,  vitalmancer*
P -101.8939, 1114.9828, -755.4518,  240, 0, 0,  2,  vitalmancer*
P -635.9318, 157.3180, -399.2863,  240, 0, 0,  2,  foreman
P -389.4652, 313.3639, -392.3744,  240, 0, 0,  2,  foreman*
P -480.4812, 280.3838, -393.9043,  240, 0, 0,  2,  foreman
P -1292.1460, 1460.6443, -581.3313,  240, 0, 0,  2,  Kellis_the_Young
P -1088.6742, 1438.7715, -574.4290,  240, 0, 0,  2,  Kelis
P -934.7029, 1459.8799, -580.3387,  240, 0, 0,  2,  Kelis
P -310.8859, 653.0763, -200.6046,  240, 0, 0,  2,  skykeeper
P -259.9937, 1119.8063, -208.0761,  240, 0, 0,  2,  skykeeper
P -742.0304, 446.5980, -183.3587,  240, 0, 0,  2,  skykeeper
P -513.8649, 1052.5160, -450.1940,  240, 0, 0,  2,  skysearer
P -761.5362, 799.1379, -478.5401,  240, 0, 0,  2,  skysearer*
P -642.7551, 691.6104, -452.8393,  240, 0, 0,  2,  skysearer
P -1107.7228, 705.6069, -631.0490,  240, 0, 0,  2,  administrator
P -1184.0005, 1010.0519, -634.2112,  240, 0, 0,  2,  administrator
P -1252.5420, 804.3749, -624.8052,  240, 0, 0,  2,  administrator
P -471.8817, 1014.1855, -755.9031,  240, 0, 0,  2,  monitor*
P 104.4800, 951.1937, -755.9078,  240, 0, 0,  2,  monitor
P -249.7625, 778.0001, -757.5270,  240, 0, 0,  2,  monitor
P 79.5757, 768.7297, -755.4474,  240, 0, 0,  2,  vitalmancer
