P -823.9922, 306.2672, -183.5400,  0, 0, 127,  2,  Scout_Trais
P 56.1258, 429.8826, -202.4804,  127, 64, 0,  2,  Northwest_Room
P 47.0840, 1125.9257, -204.4709,  127, 64, 0,  2,  Southeast_Room
P -790.8629, 978.7323, -184.7885,  127, 64, 0,  2,  Southwest_Room
P -780.2098, 491.8387, -184.5246,  127, 64, 0,  2,  Northwest_Room
P -781.8763, 343.1610, -182.5483,  127, 64, 0,  2,  North_Hall
P -234.4016, 474.1526, -750.4998,  127, 64, 0,  2,  North_Veins
P -1303.5739, 756.6072, -627.3079,  127, 64, 0,  2,  Veins_just_west
P -205.6187, 779.1987, -448.1162,  127, 64, 0,  2,  Veins_at_the_southern_room
P -488.1979, 909.5185, -174.1345,  127, 64, 0,  2,  Magical_Device_2
P -501.9273, 569.0887, -180.7125,  127, 64, 0,  2,  Magical_Device_1
P -564.6702, 649.9800, -736.7314,  127, 64, 0,  2,  Magical_Device_3
P -393.9221, 476.7432, -736.2123,  127, 64, 0,  2,  Magical_Device_4
P -672.3729, 351.9560, -685.7744,  0, 0, 127,  2,  Thedran_Narrok
P -172.4987, 943.5007, -856.9103,  127, 64, 0,  2,  Heart
P -688.7515, 428.7794, -685.2656,  0, 0, 127,  2,  Adalaide_Galerider
P -239.6564, 183.9711, -142.4548,  0, 0, 0,  1,  Succor
