P 5532.13, 2345.135, -2.7481,  0, 0, 240,  2,  Cleet_(Brewer)
P 2475.13, 4119.135, -65.8597,  0, 0, 240,  2,  Analya_(Spells)
P 2213.13, 4096.135, -52.7520,  0, 0, 240,  2,  Sera_(Smith)
P 2331.13, 4108.135, -52.1233,  0, 0, 240,  2,  Misla_(M)
P 1991.13, 3766.135, 20.4237,  0, 0, 240,  2,  Brenzl_(Fletcher)
P 5828.13, 2934.135, -2.9825,  0, 0, 240,  2,  Henina_(Baker)
P 4409.13, -233.865, -2.2111,  0, 0, 240,  2,  Rislarn_(M)
P 4354.13, -335.865, 5.3304,  0, 0, 240,  2,  Alysa_(Tailor)
P 4214.13, -393.865, 5.2888,  0, 0, 240,  2,  Ollysa_(Weapons)
P 1859.13, -877.865, -9.4459,  0, 0, 240,  2,  Maldin_(Weapons)
P 12827.13, 1538.135, 8.1719,  0, 0, 240,  2,  Spinner_(Smith)
P 12992.13, 1599.135, 13.3859,  0, 0, 240,  2,  Dunin_(M)
P 2160.06, 3687.835, 29.5000,  0, 0, 240,  2,  Junth_McMannus
P 2197.47, 4194.875, -67.5600,  0, 0, 240,  2,  Lars_McMannus
P 1895.1, -765.095, -16.4800,  0, 0, 240,  2,  Misty_Storyswapper
P 2326.255, -906.209, -3.9355,  0, 0, 240,  2,  Lukas_Hergo
P 4048.091, 2273.916, -4.7911,  0, 0, 240,  2,  Cleet_Miller_Jr*
P 2218.738, 280.067, -3.9146,  0, 0, 240,  2,  Brother_Chintle*
P 530.078, 78.828, -6.9980,  0, 0, 240,  2,  Quegin_Hadder*
P 5445.869, 3837.706, 9.8399,  0, 0, 240,  2,  Furball_Miller*
P 4375.869, 3072.625, 40.8400,  0, 0, 240,  2,  Tiny_Miller*
P 3378.67, 79.855, 0.0000,  0, 0, 240,  2,  Tolony_Marle*
P 2146.731, 74.585, 0.0000,  0, 0, 240,  2,  Parcil_Vinder*
P 3671.64, 76.626, 0.0000,  0, 0, 240,  2,  Lander_Billkin*
P 1121.52, 66.385, 0.0000,  0, 0, 240,  2,  Kyle_Rinlin*
P 2195.97, 268.125, 0.0000,  0, 0, 240,  2,  Kobot_Dellin*
P 3347.74, 79.666, 0.0000,  0, 0, 240,  2,  Habastash_Gikin*
P 2911.87, 72.696, 0.0000,  0, 0, 240,  2,  Grebin_Sneztop*
P 3205.82, 81.856, 0.0000,  0, 0, 240,  2,  Gomo_Limerin*
P 14426.728, -332.324, 0.0000,  0, 0, 240,  2,  Yiz_Pon_(Q)
P 13394.831, 3071.425, 35.4299,  0, 0, 240,  2,  Renux_Herkanor_(Q)
P 1991.329, 3752.405, 22.3000,  0, 0, 240,  2,  Mistrana_Two_Notes_(Q)
P 2076.7, -923.985, 1.1599,  0, 0, 240,  2,  Tarnar_(Pottery
P 2005.57, -932.764, -5.8899,  0, 0, 240,  2,  Brother_Estle*_(Q)
P 1899.929, -870.445, -15.8699,  0, 0, 240,  2,  Guard_Gregor_(Q)
P 5833.344, 2939.94, -2.7753,  0, 0, 240,  2,  Henina_Miller*_(Q)
P 15159.369, 4318.863, -66.9898,  0, 0, 240,  2,  Ryshon_Hunsti_(Q)
P 6785.931, 1687.855, 7.9100,  0, 0, 240,  2,  Oobnopterbevny_Biddilets*_(Q)
P 8959.899, 2044.765, 2.2999,  0, 0, 240,  2,  Nevi_Jann_(Q)
P 9280.869, 3790.737, -2.6000,  0, 0, 240,  2,  Rongol_(Q)
P 9245.96, 3808.835, -2.6000,  0, 0, 240,  2,  Anderia_(Q)
P 2223.25, 3617.105, 34.1700,  0, 0, 240,  2,  Frostbite_(Q)
P 2086.06, 3887.505, 4.7000,  0, 0, 127,  2,  Einhorst_McMannus
P 2313.759, -920.566, -3.9355,  0, 0, 240,  2,  Larkin_Tolman_(Q)
P 7629.452, 3831.508, -1.4792,  0, 0, 240,  2,  Linaya_Sowlin_(Q)
P 7683.103, 3819.844, -2.2399,  0, 0, 240,  2,  Minda_(Q)
P 7665.84, 3769.469, -1.5342,  0, 0, 240,  2,  Tukk_(Q)
P 4091.465, -511.805, 2.2378,  0, 0, 240,  2,  Verastara_Dumont_(Q)
P 398.968, 146.767, -6.9980,  0, 0, 240,  2,  Brellsan_Tarn_(Q)
P 5536.349, 2349.295, -0.9000,  0, 0, 240,  2,  Tarnic_McWillows_(Q)
P 5858.98, 2823.085, -1.9100,  0, 0, 240,  2,  Sonagin_Fartide_(Q)
P 5566.428, 3982.236, -8.7000,  0, 0, 240,  2,  Lempeck_Hargrin_(Q)
P 8894.819, 2061.765, -3.1415,  0, 0, 240,  2,  Ghoul_Messenger_(Q
P 2098.974, 3623.665, 32.2648,  0, 0, 240,  2,  Ulrich_McMannus_(Q
P 14724.39, 2238.275, -1.9000,  0, 0, 240,  2,  Vellanna_Hesen_(Q)
P 15371.406, 487.444, -0.7000,  0, 0, 240,  2,  Oobnopterbevny_Biddilets*_(Q)
P 8714.498, -912.791, 35.6642,  0, 0, 240,  2,  unkempt_messenger_(Q)
P 11565.673, -771.085, 10.2445,  127, 0, 0,  2,  Thrackin_Griften_(Ench1.0)
P 5600.594, 887.904, 2.6099,  0, 0, 240,  2,  Sir_Arlindo_Goldheart*_(Q)
P 4533.99, 2688.085, 0.0000,  0, 0, 127,  2,  Scary_Miller*_(Q
P 14805.29, 3435.385, -3.7791,  0, 0, 240,  2,  Melaara_Tenwinds_(Q)
P 1633.46, 122.635, 0.0000,  0, 0, 240,  2,  Brother_Trintle*_(Q)
P 6704.981, -95.687, 256.8278,  0, 0, 240,  2,  Vilnius_the_Small_(Q)
P 9340.13, 3358.135, 0.0000,  0, 0, 240,  2,  Crow_(Q)
P 7354.448, -1275.518, 97.2976,  0, 0, 240,  2,  Mystik_(Q)
P 10920.382, 4059.117, -10.6363,  0, 0, 240,  2,  Shady_Bandit_(Q)
