P -358.0000, -91.0000, 3.7509,  0, 0, 240,  2,  Bar_Merchants
P -302.0000, -257.0000, 14.6259,  0, 0, 240,  2,  Shenro_(Merchant)
P -243.0000, -132.0000, 0.6260,  0, 0, 240,  2,  Sneed_(Merchant)
P -204.0000, -125.0000, 0.6260,  0, 0, 240,  2,  Tanlyn_(Merchant)
P -235.0000, -6.0000, -0.3740,  0, 127, 0,  3,  Priest_of_Discord
P -94.0000, -217.0000, 0.6260,  0, 0, 240,  2,  Tubal_(Merchant)
P 239.0000, 220.0000, 3.7509,  0, 0, 240,  2,  Spell_Merchants
P 124.0000, 143.0000, 3.7509,  0, 0, 240,  2,  Spell_Merchants
P 145.0000, 160.0000, 3.7509,  0, 0, 240,  2,  Tyokan_(Weapons)
P 160.0000, 160.0000, 3.7509,  0, 0, 240,  2,  Berane_(Spells)
P 6.0000, 88.0000, 17.7510,  0, 0, 240,  2,  Roger_(Cobbler)
P -19.0000, 63.0000, 3.7509,  0, 0, 240,  2,  Gerault_(Cobbler)
P -34.0000, -60.0000, 3.7509,  0, 0, 240,  2,  Svena_(Gems)
P -60.0000, -52.0000, 3.7509,  0, 0, 127,  2,  Ziska_Ironforge(Pal2.0)Jewelry)
P -86.0000, -50.0000, 3.7509,  0, 0, 240,  2,  Rendallen_(Weapons)
P -24.0000, 22.0000, 3.7509,  0, 0, 240,  2,  Connie_(Smith)
P 5.0000, 11.0000, 3.7509,  0, 0, 240,  2,  Nerissa_(Armorer)
P -160.0000, -69.0000, -29.2489,  0, 0, 240,  2,  Pelshia_(Weapons)
P -168.0000, -63.0000, -29.2489,  0, 0, 240,  2,  Ghil_(Merchant)
P -52.0000, -21.0000, 3.7509,  0, 0, 240,  2,  Dren_(Smith)
P -487.0000, -219.0000, 0.0010,  0, 0, 240,  2,  Jusean_Evanesque_(Q)
P 2.0502, -106.6976, 17.5431,  0, 0, 240,  2,  Brohan_Ironforge_(Q)
P -174.1579, -262.3570, 1.5382,  0, 0, 240,  2,  Guard_Weleth_(Q)
P -314.5645, -242.9053, 15.5586,  0, 0, 240,  2,  Lashun_Novashine*_(Q)
P -242.0987, -132.9620, 1.5195,  0, 0, 240,  2,  Sneed_Galliway_(Q)
