P -342.8756, -133.7028, 3.7509,  127, 64, 0,  3,  Crow's_Bar
P 450.3208, 87.4346, 35.2526,  127, 64, 0,  3,  Temple_of_Life
P -202.6041, -77.4320, 0.2000,  127, 64, 0,  3,  Sneed_Galliway's_Trading_Post
P -73.8363, -26.6548, 1.5519,  127, 64, 0,  3,  Ironforge's
P -1.9640, 91.1914, 0.2000,  127, 64, 0,  3,  The_Cobbler
P -34.7676, -39.9211, 1.5251,  0, 0, 0,  2,  Jewel_Box
P -320.6659, -64.8383, 1.5263,  0, 0, 0,  2,  Brew_Barrel
P -295.9927, -37.8420, 1.5277,  0, 0, 0,  2,  Fake_Painting
P -266.2010, -87.2767, -19.9980,  0, 0, 0,  2,  Fake_Wall
P 162.6951, -437.6000, 0.3145,  0, 0, 127,  2,  Grennet_Stormhand
P 370.7058, 34.3087, 3.4251,  0, 0, 127,  2,  Enic_Ruklin*(Pal1.5)
P -126.7201, -302.7640, 43.9707,  0, 0, 127,  2,  Leanon_Ruksey
P -217.9704, -117.7772, 15.5611,  127, 0, 0,  2,  a_mangy_rat*
P -337.6005, -49.3865, 3.5771,  0, 0, 127,  2,  Moodoro_Finharn
P -332.7532, -38.4295, 3.3258,  0, 0, 127,  2,  Flynn_Merrington
