P -136.1699, 40.4750, 2.7509,  0, 0, 240,  2,  Ran_Walker
P -12.0000, 40.0000, 3.7509,  0, 0, 240,  2,  Frannie_(Baking)
P 286.0000, 152.0000, 3.7509,  0, 0, 240,  2,  Sallah_(Spells)
P 294.0000, 154.0000, 3.7509,  0, 0, 240,  2,  Sequea_(Merchant)
P 301.0000, 157.0000, 3.7509,  0, 0, 240,  2,  Arrivae_(Spells)
P 272.0000, 107.0000, 3.7509,  0, 0, 240,  2,  Livam_(Fletcher)
P 259.8770, 106.6449, 3.7509,  0, 0, 240,  2,  Qomber_(Spells)
P 77.0000, -103.0000, 3.7509,  0, 0, 240,  2,  Bukem_(Spells)
P 87.0000, -104.0000, 3.7509,  0, 0, 240,  2,  Grathin_Parcel)
P 94.0000, -104.0000, 3.7509,  0, 0, 240,  2,  Raken_(Spells)
P 112.0000, -107.0000, 3.7509,  0, 0, 240,  2,  Durvinna_(Spells)
P 109.0000, -126.0000, 3.7509,  0, 0, 240,  2,  Tonsia_(Fletcher)
P -102.4980, -108.2032, 3.7509,  0, 0, 240,  2,  Jarse_(Fletcher)
P 57.7130, -268.9621, -0.3556,  0, 0, 240,  2,  Gurrin_Nitestorm
P -140.7170, -175.9836, 1.7127,  0, 0, 240,  2,  Qaelin_Hailstorm_(M)
P 394.7880, 179.2709, 0.0020,  0, 0, 240,  2,  Gerael_Woodone_(Q)
