P 160.3635, 61.4410, 12.9000,  0, 0, 0,  1,  Brew_Barrel
P 158.0000, 187.0000, -11.3740,  0, 0, 0,  1,  Oven
P 469.0000, -383.0000, 0.1000,  0, 0, 0,  1,  Kiln
P 470.0000, -372.0000, 0.1000,  0, 0, 0,  1,  Pottery_Wheel
P 241.0000, 4.0000, 0.1000,  0, 0, 0,  1,  Loom
P 254.0000, 37.0000, 0.1000,  0, 0, 0,  1,  Brew_Barrel
P 363.0000, 81.0000, -11.9990,  0, 0, 0,  1,  Forge
P 420.4214, 70.8322, -11.9123,  0, 0, 0,  1,  Oven
P 54.0000, -125.0000, 0.1000,  127, 64, 0,  3,  Weary_Foot_Rest_(Inn)
P 183.2702, -179.9370, -2.9839,  127, 64, 0,  3,  Vale_Forge
P 312.7735, 266.5970, -11.6854,  0, 0, 127,  2,  Kaya_Cloudfoot(GM)Pal2.0)
P 146.7606, -104.9291, 2.1581,  0, 0, 127,  2,  Deputy_Cheel(Pal2.0)
P 214.7626, 43.3877, 3.4880,  127, 0, 0,  2,  1-Rivervale_residents_'feraling
P 174.9686, 48.0926, 3.4873,  127, 0, 0,  2,  2-Blinza_Toepopal
P -7.9660, -219.7793, -10.4614,  127, 0, 0,  2,  3-into_the_inn_at_night
P 236.9444, 47.8440, 1.5601,  127, 0, 0,  2,  4-Deputy
P 174.0930, 210.0679, -16.4622,  127, 0, 0,  2,  5-Uma_Sweetcookie__'ingredients'
P 261.5416, 186.6084, -9.6855,  127, 64, 0,  2,  Layren_Lycanthrope_(Q)
P 18.8973, -196.1887, -9.0172,  0, 127, 127,  2,  Fluffy_Quill_(GS)
P 412.6003, -468.1571, -3.6699,  0, 127, 127,  2,  Heart-Drawn_Paper_(GS)
P 382.1527, 114.7105, -10.0934,  0, 127, 127,  2,  _Flower_(GS)
P 79.7732, 218.5368, -4.3989,  0, 127, 127,  2,  Rhysl_Dorbint_(24th)
