P 409.6234, 137.6847, -9.4967,  0, 0, 127,  2,  Shakey_Scarecrow(rogue_epic)
P 399.7182, 147.9343, -9.4464,  0, 0, 127,  2,  Reebo_Leafway(rogue_epic)
P 123.0000, -32.0000, 0.1000,  0, 0, 240,  2,  Teelie_(Parcels)
P 118.0000, 261.0000, -19.9989,  0, 0, 240,  2,  Jimji_(Smith)
P 68.0000, 222.0000, -23.9989,  0, 0, 240,  2,  Bipdo_(Smith)
P 78.0000, 213.0000, -23.9989,  0, 0, 240,  2,  Gerb_(Fletcher)
P 421.0000, 230.0000, -15.9990,  0, 0, 240,  2,  Alice_(Spells)
P 387.0000, 230.0000, -15.9990,  0, 0, 240,  2,  Slim_(Spells)
P 415.0000, 206.0000, -15.9990,  0, 0, 240,  2,  Blippo_(Spells)
P 380.0000, 225.0000, -19.9989,  0, 0, 240,  2,  Misty_(Spells)
P 358.0000, 209.0000, -15.9990,  0, 0, 240,  2,  Frappy_(Spells)
P 349.0000, 209.0000, -15.9990,  0, 0, 240,  2,  Gilth_(Spells)
P 351.0000, 246.0000, -15.9990,  0, 0, 240,  2,  Pipple_(Weapons)
P 360.0000, 246.0000, -15.9990,  0, 0, 240,  2,  Altha_(Spells)
P 343.0000, 86.0000, -11.9990,  0, 0, 240,  2,  Daleen_(Me)
P 358.0000, 142.0000, -11.9990,  0, 0, 240,  2,  Bartle_(Baker)
P 383.0000, 30.0000, -13.9990,  0, 0, 240,  2,  Torth_(Spells)
P 380.0000, 47.0000, -13.9990,  0, 0, 240,  2,  Fralith_(Spells)
P 381.0000, 69.0000, -13.9990,  0, 0, 240,  2,  Crista_(M)
P 409.0000, 75.0000, -13.9990,  0, 0, 240,  2,  Bumpy_(Spells)
P 406.0000, 59.0000, -13.9990,  0, 0, 240,  2,  Staria_(Spells)
P 418.0000, 29.0000, -13.9990,  0, 0, 240,  2,  Ilscent_(Spells)
P 370.0000, 80.0000, -11.9990,  0, 0, 240,  2,  Bodbin_(Smith)
P 217.0000, 229.0000, -3.9990,  0, 0, 240,  2,  Kizzie_(Potions)
P 189.0000, 220.0000, -3.9990,  0, 0, 240,  2,  Yola_(Smith)
P 151.0000, 178.0000, -11.3740,  0, 0, 240,  2,  Uma_(Baker)
P 209.0000, 115.0000, 0.6260,  0, 0, 240,  2,  Twippie_(Armor)
P 329.0000, -6.0000, -5.9989,  0, 0, 240,  2,  Wibble_(M)
P 364.0000, -7.0000, -5.9989,  0, 0, 240,  2,  Fiddy_(Fishing)
P 243.0000, 18.0000, 0.1000,  0, 0, 240,  2,  Meeka_(Cloth)
P 178.0000, 53.0000, 38.9000,  0, 0, 240,  2,  Gaffin_(Weapons)
P 188.0000, 64.0000, 0.1000,  0, 0, 240,  2,  Mac_(Brewer)
P 214.0000, -208.0000, 0.1000,  0, 0, 240,  2,  Bag_Merchant
P 216.0000, -203.0000, 0.1000,  0, 0, 240,  2,  Dock_Merchant
P 126.0000, 3.0000, 0.1000,  0, 127, 0,  3,  Priest_of_Discord
P 173.0000, -86.0000, 2.9000,  0, 0, 240,  2,  Donlo_(B)
P 140.0000, -85.0000, 2.9000,  0, 0, 240,  2,  Rantho_(M)
P 174.0000, 37.0000, 12.9000,  0, 0, 240,  2,  Burtle_(Brewer)
P 90.0000, 160.0000, -11.9990,  0, 0, 240,  2,  Marta_(Pottery)
P 100.0000, -160.0000, 0.1000,  0, 0, 240,  2,  Hoggle_(Soulbinder)
P 227.0000, 155.0000, 0.1000,  0, 0, 240,  2,  Kevlin_(Armor)
P 234.0000, 183.0000, 0.1000,  0, 0, 240,  2,  Charlotte_(Tailor)
P 118.0000, 162.0000, -23.8564,  0, 0, 240,  2,  Bimble_(Potions)
P 114.0000, 146.0000, -11.9990,  0, 0, 240,  2,  Byl_(Potions)
P 153.5335, -91.3540, 43.9707,  0, 0, 240,  2,  Sheriff_Roglio_(Q)
P 394.6601, 124.8577, -11.9980,  0, 0, 240,  2,  Uner_Gnarltrunk_(Q)
