P 90.5173, -283.2579, 1.5324,  127, 0, 0,  2,  a_noc_fleshfeaster(Pal1.5)
P -56.6017, -566.9714, 1.5531,  127, 0, 0,  2,  a_twisted_stoneservant(Ench2.0)
P 24.9045, 346.7821, -13.4500,  0, 0, 0,  2,  Petrified_Fangshrub(GS)BSt1.5)
P 204.4042, 33.2680, 6.6440,  0, 0, 127,  2,  Yunjo_Slave
P 490.0000, -50.0000, 0.0000,  0, 0, 0,  2,  Key
P 735.0000, 328.0000, 0.0000,  0, 0, 0,  2,  Key
P 280.4855, 450.6087, -0.0835,  0, 0, 0,  2,  Key
P -32.0000, -32.0000, 0.0000,  0, 0, 0,  2,  Key
P 682.0000, -521.0000, 0.0000,  0, 0, 0,  2,  Key
P 0.0000, 210.0000, 0.0000,  0, 0, 0,  2,  Key
P 165.0000, 240.0000, 0.0000,  0, 0, 0,  2,  Key
P 331.3557, -7.6110, 5.0020,  0, 0, 127,  2,  Yunjo_Slave
P 239.4202, -33.7670, 5.0020,  0, 0, 127,  2,  Yunjo_Slave
P 5.9771, 83.9012, 5.0020,  0, 0, 127,  2,  Yunjo_Slave
P -20.8145, 10.1066, 5.0020,  0, 0, 127,  2,  Yunjo_Slave
P -27.3311, -104.6655, 5.0020,  0, 0, 127,  2,  Yunjo_Slave
P 391.0091, 228.7479, 5.5634,  0, 0, 127,  2,  Yunjo_Slave
P 215.8222, 206.0025, 21.2520,  0, 0, 127,  2,  Yunjo_Slave
P -110.0951, 876.1588, 32.5020,  0, 0, 0,  1,  A_Darklurch's_Corpse
P -159.6799, 894.9775, -23.7480,  0, 0, 0,  1,  Jagged_Silvery_Key(GS)
P -202.9939, -755.2964, -38.4030,  0, 127, 127,  2,  Clue_(25th)
