P -252.7788, -1384.4290, -277.1261,  240, 0, 0,  2,  living_marble
P -501.7678, -1410.2327, -277.1453,  240, 0, 0,  2,  living_marble
P -522.5897, -1137.9523, -277.1496,  240, 0, 0,  2,  living_marble
P -838.4380, -712.7228, -277.1467,  240, 0, 0,  2,  living_marble
P 256.5194, -1492.6823, -277.2166,  240, 0, 0,  2,  living_marble
P 758.5593, -326.9950, 215.5743,  240, 0, 0,  2,  Marith_the_Fireborn
P 758.2051, -489.9125, 215.5644,  240, 0, 0,  2,  Marith_*
P 99.7158, -515.7880, 313.5677,  240, 0, 0,  2,  Marith
P 299.5819, -730.3903, 308.8978,  240, 0, 0,  2,  Marith
P 379.2069, -675.3804, 318.6326,  240, 0, 0,  2,  Marith
P -202.1391, -834.6462, 306.3093,  240, 0, 0,  2,  Pfath_of_the_Wind
P -347.7284, -773.7441, 307.6400,  240, 0, 0,  2,  Pfath
P -650.1879, -944.1984, 192.8524,  240, 0, 0,  2,  Pfath_*
P -459.1800, -1143.1370, 192.8577,  240, 0, 0,  2,  Pfath_*
P 9.0621, -617.5381, 319.8651,  240, 0, 0,  2,  Pfath_*
P 401.3161, -1430.6763, -277.1449,  240, 0, 0,  2,  Raw_Meat
P 1007.7494, -1145.4391, -279.3781,  240, 0, 0,  2,  Raw_Meat
P 704.5358, -684.1982, -280.7221,  240, 0, 0,  2,  Raw_Meat
P 722.4749, -572.2338, -276.9440,  240, 0, 0,  2,  Raw_Meat
P 432.7658, -622.3452, -277.1422,  240, 0, 0,  2,  Raw_Meat
P -963.1865, 629.6086, -276.6302,  240, 0, 0,  2,  Sharosh_the_Lost_*
P -678.2989, 690.6182, -276.6240,  240, 0, 0,  2,  Sharosh_*
P -337.6500, 786.4767, -278.1442,  240, 0, 0,  2,  Sharosh_*
P -553.2708, 693.9550, -278.1442,  240, 0, 0,  2,  Sharosh
P -409.2094, 935.6608, -278.1440,  240, 0, 0,  2,  Sharosh_*
P 824.6132, -1592.3418, 358.2708,  240, 0, 0,  2,  Vosk_the_Terrakin
P 25.7091, -1527.1923, 394.7133,  240, 0, 0,  2,  Vosk
P 250.2151, -1389.5000, 365.5518,  240, 0, 0,  2,  Vosk
P 313.3408, -1511.8921, 363.8836,  240, 0, 0,  2,  Vosk
P 219.6617, -1575.8333, 409.7210,  240, 0, 0,  2,  Vosk
P -334.1503, -1728.8512, -277.1417,  240, 0, 0,  2,  Whisper_*
P -267.9187, -1899.9993, -277.1415,  240, 0, 0,  2,  Whisper
P -117.1360, -1842.7914, -277.1472,  240, 0, 0,  2,  Whisper
P -119.2768, -1655.8621, -277.1403,  240, 0, 0,  2,  Whisper
P 278.1451, -1355.9607, -277.2486,  240, 0, 0,  2,  Whisper
P 518.1357, 244.3459, -276.8953,  240, 0, 0,  2,  Windshear_*_(2)
P 948.8433, 428.6451, -277.7420,  240, 0, 0,  2,  Windshear_*
P 388.2343, 800.5221, -271.3079,  240, 0, 0,  2,  Windshear_*
P 650.6821, 171.1787, -273.7019,  240, 0, 0,  2,  Windshear
