L -283.1992, -911.7068, 194.8270,  -283.1992, -911.7068, 194.8270,  0, 0, 0
P -662.7448, -1267.3173, -277.1277,  127, 64, 0,  3,  Market_Place
P -517.9163, -1356.5840, -273.7986,  127, 0, 0,  2,  a_wild_book
P 421.7961, -364.7857, -275.7660,  255, 0, 176,  2,  Port_up
P -159.3406, -227.5510, 319.7617,  127, 64, 0,  2,  Search_for_the_next_Fragment
P 168.6832, -330.8211, 297.5870,  127, 64, 0,  2,  Searching_the_Fire
P 753.7464, -387.0041, 216.7227,  127, 64, 0,  2,  Living_Magma
P 298.0056, -706.3171, 311.7203,  127, 0, 0,  2,  Magmath
P 245.4741, -802.5513, 320.8010,  0, 0, 0,  2,  LM
P 375.2390, -758.5161, 320.7939,  0, 0, 0,  2,  LM
P 331.8434, -652.2516, 314.9239,  0, 0, 0,  2,  LM
P 201.8141, -695.4841, 319.4774,  0, 0, 0,  2,  LM
P 867.3573, -241.1773, 219.4275,  0, 0, 0,  2,  LM
P 658.6080, -619.0818, 219.1145,  0, 0, 0,  2,  LM
P 558.5593, -472.0786, 215.5347,  0, 0, 0,  2,  LM
P 801.6005, -379.4446, 214.3454,  0, 0, 0,  2,  LM
P 251.0340, -575.6479, 326.5374,  0, 0, 0,  2,  LM
P 596.0507, -189.0182, 226.0953,  0, 0, 0,  2,  LM
P 851.1541, 344.9033, -276.6295,  127, 0, 0,  2,  a_dirt_pile
P 706.7916, 582.1401, -276.8290,  127, 0, 0,  2,  a_dirt_pile
P 842.9163, 553.9112, -277.0461,  127, 0, 0,  2,  a_dirt_pile
P 556.2596, 574.3528, -276.8283,  127, 0, 0,  2,  a_dirt_pile
P 966.3605, 306.9030, -276.8221,  127, 0, 0,  2,  a_dirt_pile
P 971.5704, 141.7081, -277.9797,  127, 0, 0,  2,  a_dirt_pile
P 787.9726, 257.3456, -277.3128,  127, 0, 0,  2,  a_dirt_pile
P 467.7059, 723.4908, -274.9514,  0, 0, 0,  2,  brazier
P -12.2701, 1098.3561, -275.0232,  0, 0, 0,  2,  brazier
P -53.3501, 713.3235, -274.9929,  0, 0, 0,  2,  brazier
P 107.2741, 578.4921, -275.0237,  0, 0, 0,  2,  brazier
P -879.5005, 791.7507, -276.1794,  127, 64, 0,  2,  Air_Platform
P -932.1128, 1074.6840, -276.1696,  127, 64, 0,  2,  Water_Platform
P -614.9395, 1202.1089, -277.6606,  127, 64, 0,  2,  Fire_Platform
P -356.7858, 892.0366, -276.8055,  127, 0, 0,  2,  Crazed_Bone_Golem
P 357.9918, -1642.1908, 368.0757,  0, 0, 0,  2,  Magical_Storm
P 586.3840, -62.9335, -274.4111,  127, 0, 0,  2,  Magmath
P 174.3375, -1530.2913, 382.4777,  127, 0, 0,  2,  an_earthen_archmage
P -98.1327, -1189.5016, 191.9576,  127, 0, 0,  2,  a_vicious_whirlwind
P 106.2815, -1309.1050, 399.1119,  127, 0, 0,  2,  a_living_storm
P -239.8749, -1059.0215, -277.2371,  127, 0, 0,  2,  a_fiery_spellbinder
P -119.7555, -952.1376, -273.5758,  127, 0, 0,  2,  a_chilling_wave
P 860.6832, 581.1205, -276.8472,  127, 0, 0,  2,  singer
P -401.2990, -1144.1266, 195.4041,  0, 0, 0,  2,  Hymn_of_Stability:_Chorus
P 331.5112, -713.7681, 309.9332,  0, 0, 0,  2,  Hymn_of_Stability:_Coda
P -860.5659, -1332.8340, -274.0806,  0, 0, 0,  2,  Hymn_of_Stability:_Intro
P 364.6807, -599.6921, 326.5160,  0, 0, 0,  2,  Coda
P -301.0709, -1057.4679, 195.3971,  0, 0, 0,  2,  Chorus
P 1000.3371, -772.6149, -282.3812,  127, 64, 0,  2,  Lowest_Fountain
P -184.9808, -1089.0126, 49.8306,  127, 64, 0,  2,  Fountain_Bellow_Highest
P -145.2355, -1041.0625, -300.3189,  127, 64, 0,  2,  Area_Floating
P 181.6217, -629.5001, 326.5000,  0, 0, 0,  2,  Coda
P -569.4258, -1383.1559, -273.1325,  0, 0, 0,  2,  Intro
P -827.8282, -1381.6504, -273.7807,  0, 0, 0,  2,  X
P -283.1992, -911.7068, 194.8270,  0, 0, 0,  2,  Chorus
P -831.4965, -1074.5685, 194.8527,  0, 0, 0,  2,  Chorus
