P -872.2219, 913.5969, -53.8626,  240, 0, 0,  2,  Froggy
P 704.1470, 2086.3960, -143.7792,  127, 0, 0,  3,  Trakanon
P 469.2823, 2155.3809, -143.7790,  240, 0, 0,  2,  Sebilite_Protector
P -109.4737, 919.1583, -168.3923,  240, 0, 0,  2,  Myconid_Spore_King
P -320.8983, 459.9620, -71.8624,  240, 0, 0,  2,  Gangrenous_Scarab
P -537.3849, 692.2096, -71.8624,  240, 0, 0,  2,  Froglok_Armorer
P -658.3246, 741.6790, -71.8626,  240, 0, 0,  2,  Froglok_Bartender
P -662.8780, 944.6404, -53.8626,  240, 0, 0,  2,  Froglok_Armsman
P -769.3214, 1120.5193, -89.8626,  240, 0, 0,  2,  Froglok_Chef
P -800.5588, 1171.9177, -89.8626,  240, 0, 0,  2,  Froglok_Repairer
P -276.9384, 576.1240, -19.5438,  240, 0, 0,  2,  a_necrosis_scarab
P -26.9393, 1423.8644, -105.8624,  240, 0, 0,  2,  Baron_Yosig
P -132.9950, 1305.1073, -125.9355,  240, 0, 0,  2,  Crypt_Caretaker*
P -27.2240, 1311.8296, -105.8624,  240, 0, 0,  2,  Heirophant_Prime_Grekal
P -241.6805, 1312.4501, -105.8624,  240, 0, 0,  2,  Arch_Duke_Iatol
P -242.7904, 1422.7947, -105.8624,  240, 0, 0,  2,  Harbringer_Freglor
P -225.2230, 1733.1898, -123.8312,  240, 0, 0,  2,  Blood_of_Chottal
P -224.2721, 1913.5062, -125.8312,  240, 0, 0,  2,  Emperor_Chottal
P -223.6634, 1882.3368, -125.8312,  240, 0, 0,  2,  Spectral_Harbinger
P 321.9440, 1303.3091, -103.8624,  240, 0, 0,  2,  Froglok_Commander
P 463.1274, 1201.5530, -107.8624,  240, 0, 0,  2,  Froglok_Pickler
P 732.4198, 1089.6840, -115.8626,  240, 0, 0,  2,  Brogg
P 246.9036, 927.4579, -107.8626,  240, 0, 0,  2,  Frenzied_Pox_Scarab
P 0.7059, 288.7310, -34.2571,  240, 0, 0,  2,  Froglok_Bog_Mystic_(Roam)
P 351.9703, 926.4860, -106.4274,  240, 0, 0,  2,  froglok_ostiary
P 384.2620, 974.9433, -103.6542,  240, 0, 0,  2,  Gruplinort
P 444.8077, 2184.5005, -143.7790,  127, 0, 0,  2,  Tolapumj
P -224.7449, 1833.5868, -125.8312,  240, 0, 0,  2,  Dusty_Elementalbone_Skeleton*
P -566.8017, 600.1530, -53.8626,  240, 0, 0,  2,  Froglok_Krup_Watcher
P -133.3855, 889.5340, -9.6854,  240, 0, 0,  2,  sebilite_guardian
