P 534.6761, 362.9738, -32.3642,  240, 0, 0,  2,  Mace
P 997.8884, 156.9645, 16.5928,  240, 0, 0,  2,  Flail_(spirit_touched_scrap)
P -265.0486, 175.5632, -58.5823,  240, 0, 0,  2,  Brute_(phlarg_fiend)*
P 592.3190, 464.7780, -30.8080,  240, 0, 0,  2,  Mace_(animated_scrap)
P 946.7912, -25.2775, -61.2612,  240, 0, 0,  2,  Skitter_(a_elder_shik'nar_outcast)
P -651.3271, -75.9940, -44.5699,  240, 0, 0,  2,  Velutipes_(a_sensate_reishi)
P -1064.0846, 333.2791, -51.7377,  240, 0, 0,  2,  Overgrowth_(contaminated)
P 547.4827, 142.0827, -15.9609,  240, 0, 0,  2,  Stone
P 502.8666, -33.4030, -31.3135,  240, 0, 0,  2,  Stone_Chitin(a_dour_delver)
P 1029.2228, -73.8731, -62.6551,  240, 0, 0,  2,  Flail
P 528.5208, 137.0175, 21.6942,  240, 0, 0,  2,  Stone
P 349.4370, 74.7599, -15.0790,  240, 0, 0,  2,  Velutipes
P 349.0934, 41.9401, -16.8419,  240, 0, 0,  2,  Velutipes
P 565.5076, -131.5074, -33.7344,  240, 0, 0,  2,  Skitter
P 1071.4141, 553.7032, -30.3779,  240, 0, 0,  2,  Mace
P -426.2014, 46.2091, -35.8071,  240, 0, 0,  2,  Brute
P -85.3174, 65.1216, -66.8310,  240, 0, 0,  2,  Brute
P -1142.2909, 26.0358, -58.6248,  240, 0, 0,  2,  Overgrowth
P 960.9377, 184.1966, -22.8866,  240, 0, 0,  2,  Flail*
P -785.3771, -33.6536, -58.6155,  240, 0, 0,  2,  Overgrowth
