P -1404.0000, 387.0000, -55.9990,  0, 0, 0,  1,  Kiln
P -1456.0000, 333.0000, -36.9990,  0, 0, 0,  1,  Forge
P -1310.0000, -26.0000, -58.9990,  0, 0, 0,  1,  Forge
P -404.0000, -71.0000, 0.1252,  0, 0, 0,  1,  Brew_Barrel
P -313.0000, 18.0000, 0.1000,  0, 0, 0,  1,  Brew_Barrel
P -61.1792, -126.5126, -29.9989,  0, 0, 0,  1,  Loom
P -1076.0000, -257.0000, -58.9990,  0, 0, 0,  1,  Oven
P -1625.5613, 349.9014, -59.9990,  0, 0, 0,  1,  Oven
P -1410.0000, -264.0000, -58.9990,  0, 0, 0,  1,  Loom
P -144.5649, -123.0000, -31.9989,  0, 0, 0,  1,  Forge
P -1363.0000, 402.0000, -55.9990,  0, 0, 0,  1,  Pottery_Wheel
P -1441.7211, 310.7527, -36.9979,  0, 0, 127,  2,  Koren_Galund(War1.5)
P -1205.6592, -373.8652, -57.4523,  0, 0, 127,  2,  Researcher_Relreom(Mnk1.5)
P -162.3625, -43.6295, -31.9980,  0, 0, 255,  2,  Recordkeeper_Ajar
P 351.9343, -301.1666, -26.8890,  0, 127, 127,  2,  Debtor
