P -929.7983, -944.3256, -283.6768,  127, 64, 0,  3,  Corpse_Camp
P -2149.3184, 1719.4153, -158.2777,  127, 64, 0,  3,  Loda_Kai_Embasy
P 894.8680, 842.9198, -251.6956,  127, 64, 0,  3,  Brigand_Camp
P -1857.4153, -1184.5088, -281.3727,  127, 64, 0,  3,  Soldier_Camp
P 1010.3166, 2207.6299, -178.6841,  127, 64, 0,  3,  Gor/Shak_Camp
P -1525.3351, 966.9520, -235.2417,  127, 64, 0,  3,  Guardian_Camp
P 2275.5752, 1715.7472, -239.9040,  0, 0, 0,  1,  Stinking_Pilre_of_Refuse(GS)
P -1040.8969, 2600.6150, -439.8516,  0, 0, 0,  1,  forge
P -956.1055, 2690.8250, -439.9347,  0, 0, 0,  1,  Brew_barrel
P 1276.8340, 2768.5442, -223.5090,  0, 0, 0,  1,  Old_Silver_Coin(GS)
P 2642.1226, 1102.7074, -226.6094,  0, 0, 0,  1,  Payala_Fruit(GS)
P -365.6662, 608.6980, -431.9535,  0, 0, 127,  3,  Wunshi_Kashra(Shaman1.5)
P -119.6852, -3556.6377, -255.3760,  240, 0, 0,  2,  Jynhadar
P -347.3582, -3686.5513, -314.2092,  127, 0, 0,  2,  Raging_Wildfire_Elemental(Mag_Pre-Q))
P -870.5253, 2555.6956, -447.3485,  127, 0, 0,  2,  Warlord_Gok_Thok
P -2134.3191, 1743.3615, -164.4754,  0, 127, 127,  2,  Faeta_Glor_(26th)
P -2147.7151, 1699.8728, -159.2229,  0, 127, 127,  2,  Firiona_Vie_(26th)
P -2133.0840, 1752.4181, -163.7912,  0, 127, 127,  2,  Alaston_Dianthus_(26th)
P 2747.3306, -1840.5642, -216.1936,  0, 127, 127,  2,  Suspected_criminals_(26th)
P -2205.7122, 1739.1024, -118.4030,  0, 127, 127,  2,  Neetor
P -2123.1626, -287.2021, -260.9780,  0, 127, 127,  2,  Soldier's_camp
P -2194.0906, 1743.8423, -118.3975,  0, 127, 127,  2,  Vileor
P 2233.5740, -720.6661, -191.2496,  0, 127, 127,  2,  Supply_caravan_
P 2228.9917, -765.7455, -188.7467,  0, 127, 127,  2,  Clue
P -2197.0251, 1741.4231, -156.6699,  0, 127, 127,  2,  1st_clue
P -2216.7729, 1764.2656, -118.6825,  0, 127, 127,  2,  2nd_clue
P -2234.0691, 1770.3627, -156.6729,  0, 127, 127,  2,  3rd_clue
