P -1887.6249, -2719.4878, -208.4315,  0, 0, 0,  2,  Loda_Kai_Camp
P -1066.3395, -2635.5225, -217.2151,  0, 0, 0,  2,  Loda_Kai_Camp
P -1532.5912, -1112.2582, -187.3305,  0, 0, 0,  2,  Loda_Kai_Camp
P -856.7798, -671.2673, -349.2821,  0, 0, 0,  2,  Weapon_racks/barrels
P 314.9174, -1228.8512, -192.7328,  0, 0, 0,  2,  Loda_Kai_Camp
P -1228.0514, 13.5545, -348.3264,  0, 0, 0,  2,  Akhevan_headquarter
P 141.2887, -2362.5813, -385.7466,  0, 0, 0,  2,  Burning_bodies
P -578.4224, -681.4665, -350.2062,  0, 0, 0,  2,  Cages
P -536.4885, -4613.7266, -204.3374,  127, 0, 0,  2,  Jynhadar
P -1015.7072, -2532.7842, -197.3551,  127, 0, 0,  2,  Scorched_Bones
P 1388.3030, -207.6680, -172.6624,  0, 0, 127,  2,  Sentry_Kedra_Kai
P 1603.8219, -697.3080, -176.0156,  0, 0, 127,  2,  Trainer_Shali
P 1654.9845, -602.4755, -175.9764,  0, 0, 127,  2,  Trainer_Kabrin
P 1528.0978, -10.9991, -180.6865,  0, 0, 127,  2,  Trainer_Ahele
P 1616.7466, -254.7077, -172.7573,  0, 0, 127,  2,  Trainer_Shekar
P -1115.4113, 411.1583, -342.0842,  127, 0, 0,  2,  Zun_Tetorau
P 1649.9734, -2435.7720, -164.9728,  0, 0, 0,  2,  a_pot_of_tree_sap
P -993.1821, -2544.0447, -192.2603,  0, 0, 0,  2,  Graveyard
P 1564.5779, -563.3710, -174.1319,  0, 0, 127,  2,  Spiritist_Feyla
P 270.7619, -1106.0127, -192.8749,  0, 0, 0,  2,  a_pouch_of_salt
P 974.0566, 439.1380, -187.6740,  0, 0, 0,  2,  a_snake_home
