P 569.5547, -1202.2223, -50.3040,  0, 0, 127,  2,  Pietro_Guiccini
P 456.1031, 1106.1343, -34.5352,  0, 0, 0,  2,  succor
P -975.6151, 611.6122, -60.1378,  127, 64, 0,  2,  The_Lost__Turnip
P -1179.9380, 757.5593, -60.2369,  0, 0, 127,  2,  Albarok
P -1179.7306, 775.8635, -60.2369,  0, 0, 240,  2,  Skiliar_Hardbrick
P 644.7165, 389.8630, -31.9080,  0, 0, 0,  2,  Golems_/_Glowing_Stones
P 889.2756, 67.6171, -26.9132,  0, 0, 0,  2,  Rubbles_/_Glowing_Stones
P 801.4333, -57.2371, -32.0482,  0, 0, 0,  2,  Shik'nar
P -749.3964, 1189.3556, -77.3030,  0, 0, 127,  2,  Coglixar_Xorlopodil
P 589.5488, -2.4894, -32.1740,  0, 0, 0,  2,  Underbulk
P 181.4328, 167.0315, -31.8893,  0, 0, 0,  2,  Shriekers
P -104.9882, 196.9552, -48.1621,  0, 0, 0,  2,  Fungal_fiends
P -626.2650, -71.1141, -36.5477,  0, 0, 0,  2,  Shriekers
P -512.3774, 101.6646, -110.6483,  0, 0, 0,  2,  Shik'Nar_Samples
P -1067.0907, 190.2649, -60.4473,  0, 0, 0,  2,  Underbulk_Samples
P 1098.1327, 438.1079, -27.7265,  0, 0, 0,  2,  Watch_something_unsual
P -802.1467, 1109.7802, -70.8340,  0, 0, 127,  2,  Lewena
P 1013.8750, -1075.6259, -49.2828,  0, 0, 127,  3,  1
P 837.0930, -832.2413, -50.8167,  0, 0, 127,  3,  2
P 638.7029, -1075.1731, -49.2800,  0, 0, 127,  3,  3
P 775.4451, -69.8325, -33.6870,  0, 0, 127,  3,  4
P 1132.1935, 133.9052, -28.8064,  0, 0, 127,  3,  6
P 1129.5956, 412.5278, -24.9840,  0, 0, 127,  3,  7
P 776.1183, -1208.5741, -102.6620,  0, 0, 127,  2,  Commander_Yaminshavraylin_(start/end_here)_7
P 975.5840, 50.1921, -29.6845,  0, 0, 127,  3,  5
