P -50.3789, -65.4960, -262.4988,  0, 127, 127,  2,  Vrasha_(GM_Ber)
P -532.0000, -17.0000, -107.9989,  0, 127, 127,  2,  Hortitosh_(GM_Bard)
P -136.0000, -44.0000, -262.4990,  0, 127, 127,  2,  Fehril_(GM_Shaman)
P -102.0000, -24.0000, -263.9990,  0, 127, 127,  2,  Grawleh_(GM_Shaman)
P -48.0000, -275.0000, -262.4990,  0, 127, 127,  2,  Poren_(GM_Bst)
P 255.0000, -192.0000, -250.4989,  0, 127, 127,  2,  Taruun_(GM_Rog)
P 486.0000, 144.0000, -263.9990,  0, 127, 127,  2,  Trukhanah_(GM_War)
P -216.0000, 379.0000, -144.7489,  0, 127, 127,  2,  Kyth_Lar_(GM_Rog)
P -148.0000, -82.0000, -262.4990,  0, 0, 240,  2,  Cholsa_(Spells)
P -134.0000, -258.0000, -262.4990,  0, 0, 240,  2,  Kaleej_(Spells)
P 348.0000, 212.0000, -169.4989,  0, 0, 240,  2,  Ahmih_(Spells)
P -148.0000, -82.0000, -262.4990,  0, 0, 240,  2,  Cholsa_(Spells)
P -134.0000, -258.0000, -262.4990,  0, 0, 240,  2,  Kaleej_(Spells)
P -598.0000, 2.0000, -107.9989,  0, 0, 240,  2,  Tolniq_(S)
P -558.0000, -29.0000, -107.9989,  0, 0, 240,  2,  Qualia_(S)
P -556.0000, 35.0000, -107.9989,  0, 0, 240,  2,  Imasan_(S)
P -80.3130, -91.8657, -263.9988,  0, 0, 240,  2,  Ritra_(Ber_Tomes)
P 376.4473, -1666.0684, -214.1179,  0, 0, 0,  2,  Map_by_Goodurden
