P 478.0000, -285.0000, -191.9989,  0, 0, 240,  2,  Nocia_(Smith)
P 478.0000, -270.0000, -191.9989,  0, 0, 240,  2,  Larken_(Pottery)
P 495.0000, -255.0000, -191.9989,  0, 0, 240,  2,  Jangle_(Weapons)
P 508.0000, -255.0000, -191.9989,  0, 0, 240,  2,  Gherik_(Pottery)
P -385.0000, -409.0000, -193.4989,  0, 0, 240,  2,  Ker`far_(Smith)
P -216.0000, -454.0000, -191.9989,  0, 0, 240,  2,  Jolod_(M)
P -215.0000, -424.0000, -191.9989,  0, 0, 240,  2,  Umek_(Baking)
P -119.0000, -444.0000, -192.7489,  0, 0, 240,  2,  Guresh
P 55.0000, -433.0000, -191.9989,  0, 0, 240,  2,  Mahj_(M)
P 55.0000, -495.0000, -193.1827,  0, 0, 240,  2,  Golath_(M)
P 278.0000, -485.0000, -191.9989,  0, 0, 240,  2,  Melek_(M)
P 375.0000, -307.0000, -167.3123,  0, 0, 240,  2,  Jala_(Tailor)
P 371.0000, -216.0000, -191.9989,  0, 0, 240,  2,  Uhlma_(Gems)
P 371.0000, -305.0000, -191.9989,  0, 0, 240,  2,  Jhimis_(Jewelry)
P 161.0000, -227.0000, -191.9989,  0, 0, 240,  2,  Garr_(Smith)
P 161.0000, -217.0000, -191.9989,  0, 0, 240,  2,  Kafy_(Smith)
P -66.0000, -46.0000, -262.4990,  0, 0, 240,  2,  Kanaad_(M)
P -105.8302, -164.4917, -248.5322,  0, 0, 240,  2,  Spell_Merchants
P 501.0000, 167.0000, -263.9990,  0, 0, 240,  2,  Nimij_(M)
P 4.0000, -246.0000, -191.8936,  0, 0, 240,  2,  Ayyad_(Weapons)
P -69.0000, -126.0000, -191.9989,  0, 0, 240,  2,  Almasa_(Tailor)
P -498.0000, 348.0000, -193.4989,  0, 0, 240,  2,  Mugdah_(Poisons)
P -457.0000, 385.0000, -193.4576,  0, 0, 240,  2,  Hokar_(Fletcher)
P -408.0000, 401.0000, -193.4989,  0, 0, 240,  2,  Rytan_(Fletcher)
P -318.2482, 344.9789, -186.1399,  0, 0, 240,  2,  Gawra_(M)
P 308.0000, 474.0000, -193.4989,  0, 0, 240,  2,  Chogar_(Pottery)
P 238.0000, 446.0000, -191.9989,  0, 0, 240,  2,  Rawlf_(M)
P 28.0000, 475.0000, -191.9989,  0, 0, 240,  2,  Jheral_(M)
P 48.0000, 475.0000, -191.9989,  0, 0, 240,  2,  Nejat_(M)
P 79.0000, 474.0000, -193.1956,  0, 0, 240,  2,  Kogar_(Weapons)
P -37.0000, 497.0000, -193.4587,  0, 0, 240,  2,  Kojik_(M)
P -113.0000, 497.0000, -193.4587,  0, 0, 240,  2,  Chialle_(M)
P 543.5069, 256.4101, -191.9989,  127, 64, 0,  3,  The_Bank
P 369.6172, 307.8027, -191.9989,  0, 0, 240,  2,  Alchemy_Merchants
P 32.0000, 233.0000, -191.9496,  0, 0, 240,  2,  Katja_(Jewelry)
P -71.0000, 119.0000, -191.9989,  0, 0, 240,  2,  Hajika_(Baking)
P -48.0000, 83.0000, -191.9989,  0, 0, 240,  2,  Tariid
P -488.0000, -52.0000, -167.9989,  0, 0, 240,  2,  Ghula_(Soulbinder)
P -451.4121, 120.7990, -165.4239,  0, 0, 240,  2,  Baking_(M)
P -239.0000, 348.0000, -193.4989,  0, 0, 240,  2,  Kafal_(Armor)
P -214.0000, 348.0000, -193.4535,  0, 0, 240,  2,  Lajika_(Armor)
P -119.0000, 352.0000, -193.4327,  0, 0, 240,  2,  Dharr_(M)
P -13.5687, 1086.5597, -309.9981,  0, 0, 240,  2,  Dar_Khura_Pyjek
P -830.5497, 990.6625, -243.8241,  0, 0, 240,  2,  Pit_Guard_Goqua
P 454.1546, 288.3566, -191.8936,  0, 0, 240,  2,  Tax_Collector
P 500.2099, 293.8691, -191.8936,  0, 0, 240,  2,  Parcel
P -570.2767, 15.5973, -107.7375,  0, 0, 240,  2,  Jalil_Talih_(Q)
