P -69.0000, -142.0000, -191.9989,  0, 0, 127,  2,  Historian_Sharar_(M)BST1.0)
P 480.9173, -212.1735, -191.9989,  0, 0, 0,  1,  Pottery_Wheel
P 433.8333, -245.3376, -191.9989,  0, 0, 0,  1,  Kiln
P 373.7506, -287.2996, -169.4989,  0, 0, 0,  1,  Loom
P 201.2144, -276.9943, -191.9860,  0, 0, 0,  1,  Forge
P -400.1009, -405.1637, -193.4989,  0, 0, 0,  1,  Forge
P -411.1505, -405.3385, -193.4989,  0, 0, 0,  1,  Forge
P -37.1080, -375.3347, -192.6400,  0, 0, 0,  1,  Oven
P -24.7698, -376.1560, -189.6290,  0, 0, 0,  1,  Oven
P -439.6972, 140.9011, -167.9989,  0, 0, 0,  1,  Oven
P 164.7757, 212.6227, -191.9989,  0, 0, 0,  1,  Oven
P 306.3088, 488.2565, -193.4989,  0, 0, 0,  1,  Pottery_Wheel
P -2.2543, 483.2739, -191.9989,  0, 0, 0,  1,  Oven
P 177.6794, 186.9331, -191.9989,  0, 0, 0,  1,  Brew_Barrel
P -135.7840, 370.4644, -191.1838,  0, 0, 127,  2,  Registrar_Bindarah
P 283.9519, -487.5145, -164.3547,  0, 0, 127,  2,  Mignah_Cahru
P -577.9343, -0.6380, -163.1500,  0, 0, 127,  2,  King_Raja_Kerrath
P -738.7100, -526.8700, -361.6200,  0, 0, 0,  1,  Redcapped
P 593.9500, -735.1399, -356.6499,  0, 0, 0,  1,  Bluecapped
P -163.9061, -912.4200, -354.4427,  0, 0, 0,  1,  Pinch
P 292.1523, 43.5030, -190.4424,  0, 0, 127,  2,  Khala_Dun_Hebijeb
P 46.5578, -900.4406, -358.4667,  0, 0, 0,  1,  Pinch
P 953.2830, -362.5033, -356.6872,  0, 0, 0,  1,  Lump_of_Gray_Mud
P -475.4114, 789.3708, -359.6720,  0, 0, 0,  1,  Bluecapped
P -143.3120, -792.4502, -358.4451,  0, 0, 0,  1,  Pinch
P 801.3364, -678.1616, -358.1990,  0, 0, 0,  1,  Bluecapped
P 981.8313, -647.4999, -357.7391,  0, 0, 0,  1,  Lump
P 403.9531, 735.6479, -361.4046,  0, 0, 0,  1,  Redcap
P 387.4785, 734.2192, -361.4035,  0, 0, 0,  1,  Bluecapped
P 368.1125, 748.9969, -361.4008,  0, 0, 0,  1,  Redcap
P -46.5099, 253.7867, -190.4557,  0, 0, 127,  2,  Dronqam_Runghi
P 212.4302, -191.6932, -167.9428,  0, 0, 127,  2,  Armsman_Khaigesh
P -189.1007, 882.1669, -358.4479,  0, 0, 0,  1,  Lump
P 673.1982, -161.9925, -239.9978,  0, 0, 127,  2,  Guard_Jabbar
P 168.4328, 222.4267, -169.4978,  0, 0, 127,  2,  Merchant_Ahlam_(Brewing)
P 28.4222, -229.7573, -191.6491,  0, 0, 127,  2,  Broker_Fahaar_(Tailoring)
P 175.8232, -199.1227, -191.9978,  0, 0, 127,  2,  Master_Barkhem_(Smithing)
P 224.5489, -1142.9600, -191.9978,  0, 0, 0,  1,  Repair_Order#1
P 147.3635, -1140.2715, -188.3668,  0, 0, 0,  1,  Repair_Order#2
P -134.2084, 1122.5164, -191.2333,  0, 0, 0,  1,  Repair_Order#3
P -57.1985, 1122.6167, -191.1296,  0, 0, 0,  1,  Repair_Order#4
P 203.8017, -176.6231, -191.9978,  0, 0, 0,  2,  Racial_Forge
P -531.1436, -18.5800, -106.4462,  0, 0, 127,  2,  Elder_Hymnist_Hortitosh
P -231.6557, -477.6564, -143.9410,  0, 0, 127,  2,  Noril_Galoon
P 213.5331, -287.9531, -167.9476,  0, 0, 127,  2,  Friaz_Ompir
P -411.5930, 401.7176, -191.9021,  0, 0, 127,  2,  Rytan_(Fletching)
P 5.7473, -245.7674, -190.3605,  0, 0, 127,  2,  Merchant_Ayyad_(Pottery)
P 424.5758, -710.4025, -362.6216,  0, 0, 0,  1,  pitch
P -483.6644, 24.4320, -166.3796,  0, 0, 127,  2,  Khala_Dun_Fareed
P -91.3282, 1160.9329, -191.8936,  0, 0, 0,  2,  L/H:21
P -105.5117, -314.3559, -263.6852,  0, 0, 127,  2,  Elder_Animist_Dumul(BST1.0)
P -49.3370, 182.6912, -191.8417,  0, 0, 127,  2,  Arms_Historian_Qua(BST1.0)
P 540.7971, 99.7185, -262.3416,  0, 0, 127,  2,  Weapons_Master_Rahoul(BST1.0)
P -460.7402, 169.2052, -106.1854,  0, 0, 127,  2,  Elder_Animist_Muada(BST_Epics)
P 221.8745, 262.7769, -191.9979,  0, 0, 127,  2,  Discuit_'Anniversary
P -413.6107, -446.2060, -163.3280,  0, 240, 240,  2,  1-Toxic_Ehayae's_Offering_(GS)
P -189.3954, -480.6482, -144.4354,  0, 240, 240,  2,  2-Jonus_Siedel
P -598.7556, -305.0315, -189.0865,  0, 240, 240,  2,  3-/tar_Lore_and_hail_HERE
P 382.5702, -462.9871, -193.3416,  0, 240, 240,  2,  4-Silk
P 246.8755, 604.8337, -195.0256,  0, 240, 240,  2,  6-Sineb
P 465.0230, 408.7616, -190.1260,  0, 127, 127,  2,  Informant_(26th)
