P 583.4228, -135.2194, -240.7191,  0, 0, 127,  2,  Guard_Arjin
P 545.3546, -121.7397, -240.7190,  0, 0, 127,  2,  Loda_Kai
P 781.2724, 786.6530, -299.6558,  0, 0, 127,  2,  Pit_Guard_Adbar
P -952.1652, -776.0043, -332.0270,  0, 0, 127,  2,  a_dead_recruit
P -433.4854, -377.0283, -143.9205,  0, 0, 127,  2,  General_Arulk
P -663.5759, 7.0215, -191.1759,  0, 0, 127,  2,  Captain_Aranji
P -103.9165, -123.5811, -192.7181,  0, 0, 127,  2,  Rahamin_Kerrath
P 101.4653, 455.1192, -194.2190,  0, 0, 127,  2,  Colwell_Emtray
P 230.2301, 453.7062, -192.7191,  0, 0, 127,  2,  Emil_WIdgetton
P 149.5621, -0.0285, -186.7190,  0, 0, 127,  2,  Spiritis_Garig
P 669.7181, 0.4055, -180.7190,  0, 0, 127,  2,  High_Spiritist_Jumuul
P -1090.6680, -212.7552, -364.1757,  0, 0, 0,  2,  Horde_Report_(GS)_1min40
P -444.7829, -39.6993, -105.7191,  0, 0, 127,  2,  Spiritcaller_Gaarus
P -506.0306, -122.1065, -107.2191,  0, 0, 127,  2,  Maera_Kerrath
P -748.0953, -714.8878, -363.7258,  0, 0, 0,  2,  Horde_Report_(GS)
P -1708.9325, 61.0729, -424.7809,  127, 0, 0,  2,  a_grimling_leader
P -1499.8478, -186.5431, -377.8280,  127, 0, 0,  2,  a_grimling_leader
P -1083.2659, 313.9680, -358.0184,  0, 0, 0,  2,  Horde_Report_(GS)
P -319.2580, 12.9622, -153.7374,  0, 0, 127,  2,  Rajyk
P -318.6121, -13.0414, -153.7352,  0, 0, 127,  2,  Palav
P -474.7996, 335.2510, -163.1028,  0, 127, 127,  2,  Clue_(25th)
