P 665.8329, 301.8730, -359.3905,  240, 0, 0,  2,  Toraji,_Korath`s_Warder(an_ancient_skeleton)
P 1219.6691, -164.2433, -365.5271,  240, 0, 0,  2,  Kurati_the_Feral_(wrathful)
P 1055.8064, 236.2563, -363.5673,  240, 0, 0,  2,  Kurati
P -908.0189, 588.9592, -357.5677,  240, 0, 0,  2,  Wiggle_(a_hungry_xakra_worm)*
P -657.5292, -471.3584, -365.5775,  240, 0, 0,  2,  Taifang*
P -598.8180, 740.6497, -365.2790,  240, 0, 0,  2,  Wiggle*
P -765.6998, 552.3611, -367.6467,  240, 0, 0,  2,  Wiggle*
P -1013.3510, 23.1431, -369.3549,  240, 0, 0,  2,  Wiggle*
P -1011.6859, -362.7108, -363.5467,  240, 0, 0,  2,  Tailfang*
P -787.4525, 518.7319, -365.2078,  240, 0, 0,  2,  Tailfang_(elder)*
P -856.8848, 363.5282, -367.7096,  240, 0, 0,  2,  Tailfang*
P 664.7856, -382.9827, -369.4751,  240, 0, 0,  2,  Crimsonclaw
P -1718.2405, 112.8553, -421.5943,  240, 0, 0,  2,  Geerot_Stabgut
P 1076.0365, -672.6600, -366.9661,  240, 0, 0,  2,  Crimsonclaw_(adolescent)
P -733.9965, -727.7909, -359.6938,  240, 0, 0,  2,  Gheg_Gorespit
P -1529.1039, -198.8873, -377.9872,  240, 0, 0,  2,  Geerot_(invader)
P 697.1063, 605.4457, -366.9351,  240, 0, 0,  2,  Toraji*
P 407.4598, 687.6924, -364.4425,  240, 0, 0,  2,  Toraji*
P -607.0200, -360.6036, -358.3547,  240, 0, 0,  2,  Gheg_Gorespit
