P -134.7474, 1119.6824, -192.2062,  0, 0, 240,  2,  Khala_Dun_Bokh_(Q)
P 631.2997, 35.7501, -216.7623,  0, 0, 240,  2,  Weapons_Master_Wygans_(Q)
P 302.3812, -450.2180, -145.4691,  0, 0, 240,  2,  Pathmaster_Shainai__(Q)
P -21.5076, 420.2618, -194.2191,  0, 0, 240,  2,  Sergeant_Hujiid_(R_&_M)
P -447.6251, 160.3082, -168.7191,  0, 0, 240,  2,  Cook_Yalkiin_(Q)
P 389.8901, 224.1859, -168.3484,  0, 0, 240,  2,  Dar_Khura_Hamat_(Q)
P -122.9771, -124.9619, -251.1921,  0, 0, 240,  2,  Danala_Valith_(Teleportation_Spells)
P -133.5987, -203.4343, -251.2069,  0, 0, 240,  2,  Melee
P -122.3249, -203.9846, -251.2046,  0, 0, 240,  2,  Wiz_&_Mag
P -110.7125, -202.0745, -251.2022,  0, 0, 240,  2,  Brd_and_Ench
P -81.9928, -160.1861, -248.7340,  0, 0, 240,  2,  Ncr_&_SK
P -81.2766, -149.6508, -247.9629,  0, 0, 240,  2,  Cleric_&_Pal
P -81.7773, -141.4221, -247.9611,  0, 0, 240,  2,  Drd_&_Rng
P -81.2417, -130.1102, -247.9598,  0, 0, 240,  2,  Shm_&_Bst
P -506.6082, 144.4230, -105.7038,  0, 0, 240,  2,  Progressive_Spells
P 5.1257, -244.7493, -191.2061,  0, 0, 240,  2,  Raid_Merchant_Ayyad
P -28.0315, 402.4527, -192.7056,  0, 0, 240,  2,  Group_Merchant_Gretara_Solan
P -27.3641, 421.1767, -192.6803,  0, 0, 0,  2,  Under_Siege:_Smaller_>_Ready
P -27.3641, 421.1767, -192.6803,  0, 0, 0,  2,  Mean_Streets:_Flexible_>_Equipped_
