P 385.6365, 1545.3694, 26.5603,  240, 0, 0,  2,  King_Tranix
P 824.1089, 1376.3340, 85.2860,  127, 0, 0,  3,  Lord_Nagafen
P 312.1329, 868.8404, -64.9667,  240, 0, 0,  2,  5_Noxious_Spider*
P -325.7266, 480.6290, -81.5212,  240, 0, 0,  2,  9_Efreeti_Lord_Djarn
P 49.2687, 747.6371, -106.4355,  240, 0, 0,  2,  8_Death_Beetle
P 61.5964, 625.9319, -106.4248,  240, 0, 0,  2,  7_Guano_Harvester_(invised)
P 346.7040, 999.8795, -83.4328,  240, 0, 0,  2,  6_Stone_Spider
P 364.6100, 548.8194, -62.4380,  240, 0, 0,  2,  2_Kobold_King
P 320.4911, 592.4089, -73.4295,  240, 0, 0,  2,  3_Kobold_Priest
P 344.1610, 650.6010, -68.4411,  240, 0, 0,  2,  4_Kobold_Champion
P 110.6644, 561.7685, -92.4440,  240, 0, 0,  2,  1_Kobold_Noble
P 359.4956, 1451.4623, 26.6265,  240, 0, 0,  2,  Warlord_Skarton
P 898.8490, 1369.2206, 86.4758,  240, 0, 0,  2,  Magus_Rokyl
