P 3216.0000, 4758.0000, -4.0000,  240, 0, 0,  2,  Grizzleknot
P 1017.6814, 4941.7437, -3.7791,  240, 0, 0,  2,  Quillmane*
P 3273.4229, 347.7826, -3.7791,  240, 0, 0,  2,  Grizzleknot*
P -374.3138, 2676.4690, -0.4471,  240, 0, 0,  2,  Tesch_Val_Deval'Nmak*
P 2300.1980, 4714.9395, 10.5646,  240, 0, 0,  2,  Knari_Morawk*
P -2333.4202, 765.1349, -1.9700,  240, 0, 0,  2,  Kroldir_Thunderhoof*
P -1079.3876, -1399.8246, 38.1593,  240, 0, 0,  2,  Lord_Grimrot*
P -76.4406, 4972.4058, -3.7791,  240, 0, 0,  2,  Marik_Clubthorn*
P -2275.4651, 7444.1089, 49.3263,  240, 0, 0,  2,  Narra_Tanith*
P -1896.5120, 476.9442, 7.9017,  240, 0, 0,  2,  Synger_Foxfyre*
P 1586.8306, 4316.2896, -3.4666,  240, 0, 0,  2,  Quillman*
P 1672.8405, 3882.8057, 57.4943,  240, 0, 0,  2,  Marik
P -1233.0000, 1234.0000, 123.0000,  240, 0, 0,  2,  Qspawn
P 1781.6775, 6668.4976, -3.7791,  240, 0, 0,  2,  Coloth_Meadowgreen*
P 727.5290, 6775.5601, -3.4666,  240, 0, 0,  2,  Mroon*
