L -1125.1946, -1277.2227, 35.5645,  -1125.1946, -1277.2227, 35.5645,  0, 0, 0
P 2337.0000, 5164.0000, -4.0000,  127, 0, 0,  1,  a_werewolf
P 2400.0000, -300.0000, 0.0000,  127, 64, 0,  3,  Centaur_Village
P 2600.0000, 5400.0000, 0.0000,  0, 0, 240,  2,  Hermit
P -1200.0000, 6500.0000, 0.0000,  127, 64, 0,  3,  Aviak_Village
P 849.0000, 3577.0000, -2.0000,  127, 0, 0,  2,  a_werewolf
P 2016.0000, 4143.0000, 4.0000,  0, 0, 127,  2,  Sentry_Alechin
P -1351.0000, 4910.0000, 61.0000,  240, 0, 0,  2,  high_shaman_phido
P -930.2181, 1528.2898, 13.1645,  127, 0, 0,  2,  Sir_Telian_Mottswort(Ncr1.5)*
P 1380.7948, -2438.2747, -64.6826,  0, 0, 0,  1,  raiders
P 137.7926, 52.2870, 6.8654,  0, 0, 127,  2,  Vhalen_Nostrolo_(Bard1.5)
P -98.4241, 17.8083, -2.2418,  0, 0, 127,  2,  Baenar_Swiftsong(Bard1.0)
P 3669.1309, 247.3377, -3.4666,  0, 0, 127,  2,  Kelkim_Menkia(Bard1.0)
P -2084.3357, 2992.6785, 51.2126,  0, 0, 127,  2,  Brother_Qwinn*(Mnk1.0)
P 3323.2886, 6091.3228, -3.7791,  127, 64, 0,  2,  Druid_Ring
P -1096.3678, 6565.4751, -2.1976,  0, 0, 240,  1,  An_Epic_Request_(Mag)
P 2357.7991, -270.1219, -3.4667,  127, 64, 0,  2,  Broken_Horseshoe_(U)
P -894.5038, -2544.0005, -66.0340,  127, 64, 0,  2,  Cikdew_(Q)
P -1082.8009, -1397.6250, 37.7906,  127, 0, 0,  2,  Dwarf_Bones
P -15.5547, 3263.9250, -3.4137,  127, 0, 0,  2,  The_Ishva_Mal__(cle1.0)
