P 273.9465, 140.4047, 104.3430,  0, 0, 240,  2,  Friggal_Bribbitz_(R)
P 280.1374, 126.5788, 104.4174,  0, 0, 240,  2,  Eewatt_Halmoore_(R)
P 286.1227, 97.6415, 104.4688,  0, 0, 240,  2,  Scout_Miigle_(R)
P 346.7524, 125.7974, 104.2807,  0, 0, 240,  2,  Ruwakka_(R)
P 1340.9240, -616.8289, 69.1959,  0, 0, 240,  2,  Bryntelanka_Battlebringer
P 1402.9186, -712.6290, 62.2269,  0, 0, 240,  2,  Becoreen_Pathfinder
P 2093.1841, -3830.7681, 27.3719,  0, 0, 240,  2,  Hurgo_Felcind
P 2123.3401, -3873.7791, 28.1000,  0, 0, 240,  2,  Ranzall_Netcaster
P 2099.9307, -3918.2659, 28.9789,  0, 0, 240,  2,  Grusyll_Eshaan
P 2066.8467, -3888.9180, 24.2340,  0, 0, 240,  2,  Tacots_Silentblade
P 2042.7500, -3884.6221, 23.4269,  0, 0, 240,  2,  Mantrek_Needlebend
P 1891.9749, -4675.9629, 20.2379,  0, 0, 240,  2,  Synthan
P 1865.1150, -4664.3477, 20.2379,  0, 0, 240,  2,  Isslana
P 1877.4639, -4707.1978, 20.1810,  0, 0, 240,  2,  Gadallion
P 1844.3866, -4721.4312, 20.2880,  0, 0, 240,  2,  Transan
P 1831.2389, -4702.3340, 20.2600,  0, 0, 240,  2,  Nura_Dumont
P 2181.7400, -4168.1475, 28.6400,  0, 0, 240,  2,  Boadiel_Sharen
P 2195.2908, -4195.3145, 22.6230,  0, 0, 240,  2,  Jaysen_Voon
P 1495.8108, -3152.3938, 34.6540,  0, 0, 240,  2,  Innkeep_Marnan
P 1517.1530, -3151.8848, 34.6540,  0, 0, 240,  2,  Innkeep_Tizzy
P 1219.4490, -2107.3677, 24.4630,  0, 0, 240,  2,  Feriern_Telenthar
P 1202.7050, -2094.7271, 24.3320,  0, 0, 240,  2,  Smith_Tv`ysa
P 1173.3799, -2036.5425, 23.6419,  0, 0, 240,  2,  Artist_Passia
P 2500.6731, -4183.3477, 1.2290,  0, 127, 0,  3,  Translocator_Tradil
P 2386.3770, -4186.4771, 0.7320,  0, 0, 240,  2,  Dimbwicket_Middifoodle
P 2376.9617, -4147.2759, 1.1279,  0, 0, 240,  2,  Plinkletop_Cogstopper
P 664.8419, -4779.9429, 45.5589,  0, 0, 240,  2,  Keelee_Rayin
P 306.8627, -3000.9800, 148.5785,  0, 0, 240,  2,  Taldrik_Stumpystout
P 1949.1331, -3979.6233, 2.5951,  240, 240, 240,  2,  Agent_of_Change_(R)_Plane_of_Hate
