P -5.8397, -354.5684, -26.2834,  0, 0, 0,  2,  Spiteful_Mechanical_Part_Azia_(North)
P -5.4503, 338.9954, -26.2834,  0, 0, 0,  2,  Spiteful_Mechanical_Caza_(South)
P 67.5778, -402.1929, -26.9485,  127, 64, 0,  2,  Find_the_Door
P -330.0659, 8.2760, -24.9362,  0, 0, 0,  2,  Spiteful_Mechanical_Part_Beza_(West)
P 209.8343, 209.3880, -20.4146,  0, 0, 0,  2,  Contempt
P -215.7313, 205.8875, -20.1687,  0, 0, 0,  2,  Jalousy
P -5.5766, 308.2522, -24.7466,  0, 0, 0,  2,  Envy
P 329.0264, -7.7692, -26.5078,  127, 0, 0,  2,  Spiteful_Mechanical_Dena_(East)
P 174.7744, 416.6615, -26.9785,  127, 64, 0,  3,  additional_leads
P -209.6092, -219.7234, -20.1227,  0, 0, 0,  2,  Malice
P 426.1764, 53.8557, -26.9439,  0, 0, 0,  2,  any_Spite_golem
P 207.1505, -216.3226, -20.4691,  0, 0, 0,  2,  Malice
P -7.2546, 520.0464, -25.8187,  0, 0, 0,  2,  Envy
P -296.0941, -299.5235, -151.9660,  127, 64, 0,  2,  Teir'Haerth_contact
P -3.0763, -9.1964, -159.4294,  127, 0, 0,  2,  Heloise_Alston
P -3.0157, 114.6596, -26.8128,  255, 0, 255,  3,  South:_Same_Race
P -125.5177, -7.5988, -26.8128,  255, 0, 255,  3,  West:_Charm
P -2.7530, -129.7056, -26.8128,  255, 0, 255,  3,  North:_Heal
P 118.9296, -7.8563, -26.8128,  255, 0, 255,  3,  East:_Kill
P 310.5104, 11.3162, -26.5078,  127, 0, 0,  2,  a_contemptuous_shade
P 351.1788, 6.7606, -26.5078,  0, 0, 0,  2,  Contempt
P -0.0539, -539.1714, -25.6188,  0, 0, 0,  2,  Malice
P -366.1142, -12.9539, -24.7480,  0, 0, 0,  2,  Jealousy
P -4.8271, -328.5619, -26.4553,  0, 0, 0,  2,  Malice
