P -268.5229, 145.1661, 84.0020,  0, 0, 240,  3,  Euzan_Jurek(Q)
P 519.1575, 988.0710, 56.0020,  0, 0, 240,  2,  Torsten_Reidan(Q)
P -1017.0000, -92.0000, 56.9000,  0, 0, 240,  2,  Adren_(Bank)
P 1480.0000, -94.0000, 56.9000,  0, 0, 240,  2,  Falak_(Bank)
P -1026.0000, 118.0000, 56.9000,  0, 0, 240,  2,  Melda_(Smith)
P -1026.0000, 50.0000, 56.9000,  0, 0, 240,  2,  Gaston_(Merchant)
P -1029.0000, -10.0000, 56.9000,  0, 0, 240,  2,  Wulan_(Smith)
P -1042.9900, 823.5925, 56.9000,  0, 0, 240,  2,  Brewing_Merchants
P 1486.8158, 822.5517, 56.9000,  0, 0, 240,  2,  Brewing_Merchants
P 1488.0000, 113.0000, 56.9000,  0, 0, 240,  2,  Mal_(Merchant)
P 1490.0000, 18.0000, 56.9000,  0, 0, 240,  2,  Laltar_(Merchant)
P -150.0000, -285.0000, 56.9000,  0, 0, 240,  2,  Pawil_(Baking)
P -186.1630, -836.7559, 56.9000,  0, 0, 240,  2,  Brewing_Merchants
P -189.0000, -281.0000, 56.9000,  0, 0, 240,  2,  Taldris_(Merchant)
P 941.6890, -82.8739, 56.9000,  0, 0, 240,  2,  Smithing_Merchants
P 944.0000, 21.0000, 56.9000,  0, 0, 240,  2,  Nyrick_(Merchant)
P 945.3279, 737.9449, 56.9000,  0, 0, 240,  2,  Pottery_Merchants
P 947.0000, 134.0000, 56.9000,  0, 0, 240,  2,  Laren_(Tailor)
P 947.0000, 828.0000, 56.9000,  0, 0, 240,  2,  Qearin_(Merchant)
P 947.0000, 936.0000, 56.9000,  0, 0, 240,  2,  Asotha_(Jewelry)
P -218.0000, 766.0000, 119.1000,  0, 0, 240,  2,  Adelia_(Spells)
P -276.0000, -283.0000, 56.9000,  0, 0, 240,  2,  Fraeg_(Smith)
P -332.0000, 734.0000, 84.1000,  0, 0, 240,  2,  Argrur_(Spells)
P -476.5609, 912.2159, 56.9000,  0, 0, 240,  2,  Smithing_Merchants
P -482.0000, 124.0000, 56.9000,  0, 0, 240,  2,  Fareye_(Fletcher)
P -482.0000, 749.0000, 56.9000,  0, 0, 240,  2,  Luki_(Merchant)
P -483.0000, 8.0000, 56.9000,  0, 0, 240,  2,  Cobaen_(M)
P -485.0000, 719.0000, 56.9000,  0, 0, 240,  2,  Tala_(Merchant)
P -485.0000, 806.0000, 56.9000,  0, 0, 240,  2,  Vassa_(Merchant)
P 534.0000, -283.0000, 56.9000,  0, 0, 240,  2,  Milner_(Baking)
P 535.0000, 995.0000, 84.1000,  0, 0, 240,  2,  Adelia_(Spells)
P 574.0000, 725.0000, 84.1000,  0, 0, 240,  2,  Glendra_(Spells)
P -59.0000, -282.0000, 56.9000,  0, 0, 240,  2,  Faber_(Smith)
P 609.6829, -830.4550, 56.9000,  0, 0, 240,  2,  Brewing_Merchants
P -61.0000, 71.0000, 84.1000,  0, 0, 240,  2,  Vrogar_(Spells)
P 646.0000, -279.0000, 56.9000,  0, 0, 240,  2,  Falwin_(Merchant)
P -70.0000, -132.0000, 84.1000,  0, 0, 240,  2,  Diendra_(Spells)
P 746.0000, -283.0000, 56.9000,  0, 0, 240,  2,  Boloth_(Smith)
P 798.0000, 131.0000, 84.1000,  0, 0, 240,  2,  Grelan_(Spells)
P 673.8010, 842.2490, 154.2000,  0, 0, 240,  3,  Grelan_(Spells)
P -330.3765, -808.5078, 56.9000,  0, 0, 0,  1,  Brew_Barrel
P 917.1400, 680.3979, 56.9000,  0, 0, 0,  1,  Kiln
P -544.8546, 985.7133, 56.1244,  0, 0, 0,  1,  Forge
P -546.3909, -136.5000, 56.1250,  0, 0, 0,  1,  Forge
P 797.3440, -804.2621, 56.9000,  0, 0, 0,  1,  Brew_Barrel
P 990.6937, 664.7988, 56.9000,  0, 0, 0,  1,  Pottery_Wheel
P -995.9669, 666.5789, 56.9000,  0, 0, 0,  1,  Brew_Barrel
P -129.5620, -304.4209, 56.9000,  0, 0, 0,  1,  Oven
P 1475.8589, 665.7169, 56.9000,  0, 0, 0,  1,  Brew_Barrel
P -332.2975, 787.5107, 154.1060,  0, 0, 240,  2,  Jylian_Frostshade
P 139.9574, 256.7799, 56.0020,  240, 240, 240,  2,  Agent_of_Change_(R)_Sanctus_Seru
P 206.7186, 299.6157, 56.0020,  240, 240, 240,  2,  Agent_(zone_out)
P 1044.1996, -32.6067, 56.0020,  0, 0, 240,  2,  Vantak_Mere_(M)
P 591.3409, -824.1334, 56.0020,  0, 0, 240,  2,  Vantak_Mere_(Q)
