P 83.0000, 582.0000, 190.0000,  255, 0, 255,  2,  port_in
P 85.0000, 581.0000, 127.0000,  255, 0, 255,  2,  port_out
P 232.0000, 284.0000, 190.0000,  255, 0, 255,  2,  port_out
P 232.0000, 579.0000, 92.0000,  255, 0, 255,  2,  port_stone_to_maze
P 377.0000, 284.0000, 127.0000,  255, 0, 255,  2,  port_in
P 290.9218, 504.9959, 90.1900,  0, 0, 0,  1,  Hidden_Door
P -109.0000, 958.0000, 84.1000,  0, 128, 128,  2,  Wassein_(GM_Wizard)
P -88.0000, 758.0000, 119.1000,  0, 128, 128,  2,  Falak_(GM_Warrior)
P 808.0000, 69.0000, 119.1000,  0, 128, 128,  2,  Martolin_(GM_Ranger)
P -152.0000, 64.0000, 119.1000,  0, 128, 128,  2,  Kezzlek_(GM_Rogue)
P 669.0000, 94.0000, 119.1000,  0, 128, 128,  2,  Taol_(GM_Monk)
P 670.0000, -4.0000, 56.9000,  0, 128, 128,  2,  Salnu_(GM_Warrior)
P -218.0000, 766.0000, 119.1000,  0, 128, 128,  2,  Aealin_(GM_Monk)
P -69.0000, 922.0000, 56.9000,  0, 128, 128,  2,  Naillo_(GM_Rogue)
P 792.0000, 733.0000, 84.1000,  0, 128, 128,  2,  Glipo_(GM_Rogue)
P -278.0000, 750.0000, 56.9000,  0, 128, 128,  2,  Truthtaker_(GM_Cleric)
P -64.0000, -118.0000, 119.1000,  0, 128, 128,  2,  Goshul_(GM_Warrior)
P 536.0000, 63.0000, 119.1000,  0, 128, 128,  2,  Balakaz_(GM_Cleric)
P 538.0000, 698.0000, 96.1000,  0, 128, 128,  2,  Yusi_(GM_Enchanter)
P 542.0000, 881.0000, 119.1000,  0, 128, 128,  2,  Valar_(GM_Warrior)
P 592.0000, 726.0000, 84.1000,  0, 128, 128,  2,  Banael_(GM_Wizard)
P 555.0000, 1005.0000, 119.1000,  0, 128, 128,  2,  Gastir_(GM_Paladin)
P -285.0000, 818.0000, 84.1000,  0, 128, 128,  2,  Ralla_(GM_Paladin)
P -358.0000, 702.0000, 96.1000,  0, 128, 128,  2,  Emon_(GM_Ranger)
P 522.0000, 138.0000, 84.1000,  0, 128, 128,  2,  Yalkin_(GM_Wizard)
P 698.0000, -83.0000, 56.9000,  0, 128, 128,  2,  Yka_(GM_Rogue)
P -484.9101, -88.2135, 56.3145,  0, 0, 127,  2,  Armorer_Caedus(War1.5)
P 673.9630, 871.8813, 154.1900,  127, 0, 0,  2,  Praesertum_Matpa
P -268.5229, 145.1661, 84.0020,  240, 240, 0,  3,  Euzan_Jurek
P 803.1882, 795.1083, 119.0020,  240, 240, 0,  3,  A_File_Cabinet
P -563.2980, -442.9608, 57.0640,  0, 127, 127,  2,  Clue_(25th)
