P -41.0000, -186.0000, 115.0000,  0, 0, 0,  2,  click_for_elevator
P -192.0000, 17.0000, 263.0000,  0, 0, 127,  2,  Caged_Drakkin
P -37.0000, 8.0000, 285.0000,  0, 0, 0,  1,  click_for_elevator
P 779.4279, -572.3345, 35.8070,  0, 0, 0,  1,  CoL:Preserved_Kithicor_Baneleaf
P 99.8913, 81.7960, 268.4177,  127, 0, 0,  2,  a_bixie_poisonbrewer*
P -88.9655, -36.3173, -55.9562,  127, 0, 0,  2,  Bixie_Prankster
P -80.5330, -83.5130, 287.9246,  127, 0, 0,  2,  Juzzulli
P -216.3206, 36.4370, 268.8433,  0, 0, 127,  2,  Prunae
P 61.0000, -133.0000, 263.0000,  127, 0, 0,  2,  Alchemist_Krizzia
P 134.0000, -82.0000, 410.0000,  127, 0, 0,  2,  Queen_Pelzia
P 13.0000, 142.0000, 403.0000,  127, 0, 0,  2,  Neezzee
P 82.0000, -189.0000, 37.0000,  0, 0, 127,  2,  Scout_Neauza
P -279.9694, -559.8694, -52.8330,  0, 0, 0,  1,  a_fungus_patch
P 791.5794, -249.6173, 35.9661,  0, 127, 127,  2,  Red_Hibiscus
P 206.6327, -102.2394, -69.3576,  0, 127, 127,  2,  Stone_Hive_Honey
P 238.2334, -135.6377, -69.3554,  0, 127, 127,  2,  Stone_Hive_Honey
P -116.1995, -213.4964, -58.1907,  0, 127, 127,  2,  Stone_Hive_Honey
