P 1545.2477, 435.5464, -11.3290,  127, 64, 0,  3,  Froglok_City
P 3583.2471, -1159.5236, 177.8745,  0, 0, 127,  2,  Zaiban_Zellenshar
P 578.4048, -282.9861, -9.5717,  127, 0, 0,  2,  Skurza_Slicekutt(Sk_1.5)
P 1899.8711, -603.6262, -5.5713,  127, 0, 0,  2,  Dire_Leech(Brd_1.5)
P -2325.4297, 3657.6880, 36.5484,  0, 0, 127,  2,  Scout_Eyru(BST_1.0)
P -651.9302, 2477.6968, -7.3417,  0, 0, 0,  1,  undead
P 2051.9070, 1552.3467, -14.2614,  0, 0, 127,  2,  Muirkiaz_Selishshen
P 1760.8235, 110.9081, -22.6499,  127, 0, 0,  2,  Ulump_Pujluk(Drd_1.0)
P 1359.5508, -1407.7936, -8.5077,  0, 0, 127,  2,  Grik_the_Exiled
P 1573.9734, -1733.7887, -13.3780,  127, 0, 0,  2,  Skurza_Slicekutt(Sk1.5)
P 173.2863, -2493.4734, 9.5084,  0, 0, 0,  1,  Brigands
P -1596.7671, -3796.7100, 69.6440,  0, 0, 127,  2,  Ssessthrass(Ncr_1.0)
P -908.5923, -4251.5396, 61.1920,  0, 0, 127,  1,  Calgerene_Mythmoor
P 1501.9302, 1346.3794, 71.8044,  127, 0, 0,  2,  A_Dancing_Flame(rogue_epic)
P 1779.3467, 1481.7107, 24.3144,  240, 0, 0,  2,  Lokin_the_Wise
P -2935.9871, -54.7515, -9.1334,  0, 0, 0,  1,  Piece_of_a_Medaillon(GS)
P -2078.7588, -2717.1658, -5.7253,  127, 0, 0,  2,  Froglok_Escort*
P -2766.4114, 50.8631, -13.9111,  0, 0, 0,  3,  X
P -2808.1995, 259.5649, -15.7728,  0, 0, 0,  3,  X
P -3036.3018, 642.1650, -16.9590,  0, 0, 0,  3,  X
P -2861.6763, 578.6744, -17.1943,  0, 0, 0,  3,  X
P -2920.9004, 437.0740, 3.2958,  0, 0, 0,  3,  X
P -2644.4788, 90.6599, -18.7133,  0, 0, 0,  3,  X
P -731.7886, -2565.8352, -17.8059,  0, 0, 0,  3,  EGG
P -1885.2858, -2500.1216, -16.9471,  0, 0, 0,  3,  EGG
P -2346.2366, -2326.1790, -16.2117,  0, 0, 0,  3,  EGG
P -2818.2559, -454.6213, -18.0323,  0, 0, 0,  3,  EGG
P -2809.4805, -672.8386, -16.3928,  0, 0, 0,  3,  EGG
P -1456.3611, -2109.8726, -15.0616,  0, 0, 0,  3,  EGG
P -2713.9976, -226.0778, -16.1687,  0, 0, 0,  3,  EGG
P -2682.1853, 188.1958, -18.3481,  0, 0, 0,  3,  EGG
P -2599.6299, 457.2215, -16.8774,  0, 0, 0,  3,  EGG
P -2700.5435, 839.1482, -18.0152,  0, 0, 0,  3,  EGG
P -3012.0186, 1357.4774, -14.0743,  0, 0, 0,  3,  EGG
