P -2588.6565, -1821.9314, -6.2394,  0, 0, 240,  2,  Kellboa_Skyspeed
P -2947.0000, -2421.0000, 40.3447,  0, 0, 240,  2,  Roshin_(M)
P -2907.0000, -2461.0000, 40.3447,  0, 0, 240,  2,  Migo_(M)
P -2723.0000, -2641.0000, 39.9000,  0, 0, 240,  2,  Gokrok_(M)
P -2812.0000, -2706.0000, 40.3134,  0, 0, 240,  2,  Bygle_(M)
P 1777.3715, 263.3075, -12.7665,  0, 0, 240,  2,  Dugroz(Q)Key
P -2989.1558, -2631.8904, 40.2520,  0, 0, 240,  2,  Warlord_Hikyg(Q)
P -3030.8340, -2645.4253, 40.2520,  0, 0, 240,  2,  Mystic_Dovan(Q)
P -2299.8804, 2998.9727, -33.5120,  127, 0, 0,  2,  The_Spirit_of_Sorrow(BST1.0)
P -1497.5652, -827.2538, 14.7378,  0, 0, 240,  2,  Genban_Kerrokar
P -3055.4373, -2996.5054, 1.6809,  0, 0, 127,  2,  Trooper_Inkin
