P 1102.9821, -544.4610, 13.1290,  240, 0, 0,  2,  Xenithen_Sterbla*
P 1327.7295, -510.8650, 140.5807,  240, 0, 0,  2,  Gorelaz_Verilak*
P 1364.1646, -574.5153, 140.5785,  240, 0, 0,  2,  Renaldok_Masric
P 1253.1930, -641.5621, 314.1897,  240, 0, 0,  2,  Trilexior_Aeridia*
P 93.1980, -1439.9888, 73.4910,  240, 0, 0,  2,  a_meeda_hune_warlord*
P -320.6107, 1067.8396, -23.5960,  240, 0, 0,  2,  a_cral_ligi_warlord*+
P 1342.0000, -618.0000, 139.0000,  240, 0, 0,  2,  Emissary_Oomgado
P -390.1052, 1698.5978, 14.6285,  240, 0, 0,  2,  a_grimling_foreman+
P 124.2503, 386.4384, 166.5207,  240, 0, 0,  2,  Skyshadow*(all_bats)
P -14.1765, -636.7875, -43.9592,  240, 0, 0,  2,  a_grol_baku_warlord*+
P -1080.5430, 1605.1167, -40.9754,  240, 0, 0,  2,  a_grimling_foreman+
P 1415.4513, -580.0317, 314.1879,  127, 0, 0,  2,  Valdanov_Zevfeer
P 1387.7057, -626.9056, 314.7890,  240, 0, 0,  2,  Heratius_Grolden
