L 1343.3755, -664.5945, 313.1263,  1343.4047, -650.6783, 313.1263,  64, 64, 64
L 1080.3765, -664.6561, 313.8446,  1343.3755, -664.5945, 313.1263,  64, 64, 64
L 1080.2621, -631.9687, 311.8476,  1080.3765, -664.6561, 313.8446,  64, 64, 64
L 1080.3329, -514.6410, 253.8447,  1080.2621, -631.9687, 311.8476,  64, 64, 64
L 1080.3405, -485.3750, 253.8446,  1080.3333, -514.6410, 253.8447,  64, 64, 64
L 1133.8749, -485.3750, 252.6194,  1080.3405, -485.3750, 253.8446,  64, 64, 64
L 1320.5309, -485.3181, 139.6656,  1320.5304, -514.5550, 139.6742,  64, 64, 64
L 1317.1874, -485.3258, 141.8446,  1317.1874, -514.6240, 141.8446,  64, 64, 64
L 1313.8749, -485.3335, 143.8446,  1313.8749, -514.6240, 143.8446,  64, 64, 64
L 1310.5309, -485.3412, 145.8446,  1310.5309, -514.6240, 145.8446,  64, 64, 64
L 1307.1874, -485.3473, 147.8446,  1307.1874, -514.6240, 147.8446,  64, 64, 64
L 1303.8749, -485.3525, 149.8446,  1303.8749, -514.6240, 149.8446,  64, 64, 64
L 1300.5309, -485.3577, 151.8446,  1300.5309, -514.6240, 151.8446,  64, 64, 64
L 1297.1874, -485.3632, 153.8446,  1297.1874, -514.6240, 153.8446,  64, 64, 64
L 1293.8749, -485.3666, 155.8446,  1293.8749, -514.6240, 155.8446,  64, 64, 64
L 1290.5309, -485.3734, 157.8446,  1290.5309, -514.6240, 157.8446,  64, 64, 64
L 1287.1874, -485.3750, 159.8446,  1287.1874, -514.6230, 159.8446,  64, 64, 64
L 1283.8749, -485.3750, 161.8446,  1283.8749, -514.6230, 161.8446,  64, 64, 64
L 1280.5309, -485.3750, 163.8446,  1280.5309, -514.6230, 163.8446,  64, 64, 64
L 1277.1874, -485.3750, 165.8446,  1277.1874, -514.6230, 165.8446,  64, 64, 64
L 1273.8750, -485.3750, 167.8446,  1273.8748, -514.6230, 167.8446,  64, 64, 64
L 1270.5309, -485.3750, 169.8446,  1270.5309, -514.6210, 169.8446,  64, 64, 64
L 1267.1874, -485.3750, 171.8446,  1267.1874, -514.6210, 171.8446,  64, 64, 64
L 1263.8749, -485.3750, 173.8446,  1263.8749, -514.6210, 173.8446,  64, 64, 64
L 1260.5309, -485.3750, 175.8446,  1260.5309, -514.6210, 175.8446,  64, 64, 64
L 1257.1874, -485.3750, 177.8446,  1257.1874, -514.6210, 177.8446,  64, 64, 64
L 1253.8749, -485.3750, 179.8446,  1253.8749, -514.6210, 179.8446,  64, 64, 64
L 1250.5309, -485.3750, 181.8446,  1250.5309, -514.6210, 181.8446,  64, 64, 64
L 1247.1874, -485.3750, 183.8446,  1247.1874, -514.6200, 183.8446,  64, 64, 64
L 1243.8749, -485.3750, 185.8446,  1243.8749, -514.6200, 185.8446,  64, 64, 64
L 1240.5309, -485.3750, 187.8446,  1240.5309, -514.6200, 187.8446,  64, 64, 64
L 1237.1874, -485.3750, 189.8446,  1237.1873, -514.6200, 189.8446,  64, 64, 64
L 1233.8749, -485.3750, 191.8446,  1233.8748, -514.6200, 191.8446,  64, 64, 64
L 1230.5309, -485.3750, 193.8446,  1230.5309, -514.6200, 193.8446,  64, 64, 64
L 1227.1874, -485.3750, 195.8446,  1227.1873, -514.6200, 195.8446,  64, 64, 64
L 1223.8749, -485.3750, 197.8446,  1223.8749, -514.6200, 197.8446,  64, 64, 64
L 1220.5309, -485.3750, 199.8446,  1220.5309, -514.6200, 199.8446,  64, 64, 64
L 1217.1874, -485.3750, 201.8446,  1217.1873, -514.6200, 201.8446,  64, 64, 64
L 1213.8749, -485.3750, 203.8446,  1213.8748, -514.6200, 203.8446,  64, 64, 64
L 1210.5309, -485.3750, 205.8446,  1210.5309, -514.6200, 205.8446,  64, 64, 64
L 1207.1874, -485.3750, 207.8446,  1207.1874, -514.6200, 207.8446,  64, 64, 64
L 1320.5309, -485.3181, 139.6656,  1133.8749, -485.3750, 252.7305,  64, 64, 64
L 1203.8749, -485.3750, 209.8446,  1203.5508, -514.6210, 208.4973,  64, 64, 64
L 1200.5309, -485.3750, 211.8446,  1200.5309, -514.6200, 211.8446,  64, 64, 64
L 1197.1875, -485.3750, 213.8446,  1197.1873, -514.6200, 213.8446,  64, 64, 64
L 1193.8749, -485.3750, 215.8446,  1193.8748, -514.6200, 215.8446,  64, 64, 64
L 1190.5309, -485.3750, 217.8446,  1190.5313, -514.6200, 217.8446,  64, 64, 64
L 1187.1874, -485.3750, 219.8446,  1187.1873, -514.6200, 219.8446,  64, 64, 64
L 1183.8749, -485.3750, 221.8446,  1183.8749, -514.6200, 221.8446,  64, 64, 64
L 1180.5309, -485.3750, 223.8446,  1180.5309, -514.6200, 223.8446,  64, 64, 64
L 1177.1874, -485.3750, 225.8446,  1177.1873, -514.6200, 225.8446,  64, 64, 64
L 1173.8749, -485.3750, 227.8446,  1173.8748, -514.6200, 227.8446,  64, 64, 64
L 1170.5309, -485.3750, 229.8446,  1170.5309, -514.6200, 229.8446,  64, 64, 64
L 1167.1875, -485.3750, 231.8446,  1167.1873, -514.6200, 231.8446,  64, 64, 64
L 1163.8749, -485.3750, 233.8446,  1163.8748, -514.6200, 233.8446,  64, 64, 64
L 1160.5309, -485.3750, 235.8446,  1160.5309, -514.6200, 235.8446,  64, 64, 64
L 1157.1875, -485.3750, 237.8446,  1157.1873, -514.6200, 237.8446,  64, 64, 64
L 1153.8749, -485.3750, 239.8446,  1153.8748, -514.6200, 239.8446,  64, 64, 64
L 1150.5309, -485.3750, 241.8446,  1150.5309, -514.6200, 241.8446,  64, 64, 64
L 1147.1874, -485.3750, 243.8446,  1147.1874, -514.6200, 243.8446,  64, 64, 64
L 1143.8749, -485.3750, 245.8446,  1143.8749, -514.6200, 245.8446,  64, 64, 64
L 1140.5309, -485.3750, 247.8446,  1140.5309, -514.6210, 247.8446,  64, 64, 64
L 1137.1874, -485.3750, 249.8446,  1137.1873, -514.6230, 249.8446,  64, 64, 64
L 1133.8749, -485.3750, 251.8446,  1133.8748, -514.6230, 251.8446,  64, 64, 64
L 1080.3333, -514.6410, 139.6260,  1320.5304, -514.5550, 139.6697,  64, 64, 64
L 1267.2417, -607.8809, 29.4344,  1260.3611, -574.3864, 17.7822,  64, 64, 64
L 1286.7029, -637.8481, 39.6531,  1267.2417, -607.8809, 29.4344,  64, 64, 64
L 1315.5530, -657.2609, 49.6559,  1286.7029, -637.8481, 39.6531,  64, 64, 64
L 1349.9423, -664.4050, 59.7302,  1315.5530, -657.2609, 49.6559,  64, 64, 64
L 1384.5420, -657.6888, 69.5969,  1349.9423, -664.4050, 59.7302,  64, 64, 64
L 1413.5138, -638.5602, 79.5447,  1384.5420, -657.6888, 69.5969,  64, 64, 64
L 1432.9629, -609.2073, 89.7231,  1413.5138, -638.5602, 79.5447,  64, 64, 64
L 1439.8888, -574.7324, 99.7188,  1432.9629, -609.2073, 89.7231,  64, 64, 64
L 1433.1348, -540.9007, 109.5704,  1439.8888, -574.7324, 99.7188,  64, 64, 64
L 1413.2709, -511.1827, 119.8980,  1433.1348, -540.9007, 109.5704,  64, 64, 64
L 1383.5967, -491.7921, 130.5260,  1413.2709, -511.1827, 119.8980,  64, 64, 64
L 1349.2627, -485.2522, 139.6878,  1383.5967, -491.7921, 130.5260,  64, 64, 64
L 1320.5309, -485.3181, 139.6658,  1349.2627, -485.2522, 139.6878,  64, 64, 64
L 1366.9308, -532.6965, 134.1588,  1349.9446, -529.6046, 144.2091,  64, 64, 64
L 1382.6414, -542.8282, 123.5152,  1366.9308, -532.6965, 134.1588,  64, 64, 64
L 1392.6282, -558.6200, 113.3105,  1382.6414, -542.8282, 123.5152,  64, 64, 64
L 1395.4800, -573.7036, 104.3466,  1392.6282, -558.6200, 113.3105,  64, 64, 64
L 1391.7355, -593.1692, 93.2417,  1395.4800, -573.7036, 104.3466,  64, 64, 64
L 1383.2638, -605.5656, 85.4056,  1391.7355, -593.1692, 93.2417,  64, 64, 64
L 1367.1404, -616.8043, 73.5110,  1383.2638, -605.5656, 85.4056,  64, 64, 64
L 1349.2188, -619.9452, 63.1861,  1367.1404, -616.8043, 73.5110,  64, 64, 64
L 1332.8699, -616.6453, 53.7787,  1349.2188, -619.9452, 63.1861,  64, 64, 64
L 1317.8672, -606.7650, 43.5442,  1332.8699, -616.6453, 53.7787,  64, 64, 64
L 1308.5696, -592.5616, 33.9868,  1317.8672, -606.7650, 43.5442,  64, 64, 64
L 1304.8997, -574.4702, 17.7825,  1308.5696, -592.5616, 33.9868,  64, 64, 64
L 1252.7162, -571.2961, 13.7822,  1252.7184, -574.4897, 13.7822,  64, 64, 64
L 1253.3661, -568.9496, 13.7822,  1252.7162, -571.2961, 13.7822,  64, 64, 64
L 1254.9574, -567.3691, 13.7822,  1253.3661, -568.9496, 13.7822,  64, 64, 64
L 1257.3313, -566.8124, 13.7821,  1254.9574, -567.3691, 13.7822,  64, 64, 64
L 1304.8638, -566.8125, 13.7822,  1257.3313, -566.8124, 13.7821,  64, 64, 64
L 1304.8787, -574.4702, 17.7823,  1249.6249, -574.5212, 12.6340,  64, 64, 64
L 1255.1681, -573.5370, 15.7822,  1254.9092, -574.4565, 15.7822,  64, 64, 64
L 1255.7428, -572.5626, 15.7822,  1255.1681, -573.5370, 15.7822,  64, 64, 64
L 1256.5247, -571.7245, 15.7822,  1255.7428, -572.5626, 15.7822,  64, 64, 64
L 1258.4423, -570.9702, 15.7822,  1256.5247, -571.7245, 15.7822,  64, 64, 64
L 1304.8831, -570.8125, 15.7822,  1258.4423, -570.9702, 15.7822,  64, 64, 64
L 1250.7566, -567.4000, 12.6340,  1250.7188, -574.5201, 12.6340,  64, 64, 64
L 1251.4933, -564.8176, 12.6340,  1250.7566, -567.4000, 12.6340,  64, 64, 64
L 1253.4960, -563.3416, 12.6340,  1251.4933, -564.8176, 12.6340,  64, 64, 64
L 1255.1653, -562.8124, 12.6340,  1253.4960, -563.3416, 12.6340,  64, 64, 64
L 1304.8451, -562.8125, 12.6340,  1255.1653, -562.8124, 12.6340,  64, 64, 64
L 1249.6248, -663.4062, 12.6340,  1249.6249, -574.5212, 12.6340,  64, 64, 64
L 1304.8787, -574.4702, 12.6340,  1304.6266, -486.4062, 12.6340,  64, 64, 64
L 1048.4701, -527.5814, 14.9000,  1064.9601, -527.5552, 14.9000,  64, 64, 64
L 1065.3101, -486.4062, 13.9405,  1064.9601, -527.5552, 14.0000,  64, 64, 64
L 1304.6266, -486.4062, 13.9384,  1065.3101, -486.4062, 13.9405,  64, 64, 64
L 1065.2310, -663.4062, 13.9384,  1249.6248, -663.4062, 13.9384,  64, 64, 64
L 1064.9650, -550.3642, 14.6000,  1065.2310, -663.4062, 13.9384,  64, 64, 64
L 1048.4722, -550.1956, 12.7845,  1064.9650, -550.3642, 14.6000,  64, 64, 64
L 1048.4999, -646.4954, 52.3393,  1048.4722, -550.1956, 12.7845,  64, 64, 64
L 1048.5000, -673.4738, 39.7259,  1048.4999, -646.4954, 52.3393,  64, 64, 64
L 1023.9079, -673.7338, 19.3750,  1048.5000, -673.4738, 39.7259,  64, 64, 64
L 1023.3606, -750.9930, 1.5462,  1023.9079, -673.7338, 19.3750,  64, 64, 64
L 1101.1659, -751.2545, 83.8558,  1023.3606, -750.9930, 1.5462,  64, 64, 64
L 1101.5000, -726.4062, 94.2207,  1101.1659, -751.2545, 83.8558,  64, 64, 64
L 1127.7626, -726.4070, 132.8132,  1101.5000, -726.4062, 94.2207,  64, 64, 64
L 1162.8163, -726.4070, 156.9640,  1127.7626, -726.4070, 132.8132,  64, 64, 64
L 1212.3344, -726.4068, 198.6646,  1162.8163, -726.4070, 156.9640,  64, 64, 64
L 1265.7133, -726.4072, 229.4765,  1212.3344, -726.4068, 198.6646,  64, 64, 64
L 1298.5000, -726.4062, 235.8197,  1265.7133, -726.4072, 229.4765,  64, 64, 64
L 1299.9070, -751.4980, 210.2951,  1298.5000, -726.4062, 235.8197,  64, 64, 64
L 1327.2699, -751.2817, 221.6273,  1299.9070, -751.4980, 210.2951,  64, 64, 64
L 1376.3019, -750.7957, 227.4285,  1327.2699, -751.2817, 221.6273,  64, 64, 64
L 1377.8357, -670.9963, 242.7746,  1376.3019, -750.7957, 227.4285,  64, 64, 64
L 1384.6559, -669.9285, 241.8048,  1377.8357, -670.9963, 242.7746,  64, 64, 64
L 1419.6023, -648.2989, 223.9275,  1384.6559, -669.9285, 241.8048,  64, 64, 64
L 1444.3356, -611.1476, 193.6046,  1419.6023, -648.2989, 223.9275,  64, 64, 64
L 1451.2896, -573.8271, 151.8642,  1444.3356, -611.1476, 193.6046,  64, 64, 64
L 1443.8584, -536.5203, 125.2957,  1451.2896, -573.8271, 151.8642,  64, 64, 64
L 1422.4196, -504.1587, 108.7220,  1443.8584, -536.5203, 125.2957,  64, 64, 64
L 1388.2599, -481.6970, 102.8328,  1422.4196, -504.1587, 108.7220,  64, 64, 64
L 1376.4933, -474.9547, 102.7925,  1388.2599, -481.6970, 102.8328,  64, 64, 64
L 1376.5000, -398.2642, 55.6094,  1376.4933, -474.9547, 102.7925,  64, 64, 64
L 1298.7201, -398.9986, 98.6338,  1376.5000, -398.2642, 54.9831,  64, 64, 64
L 1298.5000, -423.3428, 128.7982,  1298.7201, -398.9986, 98.6338,  64, 64, 64
L 1261.5873, -423.3428, 175.6836,  1298.5000, -423.3428, 128.7982,  64, 64, 64
L 1179.3750, -423.3815, 204.5346,  1261.5873, -423.3428, 175.6836,  64, 64, 64
L 1101.4961, -423.4193, 174.9052,  1179.3750, -423.3815, 204.5346,  64, 64, 64
L 1100.7997, -398.3929, 178.9290,  1101.4961, -423.4193, 174.9052,  64, 64, 64
L 1085.2350, -398.2812, 168.4564,  1100.7997, -398.3929, 178.9290,  64, 64, 64
L 1064.5320, -398.2812, 151.2643,  1085.2350, -398.2812, 168.4564,  64, 64, 64
L 1023.4999, -400.8793, 105.2972,  1064.5320, -398.2812, 151.2643,  64, 64, 64
L 1023.4999, -407.4395, 100.1557,  1023.4999, -400.8793, 105.2972,  64, 64, 64
L 1023.4999, -446.3156, 68.6130,  1023.4999, -407.4395, 100.1557,  64, 64, 64
L 1023.5000, -474.1632, 38.5298,  1023.4999, -446.3156, 68.6130,  64, 64, 64
L 1048.5000, -476.4941, 55.3265,  1023.5000, -474.1632, 38.5298,  64, 64, 64
L 1048.4701, -527.5814, 11.7858,  1048.5000, -476.4941, 55.3265,  64, 64, 64
L 1172.3101, 1798.5625, 0.3130,  1103.6985, 1798.7266, -9.3364,  150, 0, 200
L 1262.8925, 1548.1797, 33.4879,  1246.3346, 1534.3418, 26.1709,  150, 100, 0
L 1280.6205, 1558.5026, 38.8997,  1262.8925, 1548.1797, 33.4879,  150, 100, 0
L 1299.8534, 1582.7061, 36.1760,  1280.6205, 1558.5026, 38.8997,  150, 100, 0
L 1314.6697, 1609.8379, 32.9908,  1299.8534, 1582.7061, 36.1760,  150, 100, 0
L 1317.8058, 1645.6769, 30.8450,  1314.6697, 1609.8379, 32.9908,  150, 100, 0
L 1305.7848, 1680.9092, 21.7250,  1317.8058, 1645.6769, 30.8450,  150, 100, 0
L 1284.9883, 1702.3478, 15.5492,  1305.7848, 1680.9092, 21.7250,  150, 100, 0
L 1261.2791, 1721.2853, 21.9201,  1284.9883, 1702.3478, 15.5492,  150, 100, 0
L 1226.3456, 1729.1935, 8.3439,  1261.2791, 1721.2853, 21.9201,  150, 100, 0
L 1194.7782, 1723.9480, -2.3332,  1226.3456, 1729.1935, 8.3439,  150, 100, 0
L 1172.9192, 1743.9131, -1.6028,  1194.7782, 1723.9480, -2.3332,  150, 100, 0
L 1169.9988, 1797.3185, -2.4702,  1172.9192, 1743.9131, -1.6028,  150, 100, 0
L 1172.1150, 1818.3224, -4.9202,  1169.9988, 1797.3185, -2.4702,  150, 100, 0
L 1177.3329, 1827.2310, -11.3300,  1172.1150, 1818.3224, -4.9202,  150, 100, 0
L 1198.6875, 1836.8357, -23.1362,  1177.3329, 1827.2310, -11.3300,  150, 100, 0
L 1238.2311, 1842.6974, -37.8389,  1198.6875, 1836.8357, -23.1362,  150, 100, 0
L 1285.8235, 1853.1299, -45.1122,  1238.2311, 1842.6974, -37.8389,  150, 100, 0
L 1317.7074, 1871.5862, -50.5172,  1285.8235, 1853.1299, -45.1122,  150, 100, 0
L 1340.7051, 1895.9717, -59.1792,  1317.7074, 1871.5862, -50.5172,  150, 100, 0
L 1356.1001, 1920.7405, -69.9736,  1340.7051, 1895.9717, -59.1792,  150, 100, 0
L 1370.2952, 1951.4668, -74.6210,  1356.1001, 1920.7405, -69.9736,  150, 100, 0
L 1374.3086, 1980.9716, -73.9802,  1370.2952, 1951.4668, -74.6210,  150, 100, 0
L 1374.2260, 2020.5391, -60.4562,  1374.3086, 1980.9716, -73.9802,  150, 100, 0
L 1372.5691, 2054.5247, -42.2049,  1374.2260, 2020.5391, -60.4562,  150, 100, 0
L 1371.6869, 2091.6414, -19.5054,  1372.5691, 2054.5247, -42.2049,  150, 100, 0
L 1303.6321, 2084.3357, -9.5348,  1303.8948, 2085.1011, -9.3903,  150, 100, 0
L 1303.6250, 2020.2759, -55.5790,  1303.6321, 2084.3357, -9.5348,  150, 100, 0
L 1304.6946, 1980.2549, -68.6101,  1303.6250, 2020.2759, -55.5790,  150, 100, 0
L 1301.1786, 1956.1747, -65.4202,  1304.6946, 1980.2549, -68.6101,  150, 100, 0
L 1291.7350, 1941.7223, -60.9348,  1301.1786, 1956.1747, -65.4202,  150, 100, 0
L 1276.6178, 1928.2981, -51.9532,  1291.7350, 1941.7223, -60.9348,  150, 100, 0
L 1262.9579, 1919.9928, -44.6713,  1276.6178, 1928.2981, -51.9532,  150, 100, 0
L 1229.9130, 1908.9224, -33.7430,  1262.9579, 1919.9928, -44.6713,  150, 100, 0
L 1193.5730, 1903.9209, -29.4065,  1229.9130, 1908.9224, -33.7430,  150, 100, 0
L 1144.3074, 1888.8307, -17.9498,  1193.5730, 1903.9209, -29.4065,  150, 100, 0
L 1115.2588, 1855.3571, -12.4260,  1144.3074, 1888.8307, -17.9498,  150, 100, 0
L 1105.2909, 1809.4810, -10.1883,  1115.2588, 1855.3571, -12.4260,  150, 100, 0
L 1107.8512, 1754.9645, -15.5200,  1105.2909, 1809.4810, -10.1883,  150, 100, 0
L 1115.4135, 1722.8987, -9.6950,  1107.8512, 1754.9645, -15.5200,  150, 100, 0
L 1154.4041, 1678.2255, -5.9226,  1115.4135, 1722.8987, -9.6950,  150, 100, 0
L 1192.9883, 1666.9965, -0.2921,  1154.4041, 1678.2255, -5.9226,  150, 100, 0
L 1225.8191, 1664.5800, 4.2153,  1192.9883, 1666.9965, -0.2921,  150, 100, 0
L 1238.5835, 1660.3698, 8.5303,  1225.8191, 1664.5800, 4.2153,  150, 100, 0
L 1250.8102, 1652.7543, 9.6303,  1238.5835, 1660.3698, 8.5303,  150, 100, 0
L 1256.5408, 1643.3949, 11.7750,  1250.8102, 1652.7543, 9.6303,  150, 100, 0
L 1249.3368, 1616.3096, 19.3263,  1256.5408, 1643.3949, 11.7750,  150, 100, 0
L 1224.5503, 1573.9666, 19.1777,  1249.3368, 1616.3096, 19.3263,  150, 100, 0
L -1149.5934, 1717.6138, -38.3826,  -1148.7310, 1641.7311, -40.5549,  150, 100, 0
L -1145.5077, 1716.6580, -39.6240,  -1149.5934, 1717.6138, -38.3826,  150, 100, 0
L -1140.8257, 1722.1388, -39.6240,  -1145.5077, 1716.6580, -39.6240,  150, 100, 0
L -1140.1115, 1724.1023, -39.6240,  -1140.8257, 1722.1388, -39.6240,  150, 100, 0
L -1105.1167, 1724.8750, -39.6240,  -1140.1115, 1724.1023, -39.6240,  150, 100, 0
L -1101.5844, 1721.8444, -39.6240,  -1105.1167, 1724.8750, -39.6240,  150, 100, 0
L -1098.7228, 1726.3019, -39.6240,  -1101.5844, 1721.8444, -39.6240,  150, 100, 0
L -1099.5938, 1727.8422, -39.6240,  -1098.7228, 1726.3019, -39.6240,  150, 100, 0
L -1099.5938, 1765.5490, -39.6240,  -1099.5938, 1727.8422, -39.6240,  150, 100, 0
L -1094.5154, 1766.3206, -39.6240,  -1099.5938, 1765.5490, -39.6240,  150, 100, 0
L -1091.9828, 1770.2698, -39.6240,  -1094.5154, 1766.3206, -39.6240,  150, 100, 0
L -1092.3517, 1774.8749, -36.6253,  -1091.9828, 1770.2698, -39.6240,  150, 100, 0
L -1003.6367, 1774.8750, -39.6240,  -1092.3517, 1774.8749, -36.6253,  150, 100, 0
L -1001.6353, 1772.4164, -39.6240,  -1003.6367, 1774.8750, -39.6240,  150, 100, 0
L -997.6735, 1777.4159, -39.6240,  -1001.6353, 1772.4164, -39.6240,  150, 100, 0
L -999.5937, 1778.9590, -39.6240,  -997.6735, 1777.4159, -39.6240,  150, 100, 0
L -999.6009, 1825.5978, -39.6240,  -999.5937, 1778.9590, -39.6240,  150, 100, 0
L -1083.9928, 1825.6249, -39.6240,  -999.6009, 1825.5978, -39.6240,  150, 100, 0
L -1080.9872, 1832.8290, -39.6240,  -1083.9928, 1825.6249, -39.6240,  150, 100, 0
L -1084.9258, 1836.1327, -39.6240,  -1080.9872, 1832.8290, -39.6240,  150, 100, 0
L -1085.6724, 1841.9230, -39.6240,  -1084.9258, 1836.1327, -39.6240,  150, 100, 0
L -1090.5652, 1845.4950, -39.6240,  -1085.6724, 1841.9230, -39.6240,  150, 100, 0
L -1097.7726, 1842.3206, -37.3813,  -1090.5652, 1845.4950, -39.6240,  150, 100, 0
L -1099.5934, 1841.2129, -39.6240,  -1097.7726, 1842.3206, -37.3813,  150, 100, 0
L -1099.5938, 1924.8749, -39.6240,  -1099.5934, 1841.2129, -39.6240,  150, 100, 0
L -991.6020, 1924.8750, -39.6240,  -1099.5938, 1924.8749, -39.6240,  150, 100, 0
L -993.2906, 1917.4917, -39.6240,  -991.6020, 1924.8750, -39.6240,  150, 100, 0
L -991.9021, 1907.7096, -39.6240,  -993.2906, 1917.4917, -39.6240,  150, 100, 0
L -987.4456, 1901.1935, -39.6240,  -991.9021, 1907.7096, -39.6240,  150, 100, 0
L -982.8950, 1896.6592, -39.6240,  -987.4456, 1901.1935, -39.6240,  150, 100, 0
L -974.7809, 1893.5890, -39.6240,  -982.8950, 1896.6592, -39.6240,  150, 100, 0
L -965.7274, 1894.2482, -39.6240,  -974.7809, 1893.5890, -39.6240,  150, 100, 0
L -958.1924, 1897.8058, -39.6240,  -965.7274, 1894.2482, -39.6240,  150, 100, 0
L -952.1797, 1902.7732, -39.6240,  -958.1924, 1897.8058, -39.6240,  150, 100, 0
L -947.2200, 1909.6469, -39.6240,  -952.1797, 1902.7732, -39.6240,  150, 100, 0
L -945.6118, 1917.7393, -39.6240,  -947.2200, 1909.6469, -39.6240,  150, 100, 0
L -947.7065, 1924.8750, -39.6240,  -945.6118, 1917.7393, -39.6240,  150, 100, 0
L -850.3409, 1924.8750, -39.6240,  -947.7065, 1924.8750, -39.6240,  150, 100, 0
L -850.3437, 1847.2493, -39.6240,  -850.3409, 1924.8750, -39.6240,  150, 100, 0
L -854.4719, 1846.4279, -39.6240,  -850.3437, 1847.2493, -39.6240,  150, 100, 0
L -858.6589, 1839.1875, -39.6240,  -854.4719, 1846.4279, -39.6240,  150, 100, 0
L -868.1498, 1833.9585, -39.6240,  -858.6589, 1839.1875, -39.6240,  150, 100, 0
L -875.5778, 1825.6249, -39.6240,  -868.1498, 1833.9585, -39.6240,  150, 100, 0
L -950.3216, 1825.4175, -39.6240,  -875.5778, 1825.6249, -39.6240,  150, 100, 0
L -950.3437, 1729.7118, -39.6240,  -950.3216, 1825.4175, -39.6240,  150, 100, 0
L -954.1865, 1728.4324, -39.6240,  -950.3437, 1729.7118, -39.6240,  150, 100, 0
L -954.3884, 1725.6249, -39.6240,  -954.1865, 1728.4324, -39.6240,  150, 100, 0
L -1050.2527, 1725.4948, -39.6240,  -954.3884, 1725.6249, -39.6240,  150, 100, 0
L -1050.3434, 1678.5734, -39.6240,  -1050.2527, 1725.4948, -39.6240,  150, 100, 0
L -1053.8683, 1678.5481, -39.6240,  -1050.3434, 1678.5734, -39.6240,  150, 100, 0
L -1055.5265, 1675.6249, -39.6240,  -1053.8683, 1678.5481, -39.6240,  150, 100, 0
L -1098.3738, 1675.6249, -39.6240,  -1055.5265, 1675.6249, -39.6240,  150, 100, 0
L -1100.3726, 1642.8671, -39.4157,  -1098.3738, 1675.6249, -39.6240,  150, 100, 0
L -1104.7306, 1637.2371, -39.6617,  -1100.3726, 1642.8671, -39.4157,  150, 100, 0
L -1107.9690, 1628.6891, -38.3348,  -1104.7306, 1637.2371, -39.6617,  150, 100, 0
L -350.3134, 1750.2217, -5.5389,  -350.4766, 1712.1923, 13.5858,  150, 100, 0
L -350.3125, 1785.4800, -5.5614,  -350.3134, 1750.2217, -5.5389,  150, 100, 0
L -352.7520, 1789.4646, -3.4270,  -350.3125, 1785.4800, -5.5614,  150, 100, 0
L -356.5475, 1793.7898, -2.6804,  -352.7520, 1789.4646, -3.4270,  150, 100, 0
L -358.7332, 1799.7118, -2.9171,  -356.5475, 1793.7898, -2.6804,  150, 100, 0
L -449.9823, 1799.7438, -30.5614,  -358.7332, 1799.7118, -2.9171,  150, 100, 0
L -450.3378, 1850.7262, -30.5614,  -449.9823, 1799.7438, -30.5614,  150, 100, 0
L -421.4347, 1850.6249, -30.5614,  -450.3378, 1850.7262, -30.5614,  150, 100, 0
L -421.7613, 1853.2262, -30.5614,  -421.4347, 1850.6249, -30.5614,  150, 100, 0
L -419.7715, 1856.5503, -30.5614,  -421.7613, 1853.2262, -30.5614,  150, 100, 0
L -409.8618, 1860.7731, -30.5614,  -419.7715, 1856.5503, -30.5614,  150, 100, 0
L -396.1965, 1862.3516, -30.5614,  -409.8618, 1860.7731, -30.5614,  150, 100, 0
L -381.8147, 1861.1576, -30.5614,  -396.1965, 1862.3516, -30.5614,  150, 100, 0
L -377.8253, 1860.7670, -30.5614,  -381.8147, 1861.1576, -30.5614,  150, 100, 0
L -371.6338, 1856.7865, -30.5614,  -377.8253, 1860.7670, -30.5614,  150, 100, 0
L -369.4268, 1852.8882, -30.4608,  -371.6338, 1856.7865, -30.5614,  150, 100, 0
L -370.1510, 1850.6249, -30.5614,  -369.4268, 1852.8882, -30.4608,  150, 100, 0
L -299.7851, 1850.8727, -55.5615,  -370.1510, 1850.6249, -30.5614,  150, 100, 0
L -299.5625, 1813.6105, -55.5615,  -299.7851, 1850.8727, -55.5615,  150, 100, 0
L -297.7405, 1814.4253, -55.5615,  -299.5625, 1813.6105, -55.5615,  150, 100, 0
L -293.1997, 1811.8086, -55.5615,  -297.7405, 1814.4253, -55.5615,  150, 100, 0
L -290.2459, 1807.8638, -55.5615,  -293.1997, 1811.8086, -55.5615,  150, 100, 0
L -289.5423, 1800.6249, -54.2419,  -290.2459, 1807.8638, -55.5615,  150, 100, 0
L -264.5658, 1800.6249, -55.5615,  -289.5423, 1800.6249, -54.2419,  150, 100, 0
L -263.4000, 1802.8958, -55.5615,  -264.5658, 1800.6249, -55.5615,  150, 100, 0
L -260.8401, 1807.9319, -55.2959,  -263.4000, 1802.8958, -55.5615,  150, 100, 0
L -254.9740, 1815.5713, -55.5615,  -260.8401, 1807.9319, -55.2959,  150, 100, 0
L -250.3919, 1821.2737, -55.5587,  -254.9740, 1815.5713, -55.5615,  150, 100, 0
L -250.3125, 1865.8621, -55.5615,  -250.3919, 1821.2737, -55.5587,  150, 100, 0
L -257.3570, 1862.3340, -55.5615,  -250.3125, 1865.8621, -55.5615,  150, 100, 0
L -262.4980, 1866.7819, -55.5615,  -257.3570, 1862.3340, -55.5615,  150, 100, 0
L -263.4270, 1878.4507, -55.5615,  -262.4980, 1866.7819, -55.5615,  150, 100, 0
L -262.3437, 1887.3112, -55.5615,  -263.4270, 1878.4507, -55.5615,  150, 100, 0
L -258.9082, 1900.3810, -55.5615,  -262.3437, 1887.3112, -55.5615,  150, 100, 0
L -255.4876, 1906.1482, -55.5602,  -258.9082, 1900.3810, -55.5615,  150, 100, 0
L -250.4385, 1910.2876, -54.4384,  -255.4876, 1906.1482, -55.5602,  150, 100, 0
L -250.3125, 1941.8113, -54.1835,  -250.4385, 1910.2876, -54.4384,  150, 100, 0
L -252.8668, 1937.9535, -55.5615,  -250.3125, 1941.8113, -54.1835,  150, 100, 0
L -260.1573, 1945.1576, -55.5615,  -252.8668, 1937.9535, -55.5615,  150, 100, 0
L -259.1408, 1949.7040, -55.5615,  -260.1573, 1945.1576, -55.5615,  150, 100, 0
L -286.9700, 1949.8750, -55.5615,  -259.1408, 1949.7040, -55.5615,  150, 100, 0
L -286.5851, 1944.2450, -55.5615,  -286.9700, 1949.8750, -55.5615,  150, 100, 0
L -290.4619, 1938.7389, -55.5615,  -286.5851, 1944.2450, -55.5615,  150, 100, 0
L -296.3371, 1937.3484, -54.8727,  -290.4619, 1938.7389, -55.5615,  150, 100, 0
L -299.5625, 1938.3252, -54.2702,  -296.3371, 1937.3484, -54.8727,  150, 100, 0
L -299.5625, 1901.1399, -55.5615,  -299.5625, 1938.3252, -54.2702,  150, 100, 0
L -304.2853, 1899.8744, -51.5080,  -299.5625, 1901.1399, -55.5615,  150, 100, 0
L -350.2773, 1900.9137, -30.5614,  -304.2853, 1899.8744, -51.5080,  150, 100, 0
L -350.3125, 1949.8750, -30.5614,  -350.2773, 1900.9137, -30.5614,  150, 100, 0
L -399.5625, 1949.8749, -30.5614,  -350.3125, 1949.8750, -30.5614,  150, 100, 0
L -399.1100, 1900.5619, -30.5614,  -399.5625, 1949.8749, -30.5614,  150, 100, 0
L -477.2083, 1899.8748, -30.5614,  -399.1100, 1900.5619, -30.5614,  150, 100, 0
L -488.5002, 1889.3250, -30.5614,  -477.2083, 1899.8748, -30.5614,  150, 100, 0
L -499.3330, 1883.4998, -28.9813,  -488.5002, 1889.3250, -30.5614,  150, 100, 0
L -499.5625, 1779.3755, -30.5614,  -499.3330, 1883.4998, -28.9813,  150, 100, 0
L -492.6483, 1775.3234, -30.5614,  -499.5625, 1779.3755, -30.5614,  150, 100, 0
L -489.4307, 1767.2603, -30.5614,  -492.6483, 1775.3234, -30.5614,  150, 100, 0
L -488.3593, 1750.6249, -29.7499,  -489.4307, 1767.2603, -30.5614,  150, 100, 0
L -399.6268, 1750.6039, -5.5614,  -488.3593, 1750.6249, -29.7499,  150, 100, 0
L -398.1741, 1702.8445, 18.8797,  -399.6268, 1750.6039, -5.5614,  150, 100, 0
L -1883.3351, 31.7811, -39.1240,  -1883.1177, 91.3130, -39.1240,  125, 0, 200
L -1775.3749, -76.8436, -39.1240,  -1776.3749, -76.8436, -39.1240,  64, 64, 64
L -1754.6250, -76.8436, -39.1989,  -1753.1250, -76.8436, -39.1961,  64, 64, 64
L -1753.1250, -70.6875, -39.6362,  -1753.1250, -76.8436, -39.5007,  64, 64, 64
L -1776.3749, -70.6875, -38.4990,  -1753.1250, -70.6875, -38.4990,  64, 64, 64
L -1776.3749, -76.8436, -39.1240,  -1776.3749, -70.6875, -39.1240,  64, 64, 64
L -1775.3749, -88.2188, -39.1240,  -1775.3749, -76.8436, -39.1240,  64, 64, 64
L -1836.9374, -88.2186, -39.1240,  -1775.3749, -88.2188, -39.1240,  64, 64, 64
L -1836.9058, 31.7813, -39.1240,  -1836.9374, -88.2186, -39.1240,  64, 64, 64
L -1927.6559, 31.7811, -39.1240,  -1836.9058, 31.7813, -39.1240,  64, 64, 64
L -1927.6559, -98.2188, -39.1240,  -1927.6559, 31.7811, -39.1240,  64, 64, 64
L -2136.9373, -98.2186, -39.1240,  -1927.6559, -98.2188, -39.1240,  64, 64, 64
L -1997.1897, -26.9661, -39.1240,  -2136.9373, -26.9686, -39.1240,  64, 64, 64
L -1996.9063, 91.3110, -39.1240,  -1997.1897, -26.9661, -39.1240,  64, 64, 64
L -1775.3704, 91.3130, -39.1240,  -1996.9063, 91.3110, -39.1240,  64, 64, 64
L -1775.3694, -28.5938, -39.1240,  -1775.3704, 91.3130, -39.1240,  64, 64, 64
L -1775.3749, -28.5938, -39.1240,  -1776.3770, -28.5938, -39.1240,  64, 64, 64
L -1776.3628, -34.7186, -39.1240,  -1776.3770, -28.5938, -39.1240,  64, 64, 64
L -1753.7714, -34.7188, -39.7852,  -1776.3628, -34.7186, -39.1240,  64, 64, 64
L -1753.7466, -28.5938, -39.7805,  -1753.7714, -34.7188, -39.7852,  64, 64, 64
L -1754.6250, -28.5936, -39.9793,  -1753.7466, -28.5938, -39.7805,  64, 64, 64
L -1801.5247, 1255.5154, 219.4412,  -1794.9137, 1238.4054, 213.7634,  0, 125, 0
L -1803.8379, 1369.6924, 192.9779,  -1801.5247, 1255.5154, 219.4412,  0, 125, 0
L -1743.5480, 1403.2334, 162.7533,  -1803.8379, 1369.6924, 192.9779,  0, 125, 0
L -1612.5907, 1374.2195, 133.7487,  -1743.5480, 1403.2334, 162.7533,  0, 125, 0
L -1518.8810, 1367.1155, 68.5939,  -1612.5907, 1374.2195, 133.7487,  0, 125, 0
L -1419.8887, 1456.9446, 122.2870,  -1518.8810, 1367.1155, 68.5939,  0, 125, 0
L -1363.5054, 1512.6360, 95.5150,  -1419.8887, 1456.9446, 122.2870,  0, 125, 0
L -1325.6321, 1547.9982, 56.3134,  -1363.5054, 1512.6360, 95.5150,  0, 125, 0
L -1299.2693, 1573.1167, 24.4345,  -1325.6321, 1547.9982, 56.3134,  0, 125, 0
L -1272.7538, 1615.7621, 0.3802,  -1299.2693, 1573.1167, 24.4345,  0, 125, 0
L -1112.5126, 1664.7345, 7.9984,  -1272.7538, 1615.7621, 0.3802,  0, 125, 0
L -927.4822, 1683.8362, 138.3734,  -1112.5126, 1664.7345, 7.9984,  0, 125, 0
L -490.8942, 1718.4563, 56.7321,  -927.4822, 1683.8362, 138.3734,  0, 125, 0
L -482.8571, 1720.3467, 53.5814,  -490.8942, 1718.4563, 56.7321,  0, 125, 0
L -388.3066, 1737.4225, 150.8734,  -482.8571, 1720.3467, 53.5814,  0, 125, 0
L -236.4944, 1771.5048, 185.6961,  -388.3066, 1737.4225, 150.8734,  0, 125, 0
L -122.1042, 1784.8429, 205.6105,  -236.4944, 1771.5048, 185.6961,  0, 125, 0
L 196.1968, 1685.4231, 155.6821,  -122.1042, 1784.8429, 205.6105,  0, 125, 0
L 308.3102, 1708.7676, 197.5680,  196.1968, 1685.4231, 155.6821,  0, 125, 0
L 442.4775, 1722.7184, 137.1088,  308.3102, 1708.7676, 197.5680,  0, 125, 0
L 473.3770, 1711.5016, 105.2740,  442.4775, 1722.7184, 137.1088,  0, 125, 0
L 526.6354, 1687.2780, 72.7262,  473.3770, 1711.5016, 105.2740,  0, 125, 0
L 706.7444, 1729.4357, 152.8120,  526.6354, 1687.2780, 72.7262,  0, 125, 0
L 759.8589, 1788.7112, 176.7247,  706.7444, 1729.4357, 152.8120,  0, 125, 0
L 859.1263, 1840.5580, 204.4523,  759.8589, 1788.7112, 176.7247,  0, 125, 0
L 1023.4337, 1793.1161, 201.5520,  859.1263, 1840.5580, 204.4523,  0, 125, 0
L 1108.6714, 1792.2991, 214.6913,  1023.4337, 1793.1161, 201.5520,  0, 125, 0
L 1501.6415, 1796.4999, 182.3979,  1170.3478, 1790.9419, 223.9880,  0, 125, 0
L 1561.3090, 1790.6238, 188.1480,  1501.6415, 1796.4999, 182.3979,  0, 125, 0
L 1658.6227, 1745.4800, 158.8404,  1561.3090, 1790.6238, 188.1480,  0, 125, 0
L 1705.7510, 1698.1769, 182.9636,  1658.6227, 1745.4800, 158.8404,  0, 125, 0
L 1764.9529, 1605.3196, 195.6156,  1705.7510, 1698.1769, 182.9636,  0, 125, 0
L 1785.3914, 1509.9871, 194.6820,  1764.9529, 1605.3196, 195.6156,  0, 125, 0
L 1786.1272, 1393.5302, 212.3403,  1785.3914, 1509.9871, 194.6820,  0, 125, 0
L 1769.8230, 1198.8942, 249.9273,  1786.1272, 1393.5302, 212.3403,  0, 125, 0
L 1755.7958, 1124.2570, 230.1430,  1769.8230, 1198.8942, 249.9273,  0, 125, 0
L 1735.5624, 939.2219, 220.9176,  1755.7958, 1124.2570, 230.1430,  0, 125, 0
L 1731.3755, 860.5084, 185.2560,  1735.5624, 939.2219, 220.9176,  0, 125, 0
L 1726.1790, 840.7535, 161.2359,  1731.3755, 860.5084, 185.2560,  0, 125, 0
L 1718.5774, 811.8567, 132.2120,  1726.1790, 840.7535, 161.2359,  0, 125, 0
L 1696.9191, 729.7508, 88.9730,  1718.5774, 811.8567, 132.2120,  0, 125, 0
L 1675.3362, 666.9026, 98.8327,  1696.9191, 729.7508, 88.9730,  0, 125, 0
L 1623.4767, 539.4647, 124.6811,  1675.3362, 666.9026, 98.8327,  0, 125, 0
L 1579.3490, 416.4184, 191.9682,  1623.4767, 539.4647, 124.6811,  0, 125, 0
L 1708.3932, 201.5486, 220.1333,  1579.3490, 416.4184, 191.9682,  0, 125, 0
L 1771.6946, 143.9576, 248.2478,  1708.3932, 201.5486, 220.1333,  0, 125, 0
L 1795.9655, 109.9150, 247.4025,  1771.6946, 143.9576, 248.2478,  0, 125, 0
L 1817.1261, -138.2043, 288.3011,  1795.9655, 109.9150, 247.4025,  0, 125, 0
L 1806.6447, -278.2271, 283.1533,  1817.1261, -138.2043, 288.3011,  0, 125, 0
L 1791.3495, -337.6453, 247.2659,  1806.6447, -278.2271, 283.1533,  0, 125, 0
L 1767.4867, -408.4275, 216.4538,  1791.3495, -337.6453, 247.2659,  0, 125, 0
L 1736.3678, -481.2382, 175.9697,  1767.4867, -408.4275, 216.4538,  0, 125, 0
L 1721.1166, -516.9266, 143.2872,  1736.3678, -481.2382, 175.9697,  0, 125, 0
L 1690.6801, -588.1617, 170.8370,  1721.1166, -516.9266, 143.2872,  0, 125, 0
L 1642.6648, -647.9415, 267.9263,  1690.6801, -588.1617, 170.8370,  0, 125, 0
L 1579.3362, -727.4968, 324.8317,  1642.6648, -647.9415, 267.9263,  0, 125, 0
L 1559.5198, -948.1544, 185.5004,  1579.3362, -727.4968, 324.8317,  0, 125, 0
L 1634.1703, -1032.7328, 164.6880,  1559.5198, -948.1544, 185.5004,  0, 125, 0
L 1637.1532, -1036.7417, 161.8565,  1634.1703, -1032.7328, 164.6880,  0, 125, 0
L 1674.9561, -1101.5829, 170.6743,  1637.1532, -1036.7417, 161.8565,  0, 125, 0
L 1683.5342, -1120.9762, 148.6363,  1674.9561, -1101.5829, 170.6743,  0, 125, 0
L 1717.6432, -1204.9583, 153.2907,  1683.5342, -1120.9762, 148.6363,  0, 125, 0
L 1737.3954, -1276.1875, 139.1349,  1717.6432, -1204.9583, 153.2907,  0, 125, 0
L 1755.6282, -1378.1460, 148.7792,  1737.3954, -1276.1875, 139.1349,  0, 125, 0
L 1763.5525, -1426.6897, 157.8674,  1755.6282, -1378.1460, 148.7792,  0, 125, 0
L 1742.6792, -1491.4230, 129.5741,  1763.5525, -1426.6897, 157.8674,  0, 125, 0
L 1622.6929, -1635.3246, 104.4766,  1742.6792, -1491.4230, 129.5741,  0, 125, 0
L 1364.4109, -1765.9452, 140.1091,  1622.6929, -1635.3246, 104.4766,  0, 125, 0
L 1269.3086, -1806.3760, 156.5264,  1364.4109, -1765.9452, 140.1091,  0, 125, 0
L 1146.4518, -1845.5397, 211.9148,  1269.3086, -1806.3760, 156.5264,  0, 125, 0
L 1068.7813, -1837.2477, 189.1323,  1146.4518, -1845.5397, 211.9148,  0, 125, 0
L 982.5361, -1795.3472, 148.1561,  1068.7813, -1837.2477, 189.1323,  0, 125, 0
L 719.2944, -1715.8416, 198.6305,  982.5361, -1795.3472, 148.1561,  0, 125, 0
L 589.9554, -1694.8313, 154.3190,  719.2944, -1715.8416, 198.6305,  0, 125, 0
L 420.8165, -1736.6703, 99.4729,  589.9554, -1694.8313, 154.3190,  0, 125, 0
L 380.8605, -1752.2925, 97.1530,  420.8165, -1736.6703, 99.4729,  0, 125, 0
L 272.8901, -1770.2355, 71.7237,  380.8605, -1752.2925, 97.1530,  0, 125, 0
L 212.2099, -1768.1792, 65.8066,  271.9791, -1770.3738, 71.7899,  0, 125, 0
L 157.5749, -1763.3339, 70.2789,  212.2099, -1768.1792, 65.8066,  0, 125, 0
L 56.8607, -1741.8307, 63.9397,  157.5749, -1763.3339, 70.2789,  0, 125, 0
L -19.7182, -1749.8250, 86.3306,  56.8607, -1741.8307, 63.9397,  0, 125, 0
L -101.1641, -1743.9009, 90.4227,  -19.7182, -1749.8250, 86.3306,  0, 125, 0
L -167.1330, -1733.1592, 117.1500,  -101.1641, -1743.9009, 90.4227,  0, 125, 0
L -247.1954, -1713.3296, 165.2392,  -167.1330, -1733.1592, 117.1500,  0, 125, 0
L -317.5260, -1704.6924, 172.9894,  -247.1954, -1713.3296, 165.2392,  0, 125, 0
L -364.2694, -1742.2715, 156.6905,  -317.5260, -1704.6924, 172.9894,  0, 125, 0
L -422.1275, -1756.5171, 124.4080,  -364.2694, -1742.2715, 156.6905,  0, 125, 0
L -493.1096, -1748.8921, 78.4688,  -422.1275, -1756.5171, 124.4080,  0, 125, 0
L -614.4340, -1720.9324, 80.8803,  -493.1096, -1748.8921, 78.4688,  0, 125, 0
L -667.1305, -1707.3040, 102.9171,  -614.4340, -1720.9324, 80.8803,  0, 125, 0
L -730.1443, -1702.7367, 148.6021,  -667.1305, -1707.3040, 102.9171,  0, 125, 0
L -826.4709, -1702.6619, 136.9019,  -730.1443, -1702.7367, 148.6021,  0, 125, 0
L -857.1917, -1717.8169, 143.2049,  -826.4709, -1702.6619, 136.9019,  0, 125, 0
L -890.7397, -1742.8506, 145.4778,  -857.1917, -1717.8169, 143.2049,  0, 125, 0
L -945.6926, -1761.4651, 138.5330,  -890.7397, -1742.8506, 145.4778,  0, 125, 0
L -1013.1736, -1764.8947, 119.4896,  -945.6926, -1761.4651, 138.5330,  0, 125, 0
L -1085.9308, -1763.2914, 131.5000,  -1013.1736, -1764.8947, 119.4896,  0, 125, 0
L -1160.2366, -1759.8196, 155.3899,  -1085.9308, -1763.2914, 131.5000,  0, 125, 0
L -1201.9286, -1757.8926, 184.3213,  -1160.2366, -1759.8196, 155.3899,  0, 125, 0
L -1305.9600, -1741.3451, 161.4293,  -1201.9286, -1757.8926, 184.3213,  0, 125, 0
L -1501.7410, -1720.2261, 129.2090,  -1305.9600, -1741.3451, 161.4293,  0, 125, 0
L -1621.9203, -1722.9540, 119.8626,  -1501.7410, -1720.2261, 129.2090,  0, 125, 0
L -1673.6598, -1714.6094, 118.7879,  -1621.9203, -1722.9540, 119.8626,  0, 125, 0
L -1762.8689, -1684.2100, 131.7321,  -1673.6598, -1714.6094, 118.7879,  0, 125, 0
L -1798.4567, -1646.7327, 181.6788,  -1762.8689, -1684.2100, 131.7321,  0, 125, 0
L -1813.6366, -1631.1757, 190.6125,  -1798.4567, -1646.7327, 181.6788,  0, 125, 0
L -1825.8113, -1609.3251, 191.6203,  -1813.6366, -1631.1757, 190.6125,  0, 125, 0
L -1839.7217, -1575.7454, 188.1012,  -1825.8113, -1609.3251, 191.6203,  0, 125, 0
L -1851.2710, -1547.8666, 183.5399,  -1839.7217, -1575.7454, 188.1012,  0, 125, 0
L -1856.4661, -1418.9845, 210.3629,  -1851.2710, -1547.8666, 183.5399,  0, 125, 0
L -1843.4219, -1399.3943, 201.8285,  -1856.4661, -1418.9845, 210.3629,  64, 64, 64
L -1813.7759, -1354.9419, 164.3240,  -1843.4219, -1399.3943, 201.8285,  64, 64, 64
L -1787.2240, -1317.3058, 121.1714,  -1813.7759, -1354.9419, 164.3240,  64, 64, 64
L -1761.1940, -1280.4336, 82.3031,  -1787.2240, -1317.3058, 121.1714,  64, 64, 64
L -1751.5486, -1255.1847, 69.6403,  -1761.1940, -1280.4336, 82.3031,  64, 64, 64
L -1750.1437, -1178.8667, 58.4870,  -1751.5486, -1255.1847, 69.6403,  64, 64, 64
L -1751.1276, -1135.3727, 60.1193,  -1750.1437, -1178.8667, 58.4870,  64, 64, 64
L -1751.6248, -1077.6908, 60.8400,  -1751.1276, -1135.3727, 60.1193,  64, 64, 64
L -1751.6183, -1041.8848, 58.8635,  -1751.6248, -1077.6908, 60.8400,  64, 64, 64
L -1751.5923, -872.7224, 69.7368,  -1751.6183, -1041.8848, 58.8635,  64, 64, 64
L -1751.5861, -756.6292, 93.4573,  -1751.5923, -872.7224, 69.7368,  64, 64, 64
L -1751.5658, -639.6081, 106.5143,  -1751.5861, -756.6292, 93.4573,  64, 64, 64
L -1751.5634, -519.5710, 128.8328,  -1751.5658, -639.6081, 106.5143,  64, 64, 64
L -1751.5436, -415.2028, 179.2185,  -1751.5634, -519.5710, 128.8328,  64, 64, 64
L -1751.5320, -225.3406, 50.1456,  -1751.5436, -415.2028, 179.2185,  64, 64, 64
L -1754.6250, -129.0000, -22.5423,  -1751.5320, -225.3406, 50.1456,  64, 64, 64
L -1754.6250, -76.8436, -39.1711,  -1754.6250, -129.0000, -22.5423,  64, 64, 64
L -1754.6238, 84.8319, -11.9268,  -1754.6250, -28.5936, -39.9675,  64, 64, 64
L -1751.4917, 249.8487, 105.7754,  -1754.6238, 84.8319, -11.9268,  64, 64, 64
L -1751.4784, 302.6483, 134.3361,  -1751.4917, 249.8487, 105.7754,  64, 64, 64
L -1751.4655, 394.4320, 143.2410,  -1751.4784, 302.6483, 134.3361,  64, 64, 64
L -1751.4501, 718.1136, 229.6554,  -1751.4655, 394.4320, 143.2410,  64, 64, 64
L -1751.4363, 857.3079, 219.5713,  -1751.4501, 718.1136, 229.6554,  64, 64, 64
L -1751.4225, 992.8714, 156.6990,  -1751.4363, 857.3079, 219.5713,  64, 64, 64
L -1751.4054, 1098.6454, 157.9853,  -1751.4225, 992.8714, 156.6990,  64, 64, 64
L -1764.8632, 1151.6078, 182.5405,  -1751.4054, 1098.6454, 157.9853,  64, 64, 64
L -1769.5243, 1165.9446, 188.2010,  -1764.8632, 1151.6078, 182.5405,  64, 64, 64
L -1784.3064, 1221.1155, 202.4581,  -1769.5243, 1165.9446, 188.2010,  64, 64, 64
L -1788.2559, 1224.9196, 205.8710,  -1784.3064, 1221.1155, 202.4581,  64, 64, 64
L -1787.2510, 1233.6426, 205.4602,  -1788.2559, 1224.9196, 205.8710,  64, 64, 64
L -1794.8400, 1238.4004, 211.9294,  -1787.2510, 1233.6426, 205.4602,  64, 64, 64
L 1080.2643, -631.9687, 311.8446,  1129.6244, -631.9684, 311.8446,  64, 64, 64
L 1080.2742, -627.8750, 309.8446,  1129.6598, -627.8749, 309.8446,  64, 64, 64
L 1080.2813, -623.7812, 307.8446,  1129.8124, -623.7811, 307.8446,  64, 64, 64
L 1080.2809, -619.6875, 305.8446,  1129.6193, -619.6874, 305.8172,  64, 64, 64
L 1080.2842, -615.5937, 303.8446,  1129.7688, -615.5937, 303.8446,  64, 64, 64
L 1080.2858, -611.5000, 301.8446,  1129.5878, -611.4999, 301.8446,  64, 64, 64
L 1080.2874, -607.4062, 299.8446,  1129.6908, -607.4062, 299.8446,  64, 64, 64
L 1080.2891, -603.3125, 297.8446,  1129.6122, -603.3124, 297.8306,  64, 64, 64
L 1080.2903, -599.2187, 295.8446,  1129.5730, -599.2187, 295.8446,  64, 64, 64
L 1080.2925, -595.1250, 293.8446,  1129.4247, -595.1249, 293.8446,  64, 64, 64
L 1080.2942, -591.6250, 291.8446,  1129.6071, -591.6240, 291.8446,  64, 64, 64
L 1080.2958, -586.9687, 289.8446,  1129.6050, -586.9687, 289.8446,  64, 64, 64
L 1080.2974, -582.8750, 287.8446,  1129.7239, -582.8749, 287.8446,  64, 64, 64
L 1080.2991, -578.7812, 285.8446,  1129.6017, -578.7811, 285.8446,  64, 64, 64
L 1080.3007, -574.6875, 283.8446,  1129.6001, -574.6874, 283.8446,  64, 64, 64
L 1080.3025, -570.5937, 281.8446,  1129.5984, -570.5936, 281.8446,  64, 64, 64
L 1080.3042, -566.5000, 279.8446,  1129.5966, -566.4999, 279.8446,  64, 64, 64
L 1080.3058, -562.4062, 277.8446,  1129.5945, -562.4061, 277.8446,  64, 64, 64
L 1080.3074, -558.3125, 275.8446,  1129.5929, -558.3124, 275.8446,  64, 64, 64
L 1080.3091, -554.2187, 273.8446,  1129.6841, -554.2187, 273.8446,  64, 64, 64
L 1080.3107, -550.1250, 271.8446,  1129.5896, -550.1249, 271.8446,  64, 64, 64
L 1080.3125, -546.6250, 269.8446,  1129.5879, -546.6240, 269.8446,  64, 64, 64
L 1080.3152, -541.9687, 267.8446,  1129.5862, -541.9686, 267.8446,  64, 64, 64
L 1080.3179, -537.8750, 265.8446,  1129.5845, -537.8749, 265.8446,  64, 64, 64
L 1080.3191, -533.7812, 263.8446,  1129.6841, -533.7812, 263.8446,  64, 64, 64
L 1080.3230, -529.6875, 261.8446,  1129.6498, -529.6874, 261.8446,  64, 64, 64
L 1080.3246, -525.5937, 259.8446,  1129.5790, -525.5936, 259.8446,  64, 64, 64
L 1080.3285, -521.5000, 257.8446,  1129.5774, -521.4999, 257.8446,  64, 64, 64
L 1080.3312, -517.4062, 255.8446,  1129.5757, -517.4062, 255.8446,  64, 64, 64
L 1129.6244, -631.9684, 311.8446,  1129.5741, -514.6240, 253.8446,  64, 64, 64
L 1349.9324, -529.7249, 139.6881,  1367.9148, -534.5500, 139.6584,  64, 64, 64
L 1367.9148, -534.5500, 139.6584,  1382.4363, -544.8970, 139.6571,  64, 64, 64
L 1382.4363, -544.8970, 139.6571,  1391.6403, -558.4396, 139.6571,  64, 64, 64
L 1391.6403, -558.4396, 139.6571,  1393.1459, -581.5200, 139.6571,  64, 64, 64
L 1393.1459, -581.5200, 139.6571,  1391.3257, -592.8910, 139.6571,  64, 64, 64
L 1391.3257, -592.8910, 139.6571,  1381.3677, -606.7129, 139.6571,  64, 64, 64
L 1381.3677, -606.7129, 139.6571,  1366.7804, -616.2430, 139.6571,  64, 64, 64
L 1366.7804, -616.2430, 139.6571,  1349.8368, -619.3938, 139.6571,  64, 64, 64
L 1349.8368, -619.3938, 139.6571,  1349.6736, -664.5016, 139.6878,  64, 64, 64
L 1349.6736, -664.5016, 139.6878,  1130.5309, -664.6250, 139.6260,  64, 64, 64
L 1130.5309, -664.6250, 139.6260,  1130.5309, -514.6240, 139.6260,  64, 64, 64
L 1129.6178, -631.9687, 311.8446,  1130.9242, -631.9243, 313.3084,  64, 64, 64
L 1130.9242, -631.9243, 313.3084,  1130.8971, -485.4062, 313.3086,  64, 64, 64
L 1130.8971, -485.4062, 313.3086,  1343.3759, -485.4062, 313.1573,  64, 64, 64
L 1343.3759, -485.4062, 313.1573,  1343.4064, -499.9266, 313.1265,  64, 64, 64
L 1343.4064, -499.9266, 313.1265,  1350.3755, -499.6807, 313.2207,  64, 64, 64
L 1350.3755, -499.6807, 313.2207,  1350.5369, -485.6039, 313.2805,  64, 64, 64
L 1350.5369, -485.6039, 313.2805,  1390.3405, -493.8125, 313.2821,  64, 64, 64
L 1390.3405, -493.8125, 313.2821,  1418.1880, -513.1359, 313.2819,  64, 64, 64
L 1418.1880, -513.1359, 313.2819,  1436.4905, -540.7401, 313.2819,  64, 64, 64
L 1436.4905, -540.7401, 313.2819,  1443.3052, -575.3120, 313.2821,  64, 64, 64
L 1443.3052, -575.3120, 313.2821,  1436.4905, -609.3215, 313.2819,  64, 64, 64
L 1436.4905, -609.3215, 313.2819,  1416.4419, -639.8370, 313.2821,  64, 64, 64
L 1416.4419, -639.8370, 313.2821,  1387.9821, -657.8318, 313.2821,  64, 64, 64
L 1387.9821, -657.8318, 313.2821,  1350.3750, -664.5211, 313.2808,  64, 64, 64
L 1350.3750, -664.5211, 313.2808,  1350.3750, -650.7820, 313.2232,  64, 64, 64
L 1350.3750, -650.7820, 313.2232,  1343.4047, -650.6783, 313.1263,  64, 64, 64
L 335.8344, -1378.6056, -38.6721,  336.1381, -1380.1735, -38.7194,  64, 64, 64
L 336.1381, -1380.1735, -38.7194,  334.9891, -1384.4076, -38.5328,  64, 64, 64
L 334.9891, -1384.4076, -38.5328,  342.2210, -1385.7477, -39.6781,  64, 64, 64
L 342.2210, -1385.7477, -39.6781,  345.4300, -1394.3440, -40.1165,  64, 64, 64
L 345.4300, -1394.3440, -40.1165,  338.5106, -1400.6980, -39.9380,  64, 64, 64
L 338.5106, -1400.6980, -39.9380,  331.3639, -1399.5818, -37.9680,  64, 64, 64
L 331.3639, -1399.5818, -37.9680,  330.4499, -1398.4352, -37.8241,  64, 64, 64
L 330.4499, -1398.4352, -37.8241,  316.9760, -1409.8678, -35.7120,  64, 64, 64
L 316.9760, -1409.8678, -35.7120,  299.3851, -1409.2692, -32.4180,  64, 64, 64
L 299.3851, -1409.2692, -32.4180,  300.1182, -1412.5370, -33.7800,  64, 64, 64
L 300.1182, -1412.5370, -33.7800,  294.5670, -1418.7378, -30.9174,  64, 64, 64
L 294.5670, -1418.7378, -30.9174,  285.4500, -1417.2859, -27.1800,  64, 64, 64
L 285.4500, -1417.2859, -27.1800,  282.1283, -1408.2118, -26.3520,  64, 64, 64
L 282.1283, -1408.2118, -26.3520,  288.3260, -1401.1498, -27.6618,  64, 64, 64
L 288.3260, -1401.1498, -27.6618,  283.3559, -1398.4070, -25.5867,  64, 64, 64
L 283.3559, -1398.4070, -25.5867,  278.6043, -1380.8311, -25.5355,  64, 64, 64
L 278.6043, -1380.8311, -25.5355,  278.9080, -1378.5562, -25.5355,  64, 64, 64
L 278.9080, -1378.5562, -25.5355,  270.1324, -1376.9662, -23.1193,  64, 64, 64
L 270.1324, -1376.9662, -23.1193,  266.8611, -1369.5298, -22.4573,  64, 64, 64
L 266.8611, -1369.5298, -22.4573,  273.2350, -1361.3113, -24.5917,  64, 64, 64
L 273.2350, -1361.3113, -24.5917,  280.7649, -1362.9446, -27.2010,  64, 64, 64
L 280.7649, -1362.9446, -27.2010,  282.2653, -1365.2731, -27.3904,  64, 64, 64
L 282.2653, -1365.2731, -27.3904,  296.2418, -1354.4573, -31.4464,  64, 64, 64
L 296.2418, -1354.4573, -31.4464,  312.6530, -1352.5287, -35.8034,  64, 64, 64
L 312.6530, -1352.5287, -35.8034,  312.1415, -1350.6731, -35.8348,  64, 64, 64
L 312.1415, -1350.6731, -35.8348,  318.1310, -1344.6730, -37.2903,  64, 64, 64
L 318.1310, -1344.6730, -37.2903,  326.6376, -1345.5890, -39.6510,  64, 64, 64
L 326.6376, -1345.5890, -39.6510,  329.6037, -1352.9927, -39.3059,  64, 64, 64
L 329.6037, -1352.9927, -39.3059,  325.3799, -1359.6565, -38.2135,  64, 64, 64
L 325.3799, -1359.6565, -38.2135,  328.8528, -1361.8550, -38.5945,  64, 64, 64
L 328.8528, -1361.8550, -38.5945,  330.1870, -1363.5448, -38.6304,  64, 64, 64
L 330.1870, -1363.5448, -38.6304,  343.6872, -1358.2725, -40.3641,  64, 64, 64
L 349.5260, -1373.3285, -40.8331,  335.8347, -1378.6067, -38.6722,  64, 64, 64
L 342.9297, -1360.8759, -39.8851,  347.1911, -1371.9242, -39.8851,  64, 64, 64
L 333.9232, -1377.4240, -27.2380,  329.6619, -1365.9937, -27.2380,  64, 64, 64
L 331.3401, -1365.3462, -28.4359,  335.6010, -1376.3949, -28.4359,  64, 64, 64
L 336.8534, -1375.9120, -29.8831,  332.5921, -1364.8633, -29.8831,  64, 64, 64
L 333.9205, -1364.3511, -31.3187,  338.1820, -1375.3993, -31.3187,  64, 64, 64
L 339.7619, -1374.7898, -32.7543,  335.5004, -1363.7416, -32.7543,  64, 64, 64
L 337.8030, -1363.1321, -34.1897,  341.3421, -1374.1803, -34.1897,  64, 64, 64
L 342.7579, -1373.6343, -35.6195,  338.4961, -1362.5861, -35.6195,  64, 64, 64
L 339.9940, -1362.8101, -37.4910,  344.2556, -1373.5647, -37.4910,  64, 64, 64
L 345.7316, -1372.4872, -38.4789,  341.4701, -1361.4386, -38.4789,  64, 64, 64
L 344.4759, -1360.2793, -39.8851,  328.6886, -1366.3689, -27.2380,  64, 64, 64
L 332.8503, -1377.4562, -27.2380,  348.6709, -1371.3533, -39.8851,  64, 64, 64
L 349.5260, -1373.3285, -40.8524,  348.6709, -1371.3533, -40.8064,  64, 64, 64
L 343.6872, -1358.2725, -40.4215,  344.4759, -1360.2793, -40.4521,  64, 64, 64
L 324.3570, -1366.7510, -25.5355,  312.8350, -1359.1084, -25.5355,  64, 64, 64
L 312.8350, -1359.1084, -25.5355,  298.3018, -1359.7437, -25.5355,  64, 64, 64
L 298.3018, -1359.7437, -25.5355,  287.8150, -1368.7632, -25.5355,  64, 64, 64
L 287.8150, -1368.7632, -25.5355,  283.5591, -1383.4529, -25.5355,  64, 64, 64
L 283.5591, -1383.4529, -25.5355,  288.8462, -1396.2653, -25.5355,  64, 64, 64
L 288.8462, -1396.2653, -25.5355,  300.5593, -1403.5425, -25.5355,  64, 64, 64
L 300.5593, -1403.5425, -25.5355,  314.5767, -1403.4574, -25.5270,  64, 64, 64
L 314.5767, -1403.4574, -25.5270,  323.7307, -1395.3196, -25.5355,  64, 64, 64
L 323.7307, -1395.3196, -25.5355,  327.8611, -1386.4363, -25.5355,  64, 64, 64
L 327.8611, -1386.4363, -25.5355,  329.6884, -1379.9323, -25.5355,  64, 64, 64
L 323.9959, -1366.7664, -25.5355,  324.6693, -1368.6946, -25.5355,  64, 64, 64
L 324.6693, -1368.6946, -25.5355,  328.6110, -1367.4196, -25.5355,  64, 64, 64
L 328.6110, -1367.4196, -25.5355,  328.8358, -1367.2621, -25.5355,  64, 64, 64
L 328.8358, -1367.2621, -25.5355,  328.6886, -1366.3689, -25.5355,  64, 64, 64
L 329.6884, -1379.9323, -25.5355,  329.4750, -1380.1918, -25.5355,  64, 64, 64
L 329.4750, -1380.1918, -25.5355,  329.2916, -1377.9075, -25.5355,  64, 64, 64
L 329.2916, -1377.9075, -25.5355,  332.2350, -1376.7804, -25.5355,  64, 64, 64
L 332.2350, -1376.7804, -25.5355,  332.8503, -1377.4562, -25.5355,  64, 64, 64
L 361.5072, -1312.7544, -42.7586,  348.3435, -1312.3788, -41.7535,  64, 64, 64
L 348.3435, -1312.3788, -41.7535,  351.2081, -1234.8018, -32.6343,  64, 64, 64
L 351.2081, -1234.8018, -32.6343,  361.8571, -1235.3931, -36.2394,  64, 64, 64
L 361.8571, -1235.3931, -36.2394,  396.7953, -1232.5590, -46.9904,  64, 64, 64
L 396.7953, -1232.5590, -46.9904,  396.8537, -1313.8949, -47.1435,  64, 64, 64
L 396.8537, -1313.8949, -47.1435,  382.9057, -1313.4269, -44.9966,  64, 64, 64
L 382.9057, -1313.4269, -44.9966,  382.8845, -1325.3556, -44.1036,  64, 64, 64
L 361.5072, -1312.8600, -42.7503,  361.5074, -1323.5398, -42.3280,  64, 64, 64
L 380.2749, -1310.9312, -33.4177,  364.1381, -1310.9330, -33.4177,  64, 64, 64
L 364.1381, -1312.1167, -35.3102,  380.2749, -1312.1144, -35.3102,  64, 64, 64
L 380.2749, -1313.9081, -37.2556,  364.1381, -1313.9098, -37.2556,  64, 64, 64
L 364.1381, -1315.8196, -39.1775,  380.2749, -1315.8174, -39.1775,  64, 64, 64
L 380.2749, -1318.9159, -41.1052,  364.1381, -1318.9340, -41.1052,  64, 64, 64
L 364.1381, -1320.3667, -42.3703,  380.2749, -1320.3644, -43.3280,  64, 64, 64
L 382.8845, -1325.3556, -43.9292,  380.2749, -1325.3875, -43.6529,  64, 64, 64
L 380.2749, -1325.3875, -43.8710,  380.2749, -1304.9684, -33.4177,  64, 64, 64
L 361.5074, -1323.5398, -41.9710,  364.4020, -1323.5490, -42.1467,  64, 64, 64
L 364.4020, -1323.5490, -42.1467,  364.1863, -1304.9684, -33.4177,  64, 64, 64
L 387.3236, -1304.9684, -31.3318,  387.3236, -1241.9800, -31.3318,  64, 64, 64
L 387.3236, -1241.9800, -31.3318,  356.5210, -1241.9800, -31.3318,  64, 64, 64
L 356.5210, -1241.9800, -31.3318,  356.5203, -1304.9684, -31.3318,  64, 64, 64
L 356.5203, -1304.9684, -31.3318,  364.1863, -1304.9684, -31.3318,  64, 64, 64
L 387.3236, -1304.9684, -31.3318,  380.2749, -1304.9684, -31.3318,  64, 64, 64
L 426.7343, -1413.5823, -43.7413,  442.1528, -1413.6355, -43.7372,  64, 64, 64
L 442.1528, -1413.6355, -43.7372,  436.6582, -1491.6664, -22.2154,  64, 64, 64
L 436.6582, -1491.6664, -22.2154,  393.5403, -1491.6299, -32.6490,  64, 64, 64
L 393.5403, -1491.6299, -32.6490,  390.4349, -1413.7072, -42.8740,  64, 64, 64
L 390.4349, -1413.7072, -42.8740,  405.2278, -1413.7533, -42.8740,  64, 64, 64
L 405.2278, -1413.7533, -42.8740,  405.2278, -1397.8113, -43.2787,  64, 64, 64
L 405.2278, -1397.8113, -43.2787,  407.8586, -1397.7765, -43.4825,  64, 64, 64
L 407.8586, -1397.7765, -43.4825,  407.9470, -1423.2405, -24.8933,  64, 64, 64
L 400.8097, -1423.2422, -24.8933,  407.9470, -1423.2405, -24.8933,  64, 64, 64
L 400.8097, -1423.2426, -24.8933,  400.8095, -1486.2306, -24.8933,  64, 64, 64
L 400.8095, -1486.2306, -24.8933,  431.6125, -1486.2306, -24.8933,  64, 64, 64
L 431.6125, -1486.2306, -24.8933,  431.6125, -1423.2426, -24.8933,  64, 64, 64
L 431.6125, -1423.2426, -24.8933,  424.1010, -1423.2426, -24.8933,  64, 64, 64
L 423.9957, -1397.2267, -44.2291,  424.1010, -1423.2426, -24.8933,  64, 64, 64
L 426.6263, -1413.5193, -43.7462,  426.6263, -1397.2262, -44.8115,  64, 64, 64
L 423.9957, -1397.2267, -44.7749,  426.6263, -1397.2262, -44.8115,  64, 64, 64
L 407.8586, -1417.2775, -26.9791,  423.9954, -1417.2776, -26.9791,  64, 64, 64
L 423.9954, -1416.9408, -28.8718,  407.8586, -1416.9408, -28.8718,  64, 64, 64
L 407.8586, -1414.3008, -30.8170,  423.9954, -1414.3008, -30.8170,  64, 64, 64
L 423.9954, -1412.3910, -32.7389,  407.8586, -1412.3910, -32.7389,  64, 64, 64
L 407.8586, -1410.1176, -34.6666,  423.9954, -1410.1176, -34.6666,  64, 64, 64
L 423.9954, -1407.8440, -36.5944,  407.8586, -1407.8440, -36.5944,  64, 64, 64
L 407.8586, -1405.8108, -38.5046,  423.9954, -1405.8108, -38.5046,  64, 64, 64
L 423.9954, -1403.6603, -40.4264,  407.8586, -1403.6603, -40.4264,  64, 64, 64
L 407.8586, -1401.5331, -42.3425,  423.9954, -1401.5331, -42.3425,  64, 64, 64
L 423.9954, -1399.4358, -44.2291,  407.8586, -1399.4358, -43.4825,  64, 64, 64
L -578.8495, -1476.4679, -70.1410,  -573.2383, -1474.3484, -70.2890,  64, 64, 64
L -573.2383, -1474.3484, -70.2890,  -575.6938, -1467.3705, -67.9238,  64, 64, 64
L -575.6938, -1467.3705, -67.9238,  -569.9800, -1460.5608, -65.4466,  64, 64, 64
L -569.9800, -1460.5608, -65.4466,  -560.7240, -1462.6521, -65.3225,  64, 64, 64
L -560.7240, -1462.6521, -65.3225,  -558.2219, -1470.1366, -67.5250,  64, 64, 64
L -558.2219, -1470.1366, -67.5250,  -558.7554, -1471.7201, -67.9231,  64, 64, 64
L -558.7554, -1471.7201, -67.9231,  -541.9026, -1479.1189, -66.7693,  64, 64, 64
L -541.9026, -1479.1189, -66.7693,  -533.6251, -1493.1187, -65.9382,  64, 64, 64
L -533.6251, -1493.1187, -65.9382,  -532.3047, -1492.8639, -65.5464,  64, 64, 64
L -532.3047, -1492.8639, -65.5464,  -523.7657, -1493.5452, -63.5538,  64, 64, 64
L -523.7657, -1493.5452, -63.5538,  -520.6140, -1502.8313, -62.8870,  64, 64, 64
L -520.6140, -1502.8313, -62.8870,  -526.4731, -1509.2804, -61.7899,  64, 64, 64
L -526.4731, -1509.2804, -61.7899,  -534.6393, -1507.7876, -62.8295,  64, 64, 64
L -534.6393, -1507.7876, -62.8295,  -535.3539, -1512.8130, -62.5063,  64, 64, 64
L -535.3539, -1512.8130, -62.5063,  -546.3133, -1525.7238, -62.7252,  64, 64, 64
L -546.3133, -1525.7238, -62.7252,  -550.9579, -1527.5298, -62.4421,  64, 64, 64
L -550.9579, -1527.5298, -62.4421,  -548.1669, -1535.5818, -60.6221,  64, 64, 64
L -548.1669, -1535.5818, -60.6221,  -553.8636, -1541.7742, -59.4012,  64, 64, 64
L -553.8636, -1541.7742, -59.4012,  -563.6888, -1540.1758, -60.3511,  64, 64, 64
L -563.6888, -1540.1758, -60.3511,  -566.2813, -1531.5248, -63.5947,  64, 64, 64
L -566.2813, -1531.5248, -63.5947,  -564.6935, -1529.9103, -61.9714,  64, 64, 64
L -564.6935, -1529.9103, -61.9714,  -581.1041, -1524.1863, -65.5781,  64, 64, 64
L -581.1041, -1524.1863, -65.5781,  -590.5602, -1509.5452, -67.5013,  64, 64, 64
L -590.5602, -1509.5452, -67.5013,  -592.7836, -1510.9794, -66.8526,  64, 64, 64
L -592.7836, -1510.9794, -66.8526,  -599.9910, -1509.2079, -66.1822,  64, 64, 64
L -599.9910, -1509.2079, -66.1822,  -603.2078, -1500.7830, -67.6136,  64, 64, 64
L -603.2078, -1500.7830, -67.6136,  -597.1186, -1493.3760, -68.8122,  64, 64, 64
L -597.1186, -1493.3760, -68.8122,  -590.4679, -1494.8617, -69.8524,  64, 64, 64
L -590.4679, -1494.8617, -69.8524,  -590.1364, -1490.1255, -69.9085,  64, 64, 64
L -590.1364, -1490.1255, -69.9085,  -589.2341, -1488.8346, -69.9937,  64, 64, 64
L -589.2341, -1488.8346, -69.9937,  -599.9948, -1479.6923, -68.4271,  64, 64, 64
L -578.8465, -1476.4706, -70.1051,  -589.7209, -1467.8694, -67.3920,  64, 64, 64
L -596.4858, -1479.9148, -68.4744,  -588.8351, -1470.8761, -67.9821,  64, 64, 64
L -586.8017, -1488.6349, -57.1930,  -579.1774, -1479.2400, -57.1930,  64, 64, 64
L -580.5538, -1477.8444, -58.4313,  -588.1780, -1486.9054, -58.4313,  64, 64, 64
L -589.2047, -1486.4148, -59.8787,  -581.5806, -1476.9800, -59.8787,  64, 64, 64
L -582.6702, -1476.6370, -61.3143,  -590.2943, -1485.1249, -61.3143,  64, 64, 64
L -591.5900, -1484.3456, -62.7498,  -583.9657, -1474.9734, -62.7498,  64, 64, 64
L -585.2616, -1473.8832, -64.1852,  -592.8857, -1482.9441, -64.1852,  64, 64, 64
L -594.4690, -1481.9673, -65.6149,  -586.4225, -1472.9063, -65.6149,  64, 64, 64
L -595.2753, -1480.9336, -67.4470,  -587.6512, -1471.8726, -67.4470,  64, 64, 64
L -590.8180, -1469.8268, -67.1684,  -589.7209, -1467.8694, -67.1200,  64, 64, 64
L -590.8180, -1469.8268, -67.9881,  -574.2640, -1483.1366, -57.1930,  64, 64, 64
L -582.7563, -1491.4673, -57.1930,  -598.7693, -1477.9937, -68.4744,  64, 64, 64
L -599.9948, -1479.6923, -68.1905,  -598.7693, -1477.9937, -68.5605,  64, 64, 64
L -574.2640, -1483.1366, -55.5309,  -573.5013, -1481.4456, -55.5309,  64, 64, 64
L -573.5013, -1481.4456, -55.5309,  -560.1630, -1478.3351, -55.5309,  64, 64, 64
L -560.1630, -1478.3351, -55.5309,  -547.1852, -1483.8678, -55.5309,  64, 64, 64
L -547.1852, -1483.8678, -55.5309,  -539.8903, -1495.6084, -55.5309,  64, 64, 64
L -539.8903, -1495.6084, -55.5309,  -540.9468, -1509.7876, -55.5309,  64, 64, 64
L -540.9468, -1509.7876, -55.5309,  -551.1620, -1520.9169, -55.5309,  64, 64, 64
L -551.1620, -1520.9169, -55.5309,  -563.6769, -1523.9783, -55.5309,  64, 64, 64
L -563.6769, -1523.9783, -55.5309,  -576.7947, -1518.8234, -55.5309,  64, 64, 64
L -576.7947, -1518.8234, -55.5309,  -584.3877, -1506.5165, -55.5309,  64, 64, 64
L -584.3877, -1506.5165, -55.5309,  -583.7238, -1492.8772, -55.5309,  64, 64, 64
L -583.7238, -1492.8772, -55.5309,  -582.7563, -1491.4673, -55.5309,  64, 64, 64
L -631.1661, -1477.1469, -64.4364,  -641.8965, -1486.8726, -64.4364,  64, 64, 64
L -641.8965, -1486.8726, -64.4364,  -640.9189, -1487.9827, -64.4364,  64, 64, 64
L -640.9189, -1487.9827, -64.4364,  -640.5356, -1492.7300, -64.4364,  64, 64, 64
L -640.5356, -1492.7300, -64.4364,  -633.8973, -1491.3079, -64.4364,  64, 64, 64
L -633.8973, -1491.3079, -64.4364,  -627.8962, -1498.6299, -64.4364,  64, 64, 64
L -627.8962, -1498.6299, -64.4364,  -630.7931, -1506.4821, -62.8528,  64, 64, 64
L -630.7931, -1506.4821, -62.8528,  -639.8546, -1507.4546, -62.6236,  64, 64, 64
L -639.8546, -1507.4546, -62.6236,  -648.7534, -1522.2190, -59.1576,  64, 64, 64
L -648.7534, -1522.2190, -59.1576,  -658.8907, -1526.6691, -57.1082,  64, 64, 64
L -658.8907, -1526.6691, -57.1082,  -665.8240, -1528.5778, -55.6824,  64, 64, 64
L -665.8240, -1528.5778, -55.6824,  -663.7804, -1530.3219, -55.4031,  64, 64, 64
L -663.7804, -1530.3219, -55.4031,  -666.2537, -1538.8827, -51.3066,  64, 64, 64
L -666.2537, -1538.8827, -51.3066,  -675.3644, -1540.9386, -48.9328,  64, 64, 64
L -675.3644, -1540.9386, -48.9328,  -681.5865, -1533.8838, -51.7674,  64, 64, 64
L -681.5865, -1533.8838, -51.7674,  -678.8010, -1525.9938, -55.3087,  64, 64, 64
L -678.8010, -1525.9938, -55.3087,  -682.7781, -1526.6310, -55.3592,  64, 64, 64
L -682.7781, -1526.6310, -55.3592,  -696.5384, -1511.3456, -60.1578,  64, 64, 64
L -696.5384, -1511.3456, -60.1578,  -696.7064, -1507.7388, -61.5313,  64, 64, 64
L -696.7064, -1507.7388, -61.5313,  -703.1988, -1509.1836, -60.4821,  64, 64, 64
L -703.1988, -1509.1836, -60.4821,  -709.5601, -1501.3174, -63.6860,  64, 64, 64
L -709.5601, -1501.3174, -63.6860,  -707.2753, -1494.3556, -64.2852,  64, 64, 64
L -707.2753, -1494.3556, -64.2852,  -698.7653, -1492.2931, -64.8233,  64, 64, 64
L -698.7653, -1492.2931, -64.8233,  -697.9061, -1492.8617, -64.8247,  64, 64, 64
L -697.9061, -1492.8617, -64.8247,  -689.3121, -1477.7024, -65.5631,  64, 64, 64
L -689.3121, -1477.7024, -65.5631,  -673.1838, -1470.6115, -63.7777,  64, 64, 64
L -673.1838, -1470.6115, -63.7777,  -673.4166, -1468.4905, -63.4438,  64, 64, 64
L -673.4166, -1468.4905, -63.4438,  -671.3857, -1462.1559, -62.4461,  64, 64, 64
L -671.3857, -1462.1559, -62.4461,  -662.7037, -1459.4961, -61.8243,  64, 64, 64
L -662.7037, -1459.4961, -61.8243,  -656.5071, -1465.8976, -62.8485,  64, 64, 64
L -656.5071, -1465.8976, -62.8485,  -658.5673, -1472.8849, -64.1096,  64, 64, 64
L -658.5673, -1472.8849, -64.1096,  -653.2414, -1474.2732, -64.3546,  64, 64, 64
L -653.2414, -1474.2732, -64.3546,  -652.7441, -1474.9098, -64.4016,  64, 64, 64
L -652.7441, -1474.9098, -64.4016,  -641.3310, -1465.2970, -62.2034,  64, 64, 64
L -641.3310, -1465.2970, -62.2034,  -640.4810, -1466.8125, -62.5596,  64, 64, 64
L -640.4810, -1466.8125, -62.5596,  -655.6846, -1480.4463, -51.2205,  64, 64, 64
L -647.7966, -1489.3174, -51.2205,  -632.6100, -1475.5536, -64.8190,  64, 64, 64
L -631.1661, -1477.1469, -64.4364,  -632.6100, -1475.5536, -64.4364,  64, 64, 64
L -647.7966, -1489.3174, -49.7323,  -646.1047, -1504.8158, -49.7323,  64, 64, 64
L -646.1047, -1504.8158, -49.7323,  -653.3570, -1517.3860, -49.7323,  64, 64, 64
L -653.3570, -1517.3860, -49.7323,  -666.7110, -1522.9086, -49.7323,  64, 64, 64
L -666.7110, -1522.9086, -49.7323,  -680.1204, -1519.8572, -49.7323,  64, 64, 64
L -680.1204, -1519.8572, -49.7323,  -689.5565, -1508.9994, -49.7323,  64, 64, 64
L -689.5565, -1508.9994, -49.7323,  -690.9764, -1495.7874, -49.7323,  64, 64, 64
L -690.9764, -1495.7874, -49.7323,  -683.8455, -1483.8960, -49.7323,  64, 64, 64
L -683.8455, -1483.8960, -49.7323,  -671.6460, -1477.3196, -49.7323,  64, 64, 64
L -671.6460, -1477.3196, -49.7323,  -655.6846, -1480.4463, -49.7323,  64, 64, 64
L -652.3238, -1477.4391, -51.2205,  -644.3713, -1486.2134, -51.2205,  64, 64, 64
L -643.3840, -1485.5398, -52.6326,  -650.9910, -1476.2310, -52.6326,  64, 64, 64
L -649.9968, -1475.3300, -54.7990,  -642.4430, -1484.1039, -54.7990,  64, 64, 64
L -640.9892, -1483.1481, -55.5155,  -648.9419, -1474.3738, -55.5155,  64, 64, 64
L -647.6871, -1473.2365, -56.9510,  -639.7346, -1482.1078, -56.9510,  64, 64, 64
L -638.4799, -1480.8737, -58.3866,  -646.4324, -1472.9950, -58.3866,  64, 64, 64
L -645.3079, -1471.8030, -59.8162,  -637.3555, -1479.8544, -59.8162,  64, 64, 64
L -636.1658, -1478.7759, -61.2460,  -644.1183, -1470.2100, -61.2460,  64, 64, 64
L -642.9460, -1468.9396, -62.6756,  -634.9936, -1477.7139, -62.6756,  64, 64, 64
L -1480.4408, -1421.7417, -52.9667,  -1469.9043, -1423.2035, -50.8006,  64, 64, 64
L -1469.9043, -1423.2035, -50.8006,  -1465.6923, -1500.6897, -64.8654,  64, 64, 64
L -1465.6923, -1500.6897, -64.8654,  -1516.9921, -1501.4142, -69.2460,  64, 64, 64
L -1516.9921, -1501.4142, -69.2460,  -1511.6554, -1420.4480, -56.2528,  64, 64, 64
L -1511.6554, -1420.4480, -56.2528,  -1501.4391, -1420.9314, -55.7727,  64, 64, 64
L -1501.4391, -1420.9314, -55.7727,  -1501.4391, -1413.7914, -55.1176,  64, 64, 64
L -1480.4408, -1421.7417, -52.4271,  -1480.1222, -1416.3925, -52.3258,  64, 64, 64
L -1475.5309, -1489.9789, -48.5615,  -1505.8572, -1489.9789, -48.5615,  64, 64, 64
L -1505.8572, -1489.9789, -48.5615,  -1505.8572, -1426.9905, -48.5615,  64, 64, 64
L -1505.8572, -1426.9905, -48.5615,  -1498.6056, -1426.9905, -48.5615,  64, 64, 64
L -1482.6575, -1426.9878, -48.5615,  -1475.5448, -1426.9905, -48.5615,  64, 64, 64
L -1475.5448, -1426.9905, -48.5615,  -1475.5188, -1489.9789, -48.5615,  64, 64, 64
L -1501.4391, -1413.7914, -54.8288,  -1499.6028, -1413.6249, -54.6837,  64, 64, 64
L -1499.6028, -1413.6249, -54.6837,  -1498.6056, -1426.9905, -50.6475,  64, 64, 64
L -1480.1222, -1416.3925, -52.2402,  -1482.6686, -1416.4075, -52.4699,  64, 64, 64
L -1498.8085, -1418.4966, -54.4853,  -1482.6718, -1418.5320, -52.8001,  64, 64, 64
L -1482.6718, -1419.8423, -52.5401,  -1498.8080, -1419.8423, -52.5401,  64, 64, 64
L -1498.8085, -1421.2610, -50.6475,  -1482.6718, -1421.2610, -50.6475,  64, 64, 64
L -1482.6686, -1416.4075, -52.6955,  -1482.6575, -1426.9878, -48.5615,  64, 64, 64
L -1550.8738, -1369.8444, -48.6077,  -1550.9507, -1371.3384, -48.5966,  64, 64, 64
L -1550.9507, -1371.3384, -48.5966,  -1553.5641, -1374.7007, -48.7325,  64, 64, 64
L -1553.5641, -1374.7007, -48.7325,  -1548.8478, -1378.1305, -49.4207,  64, 64, 64
L -1548.8478, -1378.1305, -49.4207,  -1547.3466, -1387.1465, -50.8877,  64, 64, 64
L -1547.3466, -1387.1465, -50.8877,  -1555.2094, -1391.9823, -51.4333,  64, 64, 64
L -1555.2094, -1391.9823, -51.4333,  -1562.3893, -1387.8096, -50.7513,  64, 64, 64
L -1562.3893, -1387.8096, -50.7513,  -1563.4500, -1386.6233, -50.5944,  64, 64, 64
L -1563.4500, -1386.6233, -50.5944,  -1579.2970, -1391.7804, -49.4084,  64, 64, 64
L -1579.2970, -1391.7804, -49.4084,  -1595.8716, -1386.1421, -46.3539,  64, 64, 64
L -1595.8716, -1386.1421, -46.3539,  -1595.9247, -1387.7771, -46.4744,  64, 64, 64
L -1595.9247, -1387.7771, -46.4744,  -1603.2133, -1391.9397, -45.1465,  64, 64, 64
L -1603.2133, -1391.9397, -45.1465,  -1611.9014, -1387.5022, -42.7110,  64, 64, 64
L -1611.9014, -1387.5022, -42.7110,  -1611.7732, -1378.9384, -41.4371,  64, 64, 64
L -1611.7732, -1378.9384, -41.4371,  -1604.2859, -1374.1012, -42.7147,  64, 64, 64
L -1604.2859, -1374.1012, -42.7147,  -1606.4446, -1371.9771, -42.2025,  64, 64, 64
L -1606.4446, -1371.9771, -42.2025,  -1605.9761, -1353.7632, -39.6313,  64, 64, 64
L -1605.9761, -1353.7632, -39.6313,  -1603.9408, -1349.1581, -39.5403,  64, 64, 64
L -1603.9408, -1349.1581, -39.5403,  -1604.5265, -1349.3600, -39.3744,  64, 64, 64
L -1604.5265, -1349.3600, -39.3744,  -1611.2649, -1344.9286, -36.2188,  64, 64, 64
L -1611.2649, -1344.9286, -36.2188,  -1611.4474, -1335.5857, -34.3902,  64, 64, 64
L -1611.4474, -1335.5857, -34.3902,  -1603.8678, -1331.2859, -37.6139,  64, 64, 64
L -1603.8678, -1331.2859, -37.6139,  -1595.8910, -1335.6731, -40.4339,  64, 64, 64
L -1595.8910, -1335.6731, -40.4339,  -1595.8362, -1338.9397, -40.2665,  64, 64, 64
L -1595.8362, -1338.9397, -40.2665,  -1579.8938, -1332.6183, -43.8462,  64, 64, 64
L -1579.8938, -1332.6183, -43.8462,  -1562.9899, -1337.2029, -46.6936,  64, 64, 64
L -1562.9899, -1337.2029, -46.6936,  -1562.7964, -1335.4838, -46.7316,  64, 64, 64
L -1562.7964, -1335.4838, -46.7316,  -1555.4020, -1331.3716, -47.8999,  64, 64, 64
L -1555.4020, -1331.3716, -47.8999,  -1547.1681, -1335.9009, -49.1873,  64, 64, 64
L -1547.1681, -1335.9009, -49.1873,  -1547.2775, -1344.3595, -49.1681,  64, 64, 64
L -1547.2775, -1344.3595, -49.1681,  -1553.7555, -1348.5182, -48.1533,  64, 64, 64
L -1553.7555, -1348.5182, -48.1533,  -1550.7759, -1352.7428, -48.6189,  64, 64, 64
L -1550.7759, -1352.7428, -48.6189,  -1550.8755, -1353.6991, -48.5953,  64, 64, 64
L -1550.8755, -1353.6991, -48.5953,  -1537.1095, -1353.6991, -50.7580,  64, 64, 64
L -1537.1095, -1353.6991, -50.7580,  -1537.1028, -1355.8550, -50.7590,  64, 64, 64
L -1537.1028, -1355.8550, -50.7590,  -1556.5291, -1355.8489, -38.2227,  64, 64, 64
L -1556.4198, -1367.6973, -38.2227,  -1537.7533, -1367.6967, -50.6572,  64, 64, 64
L -1537.7533, -1367.6967, -50.6572,  -1536.7488, -1367.6969, -50.8145,  64, 64, 64
L -1536.7488, -1367.6969, -50.8145,  -1536.7516, -1369.8473, -50.8143,  64, 64, 64
L -1536.7516, -1369.8473, -50.8143,  -1550.8738, -1369.8477, -48.6077,  64, 64, 64
L -1557.4513, -1354.5370, -36.7344,  -1565.4329, -1343.2614, -36.7344,  64, 64, 64
L -1565.4329, -1343.2614, -36.7344,  -1579.1255, -1338.8184, -36.7344,  64, 64, 64
L -1579.1255, -1338.8184, -36.7344,  -1592.9312, -1343.4762, -36.7344,  64, 64, 64
L -1592.9312, -1343.4762, -36.7344,  -1601.3667, -1354.4806, -36.7344,  64, 64, 64
L -1601.3667, -1354.4806, -36.7344,  -1600.8738, -1369.1288, -36.7344,  64, 64, 64
L -1600.8738, -1369.1288, -36.7344,  -1593.1095, -1380.1342, -36.7344,  64, 64, 64
L -1593.1095, -1380.1342, -36.7344,  -1579.6436, -1384.8843, -36.7344,  64, 64, 64
L -1579.6436, -1384.8843, -36.7344,  -1566.1355, -1380.5978, -36.7344,  64, 64, 64
L -1566.1355, -1380.5978, -36.7344,  -1557.4137, -1368.8809, -36.7344,  64, 64, 64
L -1557.4137, -1368.8809, -36.7344,  -1556.4198, -1367.6973, -36.7344,  64, 64, 64
L -1557.5044, -1354.5370, -36.7344,  -1556.5291, -1355.8489, -36.7344,  64, 64, 64
L -1537.8461, -1367.6973, -50.4971,  -1537.7964, -1355.8550, -50.5671,  64, 64, 64
L -1539.2997, -1355.8550, -49.6779,  -1539.2997, -1367.6969, -49.6779,  64, 64, 64
L -1551.9557, -1355.8550, -38.2227,  -1551.9557, -1367.6969, -38.2227,  64, 64, 64
L -1550.1570, -1367.6969, -39.6349,  -1550.1570, -1355.8550, -39.6349,  64, 64, 64
L -1548.8152, -1355.8550, -41.8220,  -1548.8152, -1367.6969, -41.8220,  64, 64, 64
L -1547.3914, -1367.6969, -42.5176,  -1547.3914, -1355.8550, -42.5176,  64, 64, 64
L -1545.6980, -1355.8550, -43.9532,  -1545.6980, -1367.6969, -43.9532,  64, 64, 64
L -1544.4700, -1367.6969, -45.3888,  -1544.4700, -1355.8550, -45.3888,  64, 64, 64
L -1542.4872, -1355.8550, -46.8185,  -1542.4872, -1367.6969, -46.8185,  64, 64, 64
L -1540.8816, -1355.8550, -48.2481,  -1540.8816, -1367.6969, -48.2481,  64, 64, 64
P -1810.0000, -55.0000, 0.0000,  0, 0, 0,  1,  Succor
P 1144.0000, 1773.0000, -24.2707,  0, 127, 0,  3,  to_Grimling_Forest
P -1849.0000, 66.0000, -39.7490,  0, 127, 0,  3,  to_Katta_Castellum
