P -720.5460, -873.7985, 342.7993,  127, 0, 0,  3,  Maestro_Tan'lor
P 357.7149, -3116.2527, 161.1829,  127, 0, 0,  3,  Valik_the_Cruel
P -901.2415, -1114.1969, 331.2310,  240, 0, 0,  2,  Soulwail*_Bard
P -2484.7095, -2506.3179, 510.4929,  240, 0, 0,  2,  Painscreecher*_Mnk
P -1241.4380, -2040.5601, 149.4970,  240, 0, 0,  2,  The_Skeletal_Steed*_Pal
P -2072.7688, -2302.3931, 742.7018,  127, 0, 0,  3,  Mad_Marry-Anne
P -3523.2151, -2196.9871, 293.2130,  127, 0, 0,  3,  Vasela_Fireblood
P -1284.7804, -3002.4998, 287.8549,  240, 0, 0,  2,  Talili*_BST
P -438.6469, -2065.0735, 366.2555,  240, 0, 0,  2,  Mistress_of_Malady*_Ncr
P -651.1116, -1083.1968, 406.3683,  240, 0, 0,  2,  Lilia,_the_Rancid*Cleric
P -1391.4208, -396.3434, -57.3987,  240, 0, 0,  2,  Bleeding_Storm*_Ber
P -3245.8975, -2218.4810, 282.3416,  240, 0, 0,  2,  Aesthir_the_Delusioned*_Wiz
P -1379.9302, -2189.3245, 150.9212,  127, 0, 0,  3,  Anastasia_the_Thought_Drinker
P -3432.3362, -2004.8738, 303.2649,  240, 0, 0,  2,  Belinda_Baleheart_*_Ench
P -3843.1836, -1997.2289, 18.7449,  240, 0, 0,  2,  Fangore_Boneclaw*_Shm
P -2983.6885, -1598.4115, 137.0597,  127, 0, 0,  3,  Gnarlibramble
P -422.4397, -1510.0597, 310.0858,  240, 0, 0,  2,  Illixis,_the_Dark_Dream*_SK
P -785.0869, -2719.4280, 147.1194,  240, 0, 0,  2,  Leafrot*_Rng
P -602.0322, -1842.4668, 381.5038,  240, 0, 0,  2,  Master_Chrichus*_Mage
P -2343.6807, -2304.9783, 747.0900,  240, 0, 0,  2,  Shatterstyr*_Rogue
P -3947.1470, -1270.2886, 23.4914,  240, 0, 0,  2,  Sir_Savagery*_War
P -2598.1792, -1595.9601, 153.8737,  240, 0, 0,  2,  The_Festering*Druid
