P 1370.3638, 255.3365, 15.5854,  240, 0, 0,  2,  SingleMalt*_(a_worg_howler(9)
P 998.2264, 1378.2650, 5.3463,  240, 0, 0,  2,  The_Dreaded_Red_Eye_(Culex(6)
P -92.0857, 1156.3163, -103.4877,  240, 0, 0,  2,  Shoru*_(a_fortified_raptor(6)
P 1695.7886, -720.6663, 5.6446,  240, 0, 0,  2,  Horatio*_(an_angry_wasp(6)
P 1083.1366, 2371.2310, -135.5431,  240, 0, 0,  2,  Big_Dipper*_(a_timorous_perch(7)
P 322.2073, -42.5357, -10.3512,  240, 0, 0,  2,  Ticktock*_(a_vicious_lashwhip(6)
P 1832.3600, 2292.1785, -124.3334,  240, 0, 0,  2,  Flariton*_(a_parched_corvid(6)
P 3032.1050, -326.6194, -40.0046,  240, 0, 0,  2,  a_Rallosian_Lunatic_(Zealot(7)
P 3132.2837, 570.7057, -161.2426,  240, 0, 0,  2,  Bunion_*_calloused(5)
P 2523.0015, 126.0586, -54.4795,  240, 0, 0,  2,  A_Rallosian_Sorcerer_(extremist(5)
P 2388.4397, 129.6168, -55.9116,  240, 0, 0,  2,  S
P 2304.3965, 373.5271, -62.2849,  240, 0, 0,  2,  S
P 2521.5828, 231.2963, -57.7609,  240, 0, 0,  2,  S
P 2243.5198, 203.8868, -60.9270,  240, 0, 0,  2,  S
P 3096.4307, -361.3733, -37.1383,  240, 0, 0,  2,  L
P 3089.8267, -489.9543, -3.4465,  240, 0, 0,  2,  L
P 3183.2710, -383.8726, -30.9905,  240, 0, 0,  2,  L
P 3146.7063, -324.0669, -36.6522,  240, 0, 0,  2,  L
P 3148.0564, -309.5642, -37.2640,  240, 0, 0,  2,  L
P 3065.3733, -255.7665, -37.6815,  240, 0, 0,  2,  L
P 3133.9102, 892.2145, -166.4680,  240, 0, 0,  2,  B
P 3112.3560, 828.1022, -173.3328,  240, 0, 23,  2,  B_*
P 3065.9534, 545.5513, -163.3206,  240, 0, 0,  2,  B_*
P 3249.2710, 566.1379, -164.2337,  240, 0, 0,  2,  B_*
P 1049.9845, 1589.6543, -6.2631,  240, 0, 0,  2,  D
P 1058.8053, 1484.1156, -6.2630,  240, 0, 0,  2,  D
P 764.7088, 1046.5659, 23.7469,  240, 0, 0,  2,  D_*
P 912.7902, 1322.6815, 19.2804,  240, 0, 0,  2,  D
P 918.8619, 1497.4081, 0.5727,  240, 0, 0,  2,  D_*
