P 1543.8257, 2436.3018, -67.0541,  127, 64, 0,  2,  Eureka's_Tumble
P 1570.9607, 2614.9119, -66.9448,  0, 0, 127,  2,  Nilara_Ashrune
P 283.4550, 1411.0768, -58.9155,  127, 64, 0,  2,  Brew_Factory
P 2953.6316, 2319.8174, -252.3452,  0, 0, 127,  2,  Drextris
P 1515.4131, 2614.0923, -68.8545,  0, 0, 127,  2,  Elmara_Emberclaw
P 1512.6310, 2606.4180, -67.3314,  0, 0, 127,  2,  Shalowain
P 1602.1167, 2573.3064, -66.0637,  0, 0, 127,  2,  Maddie
P 1246.8899, 2561.3484, -124.7898,  0, 0, 127,  2,  a_freshman_chef
P 1289.9694, 2570.4534, -89.9221,  0, 0, 127,  2,  a_junio_chef
P 1427.4231, 2497.9563, -125.6544,  0, 0, 127,  2,  an_apprentice_chef
P 2034.4148, 1685.8141, -164.7013,  127, 64, 0,  2,  Graveyard
P 898.2191, 1412.3998, 8.2760,  0, 0, 0,  2,  Mosquitos
P 344.1727, 638.9437, -14.2181,  127, 64, 0,  2,  Investigate_the_caravan
P 3175.5000, -215.5960, -43.1745,  127, 0, 0,  2,  Find_another_clue_:kill_
P 1217.5857, 750.4250, -36.7110,  0, 0, 0,  2,  Vines
P 2025.7627, 746.0157, -70.4020,  0, 0, 0,  2,  Deers
P 2637.1414, 2048.2808, -225.0366,  0, 0, 127,  2,  1*
P 2619.1326, 2141.3936, -223.0591,  0, 0, 127,  2,  2*
P 2967.6304, 2353.5645, -159.2805,  0, 0, 0,  2,  3*
P 1973.6504, 1006.8383, -65.1089,  0, 0, 0,  2,  Usual_Spot
P 1997.1210, -415.9973, -40.0081,  127, 64, 0,  2,  Timorous_Forest
P 3200.2090, 919.1172, -164.2509,  127, 64, 0,  2,  Clearcut
P 348.5131, -388.7963, -10.3791,  0, 0, 0,  2,  Vines_farm
P 1467.6952, 2557.0469, -61.8505,  0, 0, 0,  2,  Cup_of_Timorous_Water
