P -2037.5695, 581.4293, 6.9183,  127, 64, 0,  2,  Fortress_Weakness
P -515.1247, -172.0838, -2.8606,  0, 0, 0,  2,  Power_Source
P -1215.3075, -534.2519, 4.5014,  0, 0, 0,  2,  GD
P -1464.1880, -440.2052, 4.5161,  0, 0, 0,  2,  GD
P -1397.4928, -445.1089, -1.5973,  0, 0, 0,  2,  GD
P -1297.8915, -531.1620, -1.5910,  0, 0, 0,  2,  GD
P -1285.5055, -436.5719, -1.5852,  0, 0, 0,  2,  (GD)_Grounding_Device
P 187.6275, 28.8486, -1.8002,  0, 0, 127,  2,  shower_of_sparks_(spire)
P -2164.3965, 440.9868, -15.9082,  127, 64, 0,  2,  Culvert
P 52.3721, -363.5104, -1.8618,  127, 0, 0,  2,  Monitors
P -11.1176, 287.2390, -6.7000,  127, 0, 0,  2,  Monitors
P 112.9802, -43.5116, -2.9844,  0, 0, 127,  2,  Dexter_Tibblesbit
P 50.3117, 409.0565, 27.3085,  0, 0, 127,  2,  Krithss_Zeprin
P -2276.7754, 0.5309, 46.6215,  0, 0, 0,  2,  Door?
P -1958.5684, 682.1127, 13.1423,  0, 0, 0,  2,  Barnacles
P -1987.0398, 258.0062, -9.8543,  0, 0, 0,  2,  Seekers,_Spy,_scouter
P -2099.9102, -595.9586, 1.4296,  0, 0, 0,  2,  Large_minotors
P -510.3542, -376.6663, -5.6284,  0, 0, 0,  2,  Eels
P -895.7523, -514.2603, 0.6080,  0, 0, 0,  2,  Eels
P 348.0000, -0.0000, -5.2976,  0, 0, 0,  1,  Succor
