P 655.0000, -1667.0000, -50.0000,  240, 0, 0,  1,  Pit_Trap
P 404.5579, -79.5711, 1.4440,  103, 0, 255,  1,  Eerie_Ore
P 128.2430, -1153.2173, -22.9612,  0, 0, 0,  2,  L/H:69
P 902.4000, -1766.7843, -57.4566,  127, 0, 0,  2,  Taskmaster_Waggad_Brokenskull(Rng_Pre-Q)
P -478.2103, -196.7980, 0.3664,  127, 0, 0,  2,  Overseer_Wrank
P 620.0000, 323.0000, 3.2498,  0, 0, 0,  1,  Succor
P 1315.4651, -1073.8931, -144.6599,  127, 0, 0,  2,  Overlord_Ngrub
P 1070.4429, -1155.6140, -81.3417,  0, 0, 127,  2,  Traxil_Pidpop
P 491.0466, -1472.9457, -51.3821,  0, 127, 127,  2,  Broken_Skull_compound
P 473.4686, -1509.1802, -51.3975,  0, 0, 0,  2,  Informant_(26th)
P 387.7229, -1326.2721, -22.8980,  0, 127, 127,  2,  crafty_halfling_(26th)
P 198.2053, -1279.2279, -22.9059,  0, 127, 127,  2,  Mihrr_(26th)
P 211.2139, 256.5958, 1.8676,  0, 127, 127,  2,  Mineshafts
