P -1308.2393, 197.9565, 49.2807,  127, 64, 0,  3,  Kerra_Ridge
P 1095.8750, -1057.7421, 35.5448,  127, 64, 0,  3,  Druid_Ring
P 1246.3931, 1483.7201, 40.8156,  0, 0, 0,  1,  Kobold_Camp2
P -2202.2527, 681.5883, -32.4309,  127, 64, 0,  3,  Tiger_Pit
P 1323.2522, 1029.7350, 27.5789,  0, 0, 0,  1,  Kobold_Camp1
P -1208.0000, 519.0000, 235.5448,  0, 0, 0,  1,  row_boat
P -324.3084, 560.4872, 41.7252,  0, 0, 127,  2,  Knarthenne_Skurl_(Sk_1.0)
P -2138.1851, -112.8322, 19.9324,  0, 0, 127,  2,  Marl_Kastane_(Sk_1.0)
P 1589.9164, 773.9542, 23.2484,  127, 0, 0,  2,  Fittorin_Bladespur*
P 1366.9755, 352.6772, 35.2941,  127, 0, 0,  2,  Poacher_Willa
P -391.3589, 1873.2736, 85.6059,  127, 0, 0,  2,  Rungupp
P -2300.1475, -0.9935, -2.6638,  127, 0, 0,  2,  Maugarim
P 1594.2737, -1199.2980, 45.5810,  0, 0, 0,  1,  Abandoned_Heritic_Pets
P 1028.3102, -249.2521, 102.9550,  127, 0, 0,  2,  Reeking_Skunk*(Ber1.0)
P 1740.2079, 1594.5514, 56.4603,  0, 127, 127,  2,  Geia_Korrel_(22nd_Anniversary)
P 738.8732, -1986.7997, 24.2636,  127, 64, 0,  2,  Marta_Stalwart_(Q)
P -1654.8086, 367.4431, 55.7731,  127, 0, 0,  2,  Kirran_Mirrah___
P -335.5890, 375.3666, 16.7036,  127, 0, 0,  2,  E'lial_B'rook
P -2028.6610, 277.1209, 21.6027,  0, 127, 127,  2,  Jharin_Kevva_(27th)
