P 994.5248, -1068.5878, 62.5456,  0, 0, 240,  2,  Veisha_Fathomwalker*
P -535.5411, -2151.6487, 72.3015,  0, 0, 240,  2,  Islan_Hetson(TM)
P -568.3445, -2164.6392, 78.3015,  0, 0, 240,  2,  Win_Kernam_(Armor)
P 1152.6620, -952.4480, 25.7960,  0, 0, 240,  2,  Martyn_Firechaser_(Spells)
P 1164.7554, -1413.8113, 28.2723,  0, 0, 240,  2,  Cyria_Lorewhisper_(Gems)
P 1181.7234, -1404.7791, 34.2723,  0, 0, 240,  2,  Tran_Lilspin_(Reagent)
P -2053.0000, -624.0000, 56.0000,  0, 0, 240,  2,  Melixis_(Q
P -2161.3135, 281.9211, 21.3297,  0, 0, 240,  2,  Raarrk_(Booze)
P 672.5004, -2000.2980, 33.1274,  0, 0, 240,  2,  Stylla_Parsini_(Bag)
P 709.7590, -1997.5542, 27.1275,  0, 0, 240,  2,  Emil_Parsini_(Bag)
P -1578.6586, 35.9829, 54.5692,  0, 0, 240,  2,  Roary_Fishpouncer(Fishing)
P -1925.2145, 370.6086, 19.5919,  0, 0, 240,  2,  Feren(Q)
P -1947.8914, 80.2386, 35.5628,  0, 0, 240,  2,  Shazda_Asad(Q)
P -1961.0000, 415.0000, 20.0000,  0, 0, 240,  2,  Thalith_Mumluk(Q)
P -1966.7013, 201.6153, 54.5692,  0, 0, 240,  2,  Urkath_Greyface(Q)
P -2102.3677, 355.6345, 19.4830,  0, 0, 240,  2,  Wislen_Mamluk(Q)
P -2115.3296, 290.3109, 47.1159,  0, 0, 240,  2,  Feskr_Drinkmaker(Q)
P -2121.0000, 277.0000, 22.0000,  0, 0, 240,  1,  Iffir_Soulcaller
P -2131.8584, 257.4929, 19.5691,  0, 0, 240,  2,  Falthrik_Lothoro(Q)
P -2152.1475, 282.4220, 19.5731,  0, 0, 240,  1,  Erfer_Longclaw
P -2208.6746, 382.6662, 19.7937,  0, 0, 240,  2,  Allix(Q)
P -2216.5286, 356.1892, 19.7937,  0, 0, 240,  2,  Errrak_Thickshank(Q)
P -2225.1482, 373.1342, 19.8028,  0, 0, 240,  1,  Graalf_Sharpclaw
P -2343.3079, 4.4203, -2.6638,  0, 0, 127,  2,  a_banished_kerran
P -324.3403, 766.8183, 14.3094,  0, 0, 240,  2,  Sanidella_Syllvic
P -332.1254, 367.3562, 15.2385,  0, 0, 240,  2,  E'lial_B'rook
P -970.4487, -2162.6675, 38.8765,  0, 0, 240,  2,  Assistant_T'os
P 1125.9905, -826.2146, 26.9576,  0, 0, 240,  2,  Telanku_Trailrunner
P 1247.8213, -1963.5800, 75.9119,  0, 0, 240,  2,  Ricandrow_Starbourne
P 1259.7018, -966.9286, 24.3412,  0, 0, 240,  2,  Illsiv_Gantrau
P 1417.3589, -343.9662, 62.2738,  0, 0, 240,  2,  Erudin_Emissary*
P 1539.5901, 1535.4081, 60.4789,  0, 0, 240,  2,  Kellkoan_Rishta(Q)
P 1550.8820, -371.9707, 15.4566,  0, 0, 240,  2,  Friedalla_Dawncrest
P 1581.2035, -1531.6414, 75.7774,  0, 0, 240,  2,  Jalen_Goldsinger
P 1622.7289, -1962.6121, 82.1842,  0, 0, 240,  2,  Xyrlania_Rainsparkle
P 1638.8595, -1980.1530, 88.4004,  0, 0, 240,  2,  Quana_Rainsparkle_(M)
P 1657.3810, 1501.7100, 67.5892,  0, 127, 0,  3,  Nexus_Scion
P 1671.6779, -1116.5580, 39.6606,  0, 0, 240,  2,  Terago_Omath_(TM)
P 1675.4457, -377.3670, 14.3916,  0, 0, 240,  2,  Agithin_Dasmore
P 1697.9290, 1387.5911, 63.6238,  0, 0, 240,  2,  Lanivon_Baxer(Q)
P 1771.2914, -450.2685, 14.7127,  0, 0, 240,  2,  Shintar_Vinlail*
P 1902.8058, -1152.2234, 45.1043,  0, 0, 240,  2,  Verogone_Wayfinder
P -1871.0901, 349.2870, 20.5446,  0, 0, 127,  2,  a_catfisher
