P 131.9088, 212.7894, 12.7720,  0, 0, 240,  2,  Guard_Vyrinn_(1-3)
P 221.3382, 116.9371, 14.4080,  0, 0, 240,  2,  Scribe_Farquard
P 162.6605, 70.8675, 12.5199,  0, 0, 240,  2,  Elegist
P 70.8014, 27.2669, 14.1112,  0, 0, 240,  2,  Basher_Alga
P 425.8638, 563.6340, -39.9230,  0, 0, 240,  2,  McKenzie_the_Younger
P 567.7675, 531.5403, -7.2388,  0, 0, 240,  2,  Guard_Maddoc_(6+)
P 571.5099, 525.3807, -5.7024,  0, 0, 240,  2,  Guard_Hobart_(4+)
P 49.8971, 32.8063, 10.9878,  0, 0, 240,  2,  Poxan_(Swimming)
P 198.6185, 90.1419, 13.7213,  0, 0, 240,  2,  Absor_(Weapons)
P 225.2983, 136.9530, 13.5623,  0, 0, 240,  2,  Wijdan_(Merchant)
P 200.1305, 160.8190, 9.9930,  0, 0, 240,  2,  Lyndroh_(Banker)
P 50.4853, 81.3931, 12.9825,  0, 0, 240,  2,  Vahlara_(Armor)
P 23.3710, 121.4331, 12.9600,  0, 127, 0,  2,  Arias_(Exit_Tutorial)
P 638.2435, 79.3096, 9.8574,  0, 0, 240,  2,  Guard_Kaikachi
P 181.4608, 183.6414, 11.4170,  0, 0, 240,  2,  Rytan_(Buffs/Spells)
P 113.3177, 34.2762, 15.3993,  0, 0, 240,  2,  Rashere_Al-Ayahd_(Soulbinder)
P 17.2318, 151.4668, 10.3766,  0, 0, 240,  2,  Frizznik_Hailstorm_(Tradeskills)
P 131.2430, 33.2297, 12.6633,  0, 0, 240,  2,  Prathun_Stumblebum_(Chat)
P 202.8865, 108.8519, 13.3040,  0, 0, 240,  2,  Xenaida_Akh`zrial_(Maps/Potions)
P 108.9419, 213.9398, 11.4824,  0, 0, 240,  2,  Guard_Rahtiz_(1-3)
P 621.4849, 66.5383, 6.5293,  0, 0, 240,  2,  Guard_Zajeer
