L 3406.4319, -2526.5386, -291.1243,  3406.4319, -2526.5386, -291.1243,  0, 0, 0
P -1460.7350, -1695.2555, -281.2391,  0, 0, 0,  2,  Plant_and_water_a_seed
P -2892.7039, -2316.6038, -296.9207,  0, 0, 0,  2,  Rallosian_Ore_Chest_(GS)
P -3213.1885, -2329.9324, -290.0822,  0, 0, 0,  2,  Rallosian_Ore_Chest_(GS)
P -2835.7461, -2264.0713, -285.3664,  0, 0, 0,  2,  Rallosian_Ore_Chest_(GS)
P -3077.6602, -2075.7266, -277.6226,  0, 0, 0,  2,  (GS)
P -3300.8396, -1786.9170, -271.6497,  0, 0, 0,  2,  (GS)
P -3011.7051, -1729.1249, -288.5529,  0, 0, 0,  2,  (GS)
P -3169.3252, -1549.4583, -290.0823,  0, 0, 0,  2,  (GS)
P -1700.5669, -1217.4722, -300.3151,  0, 0, 0,  2,  Plant
P 3282.9053, 1829.5696, -296.7682,  127, 64, 0,  2,  Elddar_Camp
P -2668.8760, 2520.7925, -310.5139,  127, 64, 0,  2,  Water_from_the_clean_southern_end
P -2295.5281, -1960.6836, -272.4338,  127, 0, 0,  2,  Deathsergeant
P -2582.0242, -1798.5829, -268.1322,  127, 0, 0,  2,  Darksergeant
P -3424.8611, -1721.1166, -273.0144,  127, 0, 0,  2,  Warsergeant
P 3138.0752, 2075.4336, -301.5070,  0, 0, 127,  2,  Armorer_Diren
P 3208.5242, 2085.7378, -301.4943,  0, 0, 127,  2,  Dal'Vie_Captain
P 3169.5313, 2127.3179, -301.5027,  0, 0, 127,  2,  Provisioner_Alwyn
P -378.3777, 990.1445, -118.0719,  0, 0, 0,  2,  lev_up
P -1499.4673, -1320.0099, -280.6223,  0, 0, 0,  2,  Plant
P 3217.8162, 2229.2693, -303.0310,  0, 0, 0,  2,  enchanted_dummy
P 3573.0718, -2858.2161, -433.0154,  0, 0, 0,  2,  Peace_Offering
