P 3657.4004, -2268.1929, -259.1817,  240, 0, 0,  2,  Stinky*
P 1003.8325, 26.8941, -298.9080,  240, 0, 0,  2,  Oka
P -3246.5950, -1992.0492, -277.6501,  240, 0, 0,  2,  Drillmaster_Suja_(trainer)
P -2596.8042, -1645.1178, -264.8602,  240, 0, 0,  2,  General_Orrak_(highlance3)
P -1142.9130, -1663.9075, -247.6657,  240, 0, 0,  2,  Sergeant_Korsh*
P 839.3885, -637.1570, 66.9929,  240, 0, 0,  2,  Tenderstump_*_(planter)
P -2830.6807, -1706.7570, -287.0428,  240, 0, 0,  2,  Green_Rustblade
P -2512.5706, -1686.2509, -267.7115,  240, 0, 0,  2,  Sergeant_Korsh_*_(tactician)
P 3046.7898, -1770.2533, -321.9489,  0, 0, 127,  2,  Vyndale_Manna
P 3654.4966, -2489.3162, -282.0233,  240, 0, 0,  2,  Stinky_(doe)
P -1582.5160, 2470.7083, -293.6623,  240, 0, 0,  2,  Honored_Elder_Skraiw
P 2627.8337, -1685.8948, -300.8969,  240, 0, 0,  2,  Stinky
P -29.3986, 824.6971, -191.1864,  240, 0, 0,  2,  Oka
P 503.9303, -1014.7903, -214.0676,  240, 0, 0,  2,  Oka_(stonegazer)
P -2226.7627, -1734.9148, -261.3109,  240, 0, 0,  2,  Sergeant_Korsh
P -2894.2039, -1763.6895, -296.9427,  240, 0, 0,  2,  Green_Rustblade
P -2823.2764, -2272.9827, -288.3506,  240, 0, 0,  2,  Green_Rustblade_*_(swiftblade)
P -3146.9192, -1561.4755, -288.5664,  240, 0, 0,  2,  Drillmaster_Suja
P -393.2517, 698.0298, -104.1621,  240, 0, 0,  2,  Tenderstump_*
P 962.8177, -115.1397, 93.0694,  240, 0, 0,  2,  Tenderstump_*
P -1267.8882, 2274.7869, -284.8731,  240, 0, 0,  2,  Honored_Elder_Skraiw
P -2401.8267, 2237.3396, -256.1227,  240, 0, 0,  2,  Honored_Elder_Skraiw_(elder)
P -3301.1653, -1803.6886, -278.3854,  240, 0, 0,  2,  Drillmaster_Suja
