P 287.4230, -530.2899, -19.9989,  0, 0, 0,  1,  Wizard_Staff_Piece
P 166.1730, -343.4837, 1.6142,  0, 0, 0,  1,  Gyrospire_Beza
P 282.3899, -687.4496, 0.1582,  0, 0, 127,  2,  Serra(BRD1.0)
P -78.9369, -685.1694, -21.2457,  240, 0, 0,  3,  Trap
P -105.7760, -684.7277, -20.9838,  240, 0, 0,  3,  Trap
P 284.5656, -524.9221, -18.4971,  0, 0, 0,  1,  Rod(Spoke_of_Tartons_Wheel_-_Jaka)
P -61.8673, -496.6677, 40.9707,  127, 0, 0,  2,  a_priest_of_najena
P 83.2574, -702.4000, 53.6473,  0, 0, 127,  2,  Garanel
P 13.9604, -528.4856, 45.6199,  127, 0, 0,  2,  Librarian_Carsil
P 285.1440, -498.4017, 8.1061,  127, 0, 0,  2,  a_twisted_acolyte
P -141.1293, -484.2939, -35.8937,  127, 0, 0,  1,  Garanel
P 31.2796, -76.3886, 1.6149,  0, 0, 0,  2,  Sorrow_of_the_Tranquil_(GS)
P -61.4096, -465.3279, -36.3984,  0, 127, 127,  2,  Brinaghan_the_Reposed_(27th)
P -114.2895, -713.6005, 1.6052,  0, 127, 127,  2,  SotT
P -154.2022, -833.5118, 1.6051,  0, 127, 127,  2,  SotT
P 197.9216, -832.5930, 1.6048,  0, 127, 127,  2,  SotT
P 277.3170, -763.1912, 1.6048,  0, 127, 127,  2,  SotT
P 125.9197, -615.5784, 1.6045,  0, 127, 127,  2,  SotT
P 259.4084, -435.7621, 3.6179,  0, 127, 127,  2,  SotT
P -40.1482, -489.3523, 3.6176,  0, 127, 127,  2,  SotT
P -101.5146, -602.0206, 3.6173,  0, 127, 127,  2,  SotT
