P 1159.9657, -443.8190, -2.8679,  127, 0, 0,  2,  Gothar
P -356.4429, -1549.3667, 4.4829,  127, 0, 0,  2,  Derein
P -722.8550, 1378.8738, 0.1010,  127, 0, 0,  2,  Seathir
P -1744.0000, -140.0000, -200.0000,  0, 0, 0,  1,  Mammoths
P 1391.0000, 28.0000, 8.0000,  0, 0, 0,  1,  war_wolfs
P 1650.0000, -594.0000, 101.0000,  0, 127, 0,  3,  Raid_instance
P 1140.0000, -790.0000, 90.0000,  127, 64, 0,  3,  citadel_building
P 833.0000, 1129.0000, 3.0000,  0, 0, 0,  1,  room_ahead_is_blocked
P 992.9219, -3869.4158, 450.4565,  0, 0, 0,  1,  Tome_of_Tribes(GS)
P 73.6684, 2500.7051, 24.2386,  127, 64, 0,  2,  (WL)Great_Bridge
P 2337.8157, -776.4914, 139.2262,  127, 64, 0,  2,  (WL)Arena
P 63.1484, -519.8423, 24.6506,  127, 64, 0,  2,  (WL)Lorekeeper's_Pulpit
P 574.6879, 1202.9004, 385.9676,  127, 64, 0,  2,  (WL)East_Guard_Tower
P -731.4637, 1174.3152, 385.6526,  127, 64, 0,  2,  (WL)West_Guard_Tower
P -662.4220, 2454.6458, -497.2187,  0, 0, 127,  2,  Wraithguard_Hunter_Grethmar
P 1113.2096, 426.8632, 1.8818,  127, 64, 0,  2,  The_Library
P 634.0000, 1257.0000, 291.0000,  127, 0, 0,  2,  Belgar__Captain_of_the_Wall
P 1120.2334, 2500.7002, -498.6422,  127, 0, 0,  2,  Whiteflame*
P 853.5040, 1720.8770, -0.2670,  0, 0, 127,  2,  Wraithguard_Lorekeeper_Malgar
P 802.9030, 1857.1963, 84.5867,  127, 64, 0,  2,  someone_that_knows_the_language
