P -1357.9130, -819.8702, 211.2175,  240, 0, 0,  2,  Azureflutter_(satin_laced_monarch)
P -1831.3147, -796.3022, 114.0559,  240, 0, 0,  2,  Azureflutter_*
P -1707.0497, -1305.5829, 86.7146,  240, 0, 0,  2,  Azureflutter
P -1146.0696, -353.5925, 85.2462,  240, 0, 0,  2,  Azureflutter_*
P -1879.0337, -1418.9341, 231.7230,  240, 0, 0,  2,  Azureflutter_*
P -2378.2122, -1363.2793, 365.6173,  240, 0, 0,  2,  Azureflutter
P 2725.1592, 94.7735, 14.2424,  240, 0, 0,  2,  Chromaire_(bloated)
P 1385.6675, 625.7916, 50.7275,  240, 0, 0,  2,  Chromaire
P 1100.0000, 501.9016, 70.2845,  240, 0, 0,  2,  Chromaire
P 846.8939, 694.4647, 74.7263,  240, 0, 0,  2,  Chromaire
P 1543.5535, -1700.6138, -380.8579,  240, 0, 0,  2,  Chromaire_*
P 1385.8224, -1555.5630, -375.7022,  240, 0, 0,  2,  Chromaire_*
P -2063.5105, -2057.6956, 112.9359,  240, 0, 0,  2,  Corax_(supercharged_sentinel)
P -958.3011, -1585.4186, 107.8439,  240, 0, 0,  2,  Corax_*
P 610.7968, 1713.4944, -272.3026,  240, 0, 0,  2,  Corax
P 1095.9540, 1541.5635, -283.1397,  240, 0, 0,  2,  Corax
P 249.7976, 972.6246, -309.6539,  240, 0, 0,  2,  Corax_*
P -104.3035, -1627.3582, 322.3574,  240, 0, 0,  2,  Corax
P 984.3124, 1194.8810, -351.3989,  240, 0, 0,  2,  Forlien_(supercharged_battlemage)
P 81.4654, -1056.4717, 126.1024,  240, 0, 0,  2,  Forlien
P 645.5413, 1516.0303, -290.1824,  240, 0, 0,  2,  Forlien_*
P 811.0137, -260.5154, 143.1608,  240, 0, 0,  2,  Iridesca_(wide_swipping)
P 1844.2216, -1711.6681, 346.3044,  240, 0, 0,  2,  Iridesca_*
P 1217.1106, -597.4034, 290.0891,  240, 0, 0,  2,  Iridesca_*
P 830.4752, -2059.5850, 267.0700,  240, 0, 0,  2,  Iridesca_*
P 1668.8949, -1803.1167, 344.7339,  240, 0, 0,  2,  Iridesca_*
P 976.9871, -611.4881, 155.0426,  240, 0, 0,  2,  Iridesca_*
P -2310.0818, 1750.1443, 50.8015,  240, 0, 0,  2,  NeuroKraken_(curadrone)
P -1513.9469, 1023.9235, -109.9875,  240, 0, 0,  2,  NeuroKraken_*
P -1090.8672, 2136.6055, 167.3447,  240, 0, 0,  2,  NeuroKraken_*
P -803.6649, 1293.5508, 324.0204,  240, 0, 0,  2,  NeuroKraken
P -1274.8289, 1803.9109, 170.0299,  240, 0, 0,  2,  OctoXecutor_(octodrone)
P -861.1823, 1335.1133, -213.9599,  240, 0, 0,  2,  OctoXecutor
P -1267.8018, 861.6808, -4.5355,  240, 0, 0,  2,  Octoxecutor
P -2005.2079, 1801.7421, 32.4043,  240, 0, 0,  2,  OctoXecutor_*
P -703.1902, 1846.8904, -292.9543,  240, 0, 0,  2,  OctoXecutor
P 1319.3429, -1344.7682, 23.4110,  240, 0, 0,  2,  Stormstomper_(hulk)
P 1205.4246, -1850.9468, 23.4185,  240, 0, 0,  2,  Stormstomper_*
P 643.8466, -1191.0956, 23.4337,  240, 0, 0,  2,  Stormstomper_*
P 1311.8733, -1870.0387, 23.4082,  240, 0, 0,  2,  Stormstomper_*
P 2168.0076, -719.9626, 192.4663,  240, 0, 0,  2,  Stormstomper_*
P 1560.3855, -403.2972, 195.6858,  240, 0, 0,  2,  Stormstomper_*
P 739.2682, -1551.6255, 23.8413,  240, 0, 0,  2,  Torrentclaw_(shredder)
P 658.4401, -1419.5525, 23.8477,  240, 0, 0,  2,  Torrentclaw*
P 2220.4500, -764.9604, 192.2018,  240, 0, 0,  2,  Torrentclaw_*
P 2258.7471, -336.1865, 192.8630,  240, 0, 0,  2,  Torrentclaw_*
P 1178.7212, -1359.5094, 23.8264,  240, 0, 0,  2,  Torrentclaw_*
P -72.1135, 1066.5862, -310.7191,  240, 0, 0,  2,  Forlien
P 880.1382, 1271.5806, -319.5772,  240, 0, 0,  2,  Forlien_*
P -743.2155, -1537.2157, 132.2283,  240, 0, 0,  2,  Forlien
