P -1033.8019, -462.7770, 56.7425,  127, 64, 0,  3,  Cloth_Area
P -18.7307, -765.4986, 44.2296,  127, 64, 0,  3,  Frozen_Area
P 770.3735, -587.6492, 73.7343,  127, 64, 0,  3,  Luiquid_Area
P 2168.8313, 503.8447, 87.1930,  127, 64, 0,  3,  Feather_Storm_Area
P 336.6213, 784.4774, -311.7428,  127, 64, 0,  3,  Greyscale_Area
P -581.9568, 886.7828, 221.5678,  127, 64, 0,  3,  Biomechanical_Area
P -1556.3019, -2059.1304, 92.6979,  127, 64, 0,  2,  Magic_Imbued_Area
P -1647.9502, -2345.2852, 41.9981,  0, 0, 0,  2,  Magic_Crystal
P -1822.5756, -2220.8135, 14.5579,  0, 0, 0,  2,  M_C
P -1851.3604, -2010.1919, 14.9106,  0, 0, 0,  2,  M_C
P -1891.5011, -1933.3893, 44.1667,  0, 0, 0,  2,  M_C
P -1796.9495, -1861.0387, 64.9582,  0, 0, 0,  2,  M_C
P -1550.9043, -1797.6941, 39.6506,  0, 0, 0,  2,  M_C
P -1357.6449, -1824.7029, 8.6508,  0, 0, 0,  2,  M_C
P -1154.2582, -1965.3925, -6.8732,  0, 0, 0,  2,  M_C
P -1215.2129, -2124.8096, -19.5431,  0, 0, 0,  2,  M_C
P -1523.7892, -2313.9297, 28.3166,  0, 0, 0,  2,  M_C
P -1640.5680, -1248.9717, 113.5073,  127, 64, 0,  2,  Find_a_shade
P 450.8713, -1758.2256, 912.9534,  0, 0, 0,  2,  Highest_Peak_to_wandering_shade_island
P -759.5211, -2573.1448, 721.5432,  0, 0, 127,  2,  a_wandering_shade_*
P -1775.5741, -1208.1343, 127.4132,  0, 0, 127,  2,  a_drifting_shade_(Cloth)
P -791.0980, 1394.0790, 323.9250,  0, 0, 127,  2,  a_drifting_shade_(Geiger)
P 1817.8766, -1965.7333, 347.5940,  0, 0, 127,  2,  a_drifting_shade_*_(Liquid)
P -595.9435, 973.0836, 227.5753,  127, 64, 0,  2,  Find_a_Shade
P 254.2421, 676.4539, -296.2870,  127, 64, 0,  2,  Find_a_Shade
P 340.5594, 1138.8102, -359.9310,  0, 0, 127,  2,  a_drifting_shade_(Greyscale)
P 2617.8877, 525.8904, 54.0125,  127, 64, 0,  2,  Find_a_Shade
P 2912.9463, 188.1345, 66.8139,  0, 0, 127,  2,  a_drifting_shade_(Feather)
P 1534.5730, -1370.9800, 354.8799,  127, 64, 0,  2,  Find_a_Shade
P 96.2204, -2449.2449, -43.7736,  127, 64, 0,  2,  Find_the_Place
P -183.4586, -2651.7107, 743.5723,  255, 0, 255,  2,  Elevator
P 92.3220, -2482.3816, -11.4147,  255, 0, 255,  2,  Elevator
P -2253.5098, -1278.1951, 248.9834,  127, 64, 0,  2,  Broken_Platform
P 1700.2117, -1532.3618, -380.5266,  127, 64, 0,  2,  Far_Nest
P -553.3111, -2590.8677, 720.0131,  127, 64, 0,  2,  The_Needle
P -703.7372, 1071.4662, 227.7200,  0, 0, 0,  2,  Wriggling_Colloidal_Filament
P -1718.8661, 1850.4323, 11.9373,  0, 0, 0,  2,  WCF
P -1737.8230, -42.2889, -181.7749,  0, 0, 0,  2,  WCF
P -1737.8633, 221.7822, -180.8105,  0, 0, 0,  2,  WCF
P -574.6505, 1234.3838, 227.8757,  0, 0, 0,  2,  WCF
