P 2978.0000, 3017.0000, 0.0000,  127, 64, 0,  2,  Dragon_Portal
P 1408.0000, 3040.0000, 0.0000,  127, 64, 0,  2,  Rock_People_Lair
P -2044.0000, 3394.0000, 0.0000,  127, 64, 0,  2,  Holgesh_Lair
P -1447.0000, -1857.0000, 0.0000,  127, 0, 0,  2,  Lady_Gelestial
P 39.0000, -1726.0000, 0.0000,  127, 64, 0,  2,  Sifaye_Village
P -3942.1807, -397.1698, 23.3769,  0, 0, 127,  2,  Lantaric'Dar(Brd_Pre/1.5)
P -721.8429, -2417.1741, -43.8262,  127, 0, 0,  2,  a_giant_messenger*(Brd_Pre1.5)
P 3208.5869, 521.1794, -209.4835,  127, 0, 0,  2,  a_giant_messenger*
P 1017.4598, -2254.3257, -127.8222,  0, 0, 127,  2,  Alaurin*(Ench2.0)
P -3.4735, 2502.7615, -8.5187,  127, 0, 0,  2,  a_luminescent_geonid(Ench2.0)
P 4037.8892, 738.5522, -185.5033,  127, 0, 0,  2,  Frostgiant_Overseer
P 1596.5439, -1098.3176, -173.6052,  127, 0, 0,  2,  a_giant_herald*(Brd_Pre-Q)
P -391.7830, 2504.8909, -9.7479,  127, 0, 0,  2,  Cristoc_Bonethug(Brd_Pre-Q)
P -762.5760, 3082.4805, 25.1780,  0, 0, 127,  2,  Scout_Leader_Plavo(Cle1.5)
P -1749.2985, -528.9248, -188.9775,  127, 0, 0,  2,  a_giant_herald
P 901.4478, 836.9716, -170.8106,  127, 0, 0,  2,  a_giant_herald
