P -1250.0000, 950.0000, 0.0000,  127, 64, 0,  2,  Giant_Fort
P 0.0000, -3000.0000, 0.0000,  127, 64, 0,  2,  Goblin_Fort
P -2075.4800, -1557.9839, 174.6839,  127, 64, 0,  2,  Goblins
P 2130.6475, -3264.4800, -27.7400,  127, 64, 0,  2,  Goblins
P 2489.8560, -3779.8301, -27.8690,  127, 64, 0,  2,  Iksar_Bandits
P -4184.7568, 1369.9529, 548.8318,  127, 64, 0,  2,  Iksar_Bandits
P -2625.9917, 900.4789, 260.7780,  127, 64, 0,  2,  Iksar_Bandits
P 123.0000, -2247.0000, 0.0000,  127, 64, 0,  2,  Goblins
P 2839.0000, -2813.0000, 0.0000,  127, 64, 0,  2,  Iksar_Bandits
P -3707.0000, 1517.0000, 0.0000,  127, 64, 0,  2,  Iksar_Bandits
P -2456.0000, -603.0000, 0.0000,  127, 64, 0,  2,  Bandit_Lord
P -3297.0000, 2891.0000, 0.0000,  127, 64, 0,  2,  Open_Valley
P -958.0000, 2052.0000, 0.0000,  127, 64, 0,  2,  Goblin_Pond
P -1454.0000, 2273.0000, 0.0000,  127, 64, 0,  2,  Iksar_Bandit_Caves
P -628.2762, -176.2177, -78.7663,  0, 0, 127,  2,  Lurking_Hopeful(Ber1.0)
P -263.7366, -699.8088, -203.8953,  127, 0, 0,  2,  Raving_Goblinmaster(Ber1.0)
P -755.7838, -3085.7085, -20.4548,  0, 0, 240,  2,  Xarezia_Dru'Shiv
P -401.8756, -4012.8909, -209.1600,  0, 0, 240,  2,  Ssolet_Dnaas
P 2465.7576, -3831.1792, -24.7150,  0, 0, 127,  2,  Silliv_'Host
P 418.6757, 1384.2899, 196.6494,  0, 0, 127,  2,  Drakigone_Bruann
P -2186.6929, 3360.6836, -22.4631,  0, 0, 127,  2,  Karrenabell_Joonan
P 583.9570, 2208.6956, 297.4705,  0, 0, 240,  2,  Captain_Gideen
P 3459.7527, -3030.8782, -149.3759,  127, 127, 0,  3,  Golden_Dagger
P -4618.8145, -2759.3206, -202.5365,  0, 0, 0,  1,  Meditation_Basket(GS(Wiz)
P 1131.7902, 1647.1493, 304.6616,  0, 0, 127,  2,  a_shady_goblin
