P 2311.4285, 3205.9026, -29.9727,  127, 0, 0,  2,  Sir_Elmonious_Falmont(Sk_1.5)
P -2307.4734, -889.2894, -23.5568,  127, 0, 0,  2,  Scout_Pirri(Clr_1.5)
P 2481.6702, -800.9189, -30.2222,  0, 0, 127,  2,  Vohnkare(Ench_1.5)
P -2829.4329, -3295.2393, -30.3948,  127, 0, 0,  2,  Disciple_of_Moon(Mnk_1.5)
P 638.3230, 1087.4258, -12.7195,  127, 0, 0,  2,  a_neuralgic_huntress*(Rng_1.5)
P -1877.6626, -4469.7637, -310.5319,  0, 0, 0,  2,  /say_Violet_Roses
P 90.5287, -4235.5269, -81.3281,  0, 0, 127,  2,  Diddugu(Bst_1.5)
P -1875.4081, -4477.8110, -309.7500,  0, 0, 127,  2,  a_Lost_Tomekeeper(Mage_1.5)
P 3532.4397, 3153.6116, 2.7919,  127, 0, 0,  2,  Tranala
P 3899.2537, 4702.9644, 30.8072,  0, 0, 127,  2,  Scout_Charisa
P 2923.5247, 4060.5928, -77.2770,  127, 0, 0,  2,  Julius_Oresko
P 2934.9976, 4045.5359, -77.2880,  127, 0, 0,  2,  Grenth_Drakebane
P 1915.2533, 3825.8931, -64.3076,  127, 0, 0,  2,  Rontar_O'Karn
P 1887.4690, 3840.7830, -63.9795,  127, 0, 0,  2,  Sadeem_Oujva
P -2778.4873, 1827.3353, 16.7969,  0, 127, 127,  2,  Laveer_Krass_(27th)
P -2348.7231, -1271.1071, -69.9866,  0, 127, 127,  2,  Search_party
P -1846.8904, -2126.1072, -50.3997,  0, 127, 127,  2,  Someone_in_charge
P 729.7202, -1567.5175, -7.8657,  0, 127, 127,  2,  a_crystal_Pylon
P 597.8863, -1385.4485, -20.7058,  0, 127, 127,  2,  a_crystal_Pylon
P 581.5116, -1295.6476, -20.9038,  0, 127, 127,  2,  a_crystal_Pylon
