L 1240.6160, 329.5111, 1217.9569,  1262.2429, 365.7097, 1217.1417,  64, 64, 64
L 1262.2429, 365.7097, 1217.1417,  1272.6349, 402.6927, 1217.2450,  64, 64, 64
L 1272.6349, 402.6927, 1217.2450,  1298.4961, 435.2049, 1217.2133,  64, 64, 64
L 1298.4961, 435.2049, 1217.2133,  1321.9965, 469.4707, 1217.2782,  64, 64, 64
L 1321.9965, 469.4707, 1217.2782,  1351.5676, 501.3458, 1217.2732,  64, 64, 64
L 1351.5676, 501.3458, 1217.2732,  1393.8761, 495.9182, 1217.7018,  64, 64, 64
L 1393.8761, 495.9182, 1217.7018,  1436.5354, 483.6985, 1217.6332,  64, 64, 64
L 1436.5354, 483.6985, 1217.6332,  1478.9154, 476.6161, 1217.2694,  64, 64, 64
L 1478.9154, 476.6161, 1217.2694,  1523.3367, 474.2422, 1218.7350,  64, 64, 64
L 1523.3367, 474.2422, 1218.7350,  1564.8279, 462.2106, 1219.6554,  64, 64, 64
L 1564.8279, 462.2106, 1219.6554,  1603.2626, 440.2418, 1219.5907,  64, 64, 64
L 1603.2626, 440.2418, 1219.5907,  1647.6790, 434.3673, 1219.2219,  64, 64, 64
L 1647.6790, 434.3673, 1219.2219,  1685.6790, 409.7037, 1217.3053,  64, 64, 64
L 1685.6790, 409.7037, 1217.3053,  1729.2886, 405.8740, 1217.1117,  64, 64, 64
L 1729.2886, 405.8740, 1217.1117,  1765.5236, 378.1050, 1217.9569,  64, 64, 64
L 1765.5236, 378.1050, 1217.9569,  1773.8479, 336.4520, 1217.1128,  64, 64, 64
L 1773.8479, 336.4520, 1217.1128,  1751.2671, 302.1515, 1217.1266,  64, 64, 64
L 1751.2671, 302.1515, 1217.1266,  1745.8231, 263.1530, 1217.1538,  64, 64, 64
L 1745.8231, 263.1530, 1217.1538,  1734.8108, 226.6413, 1219.5238,  64, 64, 64
L 1734.8108, 226.6413, 1219.5238,  1733.6843, 185.5000, 1219.4951,  64, 64, 64
L 1733.6843, 185.5000, 1219.4951,  1711.5509, 112.3910, 1217.2122,  64, 64, 64
L 1711.5509, 112.3910, 1217.2122,  1690.9701, 76.8723, 1217.1228,  64, 64, 64
L 1690.9701, 76.8723, 1217.1228,  1673.9413, 41.4262, 1217.9569,  64, 64, 64
L 1673.9413, 41.4262, 1217.9569,  1654.7454, 7.4842, 1217.9569,  64, 64, 64
L 1654.7454, 7.4842, 1217.9569,  1611.2960, 8.7734, 1217.9569,  64, 64, 64
L 1611.2960, 8.7734, 1217.9569,  1569.8197, 20.8770, 1217.9569,  64, 64, 64
L 1569.8197, 20.8770, 1217.9569,  1524.8911, 20.4821, 1217.1249,  64, 64, 64
L 1524.8911, 20.4821, 1217.1249,  1481.7589, 32.6090, 1217.1189,  64, 64, 64
L 1481.7589, 32.6090, 1217.1189,  1438.7617, 35.4343, 1217.1183,  64, 64, 64
L 1438.7617, 35.4343, 1217.1183,  1356.3416, 60.1780, 1217.2371,  64, 64, 64
L 1356.3416, 60.1780, 1217.2371,  1317.2551, 81.6326, 1217.1248,  64, 64, 64
L 1317.2551, 81.6326, 1217.1248,  1278.1840, 97.1214, 1217.9569,  64, 64, 64
L 1278.1840, 97.1214, 1217.9569,  1241.8340, 131.4750, 1217.9569,  64, 64, 64
L 1241.8340, 131.4750, 1217.9569,  1218.2306, 177.5968, 1217.9569,  64, 64, 64
L 1218.2306, 177.5968, 1217.9569,  1232.6956, 213.8601, 1217.1259,  64, 64, 64
L 1232.6956, 213.8601, 1217.1259,  1228.1161, 255.2060, 1217.9569,  64, 64, 64
L 1228.1161, 255.2060, 1217.9569,  1240.6160, 329.5111, 1217.9569,  64, 64, 64
L 1424.1812, 277.7737, 1241.6937,  1414.5188, 277.5495, 1241.1442,  0, 0, 0
L 1424.2551, 277.8007, 1241.7051,  1424.2511, 305.2260, 1239.8867,  0, 0, 0
L 1424.2511, 305.2260, 1239.3458,  1486.6663, 341.5880, 1238.3408,  0, 0, 0
L 1486.6663, 341.5880, 1237.4330,  1549.7240, 305.2330, 1237.7368,  0, 0, 0
L 1549.7240, 305.2330, 1236.4722,  1549.7339, 232.9594, 1236.4011,  0, 0, 0
L 1549.7339, 232.9594, 1235.4789,  1486.6638, 196.9420, 1238.1963,  0, 0, 0
L 1486.6638, 196.9420, 1238.6205,  1424.2520, 232.9583, 1238.9391,  0, 0, 0
L 1424.2548, 258.8498, 1240.8131,  1414.6898, 258.9105, 1241.2200,  0, 0, 0
L 1424.2554, 258.8496, 1240.8134,  1424.2520, 232.9583, 1239.5232,  0, 0, 0
L 1433.4249, 262.9008, 1244.4069,  1433.5519, 238.3994, 1244.4070,  0, 0, 0
L 1433.5519, 238.3994, 1244.4070,  1486.8975, 207.3091, 1244.4069,  0, 0, 0
L 1486.8975, 207.3091, 1244.4070,  1540.7384, 238.4004, 1244.4070,  0, 0, 0
L 1540.7384, 238.4004, 1244.4071,  1540.7396, 300.5661, 1244.4070,  0, 0, 0
L 1540.7396, 300.5661, 1244.4071,  1486.8969, 331.6575, 1244.4070,  0, 0, 0
L 1486.8969, 331.6575, 1244.4070,  1433.5850, 300.5724, 1244.4071,  0, 0, 0
L 1433.5850, 300.5724, 1244.4070,  1433.4800, 275.1166, 1244.4069,  0, 0, 0
L 1433.4249, 262.9008, 1248.4220,  1436.5923, 262.8983, 1248.4220,  0, 0, 0
L 1433.4800, 275.1166, 1248.4220,  1436.5858, 275.1125, 1248.4220,  0, 0, 0
L 1436.5858, 275.1125, 1247.7659,  1436.5852, 298.7121, 1247.7660,  0, 0, 0
L 1436.5852, 298.7121, 1247.7660,  1486.5955, 327.6125, 1247.7660,  0, 0, 0
L 1486.5955, 327.6125, 1247.7660,  1536.6771, 298.7305, 1247.7660,  0, 0, 0
L 1536.6771, 298.7305, 1247.7660,  1536.6770, 240.9576, 1247.7660,  0, 0, 0
L 1536.6770, 240.9576, 1247.7660,  1486.5657, 212.9080, 1247.7660,  0, 0, 0
L 1486.5657, 212.9080, 1247.7660,  1436.6044, 240.9326, 1247.7660,  0, 0, 0
L 1436.6044, 240.9326, 1247.7660,  1436.5923, 262.8983, 1247.7659,  0, 0, 0
L 1472.8594, 268.9714, 1247.7664,  1481.2620, 282.7357, 1247.7664,  0, 0, 0
L 1481.2620, 282.7357, 1247.7664,  1497.3821, 282.3403, 1247.7664,  0, 0, 0
L 1497.3821, 282.3403, 1247.7664,  1505.9800, 268.1834, 1247.7664,  0, 0, 0
L 1505.9800, 268.1834, 1247.7664,  1496.6929, 254.4177, 1247.7664,  0, 0, 0
L 1496.6929, 254.4177, 1247.7664,  1480.5778, 254.8170, 1247.7664,  0, 0, 0
L 1480.5778, 254.8170, 1247.7664,  1472.8594, 268.9714, 1247.7664,  0, 0, 0
L 1317.1995, 738.5058, 1007.2480,  1346.5122, 747.2670, 1006.8478,  0, 0, 0
L 1346.5122, 747.2670, 1006.8478,  1371.1681, 726.2856, 1006.2623,  0, 0, 0
L 1371.1681, 726.2856, 1006.2623,  1364.1337, 694.7599, 1006.7480,  0, 0, 0
L 1364.1337, 694.7599, 1006.7480,  1333.5796, 685.2599, 1006.2281,  0, 0, 0
L 1333.5796, 685.2599, 1006.2281,  1310.8739, 706.4606, 1006.5703,  0, 0, 0
L 1310.8739, 706.4606, 1006.5703,  1317.8113, 737.1141, 1007.5984,  0, 0, 0
L 1327.1394, 728.2787, 1007.2078,  1344.3422, 734.1812, 1007.2078,  0, 0, 0
L 1344.3422, 734.1812, 1007.2078,  1357.7388, 721.8773, 1007.2078,  0, 0, 0
L 1357.7388, 721.8773, 1007.2078,  1353.5651, 704.5821, 1007.2078,  0, 0, 0
L 1353.5651, 704.5821, 1007.2078,  1336.6372, 698.8926, 1007.2078,  0, 0, 0
L 1336.6372, 698.8926, 1007.2078,  1323.5020, 710.7930, 1007.2078,  0, 0, 0
L 1323.5020, 710.7930, 1007.2078,  1327.1394, 728.2787, 1007.2078,  0, 0, 0
L -312.9479, -1337.3073, -686.9351,  -316.3710, -1379.4004, -686.9303,  64, 64, 64
L -465.4748, -1614.8773, -686.9283,  -432.3625, -1581.7102, -686.9202,  0, 0, 0
L -465.4748, -1614.8773, -686.9076,  -485.8396, -1639.1930, -686.9156,  0, 0, 0
L -485.8396, -1639.1930, -686.9156,  -513.1414, -1668.7599, -686.9352,  0, 0, 0
L -557.7535, -1655.7837, -686.9352,  -593.3536, -1634.5330, -686.9161,  0, 0, 0
L -557.7535, -1655.7837, -686.9352,  -513.1414, -1668.7599, -686.9352,  0, 0, 0
L -1086.3800, -379.3922, 6.6933,  -1094.2874, -365.2853, 6.6933,  64, 64, 64
L -1094.2874, -365.2853, 6.6933,  -1110.5181, -365.3390, 6.6933,  64, 64, 64
L -1110.5181, -365.3390, 6.6933,  -1118.6237, -378.9898, 6.6933,  64, 64, 64
L -1118.6237, -378.9898, 6.6933,  -1110.7194, -393.7740, 6.6933,  64, 64, 64
L -1110.7194, -393.7740, 6.6933,  -1094.5204, -393.9850, 6.6933,  64, 64, 64
L -1094.5204, -393.9850, 6.6933,  -1086.3800, -379.3922, 6.6933,  64, 64, 64
L -1104.7936, -372.1247, 9.9614,  -1096.2798, -372.1222, 9.9614,  0, 0, 0
L -1096.2798, -372.1222, 9.9614,  -1092.2531, -379.4931, 9.9614,  0, 0, 0
L -1092.2531, -379.4931, 9.9614,  -1096.2786, -386.8657, 9.9614,  0, 0, 0
L -1096.2786, -386.8657, 9.9614,  -1104.7936, -386.8663, 9.9614,  0, 0, 0
L -1104.7936, -386.8663, 9.9614,  -1109.4850, -379.4927, 9.9614,  0, 0, 0
L -1109.4850, -379.4927, 9.9614,  -1104.7936, -372.1247, 9.9614,  0, 0, 0
L -1014.4701, -387.7067, -5.1153,  -1037.5269, -387.7062, -1.9970,  64, 64, 64
L -1014.4759, -367.1267, -6.5380,  -1037.5459, -367.1252, -4.4065,  64, 64, 64
L -1197.6051, -434.1788, -6.9907,  -1203.5452, -465.6071, -12.8499,  64, 64, 64
L -1203.5452, -465.6071, -12.8499,  -1179.8693, -487.2035, -12.1443,  64, 64, 64
L -1179.8693, -487.2035, -12.1443,  -1148.6218, -478.2232, -7.6345,  64, 64, 64
L -1148.6218, -478.2232, -7.6345,  -1142.5540, -446.2128, -1.3510,  64, 64, 64
L -1142.5540, -446.2128, -1.3510,  -1166.6486, -423.5294, 0.3958,  64, 64, 64
L -1197.6051, -434.1788, -7.2552,  -1166.6486, -423.5294, 0.5860,  64, 64, 64
L -1169.6780, -438.2253, -2.4594,  -1187.3187, -444.9120, -5.9146,  64, 64, 64
L -1187.3187, -444.9120, -5.9146,  -1190.5088, -461.5314, -9.3229,  64, 64, 64
L -1190.5088, -461.5314, -9.3229,  -1177.6093, -473.2180, -9.3696,  64, 64, 64
L -1177.6093, -473.2180, -9.3696,  -1161.8639, -468.1400, -6.3640,  64, 64, 64
L -1161.8639, -468.1400, -6.3640,  -1156.8274, -450.8638, -2.2915,  64, 64, 64
L -1156.8274, -450.8638, -2.2915,  -1169.6780, -438.2253, -0.4388,  64, 64, 64
L 410.2341, 37.9399, -363.6229,  487.6435, 23.8325, -363.6019,  64, 64, 64
L 487.6435, 23.8325, -363.6019,  525.8879, 13.8958, -363.6086,  64, 64, 64
L 525.8879, 13.8958, -363.6086,  603.4062, 14.2779, -361.1922,  64, 64, 64
L 603.4062, 14.2779, -361.1922,  642.4346, 24.1071, -361.1505,  64, 64, 64
L 642.4346, 24.1071, -361.1505,  681.2350, 23.5445, -363.5955,  64, 64, 64
L 681.2350, 23.5445, -363.5955,  720.7870, 30.5900, -363.6120,  64, 64, 64
L 720.7870, 30.5900, -363.6120,  759.2544, 18.8827, -363.6078,  64, 64, 64
L 759.2544, 18.8827, -363.6078,  797.7483, 38.1064, -363.6229,  64, 64, 64
L 797.7483, 38.1064, -363.6229,  813.8573, 81.2231, -363.6129,  64, 64, 64
L 813.8573, 81.2231, -363.6129,  804.6464, 124.3486, -363.4787,  64, 64, 64
L 804.6464, 124.3486, -363.4787,  817.2148, 167.5806, -361.4839,  64, 64, 64
L 817.2148, 167.5806, -361.4839,  810.3459, 210.6882, -361.1435,  64, 64, 64
L 810.3459, 210.6882, -361.1435,  820.8088, 254.8363, -361.1261,  64, 64, 64
L 820.8088, 254.8363, -361.1261,  820.4402, 297.3016, -362.6082,  64, 64, 64
L 820.4402, 297.3016, -362.6082,  809.7621, 341.9200, -363.4252,  64, 64, 64
L 809.7621, 341.9200, -363.4252,  804.6221, 383.9907, -363.4910,  64, 64, 64
L 804.6221, 383.9907, -363.4910,  804.6719, 427.3693, -363.5470,  64, 64, 64
L 804.6719, 427.3693, -363.5470,  797.8694, 469.9791, -363.5074,  64, 64, 64
L 797.8694, 469.9791, -363.5074,  759.6913, 489.5258, -363.4800,  64, 64, 64
L 759.6913, 489.5258, -363.4800,  720.1024, 502.4852, -363.5565,  64, 64, 64
L 720.1024, 502.4852, -363.5565,  681.6014, 518.5773, -363.5701,  64, 64, 64
L 681.6014, 518.5773, -363.5701,  642.5660, 518.6160, -363.6057,  64, 64, 64
L 642.5660, 518.6160, -363.6057,  604.5309, 527.5490, -363.6091,  64, 64, 64
L 604.5309, 527.5490, -363.6091,  565.8430, 527.3333, -363.6229,  64, 64, 64
L 565.8430, 527.3333, -363.6229,  527.9880, 518.7880, -363.6229,  64, 64, 64
L 527.9880, 518.7880, -363.6229,  487.2599, 502.6154, -363.6066,  64, 64, 64
L 487.2599, 502.6154, -363.6066,  448.4562, 506.8170, -363.6229,  64, 64, 64
L 448.4562, 506.8170, -363.6229,  410.1725, 470.7029, -363.6229,  64, 64, 64
L 410.1725, 470.7029, -363.6229,  388.4218, 426.2780, -363.6229,  64, 64, 64
L 388.4218, 426.2780, -363.6229,  385.3688, 383.9168, -363.5912,  64, 64, 64
L 385.3688, 383.9168, -363.5912,  375.2617, 341.3659, -363.6062,  64, 64, 64
L 375.2617, 341.3659, -363.6062,  375.5036, 255.1150, -363.5407,  64, 64, 64
L 375.5036, 255.1150, -363.5407,  385.2700, 212.1766, -363.6001,  64, 64, 64
L 385.2700, 212.1766, -363.6001,  385.3910, 167.8968, -363.6086,  64, 64, 64
L 385.3910, 167.8968, -363.6086,  398.3815, 124.6786, -363.6116,  64, 64, 64
L 398.3815, 124.6786, -363.6116,  397.9404, 81.2261, -363.6229,  64, 64, 64
L 397.9404, 81.2261, -363.6229,  410.2341, 37.9399, -363.6229,  64, 64, 64
L 555.3396, 439.7728, -363.6227,  546.7217, 472.4000, -363.6229,  64, 64, 64
L 546.7217, 472.4000, -363.6229,  569.6199, 495.1245, -363.6229,  64, 64, 64
L 569.6199, 495.1245, -363.6229,  601.7143, 486.9472, -362.8799,  64, 64, 64
L 601.7143, 486.9472, -362.8799,  609.5833, 455.3800, -362.9620,  64, 64, 64
L 609.5833, 455.3800, -362.9620,  587.3528, 431.1619, -362.6107,  64, 64, 64
L 587.3528, 431.1619, -362.6107,  555.3396, 439.7728, -363.6229,  64, 64, 64
L 565.6888, 450.8403, -362.3184,  561.2014, 468.7810, -362.3184,  64, 64, 64
L 561.2014, 468.7810, -362.3184,  573.7948, 480.9902, -362.3184,  64, 64, 64
L 573.7948, 480.9902, -362.3184,  591.2464, 475.8414, -362.3184,  64, 64, 64
L 591.2464, 475.8414, -362.3184,  596.1411, 458.7400, -362.2454,  64, 64, 64
L 596.1411, 458.7400, -362.2454,  583.1678, 446.3118, -362.3184,  64, 64, 64
L 583.1678, 446.3118, -362.3184,  565.6888, 450.8403, -362.3184,  64, 64, 64
L -314.5162, -591.5719, -58.8417,  -272.3260, -591.7010, -58.8417,  0, 0, 0
L -272.3260, -591.7010, -58.8417,  -272.3204, -681.9958, -58.8417,  0, 0, 0
L -272.3204, -681.9958, -58.8417,  -372.6472, -681.9723, -58.8417,  0, 0, 0
L -372.6472, -681.9723, -58.8417,  -372.6471, -591.7028, -58.8417,  0, 0, 0
L -372.6471, -591.7028, -58.8417,  -332.9218, -591.5679, -58.8417,  0, 0, 0
L -332.9218, -591.5679, -58.8417,  -332.9177, -599.6674, -58.8417,  0, 0, 0
L -365.6707, -599.6891, -58.8417,  -365.6711, -673.7551, -58.8417,  0, 0, 0
L -365.6711, -673.7551, -58.8417,  -279.2662, -673.7557, -58.8417,  0, 0, 0
L -279.2662, -673.7557, -58.8417,  -279.2760, -599.6645, -58.8417,  0, 0, 0
L -314.5162, -591.5719, -58.8417,  -314.5181, -599.6685, -58.8417,  0, 0, 0
L -332.9177, -599.6674, -58.8417,  -365.6707, -599.6675, -58.8417,  0, 0, 0
L -314.5181, -599.6685, -58.8417,  -279.2658, -599.6711, -58.8417,  0, 0, 0
L -299.9836, -551.1078, -79.9526,  -162.6672, -551.1077, -75.3661,  64, 64, 64
L -162.6672, -551.1077, -74.3118,  -237.7420, -713.5204, -79.9266,  64, 64, 64
L -237.7420, -713.5204, -80.2530,  -407.4900, -713.5199, -72.3079,  64, 64, 64
L -407.4900, -713.5199, -72.6499,  -482.1182, -551.1050, -77.6450,  64, 64, 64
L -482.1182, -551.1050, -76.7650,  -342.2355, -551.1085, -79.6968,  64, 64, 64
L -342.2355, -551.1085, -79.6968,  -342.2398, -490.8944, -78.6150,  64, 64, 64
L -300.4950, -491.1222, -76.8194,  -299.9341, -551.1086, -79.9528,  64, 64, 64
L -449.1197, -578.3895, -58.8417,  -441.6528, -582.6698, -58.8367,  0, 0, 0
L -441.6460, -591.2834, -58.8417,  -441.6528, -582.6698, -58.8417,  0, 0, 0
L -441.6460, -591.2834, -58.8417,  -449.1222, -595.6031, -58.8417,  0, 0, 0
L -449.1222, -595.6031, -58.8415,  -456.5654, -591.2875, -58.8417,  0, 0, 0
L -456.5654, -591.2875, -58.8417,  -456.5679, -582.6785, -58.8417,  0, 0, 0
L -456.5679, -582.6785, -58.8417,  -449.1197, -578.3895, -58.8417,  0, 0, 0
L -401.5106, -626.7758, -58.8417,  -394.5730, -631.5699, -58.8417,  0, 0, 0
L -394.5730, -631.5699, -58.8417,  -394.5680, -639.6570, -58.8417,  0, 0, 0
L -394.5680, -639.6570, -58.8417,  -401.4988, -643.9767, -58.8417,  0, 0, 0
L -401.4988, -643.9767, -58.8417,  -409.9620, -639.5923, -58.8417,  0, 0, 0
L -409.9620, -639.5923, -58.8417,  -408.9553, -631.3979, -58.8417,  0, 0, 0
L -408.9553, -631.3979, -58.8417,  -401.5106, -626.7758, -58.8417,  0, 0, 0
L -243.6243, -643.9774, -58.8417,  -251.6530, -639.6624, -58.8417,  0, 0, 0
L -251.6530, -639.6624, -58.8406,  -251.6770, -631.5370, -58.8417,  0, 0, 0
L -251.6770, -631.5370, -58.8417,  -243.6323, -626.7729, -58.8417,  0, 0, 0
L -243.6323, -626.7729, -58.8417,  -236.1786, -631.5690, -58.8417,  0, 0, 0
L -236.1786, -631.5690, -58.8417,  -236.1781, -639.6589, -58.8417,  0, 0, 0
L -236.1781, -639.6589, -58.8417,  -243.6243, -643.9774, -58.8417,  0, 0, 0
L -192.8426, -596.8490, -58.8417,  -200.2899, -592.5649, -58.8417,  0, 0, 0
L -200.2899, -592.5649, -58.8417,  -200.2932, -583.9679, -58.8417,  0, 0, 0
L -200.2932, -583.9679, -58.8417,  -192.8406, -579.6453, -58.8417,  0, 0, 0
L -192.8406, -579.6453, -58.8417,  -185.3969, -583.9595, -58.8417,  0, 0, 0
L -185.3969, -583.9595, -58.8417,  -185.3973, -592.5638, -58.8417,  0, 0, 0
L -185.3973, -592.5638, -58.8417,  -192.8426, -596.8490, -58.8417,  0, 0, 0
L -49.4487, -188.9266, -119.5966,  -115.3602, -149.3550, -119.6230,  64, 64, 64
L -189.2786, -123.7317, -119.6230,  -270.4834, -109.5878, -119.6063,  64, 64, 64
L -270.4834, -109.5878, -119.6063,  -332.8718, -65.1440, -119.6230,  64, 64, 64
L -332.8718, -65.1440, -119.6230,  -432.4970, -81.9140, -119.6230,  64, 64, 64
L -432.4970, -81.9140, -119.6230,  -510.5998, -130.4645, -119.6230,  64, 64, 64
L -510.5998, -130.4645, -119.6230,  -556.2018, -192.6613, -119.6230,  64, 64, 64
L -556.2018, -192.6613, -119.6230,  -614.2635, -251.4642, -119.5704,  64, 64, 64
L -614.2635, -251.4642, -119.5704,  -696.5461, -388.3625, -119.5498,  64, 64, 64
L -696.5461, -388.3625, -119.5498,  -721.2355, -466.9458, -119.6028,  64, 64, 64
L -721.2355, -466.9458, -119.6028,  -762.1855, -535.1033, -119.6046,  64, 64, 64
L -762.1855, -535.1033, -119.6046,  -781.2444, -617.5887, -119.6230,  64, 64, 64
L -781.2444, -617.5887, -119.6230,  -822.4990, -685.8691, -119.6230,  64, 64, 64
L -822.4990, -685.8691, -119.6230,  -843.6516, -765.4358, -119.6230,  64, 64, 64
L -843.6516, -765.4358, -119.6230,  -785.5193, -818.2028, -119.6013,  64, 64, 64
L -785.5193, -818.2028, -119.6013,  -726.7811, -867.1140, -119.6068,  64, 64, 64
L -726.7811, -867.1140, -119.6068,  -669.4855, -922.1001, -119.5615,  64, 64, 64
L -669.4855, -922.1001, -119.5615,  -538.5743, -1001.3130, -114.4125,  64, 64, 64
L -538.5743, -1001.3130, -114.4125,  -463.3795, -1024.8250, -114.3499,  64, 64, 64
L -463.3795, -1024.8250, -114.3499,  -397.7502, -1063.9083, -119.5426,  64, 64, 64
L -397.7502, -1063.9083, -119.5426,  -324.9886, -1094.1383, -119.6090,  64, 64, 64
L -324.9886, -1094.1383, -119.6090,  -270.5511, -1151.6360, -119.6075,  64, 64, 64
L -270.5511, -1151.6360, -119.6075,  -186.3187, -1159.8561, -119.6230,  64, 64, 64
L -186.3187, -1159.8561, -119.6230,  -118.4093, -1108.3032, -119.6132,  64, 64, 64
L -118.4093, -1108.3032, -119.6132,  -92.5695, -1031.4993, -119.6089,  64, 64, 64
L -92.5695, -1031.4993, -119.6089,  -30.5530, -975.2341, -115.1928,  64, 64, 64
L -30.5530, -975.2341, -115.1928,  -0.7371, -899.3617, -114.2913,  64, 64, 64
L -0.7371, -899.3617, -114.2913,  58.4543, -841.6819, -114.2823,  64, 64, 64
L 58.4543, -841.6819, -114.2823,  99.6360, -773.3401, -117.5930,  64, 64, 64
L 99.6360, -773.3401, -117.5930,  122.5481, -694.6132, -119.4788,  64, 64, 64
L 122.5481, -694.6132, -119.4788,  154.1587, -620.7913, -118.5858,  64, 64, 64
L 154.1587, -620.7913, -118.5858,  195.9814, -551.5365, -118.6191,  64, 64, 64
L 195.9814, -551.5365, -118.6191,  224.7374, -475.9449, -119.4634,  64, 64, 64
L 224.7374, -475.9449, -119.4634,  178.2144, -406.3775, -119.4562,  64, 64, 64
L 178.2144, -406.3775, -119.4562,  123.9993, -346.2671, -119.5574,  64, 64, 64
L 123.9993, -346.2671, -119.5574,  74.2554, -281.8879, -119.5880,  64, 64, 64
L 7.7460, -241.8826, -119.5457,  -49.4390, -188.6357, -119.6093,  64, 64, 64
L -115.3602, -149.3550, -119.6230,  -189.2605, -123.9389, -119.6230,  64, 64, 64
L 7.7460, -241.8826, -119.5567,  74.2554, -281.8879, -119.5717,  64, 64, 64
L -237.7520, -219.1922, -119.6229,  -206.2887, -205.2340, -119.6229,  64, 64, 64
L -206.2887, -205.2340, -119.6229,  -202.7729, -171.5558, -119.6229,  64, 64, 64
L -202.7729, -171.5558, -119.6229,  -229.2717, -151.4422, -118.4424,  64, 64, 64
L -229.2717, -151.4422, -118.4424,  -260.5840, -166.1400, -117.7721,  64, 64, 64
L -260.5840, -166.1400, -117.7721,  -264.3188, -199.2153, -117.4860,  64, 64, 64
L -264.3188, -199.2153, -117.4860,  -237.7520, -219.1922, -119.6229,  64, 64, 64
L -235.9033, -203.4219, -117.5832,  -218.8675, -195.7958, -117.5832,  64, 64, 64
L -218.8675, -195.7958, -117.5832,  -217.4497, -178.4870, -117.5832,  64, 64, 64
L -217.4497, -178.4870, -117.5832,  -232.1325, -167.3788, -117.5832,  64, 64, 64
L -232.1325, -167.3788, -117.5832,  -248.3487, -174.7886, -117.5832,  64, 64, 64
L -248.3487, -174.7886, -117.5832,  -249.9988, -193.2142, -117.5536,  64, 64, 64
L -249.9988, -193.2142, -117.5536,  -235.9033, -203.4219, -117.4007,  64, 64, 64
L 805.3563, -1311.4203, 123.5962,  882.4210, -1377.6948, 123.5956,  64, 64, 64
L 882.4210, -1377.6948, 123.5956,  978.9124, -1421.3831, 123.5956,  64, 64, 64
L 978.9124, -1421.3831, 123.5956,  1057.7570, -1359.3502, 123.5956,  64, 64, 64
L 1057.7570, -1359.3502, 123.5956,  1133.2334, -1293.6150, 123.6238,  64, 64, 64
L 1133.2334, -1293.6150, 123.6238,  1215.1764, -1233.8976, 123.6174,  64, 64, 64
L 1215.1764, -1233.8976, 123.6174,  1343.9109, -1082.9763, 128.6042,  64, 64, 64
L 1343.9109, -1082.9763, 128.6042,  1390.9180, -993.2842, 128.5910,  64, 64, 64
L 1390.9180, -993.2842, 128.5910,  1453.8773, -918.4600, 123.6683,  64, 64, 64
L 1453.8773, -918.4600, 123.6683,  1507.9612, -832.1299, 123.6059,  64, 64, 64
L 1507.9612, -832.1299, 123.6059,  1592.9628, -774.7943, 123.6025,  64, 64, 64
L 1592.9628, -774.7943, 123.6025,  1621.1511, -669.3478, 123.5956,  64, 64, 64
L 1621.1511, -669.3478, 123.5956,  1570.2404, -571.7114, 123.5986,  64, 64, 64
L 1570.2404, -571.7114, 123.5986,  1476.7238, -521.8631, 123.7052,  64, 64, 64
L 1476.7238, -521.8631, 123.7052,  1419.5369, -430.6191, 127.7681,  64, 64, 64
L 1419.5369, -430.6191, 127.7681,  1329.1729, -377.5095, 128.6418,  64, 64, 64
L 1329.1729, -377.5095, 128.6418,  1268.1564, -289.7305, 128.6658,  64, 64, 64
L 1268.1564, -289.7305, 128.6658,  1190.9324, -223.6418, 125.4321,  64, 64, 64
L 1190.9324, -223.6418, 125.4321,  1093.9458, -176.3928, 123.7154,  64, 64, 64
L 1093.9458, -176.3928, 123.7154,  1007.1218, -120.3717, 124.5574,  64, 64, 64
L 1007.1218, -120.3717, 124.5574,  928.6060, -53.2319, 124.5756,  64, 64, 64
L 928.6060, -53.2319, 124.5756,  838.3685, 0.6200, 123.6713,  64, 64, 64
L 838.3685, 0.6200, 123.6713,  739.4470, -44.7715, 123.7043,  64, 64, 64
L 739.4470, -44.7715, 123.7043,  652.1367, -100.7395, 123.6461,  64, 64, 64
L 652.1367, -100.7395, 123.6461,  559.2983, -150.7784, 123.6403,  64, 64, 64
L 559.2983, -150.7784, 123.6403,  495.2420, -225.9391, 123.6543,  64, 64, 64
L 495.2420, -225.9391, 123.6543,  414.5754, -287.4997, 123.6098,  64, 64, 64
L 414.5754, -287.4997, 123.6098,  350.2182, -362.9759, 123.5956,  64, 64, 64
L 350.2182, -362.9759, 123.5956,  302.7875, -451.5319, 123.5956,  64, 64, 64
L 302.7875, -451.5319, 123.5956,  266.6252, -552.2768, 123.5957,  64, 64, 64
L 266.6252, -552.2768, 123.5957,  196.6217, -621.8246, 123.5956,  64, 64, 64
L 196.6217, -621.8246, 123.5956,  196.4235, -752.1349, 123.5956,  64, 64, 64
L 196.4235, -752.1349, 123.5956,  242.1348, -862.2555, 123.5956,  64, 64, 64
L 242.1348, -862.2555, 123.5956,  311.6956, -933.6575, 123.5964,  64, 64, 64
L 311.6956, -933.6575, 123.5964,  374.7870, -1019.8572, 123.6873,  64, 64, 64
L 374.7870, -1019.8572, 123.6873,  530.9103, -1154.6189, 123.6157,  64, 64, 64
L 530.9103, -1154.6189, 123.6157,  625.5143, -1202.5153, 123.6090,  64, 64, 64
L 625.5143, -1202.5153, 123.6090,  703.1100, -1269.7500, 123.6071,  64, 64, 64
L 703.5475, -1269.4124, 123.6077,  805.3563, -1311.4203, 123.5956,  64, 64, 64
L 665.6250, -804.5020, 161.9560,  601.1367, -840.9717, 157.5740,  64, 64, 64
L 601.1367, -840.9717, 156.6719,  537.1951, -804.8010, 156.6023,  64, 64, 64
L 537.1951, -804.8010, 157.1707,  537.1923, -777.2068, 159.4269,  64, 64, 64
L 537.1923, -777.2068, 159.4269,  513.4980, -777.1879, 157.6067,  64, 64, 64
L 513.4449, -756.6592, 160.8610,  537.1879, -756.6013, 161.3170,  64, 64, 64
L 537.1879, -756.6013, 161.3170,  537.1774, -730.2527, 160.7025,  64, 64, 64
L 537.1774, -730.2527, 160.6365,  601.8510, -693.3297, 160.2408,  64, 64, 64
L 601.8510, -693.3297, 160.2502,  665.3340, -730.2204, 166.8420,  64, 64, 64
L 665.3340, -730.2204, 165.6690,  665.6250, -804.5020, 161.9560,  64, 64, 64
L 551.3300, -773.2508, 172.4889,  547.5099, -773.2504, 172.4889,  0, 0, 0
L 547.5099, -773.2504, 169.5514,  547.5149, -797.7468, 169.5515,  0, 0, 0
L 547.5149, -797.7468, 169.5517,  601.3574, -828.8396, 169.5515,  0, 0, 0
L 601.3574, -828.8396, 169.5517,  655.1946, -797.7471, 169.5515,  0, 0, 0
L 655.1946, -797.7471, 169.5514,  655.1964, -735.5710, 169.5515,  0, 0, 0
L 655.1964, -735.5710, 169.5517,  601.3555, -704.4941, 169.5514,  0, 0, 0
L 601.3555, -704.4941, 169.5514,  547.5167, -735.5677, 169.5515,  0, 0, 0
L 547.5167, -735.5677, 169.5514,  547.5071, -761.3329, 169.5514,  0, 0, 0
L 547.5071, -761.3329, 172.4889,  551.4430, -761.3799, 172.4889,  0, 0, 0
L 551.4430, -761.3799, 171.8482,  551.4430, -737.4551, 171.8482,  0, 0, 0
L 551.4430, -737.4551, 171.8482,  601.3250, -708.5488, 171.8483,  0, 0, 0
L 601.3250, -708.5488, 171.8483,  651.1354, -737.4583, 171.8483,  0, 0, 0
L 651.1354, -737.4583, 171.8483,  651.1355, -795.1620, 171.8483,  0, 0, 0
L 651.1355, -795.1620, 171.8483,  601.9800, -824.5259, 171.8483,  0, 0, 0
L 601.9800, -824.5259, 171.8483,  551.9880, -795.2380, 171.8483,  0, 0, 0
L 551.9880, -795.2380, 171.8483,  551.3300, -773.2508, 171.8483,  0, 0, 0
L 588.9679, -767.8881, 171.8483,  596.6992, -782.8180, 171.8483,  64, 64, 64
L 613.2289, -782.9050, 171.8483,  621.2042, -768.6802, 171.8483,  64, 64, 64
L 621.2042, -768.6802, 171.8483,  613.5656, -754.6671, 171.8483,  64, 64, 64
L 588.9679, -767.8881, 171.8483,  597.4390, -754.6606, 171.8483,  64, 64, 64
L 613.5656, -754.6671, 171.8482,  597.4390, -754.6606, 171.8483,  64, 64, 64
L 596.6992, -782.8180, 171.8483,  613.2289, -782.9050, 171.8483,  64, 64, 64
L 611.3654, -765.8979, 175.1163,  605.4995, -759.7318, 175.1163,  0, 0, 0
L 605.4995, -759.7318, 175.1163,  597.2240, -761.7285, 175.1165,  0, 0, 0
L 597.2240, -761.7285, 175.1163,  594.8180, -769.8931, 175.1165,  0, 0, 0
L 594.8180, -769.8931, 175.1163,  600.6833, -776.5890, 175.1165,  0, 0, 0
L 600.6833, -776.5890, 175.1165,  608.9568, -774.6200, 175.1165,  0, 0, 0
L 608.9568, -774.6200, 175.1163,  611.3654, -765.8979, 175.1163,  0, 0, 0
L 367.4112, -516.1250, 124.1431,  375.9925, -484.5582, 123.5956,  64, 64, 64
L 375.9925, -484.5582, 123.5956,  352.3168, -461.4497, 123.5956,  64, 64, 64
L 352.3168, -461.4497, 123.5956,  320.4408, -469.3813, 123.7246,  64, 64, 64
L 320.4408, -469.3813, 123.7246,  312.3870, -500.6822, 124.2653,  64, 64, 64
L 312.3870, -500.6822, 124.2653,  335.3161, -523.3282, 124.9967,  64, 64, 64
L 335.3161, -523.3282, 124.9967,  367.4112, -516.1250, 124.1231,  64, 64, 64
L 356.3926, -505.6895, 125.1940,  361.3553, -488.3122, 125.1300,  64, 64, 64
L 361.3553, -488.3122, 125.1300,  348.7742, -475.7438, 125.1300,  64, 64, 64
L 348.7742, -475.7438, 125.1300,  331.3584, -480.7420, 125.1300,  64, 64, 64
L 331.3584, -480.7420, 125.1300,  326.4445, -497.4830, 125.1300,  64, 64, 64
L 326.4445, -497.4830, 125.1300,  339.4116, -510.3555, 125.1300,  64, 64, 64
L 339.4116, -510.3555, 125.1300,  356.3926, -505.6895, 125.1300,  64, 64, 64
L -554.4719, -1409.3073, -769.9974,  -554.4540, -1292.2039, -769.9972,  0, 0, 0
L -554.4540, -1292.2039, -769.9972,  -671.4833, -1292.2046, -769.9974,  0, 0, 0
L -671.4833, -1292.2046, -769.9974,  -671.4832, -1410.1785, -769.9976,  0, 0, 0
L -671.4832, -1410.1785, -769.9976,  -583.7880, -1410.2036, -769.9976,  0, 0, 0
L -583.7880, -1410.2036, -769.9976,  -583.7090, -1452.4866, -769.9976,  0, 0, 0
L -583.7090, -1452.4866, -769.9977,  -661.3378, -1452.4845, -769.9965,  0, 0, 0
L -660.4772, -1490.3263, -769.9976,  -620.8262, -1490.3259, -769.9976,  0, 0, 0
L -660.4773, -1490.3208, -769.9976,  -660.7485, -1452.4851, -769.9976,  0, 0, 0
L -620.8262, -1490.3259, -769.9977,  -620.8256, -1591.5034, -770.1400,  0, 0, 0
L -620.8256, -1591.5034, -770.1400,  -602.4570, -1582.7389, -769.9977,  64, 64, 64
L -602.4570, -1582.7389, -769.9977,  -602.3961, -1488.5330, -769.9976,  0, 0, 0
L -565.3750, -1488.5048, -769.9976,  -602.3961, -1488.5330, -769.9976,  0, 0, 0
L -554.4704, -1409.3068, -769.9976,  -565.5135, -1409.3036, -769.9977,  0, 0, 0
L -565.5135, -1409.3036, -769.9977,  -565.3750, -1488.5048, -769.9977,  0, 0, 0
L -1095.1575, 1017.6639, 405.1383,  -1164.6652, 1034.7888, 405.1270,  64, 64, 64
L -1164.6652, 1034.7888, 405.1270,  -1243.2826, 986.1875, 405.1270,  64, 64, 64
L -1243.2826, 986.1875, 405.1270,  -1293.4146, 917.4871, 405.1270,  64, 64, 64
L -1293.4146, 917.4871, 405.1270,  -1310.5657, 849.2699, 405.1270,  64, 64, 64
L -1310.5657, 849.2699, 405.1270,  -1339.2688, 779.8970, 405.1469,  64, 64, 64
L -1339.2688, 779.8970, 405.1469,  -1362.3495, 635.3510, 405.1931,  64, 64, 64
L -1362.3495, 635.3510, 405.1931,  -1356.4728, 560.6504, 405.1476,  64, 64, 64
L -1356.4728, 560.6504, 405.1476,  -1367.6232, 488.1336, 405.1487,  64, 64, 64
L -1367.6232, 488.1336, 405.1487,  -1355.3334, 412.5840, 405.1365,  64, 64, 64
L -1355.3334, 412.5840, 405.1365,  -1366.8606, 340.1374, 405.1270,  64, 64, 64
L -1366.8606, 340.1374, 405.1270,  -1357.4282, 264.7597, 405.1270,  64, 64, 64
L -1357.4282, 264.7597, 405.1270,  -1291.2692, 240.5153, 405.1270,  64, 64, 64
L -1291.2692, 240.5153, 405.1270,  -1225.5099, 218.8756, 405.1327,  64, 64, 64
L -1225.5099, 218.8756, 405.1327,  -1157.3976, 191.7470, 405.1492,  64, 64, 64
L -1157.3976, 191.7470, 405.1492,  -1018.5669, 169.9929, 410.1283,  64, 64, 64
L -1018.5669, 169.9929, 410.1283,  -946.5107, 175.1497, 410.1492,  64, 64, 64
L -946.5107, 175.1497, 410.1492,  -877.4126, 164.5324, 405.2069,  64, 64, 64
L -877.4126, 164.5324, 405.2069,  -805.8215, 163.6988, 405.1483,  64, 64, 64
L -805.8215, 163.6988, 405.1483,  -739.6440, 133.4915, 405.1333,  64, 64, 64
L -739.6440, 133.4915, 405.1333,  -665.4180, 155.6966, 405.1270,  64, 64, 64
L -665.4180, 155.6966, 405.1270,  -625.3568, 222.4767, 405.1378,  64, 64, 64
L -625.3568, 222.4767, 405.1378,  -629.4402, 296.2792, 405.1367,  64, 64, 64
L -629.4402, 296.2792, 405.1367,  -596.4839, 365.4857, 409.3528,  64, 64, 64
L -596.4839, 365.4857, 409.3528,  -597.1894, 438.8102, 410.2423,  64, 64, 64
L -597.1894, 438.8102, 410.2423,  -566.8450, 509.2336, 410.1035,  64, 64, 64
L -566.8450, 509.2336, 410.1035,  -555.4247, 580.4614, 407.4230,  64, 64, 64
L -555.4247, 580.4614, 407.4230,  -562.9261, 655.2900, 405.3779,  64, 64, 64
L -562.9261, 655.2900, 405.3779,  -560.5789, 730.4723, 406.3500,  64, 64, 64
L -560.5789, 730.4723, 406.3500,  -549.3826, 802.2531, 406.8490,  64, 64, 64
L -549.3826, 802.2531, 406.8490,  -550.6602, 875.9316, 405.2803,  64, 64, 64
L -550.6602, 875.9316, 405.2803,  -614.6512, 919.9922, 405.2653,  64, 64, 64
L -614.6512, 919.9922, 405.2653,  -680.6113, 951.8986, 405.2115,  64, 64, 64
L -680.6113, 951.8986, 405.2115,  -745.3618, 989.4036, 405.1979,  64, 64, 64
L -745.3618, 989.4036, 405.1979,  -814.4293, 1000.3630, 405.2235,  64, 64, 64
L -814.4293, 1000.3630, 405.2235,  -881.3979, 1026.3832, 405.1404,  64, 64, 64
L -881.3979, 1026.3832, 405.1404,  -950.1154, 1037.9989, 405.1270,  64, 64, 64
L -950.1154, 1037.9989, 405.1270,  -1022.4474, 1033.3650, 405.1270,  64, 64, 64
L -1022.4474, 1033.3650, 405.1270,  -1095.1575, 1017.6639, 405.1512,  64, 64, 64
L -1098.6449, 780.5439, 442.7290,  -1103.5790, 770.2507, 442.1263,  0, 0, 0
L -1103.5790, 770.2507, 442.1263,  -1092.9124, 765.5154, 441.8623,  0, 0, 0
L -1092.9124, 765.5154, 441.8623,  -1088.3970, 775.2617, 441.7912,  0, 0, 0
L -1088.3970, 775.2617, 441.7912,  -1098.6449, 780.5439, 442.5250,  0, 0, 0
L -1069.5475, 497.6721, 459.5090,  -1059.4138, 495.1539, 452.3527,  0, 0, 0
L -1059.4138, 495.1539, 452.3527,  -1061.4806, 485.2870, 453.4139,  0, 0, 0
L -1061.4806, 485.2870, 453.4139,  -1071.9966, 487.2105, 456.7817,  0, 0, 0
L -1071.9966, 487.2105, 456.7817,  -1069.5475, 497.6721, 459.1635,  0, 0, 0
L -707.9836, 527.8409, 443.4193,  -699.2789, 520.5782, 443.5432,  0, 0, 0
L -699.2789, 520.5782, 443.5432,  -692.1169, 529.5284, 442.5169,  64, 64, 64
L -692.1169, 529.5284, 442.5169,  -700.8252, 536.3758, 441.6198,  64, 64, 64
L -700.8252, 536.3758, 441.6198,  -707.9836, 527.8409, 443.1834,  0, 0, 0
L -743.9488, 214.4915, 406.6607,  -755.8622, 184.6896, 406.1456,  0, 0, 0
L -755.8622, 184.6896, 406.1456,  -736.5395, 159.3600, 405.6299,  0, 0, 0
L -736.5395, 159.3600, 405.6299,  -704.8436, 163.4040, 405.1997,  0, 0, 0
L -704.8436, 163.4040, 405.1997,  -692.9963, 194.2196, 405.6392,  0, 0, 0
L -692.9963, 194.2196, 405.6392,  -712.4305, 217.6657, 406.4130,  0, 0, 0
L -712.4305, 217.6657, 406.4130,  -743.9488, 214.4915, 406.6913,  0, 0, 0
L -736.5190, 203.7665, 407.4320,  -742.5416, 186.8577, 406.7672,  0, 0, 0
L -742.5416, 186.8577, 406.7672,  -731.8274, 172.2869, 407.1630,  0, 0, 0
L -731.8274, 172.2869, 407.1630,  -713.2140, 175.4750, 407.2669,  0, 0, 0
L -713.2140, 175.4750, 407.2669,  -706.9538, 191.9622, 406.7671,  0, 0, 0
L -706.9538, 191.9622, 406.7671,  -718.9460, 206.1809, 406.7672,  0, 0, 0
L -718.9460, 206.1809, 406.7672,  -735.5859, 203.6982, 406.7672,  0, 0, 0
L 1244.0000, 1693.0000, -10936.0000,  1302.0000, 1492.0000, -1093.0000,  64, 64, 64
L 1302.0000, 1492.0000, -1093.0000,  1387.0000, 1299.0000, -1093.0000,  64, 64, 64
L 1387.0000, 1299.0000, -1093.0000,  1402.0000, 1194.0000, -1093.0000,  64, 64, 64
L 1402.0000, 1194.0000, -1093.0000,  1403.0000, 1082.0000, -1093.0000,  64, 64, 64
L 1403.0000, 1082.0000, -1093.0000,  1438.0000, 995.0000, -1093.0000,  64, 64, 64
L 1438.0000, 995.0000, -1093.0000,  1432.0000, 888.0000, -1093.0000,  64, 64, 64
L 1432.0000, 888.0000, -1093.0000,  1476.0000, 790.0000, -1093.0000,  64, 64, 64
L 1476.0000, 790.0000, -1093.0000,  1480.0000, 680.0000, -1093.0000,  64, 64, 64
L 1480.0000, 680.0000, -1093.0000,  1371.0000, 616.0000, -1093.0000,  64, 64, 64
L 1371.0000, 616.0000, -1093.0000,  1267.0000, 622.0000, -1093.0000,  64, 64, 64
L 1267.0000, 622.0000, -1093.0000,  1173.0000, 543.0000, -1093.0000,  64, 64, 64
L 1173.0000, 543.0000, -1093.0000,  1083.0000, 480.0000, -1093.0000,  64, 64, 64
L 1083.0000, 480.0000, -1093.0000,  981.0000, 521.0000, -1093.0000,  64, 64, 64
L 981.0000, 521.0000, -1093.0000,  664.0000, 480.0000, -1093.0000,  64, 64, 64
L 664.0000, 480.0000, -1093.0000,  490.0000, 476.0000, -1093.0000,  64, 64, 64
L 490.0000, 476.0000, -1093.0000,  440.0000, 570.0000, -1093.0000,  64, 64, 64
L 440.0000, 570.0000, -1093.0000,  417.0000, 672.0000, -1093.0000,  64, 64, 64
L 417.0000, 672.0000, -1093.0000,  359.0000, 778.0000, -1093.0000,  64, 64, 64
L 359.0000, 778.0000, -1093.0000,  337.0000, 875.0000, -1093.0000,  64, 64, 64
L 337.0000, 875.0000, -1093.0000,  264.0000, 1080.0000, -1093.0000,  64, 64, 64
L 264.0000, 1080.0000, -1093.0000,  248.0000, 1372.0000, -1093.0000,  64, 64, 64
L 248.0000, 1372.0000, -1093.0000,  283.0000, 1490.0000, -1093.0000,  64, 64, 64
L 283.0000, 1490.0000, -1093.0000,  354.0000, 1587.0000, -1093.0000,  64, 64, 64
L 354.0000, 1587.0000, -1093.0000,  450.0000, 1601.0000, -1093.0000,  64, 64, 64
L 450.0000, 1601.0000, -1093.0000,  642.0000, 1713.0000, -1093.0000,  64, 64, 64
L 642.0000, 1713.0000, -1093.0000,  845.0000, 1730.0000, -1093.0000,  64, 64, 64
L 845.0000, 1730.0000, -1093.0000,  942.0000, 1737.0000, -1093.0000,  64, 64, 64
L 942.0000, 1737.0000, -1093.0000,  1143.0000, 1713.0000, -1093.0000,  64, 64, 64
L 1143.0000, 1713.0000, -1093.0000,  1244.0000, 1690.0000, -1093.0000,  64, 64, 64
L 650.0000, 1046.0000, -10541.0000,  725.0000, 1046.0000, -1054.0000,  0, 0, 0
L 725.0000, 1046.0000, -1054.0000,  726.0000, 1136.0000, -1059.0000,  0, 0, 0
L 726.0000, 1136.0000, -1059.0000,  1028.0000, 1132.0000, -1048.0000,  0, 0, 0
L 1028.0000, 1132.0000, -1048.0000,  1028.0000, 934.0000, -1057.0000,  0, 0, 0
L 1028.0000, 934.0000, -1057.0000,  725.0000, 933.0000, -1066.0000,  0, 0, 0
L 725.0000, 933.0000, -1066.0000,  725.0000, 1023.0000, -1058.0000,  0, 0, 0
L 725.0000, 1023.0000, -1058.0000,  646.0000, 1023.0000, -1053.0000,  0, 0, 0
L 766.5384, 1034.8075, -10873.0000,  784.0000, 1061.0000, -1088.0000,  0, 0, 0
L 784.0000, 1061.0000, -1088.0000,  815.0000, 1063.0000, -1087.0000,  0, 0, 0
L 815.0000, 1063.0000, -1087.0000,  830.0000, 1033.0000, -1087.0000,  0, 0, 0
L 830.0000, 1033.0000, -1087.0000,  816.0000, 1008.0000, -1087.0000,  0, 0, 0
L 816.0000, 1008.0000, -1087.0000,  783.0000, 1006.0000, -1087.0000,  0, 0, 0
L 783.0000, 1006.0000, -1087.0000,  766.5384, 1034.8075, -1087.0000,  0, 0, 0
L 781.0000, 1034.0000, -10876.0000,  790.0000, 1019.0000, -1087.0000,  0, 0, 0
L 790.0000, 1019.0000, -1087.0000,  806.0000, 1020.0000, -1087.0000,  0, 0, 0
L 806.0000, 1020.0000, -1087.0000,  815.0000, 1034.0000, -1087.0000,  0, 0, 0
L 815.0000, 1034.0000, -1087.0000,  808.0000, 1049.0000, -1087.0000,  0, 0, 0
L 808.0000, 1049.0000, -1087.0000,  791.0000, 1049.0000, -1087.0000,  0, 0, 0
L 791.0000, 1049.0000, -1087.0000,  782.0000, 1035.0000, -1087.0000,  0, 0, 0
L 884.0000, 990.0000, -10919.0000,  972.0000, 990.0000, -1091.0000,  0, 0, 0
L 972.0000, 990.0000, -1091.0000,  972.0000, 1078.0000, -1091.0000,  0, 0, 0
L 972.0000, 1078.0000, -1091.0000,  884.0000, 1078.0000, -1091.0000,  0, 0, 0
L 884.0000, 1078.0000, -1091.0000,  884.0000, 1047.0000, -1091.0000,  0, 0, 0
L 884.0000, 1047.0000, -1091.0000,  877.0000, 1047.0000, -1087.0000,  0, 0, 0
L 877.0000, 1047.0000, -1087.0000,  877.0000, 1086.0000, -1087.0000,  0, 0, 0
L 877.0000, 1086.0000, -1087.0000,  979.0000, 1083.0000, -1087.0000,  0, 0, 0
L 979.0000, 1083.0000, -1087.0000,  979.0000, 983.0000, -1087.0000,  0, 0, 0
L 979.0000, 983.0000, -1087.0000,  878.0000, 983.0000, -1087.0000,  0, 0, 0
L 878.0000, 983.0000, -1087.0000,  877.0000, 1021.0000, -1087.0000,  0, 0, 0
L 877.0000, 1021.0000, -1087.0000,  883.0000, 1022.0000, -1091.0000,  0, 0, 0
L 883.0000, 1022.0000, -1091.0000,  884.0000, 990.0000, -1091.0000,  0, 0, 0
L 803.0000, 965.0000, -10873.0000,  794.0000, 959.0000, -1087.0000,  0, 0, 0
L 794.0000, 959.0000, -1087.0000,  785.0000, 964.0000, -1087.0000,  0, 0, 0
L 785.0000, 964.0000, -1087.0000,  785.0000, 975.0000, -1087.0000,  0, 0, 0
L 785.0000, 975.0000, -1087.0000,  794.0000, 981.0000, -1087.0000,  0, 0, 0
L 794.0000, 981.0000, -1087.0000,  803.0000, 976.0000, -1087.0000,  0, 0, 0
L 803.0000, 976.0000, -1087.0000,  804.0000, 965.0000, -1087.0000,  0, 0, 0
L 989.0000, 960.0000, -10873.0000,  998.0000, 965.0000, -1087.0000,  0, 0, 0
L 998.0000, 965.0000, -1087.0000,  1007.0000, 960.0000, -1087.0000,  0, 0, 0
L 1007.0000, 960.0000, -1087.0000,  1008.0000, 950.0000, -1087.0000,  0, 0, 0
L 1008.0000, 950.0000, -1087.0000,  999.0000, 944.0000, -1087.0000,  0, 0, 0
L 999.0000, 944.0000, -1087.0000,  989.0000, 948.0000, -1087.0000,  0, 0, 0
L 989.0000, 948.0000, -1087.0000,  989.0000, 960.0000, -1087.0000,  0, 0, 0
L 998.0000, 1103.0000, -10873.0000,  989.0000, 1109.0000, -1087.0000,  0, 0, 0
L 989.0000, 1109.0000, -1087.0000,  989.0000, 1119.0000, -1087.0000,  0, 0, 0
L 989.0000, 1119.0000, -1087.0000,  998.0000, 1125.0000, -1087.0000,  0, 0, 0
L 998.0000, 1125.0000, -1087.0000,  1007.0000, 1119.0000, -1087.0000,  0, 0, 0
L 1007.0000, 1119.0000, -1087.0000,  1008.0000, 1109.0000, -1087.0000,  0, 0, 0
L 1008.0000, 1109.0000, -1087.0000,  998.0000, 1103.0000, -1087.0000,  0, 0, 0
L 804.0000, 1092.0000, -10873.0000,  794.0000, 1087.0000, -1087.0000,  0, 0, 0
L 794.0000, 1087.0000, -1087.0000,  785.0000, 1092.0000, -1087.0000,  0, 0, 0
L 785.0000, 1092.0000, -1087.0000,  785.0000, 1103.0000, -1087.0000,  0, 0, 0
L 785.0000, 1103.0000, -1087.0000,  794.0000, 1108.0000, -1087.0000,  0, 0, 0
L 794.0000, 1108.0000, -1087.0000,  803.0000, 1103.0000, -1087.0000,  0, 0, 0
L 803.0000, 1103.0000, -1087.0000,  804.0000, 1092.0000, -1087.0000,  0, 0, 0
L -216.3035, 1093.3811, 799.2285,  -159.3531, 1125.3124, 789.8625,  0, 0, 0
L -159.3531, 1125.3124, 789.8625,  -161.1030, 1130.2012, 788.4955,  0, 0, 0
L -161.1030, 1130.2012, 788.4955,  -124.5665, 1155.3513, 783.2140,  0, 0, 0
L -124.5665, 1155.3513, 783.2140,  -130.8266, 1161.6398, 778.8938,  0, 0, 0
L -130.8266, 1161.6398, 778.8938,  -152.2036, 1172.6876, 778.5389,  0, 0, 0
L -152.2036, 1172.6876, 778.5389,  -176.2954, 1160.8468, 780.5448,  0, 0, 0
L -176.2954, 1160.8468, 780.5448,  -178.9448, 1163.3378, 779.8000,  0, 0, 0
L -178.9448, 1163.3378, 779.8000,  -235.7067, 1127.8838, 782.3875,  0, 0, 0
L -235.7067, 1127.8838, 782.3875,  -223.6564, 1109.7433, 794.3979,  0, 0, 0
L -223.6564, 1109.7433, 794.3979,  -216.3035, 1093.3811, 799.2563,  0, 0, 0
L -255.9874, 1072.1359, 806.1357,  -259.6204, 1078.7942, 803.8047,  0, 0, 0
L -259.6204, 1078.7942, 803.8047,  -274.8158, 1099.5542, 784.7820,  0, 0, 0
L -274.8158, 1099.5542, 784.7820,  -332.6238, 1059.1443, 787.2830,  0, 0, 0
L -432.3625, -1581.7102, -686.8868,  -392.8541, -1515.5089, -684.4868,  64, 64, 64
L -392.8541, -1515.5089, -684.4868,  -380.9137, -1476.6923, -684.5081,  64, 64, 64
L -380.9137, -1476.6923, -684.5081,  -361.2441, -1443.9009, -686.8807,  64, 64, 64
L -361.2441, -1443.9009, -686.8807,  -346.5090, -1406.7887, -686.9048,  64, 64, 64
L -346.5090, -1406.7887, -686.9048,  -316.3710, -1379.4004, -686.9265,  64, 64, 64
L -312.9479, -1337.3073, -686.9352,  -341.8319, -1300.5481, -686.9243,  64, 64, 64
L -341.8319, -1300.5481, -686.9243,  -383.1938, -1286.2704, -686.9063,  64, 64, 64
L -383.1938, -1286.2704, -686.9063,  -413.4852, -1253.1222, -684.9246,  64, 64, 64
L -413.4852, -1253.1222, -684.9246,  -454.5715, -1236.8917, -684.4207,  64, 64, 64
L -454.5715, -1236.8917, -684.4207,  -485.9461, -1205.7941, -684.4161,  64, 64, 64
L -485.9461, -1205.7941, -684.4161,  -523.7830, -1183.1366, -685.9858,  64, 64, 64
L -523.7830, -1183.1366, -685.9858,  -566.5869, -1169.7876, -686.7771,  64, 64, 64
L -566.5869, -1169.7876, -686.7771,  -606.2834, -1152.1321, -686.3649,  64, 64, 64
L -606.2834, -1152.1321, -686.3649,  -642.7394, -1129.8938, -686.4171,  64, 64, 64
L -642.7394, -1129.8938, -686.4171,  -683.6979, -1113.5685, -686.8232,  64, 64, 64
L -683.6979, -1113.5685, -686.8232,  -720.6210, -1136.4354, -686.8220,  64, 64, 64
L -720.6210, -1136.4354, -686.8220,  -751.8423, -1163.4075, -686.9175,  64, 64, 64
L -751.8423, -1163.4075, -686.9175,  -784.5077, -1188.4220, -686.8632,  64, 64, 64
L -784.5077, -1188.4220, -686.8632,  -804.7004, -1221.4899, -686.8558,  64, 64, 64
L -804.7004, -1221.4899, -686.8558,  -832.1884, -1250.4359, -686.9189,  64, 64, 64
L -832.1884, -1250.4359, -686.9189,  -852.4276, -1283.5271, -686.9352,  64, 64, 64
L -852.4276, -1283.5271, -686.9352,  -864.6674, -1320.4464, -686.9352,  64, 64, 64
L -864.6674, -1320.4464, -686.9352,  -871.4385, -1362.8549, -686.9238,  64, 64, 64
L -871.4385, -1362.8549, -686.9238,  -893.9647, -1394.7544, -686.9352,  64, 64, 64
L -893.9647, -1394.7544, -686.9352,  -883.7241, -1446.2389, -686.9352,  64, 64, 64
L -883.7241, -1446.2389, -686.9352,  -856.5271, -1486.7150, -686.9352,  64, 64, 64
L -856.5271, -1486.7150, -686.9352,  -822.6140, -1511.2472, -686.9208,  64, 64, 64
L -822.6140, -1511.2472, -686.9208,  -790.6323, -1542.3018, -686.8763,  64, 64, 64
L -790.6323, -1542.3018, -686.8763,  -716.8138, -1586.4628, -686.8539,  64, 64, 64
L -716.8138, -1586.4628, -686.8539,  -674.4551, -1600.6221, -686.9111,  64, 64, 64
L -674.4551, -1600.6221, -686.9111,  -637.4973, -1622.7606, -686.9180,  64, 64, 64
L -637.4973, -1622.7606, -686.9180,  -593.3536, -1634.5330, -686.9189,  64, 64, 64
L -553.3002, -1638.1344, -686.8042,  -522.2961, -1644.1322, -686.9352,  64, 64, 64
L -522.2961, -1644.1322, -686.9352,  -501.7216, -1619.3467, -686.5250,  64, 64, 64
L -501.7216, -1619.3467, -686.5250,  -512.7347, -1590.5939, -685.5362,  64, 64, 64
L -512.7347, -1590.5939, -685.5362,  -543.6158, -1584.4495, -683.9199,  64, 64, 64
L -543.6158, -1584.4495, -683.9199,  -564.3137, -1608.2804, -686.9352,  64, 64, 64
L -564.3137, -1608.2804, -686.9352,  -553.3002, -1638.1344, -686.8926,  64, 64, 64
L -544.4669, -1627.8235, -686.1299,  -527.1720, -1631.4794, -685.9083,  64, 64, 64
L -527.1720, -1631.4794, -685.9083,  -514.9791, -1617.6726, -686.8110,  64, 64, 64
L -514.9791, -1617.6726, -686.8110,  -521.3627, -1600.2605, -686.1299,  64, 64, 64
L -521.3627, -1600.2605, -686.1299,  -538.8569, -1597.1193, -686.1299,  64, 64, 64
L -538.8569, -1597.1193, -686.1299,  -550.6268, -1610.9639, -686.1299,  64, 64, 64
L -550.6268, -1610.9639, -686.1299,  -544.4669, -1627.8235, -686.1299,  64, 64, 64
L -354.6954, -1330.5261, -686.4301,  -386.9714, -1330.5508, -685.9579,  64, 64, 64
L -386.9714, -1330.5508, -684.8520,  -403.1379, -1360.5778, -682.6760,  64, 64, 64
L -386.9062, -1387.8805, -685.2753,  -354.6200, -1387.8638, -686.5859,  64, 64, 64
L -354.6200, -1387.8638, -686.5859,  -338.9612, -1360.5679, -686.5919,  64, 64, 64
L -403.1379, -1360.5778, -682.9690,  -386.9062, -1387.8805, -685.2653,  64, 64, 64
L -338.9723, -1360.5243, -686.5824,  -354.6954, -1330.5261, -686.4479,  64, 64, 64
L -380.1179, -1344.4745, -685.1490,  -361.5389, -1344.4937, -685.1616,  64, 64, 64
L -354.9320, -1360.6305, -685.1616,  -361.5126, -1375.9430, -685.1616,  64, 64, 64
L -361.5126, -1375.9430, -685.1616,  -379.1576, -1375.6769, -685.1616,  64, 64, 64
L -379.1576, -1375.6769, -685.1616,  -387.4825, -1360.4264, -685.1616,  64, 64, 64
L -387.4825, -1360.4264, -685.1616,  -380.1179, -1344.4745, -685.1616,  64, 64, 64
L -354.9320, -1360.6305, -685.1616,  -361.5389, -1344.4937, -684.6819,  64, 64, 64
L -809.2396, -1421.3462, -686.1876,  -823.3799, -1392.7335, -685.6735,  64, 64, 64
L -823.3799, -1392.7335, -685.6735,  -854.6951, -1389.3462, -686.9352,  64, 64, 64
L -854.6951, -1389.3462, -686.9352,  -873.6194, -1416.1239, -686.9352,  64, 64, 64
L -873.6194, -1416.1239, -686.9352,  -859.4442, -1445.4141, -686.9352,  64, 64, 64
L -859.4442, -1445.4141, -686.9352,  -826.9633, -1448.2592, -686.9352,  64, 64, 64
L -826.9633, -1448.2592, -686.9352,  -809.2483, -1421.2289, -686.1833,  64, 64, 64
L -822.5315, -1419.9142, -686.2880,  -830.7631, -1403.5319, -686.3799,  64, 64, 64
L -830.7631, -1403.5319, -686.3799,  -849.1910, -1401.9445, -685.7451,  64, 64, 64
L -849.1910, -1401.9445, -685.7451,  -858.9319, -1417.1582, -686.3799,  64, 64, 64
L -858.9319, -1417.1582, -686.3799,  -850.9615, -1433.5038, -686.3799,  64, 64, 64
L -850.9615, -1433.5038, -686.3799,  -833.7300, -1434.9091, -686.3799,  64, 64, 64
L -833.7300, -1434.9091, -686.3799,  -822.5315, -1419.9142, -686.3799,  64, 64, 64
L -1112.9319, -542.6200, -15.8561,  -1127.7699, -526.8769, -15.8246,  64, 64, 64
L -1127.7699, -526.8769, -15.8246,  -1146.3773, -518.8288, -15.7912,  64, 64, 64
L -1146.3773, -518.8288, -15.7912,  -1163.8296, -508.6259, -14.1296,  64, 64, 64
L -1163.8296, -508.6259, -14.1296,  -1183.1995, -502.1363, -14.1133,  64, 64, 64
L -1183.1995, -502.1363, -14.1133,  -1217.2914, -480.7368, -15.8244,  64, 64, 64
L -1217.2914, -480.7368, -15.8244,  -1232.5995, -465.4635, -15.8384,  64, 64, 64
L -1232.5995, -465.4635, -15.8384,  -1261.4319, -438.9837, -15.8729,  64, 64, 64
L -1261.4319, -438.9837, -15.8729,  -1254.6896, -418.1580, -15.8729,  64, 64, 64
L -1254.6896, -418.1580, -15.8729,  -1241.6106, -399.6129, -15.8369,  64, 64, 64
L -1241.6106, -399.6129, -15.8369,  -1235.8206, -378.2377, -15.8549,  64, 64, 64
L -1235.8206, -378.2377, -15.8549,  -1222.8301, -358.8793, -15.8483,  64, 64, 64
L -1222.8301, -358.8793, -15.8483,  -1214.4109, -338.8396, -15.7376,  64, 64, 64
L -1214.4109, -338.8396, -15.7376,  -1190.3434, -302.7823, -15.7271,  64, 64, 64
L -1190.3434, -302.7823, -15.7271,  -1173.7324, -287.3142, -15.8392,  64, 64, 64
L -1173.7324, -287.3142, -15.8392,  -1159.9536, -270.2305, -15.8729,  64, 64, 64
L -1159.9536, -270.2305, -15.8729,  -1137.9149, -257.7561, -15.8729,  64, 64, 64
L -1137.9149, -257.7561, -15.8729,  -1110.6377, -253.3272, -15.8729,  64, 64, 64
L -1110.6377, -253.3272, -15.8729,  -1094.7390, -265.3183, -15.8422,  64, 64, 64
L -1094.7390, -265.3183, -15.8422,  -1069.7932, -269.7801, -15.8729,  64, 64, 64
L -1113.6609, -542.5162, -15.8538,  -1090.6710, -545.1080, -15.8729,  64, 64, 64
L -1090.6710, -545.1080, -15.8729,  -1071.2699, -531.8491, -15.8721,  64, 64, 64
L -1071.2699, -531.8491, -15.8721,  -1063.2719, -511.2685, -15.8549,  64, 64, 64
L -1063.2719, -511.2685, -15.8549,  -1045.2272, -496.6610, -14.2998,  64, 64, 64
L -1045.2272, -496.6610, -14.2998,  -1035.8499, -475.4250, -13.8795,  64, 64, 64
L -1035.8499, -475.4250, -13.8795,  -1018.4935, -460.2361, -14.1740,  64, 64, 64
L -1018.4935, -460.2361, -14.1740,  -1005.9919, -442.1900, -15.1917,  64, 64, 64
L -1005.9919, -442.1900, -15.1917,  -998.4258, -421.1899, -15.7361,  64, 64, 64
L -998.4258, -421.1899, -15.7361,  -988.5400, -401.9410, -15.4705,  64, 64, 64
L -988.5400, -401.9410, -15.4705,  -976.2985, -383.3770, -15.3923,  64, 64, 64
L -976.2985, -383.3770, -15.3923,  -967.1785, -363.2024, -15.6728,  64, 64, 64
L -967.1785, -363.2024, -15.6728,  -978.5493, -344.4572, -15.7311,  64, 64, 64
L -978.5493, -344.4572, -15.7311,  -992.1236, -328.8962, -15.7401,  64, 64, 64
L -992.1236, -328.8962, -15.7401,  -1004.3275, -311.1376, -15.8138,  64, 64, 64
L -1004.3275, -311.1376, -15.8138,  -1021.6689, -300.2289, -15.8632,  64, 64, 64
L -1021.6689, -300.2289, -15.8632,  -1036.2002, -286.2076, -15.8729,  64, 64, 64
L -1036.2002, -286.2076, -15.8729,  -1054.4800, -275.7266, -15.8729,  64, 64, 64
L -1054.4800, -275.7266, -15.8729,  -1069.7932, -269.7801, -15.8729,  64, 64, 64
L -1037.5492, -340.2538, -10.3200,  -1101.4882, -303.3570, -15.5738,  64, 64, 64
L -1101.4882, -303.3570, -15.2102,  -1165.4192, -340.2853, -9.1928,  64, 64, 64
L -1165.3843, -414.1087, 0.9355,  -1165.4192, -340.2853, -9.3150,  64, 64, 64
L -1165.3843, -414.1087, 0.5261,  -1101.4463, -451.4900, -0.9294,  64, 64, 64
L -1101.4463, -451.4900, -0.7431,  -1037.5337, -414.8800, -5.5968,  64, 64, 64
L -1037.5337, -414.8800, -5.7561,  -1037.5415, -387.7078, -1.9965,  64, 64, 64
L -1037.5464, -367.1118, -4.4112,  -1037.5492, -340.2538, -10.3064,  64, 64, 64
L -1047.8634, -371.8170, 4.3964,  -1047.8654, -346.5851, 4.3964,  0, 0, 0
L -1047.8654, -346.5851, 4.3970,  -1101.7024, -315.4916, 4.3964,  0, 0, 0
L -1101.7024, -315.4916, 4.3964,  -1155.5499, -346.5781, 4.3964,  0, 0, 0
L -1155.5499, -346.5781, 4.3964,  -1155.5542, -408.7642, 4.3964,  0, 0, 0
L -1155.5542, -408.7642, 4.3968,  -1101.7094, -439.8408, 4.3964,  0, 0, 0
L -1101.7094, -439.8408, 4.3964,  -1047.8650, -408.7658, 4.3964,  0, 0, 0
L -1047.8650, -408.7658, 4.3968,  -1047.8633, -383.2988, 4.3964,  0, 0, 0
L -1047.8633, -383.2988, 7.3339,  -1051.4010, -383.2962, 7.2435,  0, 0, 0
L -1047.8634, -371.8170, 7.3339,  -1051.3888, -371.8310, 7.3339,  0, 0, 0
L -1051.3888, -371.8310, 6.6932,  -1051.4448, -349.9800, 6.6932,  0, 0, 0
L -1051.4448, -349.9800, 6.6932,  -1101.5095, -320.2730, 6.6932,  0, 0, 0
L -1101.5095, -320.2730, 6.6932,  -1151.4883, -349.2069, 6.6932,  0, 0, 0
L -1151.4883, -349.2069, 6.6932,  -1151.4437, -406.9506, 6.6932,  0, 0, 0
L -1151.4437, -406.9506, 6.6932,  -1101.4900, -435.7891, 6.6932,  0, 0, 0
L -1101.4900, -435.7891, 6.6932,  -1051.3977, -406.8510, 6.6932,  0, 0, 0
L -1051.3977, -406.8510, 6.6932,  -1051.4010, -383.2962, 6.6932,  0, 0, 0
L -332.6238, 1059.1443, 787.2830,  -330.6317, 1056.2444, 787.2842,  0, 0, 0
L -330.6317, 1056.2444, 787.2842,  -339.3740, 1045.6576, 786.3135,  0, 0, 0
L -339.3740, 1045.6576, 786.3135,  -335.5747, 1009.5536, 787.2830,  0, 0, 0
L -335.5747, 1009.5536, 787.2830,  -301.2669, 1029.8231, 787.2840,  0, 0, 0
L -301.2669, 1029.8231, 787.2840,  -295.9592, 1027.3860, 787.2831,  0, 0, 0
L -255.9874, 1072.1359, 806.2811,  -293.3690, 1029.5460, 787.2948,  0, 0, 0
L -293.3690, 1029.5460, 787.2948,  -295.9592, 1027.3860, 787.2831,  0, 0, 0
L -379.4880, 1184.2157, 766.9550,  -395.2486, 1156.9810, 766.6429,  0, 0, 0
L -395.2486, 1156.9810, 766.6429,  -426.3480, 1156.6840, 766.9560,  0, 0, 0
L -426.3480, 1156.6840, 766.9560,  -441.9837, 1184.5232, 766.1628,  0, 0, 0
L -441.9837, 1184.5232, 766.1628,  -427.1358, 1211.1056, 766.9560,  0, 0, 0
L -427.1358, 1211.1056, 766.9560,  -394.7715, 1211.6671, 766.9560,  0, 0, 0
L -394.7715, 1211.6671, 766.9560,  -378.8016, 1183.6530, 766.9560,  0, 0, 0
L -392.5919, 1184.7521, 766.6500,  -401.3399, 1169.2029, 766.6500,  0, 0, 0
L -401.3399, 1169.2029, 766.6500,  -419.7028, 1168.7489, 766.6500,  0, 0, 0
L -419.7028, 1168.7489, 766.6500,  -428.6653, 1184.3296, 766.6500,  0, 0, 0
L -428.6653, 1184.3296, 766.6500,  -419.7407, 1200.1909, 766.6500,  0, 0, 0
L -419.7407, 1200.1909, 766.6500,  -401.9753, 1200.5181, 767.2900,  0, 0, 0
L -401.9753, 1200.5181, 767.2900,  -392.5919, 1184.7521, 766.6717,  0, 0, 0
L -487.1995, 1033.7728, 766.2006,  -493.2026, 982.1598, 766.8870,  64, 64, 64
L -493.2026, 982.1598, 766.8870,  -464.3505, 929.7739, 766.1055,  64, 64, 64
L -464.3505, 929.7739, 766.1055,  -464.8355, 878.6577, 766.8740,  64, 64, 64
L -464.8355, 878.6577, 766.8740,  -448.4691, 828.5398, 766.1168,  64, 64, 64
L -448.4691, 828.5398, 766.1168,  -448.1988, 776.9548, 766.9560,  64, 64, 64
L -448.1988, 776.9548, 766.9560,  -435.8850, 725.7142, 766.9560,  64, 64, 64
L -435.8850, 725.7142, 766.9560,  -390.1788, 716.4424, 766.9560,  64, 64, 64
L -390.1788, 716.4424, 766.9560,  -343.6815, 709.2800, 766.1165,  64, 64, 64
L -343.6815, 709.2800, 766.1165,  -296.8261, 683.2313, 766.1400,  64, 64, 64
L -296.8261, 683.2313, 766.1400,  -248.9304, 685.7884, 766.1716,  64, 64, 64
L -248.9304, 685.7884, 766.1716,  -160.2589, 709.9500, 768.9362,  64, 64, 64
L -160.2589, 709.9500, 768.9362,  -113.7733, 709.3318, 766.1276,  64, 64, 64
L -113.7733, 709.3318, 766.1276,  -68.7570, 716.5626, 766.1227,  64, 64, 64
L -68.7570, 716.5626, 766.1227,  -22.4445, 702.6341, 766.1020,  64, 64, 64
L -22.4445, 702.6341, 766.1020,  22.4401, 726.9399, 766.9560,  64, 64, 64
L 22.4401, 726.9399, 766.9560,  41.9093, 776.3265, 766.1009,  64, 64, 64
L 41.9093, 776.3265, 766.1009,  31.5950, 826.9008, 766.1049,  64, 64, 64
L 31.5950, 826.9008, 766.1049,  46.7702, 879.2432, 768.4299,  64, 64, 64
L 46.7702, 879.2432, 768.4299,  68.3811, 925.3860, 768.9722,  64, 64, 64
L 68.3811, 925.3860, 768.9722,  71.4900, 969.6230, 768.9355,  64, 64, 64
L 71.4900, 969.6230, 768.9355,  50.6747, 1031.8494, 767.9730,  64, 64, 64
L 50.6747, 1031.8494, 767.9730,  63.4313, 1091.8107, 766.1407,  64, 64, 64
L 63.4313, 1091.8107, 766.1407,  31.7359, 1134.4884, 766.5720,  64, 64, 64
L 31.7359, 1134.4884, 766.5720,  31.1880, 1185.6498, 766.6779,  64, 64, 64
L 31.1880, 1185.6498, 766.6779,  22.5574, 1236.2976, 766.2274,  64, 64, 64
L 22.5574, 1236.2976, 766.2274,  -22.6518, 1259.2500, 766.2078,  64, 64, 64
L -22.6518, 1259.2500, 766.2078,  -67.6658, 1273.7327, 766.2006,  64, 64, 64
L -67.6658, 1273.7327, 766.2006,  -113.2716, 1292.5470, 766.1553,  64, 64, 64
L -113.2716, 1292.5470, 766.1553,  -158.8951, 1292.8838, 766.1833,  64, 64, 64
L -158.8951, 1292.8838, 766.1833,  -205.4005, 1286.1101, 766.1114,  64, 64, 64
L -205.4005, 1286.1101, 766.1114,  -252.3160, 1303.8025, 766.9560,  64, 64, 64
L -252.3160, 1303.8025, 766.9560,  -296.5892, 1280.7750, 766.9560,  64, 64, 64
L -296.5892, 1280.7750, 766.9560,  -343.5210, 1274.2024, 766.1108,  64, 64, 64
L -343.5210, 1274.2024, 766.1108,  -389.7183, 1278.1875, 766.9560,  64, 64, 64
L -389.7183, 1278.1875, 766.9560,  -434.1626, 1236.8052, 766.9560,  64, 64, 64
L -434.1626, 1236.8052, 766.9560,  -459.9268, 1183.7643, 766.9560,  64, 64, 64
L -459.9268, 1183.7643, 766.9560,  -464.4581, 1133.7802, 766.1124,  64, 64, 64
L -464.4581, 1133.7802, 766.1124,  -487.3611, 1033.5077, 766.1774,  64, 64, 64
P -660, -1380, 0, 255, 255, 0, 2, Cilin_Spellsinger
P -542.0, -1350.0, 0, 255, 255, 0, 2, Dason_Goldblade
P -655, -1305, 0, 255, 128, 0, 2, Drakis_Bloodcaster
P -630, -1305, 0, 255, 255, 0, 2, Enchanter_Jolas
P 1194, -391, 0, 255, 255, 0, 2, Eternal_Spirit
P 1371, 268, 0, 255, 0, 0, 2, Eye_of_Veeshan
P -290, -608, 0, 255, 0, 0, 2, Gorgalosk
P -660, -1325, 0, 255, 255, 0, 2, Holwin
P -660, -1350, 0, 255, 255, 0, 2, Josin_Faithbringer
P -654, -1467, 0, 255, 128, 0, 2, Kihun_Solstin
P -605, -1305, 0, 255, 255, 0, 2, Magus_Frinon
P -640, -1400, 0, 255, 255, 0, 2, Medicine_Man_Veetra
P -1032, -376, 0, 255, 0, 0, 2, Noble_Dojorn
P -610, -1400, 0, 255, 255, 0, 2, Ranger_Spirit
P -586.0, -1350.0, 0, 255, 255, 0, 2, Sarkis_Ebonblade
P -564, -1320, 0, 255, 255, 0, 2, Strandar_Pinemist
P -564, -1380, 0, 255, 255, 0, 2, Thalik_Silenthand
P -564, -1400, 0, 255, 255, 0, 2, Torgon_Blademaster
P -580, -1305, 0, 255, 255, 0, 2, Wizard_Schrock
P -323, -633, 0, 255, 255, 0, 2, heart_harpie
P -0, -0, 0, 255, 255, 0, 2, zoner
P 203, 1797, 0, 0, 200, 255, 1, Spiken's_Maps_-_github.com/spik3n/EQL_Map_pack
P 697, -867, 0, 255, 255, 0, 2, The_Gale_Caller
