P 412.98, -2702.795, 0, 255, 255, 0, 2, Alun_Bilgum
P -3064.02, -1325.795, 0, 255, 255, 0, 2, Atwin_Keladryn
P -3180.02, -1371.795, 0, 255, 255, 0, 2, Balen_Kalgunn
P 368.98, 641.205, 0, 255, 255, 0, 2, Barma_Dunfire
P 2188.98, 1237.205, 0, 255, 255, 0, 2, Biski_Teezlen
P -2757.02, -61.795, 0, 255, 255, 0, 2, Blyle_Bundin
P -3398.02, -775.795, 0, 255, 255, 0, 2, Captains_Skiff
P -79.02, 2104.205, 0, 255, 255, 0, 2, Corflunk
P -1904.02, -171.295, 0, 255, 255, 0, 2, Crytil_Dunfire
P -3163.02, 1506.205, 0, 255, 255, 0, 2, Dalbar_Tarbrind
P 532.98, -1949.795, 0, 255, 255, 0, 2, Dapper_Blackhammer
P -1757.02, -1935.795, 0, 255, 255, 0, 2, Darm_Dundam
P -3016.02, -1324.795, 0, 255, 255, 0, 2, Deldryn_Splendyr
P -392.02, 249.205, 0, 255, 255, 0, 2, Delin_Ironblend
P -3105.52, 1606.205, 0, 255, 255, 0, 2, Den_Ironblend
P -2982.02, -994.795, 0, 255, 255, 0, 2, Doran_Glosglen
P -3260.02, -1502.795, 0, 255, 255, 0, 2, Dru_Razbind
P -683.02, -1940.795, 0, 255, 255, 0, 2, Durkis_Battlemore
P -2831.02, -786.795, 0, 255, 255, 0, 2, Feriella_Vorana
P 2142.98, 1221.205, 0, 255, 255, 0, 2, Gaellane_Ivyweaver
P -1803.02, -1932.795, 0, 255, 255, 0, 2, Ganbar_Dundam
P -3018.02, -965.795, 0, 255, 255, 0, 2, Gann_Dunbull
P 403.98, -2688.795, 0, 255, 255, 0, 2, Gibi_Bilgum
P -3250.02, -707.795, 0, 255, 255, 0, 2, Glisse_Bluesea
P 2221.98, 1250.205, 0, 255, 255, 0, 2, Glopruk_Tigglum
P -3544.02, -1256.795, 0, 255, 255, 0, 2, Glorin_Binfurr
P -3495.02, -1133.795, 0, 255, 255, 0, 2, Glubbsink
P 286.98, 617.205, 0, 255, 255, 0, 2, Glynda_Smeltpot
P 299.98, 603.205, 0, 255, 255, 0, 2, Glynn_Smeltpot
P -2391.02, -2231.795, 0, 255, 255, 0, 2, Gridbar_Galund
P -101.02, 831.205, 0, 255, 255, 0, 2, Gundl
P -2925.02, -1102.795, 0, 255, 255, 0, 2, Happ_Findlefinn
P -3067.02, -1355.795, 0, 255, 255, 0, 2, Harbormaster_Ironbeard
P 2120.98, 1205.205, 0, 255, 255, 0, 2, Jelqtan_Oretnai
P 2166.98, 1175.205, 0, 255, 255, 0, 2, Jilsuia_Lluarea
P -3149.52, 1606.205, 0, 255, 128, 0, 2, Kandin_Firepot
P -1953.02, -171.795, 0, 255, 255, 0, 2, Keldyn_Dunfire
P 2209.98, 1184.205, 0, 255, 255, 0, 2, Kroggl
P -3176.02, 1496.205, 0, 255, 255, 0, 2, Lann_Dabldrin
P -144.02, -2791.795, 0, 255, 255, 0, 2, Lieutenant_Gattek
P -3462.02, -757.795, 0, 255, 255, 0, 2, Magnus_Boran
P -1541.02, -64.795, 0, 255, 255, 0, 2, Margyl_Darklin
P -292.02, 1039.205, 0, 255, 255, 0, 2, Nyzil_Bloodforge
P -1948.02, -171.295, 0, 255, 128, 0, 2, Peg_Leg
P -1701.02, 58.205, 0, 255, 255, 0, 2, Qued
P 2166.98, -1918.795, 0, 255, 255, 0, 2, Renell_Bekea
P -2834.02, -1146.795, 0, 255, 255, 0, 2, Rokaon_Sternheart
P 2425.98, -1014.795, 0, 255, 255, 0, 2, Signus_Boran
P -2993.02, -1320.795, 0, 255, 255, 0, 2, Siltria_Marwind
P -3590.02, -1255.795, 0, 255, 255, 0, 2, SirensBane
P 2242.98, 1221.205, 0, 255, 255, 0, 2, Soulbinder_Tania
P -1894.02, -154.795, 0, 255, 255, 0, 2, Stump_Rundl
P -3254.02, 1621.205, 0, 255, 255, 0, 2, Tagnis_Ginfarr
P -3254.02, -810.795, 0, 255, 255, 0, 2, Thar_Kelgand
P -3289.02, -905.795, 0, 255, 128, 0, 2, Vedico_Windwisper
P 2223.98, 1213.205, 0, 255, 255, 0, 2, Vual_Stoutest
P -1898.02, -2952.795, 0, 255, 128, 0, 2, Walnan
P 2211.98, 1227.205, 0, 255, 255, 0, 2, Xyzelauna_Tu`Valzir
P -820.02, 384.205, 0, 255, 255, 0, 2, Zarchoomi
P 2578.98, 1074.205, 0, 255, 255, 0, 2, orc_centurion
P 2545.98, 1093.305, 0, 255, 255, 0, 2, orc_pawn
P 2545.98, 1055.105, 0, 255, 255, 0, 2, orc_runner
P -3276.02, -2081.795, 0, 255, 255, 0, 2, Kanthuk_Ogrebane
P -3537.02, -1246.795, 0, 255, 255, 0, 2, Translocator_Fithop
P -3462.02, -748.795, 0, 255, 255, 0, 2, Translocator_Gethia

P 2779.98, 1419.205, 0.0000,  150, 0, 200,  3,  to_The_Greater_Faydark
P -100.02, -3013.795, 0.0000,  150, 0, 200,  3,  to_South_Kaladim
P -3537.02, -1250.795, 9.0000,  150, 0, 200,  3,  to_The_Ocean_of_Tears_(boat_or_translocator)
