L -185.961, 754.615, 0.1582, -142.894, 755.315, 0.1582, 255, 0, 255
L -142.894, 755.315, 0.1582, -142.894, 661.128, 0.1582, 0, 0, 0
L -142.894, 661.128, 0.1582, -221.793, 661.128, 0.1582, 0, 0, 0
L -321.892, 554.941, 0.1582, -285.163, 617.056, 0.1582, 0, 0, 0
L -285.163, 617.056, 0.1582, -273.899, 659.985, 0.1582, 0, 0, 0
L -273.899, 659.985, 0.1582, -273.9, 715.165, 0.1582, 0, 0, 0
L -273.9, 715.165, 0.1582, -185.962, 715.163, 0.1582, 0, 0, 0
L -185.962, 715.163, 0.1582, -185.961, 754.615, 0.1582, 0, 0, 0
L -221.793, 661.128, 0.1582, -221.682, 494.716, 0.1582, 0, 0, 0
L -221.682, 494.716, 0.1582, -86.835, 585.934, 0.1582, 0, 0, 0
L -86.835, 585.934, 0.1582, -28.389, 528.226, 0.1582, 0, 0, 0
L -28.389, 528.226, 0.1582, 37.684, 528.228, 0.1582, 0, 0, 0
L 37.692, 528.228, 0.1582, 107.867, 479.662, 0.1582, 0, 0, 0
L 107.867, 479.662, 0.1582, 115.972, 428.589, 0.1582, 0, 0, 0
L 115.972, 428.589, 0.1582, 94.833, 381.066, 0.1582, 0, 0, 0
L 94.833, 381.066, 0.1582, 101.934, 229.242, 0.1582, 0, 0, 0
L 101.934, 229.242, 0.1582, 142.173, 149.732, 0.1582, 0, 0, 0
L 142.173, 149.732, 0.1582, 201.176, 101.739, 0.1582, 0, 0, 0
L 201.176, 101.739, 0.1582, 220.299, 70.993, 0.1582, 0, 0, 0
L 220.299, 70.993, 0.1582, 231.134, 20.446, 0.1582, 0, 0, 0
L 231.134, 20.446, 0.1582, 300.41, 20.447, 0.1582, 0, 0, 0
L 300.41, 20.447, 0.1582, 325.901, -9.919, 0.1582, 0, 0, 0
L 325.901, -9.919, 0.1582, 325.878, -32.141, 0.1582, 0, 0, 0
L 325.878, -32.141, 0.1582, 300.257, -53.821, 0.1582, 0, 0, 0
L 300.257, -53.821, 0.1582, 283.212, -71.863, 0.1582, 0, 0, 0
L 283.212, -71.863, 0.1582, 247.244, -103.828, 0.1582, 0, 0, 0
L 247.244, -103.828, 0.1582, 232.282, -133.559, 0.1582, 0, 0, 0
L 232.282, -133.559, 0.1582, 177.894, -133.556, 0.1582, 0, 0, 0
L 177.894, -133.556, 0.1582, 197.442, -157.256, 0.1582, 0, 0, 0
L 197.442, -157.256, 0.1582, 176.98, -168.962, 0.1582, 0, 0, 0
L 176.98, -168.962, 0.1582, 176.981, -194.819, 0.1582, 0, 0, 0
L 176.981, -194.819, 0.1582, 158.873, -184.333, 0.1582, 0, 0, 0
L 157.98, -184.526, -8.2866, 157.974, -170.094, -12.8379, 127, 64, 0
L 157.974, -170.094, -12.8379, 137.425, -159.463, -27.364, 127, 64, 0
L 137.425, -159.463, -27.364, 106.607, -184.529, -43.8479, 127, 64, 0
L 106.607, -184.529, -43.8479, 157.98, -184.526, -8.2843, 127, 64, 0
L 158.873, -184.333, 0.1451, 158.857, -169.389, 0.1582, 240, 127, 0
L 158.857, -169.389, 0.1582, 136.38, -157.216, 0.1582, 240, 127, 0
L 136.38, -157.216, 0.1582, 105.605, -183.351, 0.1582, 240, 127, 0
L 105.605, -183.351, 0.1582, 69.409, -205.931, 0.1582, 0, 0, 0
L 69.409, -205.931, 0.1582, 68.439, -219.893, 0.1582, 0, 0, 0
L 68.439, -219.893, 0.1582, 47.735, -232.507, 0.1582, 0, 0, 0
L 47.735, -232.507, 0.1582, 21.262, -232.522, 0.1582, 0, 0, 0
L 21.262, -232.522, 0.1582, -0.527, -219.886, 0.1582, 0, 0, 0
L -0.527, -219.886, 0.1582, -0.474, -206.719, 0.1582, 240, 127, 0
L -0.474, -206.719, 0.1582, 24.842, -196.122, 0.1582, 240, 127, 0
L 24.842, -196.122, 0.1582, 49.384, -196.14, 0.1582, 240, 127, 0
L 49.384, -196.14, 0.1582, 77.193, -186.59, 0.1582, 240, 127, 0
L 77.193, -186.59, 0.1582, 136.242, -135.445, 0.1582, 240, 127, 0
L 25.28, -214.854, 0.1582, 33.89, -207.498, 0.1582, 0, 64, 0
L 33.89, -207.498, 0.1582, 43.958, -214.238, 0.1582, 0, 64, 0
L 43.958, -214.238, 0.1592, 42.997, -228.091, 0.1582, 0, 64, 0
L 42.997, -228.091, 0.1583, 30.771, -228.1, 0.1592, 0, 64, 0
L 30.771, -228.1, 0.1592, 25.28, -214.854, 0.1582, 0, 64, 0
L -1.956, -220.1, -25.2523, -20.482, -239.528, 0.1582, 0, 0, 0
L -1.961, -220.113, -25.2466, -1.925, -205.948, -25.7439, 127, 64, 0
L -1.925, -205.948, -25.7439, 24.985, -194.528, -25.9674, 127, 64, 0
L 24.678, -194.527, -25.9674, 48.794, -194.528, -27.383, 127, 64, 0
L 48.794, -194.528, -27.383, 76.485, -184.87, -22.9055, 127, 64, 0
L 76.485, -184.87, -22.9055, 135.768, -134.235, -27.2636, 127, 64, 0
L 136.242, -135.445, -27.2653, 124.454, -105.347, -1.6208, 240, 127, 0
L 124.342, -105.466, -1.6208, 154.549, -73.325, -1.8354, 0, 0, 0
L 154.549, -73.325, -1.8354, 188.912, -53.191, -1.8415, 0, 0, 0
L 188.912, -53.191, -3.2185, 188.914, -6.983, -3.2193, 0, 0, 0
L 275.254, -7.581, 0.1582, 275.294, -39.858, 0.1582, 240, 127, 0
L 124.342, -105.466, -1.5753, -20.841, -196.523, 0.1162, 0, 0, 0
L 273.904, -40.092, -10.1183, 273.918, -8.579, -31.1083, 127, 64, 0
L 273.918, -8.579, -31.1083, 232.651, -8.572, -31.1144, 127, 64, 0
L 232.651, -8.572, -31.1144, 228.961, -22.315, -21.559, 127, 64, 0
L 232.651, -8.571, -31.1143, 191.511, -8.549, -7.2583, 127, 64, 0
L -20.396, -239.518, 0.1582, -20.407, -196.25, -0.4681, 240, 127, 0
L -20.386, -239.507, 0.1582, -62.271, -239.528, 0.1589, 0, 0, 0
L -62.271, -239.528, 0.1589, -61.957, -215.43, 0.1582, 0, 0, 0
L -61.969, -226.869, 0.1582, -46.352, -211.257, 0.1582, 0, 0, 0
L -46.352, -211.257, 0.1582, -20.841, -196.523, -0.2111, 0, 0, 0
L 275.254, -7.581, 0.1582, 191.513, -7.518, 0.1582, 240, 127, 0
L 180.98, -51.888, 0.1582, 165.416, -57.736, 0.1582, 0, 0, 0
L 165.416, -57.736, 0.1582, 144.182, -71.962, 0.1582, 0, 0, 0
L 144.182, -71.962, 0.1582, 128.254, -89.879, 0.1582, 0, 0, 0
L 128.254, -89.879, 0.1582, 112.393, -103.752, 0.1582, 0, 0, 0
L 112.393, -103.752, 0.1582, -47.47, -204.155, 0.1582, 0, 0, 0
L -47.47, -204.155, 0.1582, -63.461, -216.94, 0.1582, 0, 0, 0
L -63.461, -216.94, 0.1582, -79.244, -222.552, 0.1582, 0, 0, 0
L -79.244, -222.552, 0.1582, -91.332, -230.576, 0.1582, 0, 0, 0
L -91.332, -230.576, 0.1582, -152.874, -240.507, 0.1582, 0, 0, 0
L -152.874, -240.507, 0.1582, -217.945, -223.443, 0.1582, 0, 0, 0
L -217.945, -223.443, 0.1582, -286.319, -272.596, 0.1582, 0, 0, 0
L -286.319, -272.596, 0.1582, -304.831, -278.764, 0.1582, 0, 0, 0
L -304.831, -278.764, 0.1592, -304.832, -306.878, 0.1582, 0, 0, 0
L -304.832, -306.878, 0.1582, -356.123, -336.465, 0.1582, 0, 0, 0
L -356.123, -336.465, 0.1582, -402.527, -336.459, 0.1582, 0, 0, 0
L -402.527, -336.459, 0.1582, -480.989, -278.862, 0.1582, 0, 0, 0
L -480.989, -278.862, 0.1582, -505.155, -219.521, 0.1582, 0, 0, 0
L -505.155, -219.521, -10.8415, -551.37, -219.506, -11.8415, 0, 0, 0
L -551.37, -219.506, -11.8415, -575.806, -193.092, -11.8415, 127, 64, 0
L -575.806, -193.092, -11.8415, -575.803, -175.843, -11.8415, 127, 64, 0
L -482.769, -219.528, -10.8415, -482.773, -200.816, -10.8415, 127, 64, 0
L -482.773, -200.816, -11.3262, -462.347, -192.537, -4.6154, 127, 64, 0
L -462.347, -192.537, -4.6154, -452.559, -195.91, -0.5636, 127, 64, 0
L -502.642, -161.109, -16.5731, -525.487, -194.798, -11.2492, 127, 64, 0
L -525.487, -194.798, -11.8415, -576.975, -163.55, -11.4421, 127, 64, 0
L -576.975, -163.55, -11.4421, -632.634, -175.33, -11.4487, 127, 64, 0
L -705.523, -123.057, -9.287, -725.521, -84.092, -10.9974, 127, 64, 0
L -725.521, -84.092, -10.9974, -755.711, -49.839, -6.1627, 127, 64, 0
L -755.711, -49.839, -6.1627, -775.629, -54.539, -6.1619, 127, 64, 0
L -775.629, -54.539, -5.9903, -807.451, 1.779, -6.6058, 127, 64, 0
L -807.451, 1.779, -6.6058, -826.649, 15.667, -7.12, 127, 64, 0
L -825.515, 14.847, -7.12, -850.154, 4.164, -14.7789, 240, 127, 0
L -858.475, 4.502, -15.3208, -879.68, 14.841, -11.1447, 240, 127, 0
L -879.682, -3.214, -11.1471, -879.677, 42.832, -11.1445, 0, 0, 0
L -879.681, -3.206, -11.1455, -854.11, -33.386, -15.7355, 0, 0, 0
L -854.11, -33.386, -15.7355, -806.776, -44.536, -6.4824, 0, 0, 0
L -806.776, -44.536, -6.4824, -774.713, -80.59, -14.9284, 0, 0, 0
L -774.713, -80.59, -14.9284, -754.508, -80.604, -13.91, 0, 0, 0
L -754.508, -80.604, -13.91, -741.426, -87.864, -6.1615, 0, 0, 0
L -741.426, -87.864, -6.1615, -723.887, -106.995, -6.1657, 0, 0, 0
L -723.887, -106.995, -6.1657, -703.915, -141.967, -6.1619, 0, 0, 0
L -703.915, -141.967, -6.1619, -683.11, -165.744, -6.1619, 0, 0, 0
L -683.11, -165.744, -6.1619, -580.22, -220.359, 0.1648, 0, 0, 0
L -580.22, -220.359, 0.1648, -569.545, -275.414, 0.1582, 0, 0, 0
L -569.545, -275.414, 0.1582, -551.372, -219.504, -11.8415, 0, 0, 0
L -506.778, -219.524, -11.8415, -482.81, -219.527, -10.8415, 127, 64, 0
L -502.642, -161.109, -11.5553, -576.207, -134.461, -7.1664, 127, 64, 0
L -576.207, -134.461, -7.1664, -631.791, -133.558, 36.8999, 127, 64, 0
L -632.577, -135.194, 25.1582, -661.303, -121.331, 25.1582, 127, 127, 127
L -632.634, -175.33, -11.4177, -684.388, -150.24, -10.7393, 127, 64, 0
L -684.388, -150.24, -9.4181, -705.574, -122.956, -8.9054, 127, 64, 0
L -552.452, -126.023, -28.8389, -538.231, -127.859, -28.8415, 0, 64, 0
L -538.231, -127.859, -28.8415, -529.836, -110.158, -28.8415, 0, 64, 0
L -529.836, -110.158, -28.3765, -539.863, -100.128, -28.8415, 0, 64, 0
L -539.863, -100.128, -28.8415, -553.412, -109.871, -29.1987, 0, 64, 0
L -553.412, -109.871, -29.1987, -552.452, -126.023, -24.2108, 0, 64, 0
L -526.445, -152.242, -11.5761, -541.945, -130.099, -22.51, 240, 127, 0
L -525.851, -152.818, -28.844, -540.392, -130.253, -28.8415, 127, 64, 0
L -451.492, -163.241, -3.857, -463.641, -154.983, -4.3856, 0, 64, 0
L -463.641, -154.983, -5.9813, -481.191, -167.87, -10.2779, 0, 64, 0
L -481.191, -167.87, -11.5408, -476.62, -181.831, -9.9558, 0, 64, 0
L -476.62, -181.831, -8.8666, -462.699, -178.402, -4.633, 0, 64, 0
L -462.699, -178.402, -4.633, -457.41, -177.758, -3.2726, 0, 64, 0
L -457.41, -177.758, -3.2726, -451.492, -163.241, -1.6644, 0, 64, 0
L -462.449, -193.938, 0.1582, -481.915, -201.604, 0.1255, 240, 127, 0
L -481.915, -201.604, 0.1255, -481.895, -220.614, 0.1582, 240, 127, 0
L -481.895, -220.614, 0.1582, -504.723, -220.584, 0.1582, 240, 127, 0
L -774.713, -80.59, -14.9283, -774.71, -66.829, -10.3368, 127, 64, 0
L -775.897, -79.259, -10.2639, -775.799, -66.981, -8.9969, 240, 127, 0
L -879.677, 42.832, -24.5743, -861.41, 52.416, -23.8415, 0, 0, 0
L -861.41, 52.416, -23.8415, -835.68, 52.414, -23.8415, 0, 0, 0
L -835.68, 52.414, -22.8415, -835.677, 60.541, -22.8415, 0, 0, 0
L -835.677, 60.541, -22.8415, -802.683, 65.213, -22.8415, 0, 0, 0
L -801.346, 64.69, -22.8415, -811.82, 43.493, -22.8415, 240, 127, 0
L -811.82, 43.493, -23.8415, -835.684, 43.536, -23.8415, 240, 127, 0
L -835.684, 42.445, -26.5973, -811.948, 42.443, -29.8415, 127, 64, 0
L -811.216, 28.473, -30.6449, -826.196, 14.956, -29.7749, 127, 64, 0
L -826.649, 15.667, -29.7749, -850.823, 5.125, -18.1752, 127, 64, 0
L -879.68, 16.014, -24.66, -858.512, 5.386, -18.3183, 127, 64, 0
L -825.58, 16.101, -29.7409, -858.823, 16.101, -25.9817, 127, 64, 0
L -860.692, 15.202, -23.6977, -827.605, 15.25, -23.7089, 240, 127, 0
L -740.745, -66.182, -11.1958, -740.773, -72.803, -9.6754, 127, 64, 0
L -742.801, -72.519, -7.9287, -741.967, -64.745, -6.1653, 240, 127, 0
L -742.674, -86.939, -11.3391, -742.71, -79.807, -9.7551, 127, 64, 0
L -741.477, -78.595, -8.1722, -741.446, -87.507, -6.1379, 240, 127, 0
L -577.217, -175.727, -6.7988, -577.209, -192.525, 0.3696, 240, 127, 0
L -551.747, -220.987, 0.1636, -576.449, -194.181, -0.2693, 240, 127, 0
L -462.449, -193.938, 0.1582, -448.528, -198.434, 0.1582, 240, 127, 0
L -560.434, -124.559, -20.7194, -575.804, -124.559, -12.3826, 127, 64, 0
L -575.804, -124.559, -12.3826, -575.804, -112.391, -12.3832, 127, 64, 0
L -563.631, -121.736, -22.2622, -576.867, -110.156, -22.2616, 127, 64, 0
L -575.804, -112.391, -12.3838, -563.634, -122.846, -20.8228, 240, 127, 0
L -576.817, -126.51, -6.7522, -576.789, -111.585, -6.7705, 240, 127, 0
L -631.536, -111.746, 35.9866, -661.668, -121.136, 36.1582, 240, 127, 0
L -631.536, -111.746, 35.1103, -576.79, -111.762, -4.2195, 240, 127, 0
L -632.12, -134.029, 36.1582, -659.647, -120.507, 36.1582, 240, 127, 0
L -563.733, -126.51, -13.6631, -576.817, -126.51, -8.3323, 240, 127, 0
L -631.887, -110.559, -30.8415, -601.36, -110.558, -30.2195, 0, 0, 240
L -577.738, -110.558, -30.2195, -577.738, -95.019, -30.2196, 127, 64, 0
L -576.837, -90.493, -29.5199, -576.867, -110.156, -22.7388, 240, 127, 0
L -632.577, -135.194, 36.1582, -632.727, -173.456, 25.1582, 127, 64, 0
L -632.726, -173.057, 25.1582, -682.743, -149.252, 25.1582, 240, 127, 0
L -682.743, -149.252, 25.1582, -682.742, -109.928, 25.1513, 127, 64, 0
L -682.742, -109.928, 25.1513, -661.668, -121.136, 25.1582, 240, 127, 0
L -631.887, -110.559, -30.9029, -660.628, -119.479, -32.4795, 0, 0, 240
L -660.628, -119.479, -32.4795, -683.117, -108.729, -32.9213, 0, 0, 240
L -683.117, -108.729, -32.9213, -703.93, -83.983, -33.3605, 0, 0, 240
L -703.93, -83.983, -33.3605, -723.955, -52.943, -33.3537, 0, 0, 240
L -723.955, -52.943, -33.3537, -740.846, -36.03, -33.3498, 0, 0, 240
L -740.846, -36.03, -33.3498, -754.397, -25.59, -33.3481, 0, 0, 240
L -754.397, -25.59, -33.3481, -775.845, -22.618, -33.4797, 0, 0, 240
L -775.845, -22.618, -33.4797, -790.79, 3.094, -33.4767, 0, 0, 240
L -790.79, 3.094, -33.4767, -792.131, 11.122, -33.4759, 0, 0, 240
L -792.131, 11.122, -33.4759, -798.901, 16.045, -33.7565, 0, 0, 240
L -798.901, 16.045, -33.7565, -806.919, 28.46, -33.6158, 0, 0, 240
L -811.216, 28.473, -33.6158, -786.197, 28.402, -33.7901, 240, 240, 240
L -787.336, 28.494, -33.7854, -776.704, 2.396, -33.7864, 0, 0, 240
L -776.704, 2.396, -33.7864, -766.759, -7.724, -33.7796, 0, 0, 240
L -766.759, -7.724, -33.7796, -755.625, -15.506, -33.7837, 0, 0, 240
L -755.625, -15.506, -33.7837, -747.807, -14.603, -33.6402, 0, 0, 240
L -747.807, -14.603, -33.6402, -742.33, -17.508, -33.3436, 0, 0, 240
L -742.33, -17.508, -33.3436, -724.45, -9.553, -33.3382, 0, 0, 240
L -724.45, -9.553, -33.3382, -661.169, -9.552, -33.3442, 0, 0, 240
L -661.169, -9.552, -33.3442, -601.903, -66.779, -33.3406, 0, 0, 240
L -601.903, -66.779, -33.3406, -596.78, -79.545, -33.3051, 0, 0, 240
L -596.78, -79.545, -33.3051, -587.948, -91.57, -33.3419, 0, 0, 240
L -587.948, -91.57, -33.3419, -586.39, -101.59, -33.1109, 0, 0, 240
L -601.36, -110.558, -33.3566, -596.297, -101.59, -33.3573, 0, 0, 240
L -586.39, -101.59, -33.3573, -596.297, -101.59, -33.3584, 0, 0, 240
L -599.949, -110.559, -29.3234, -595.457, -102.253, -29.3234, 240, 127, 0
L -595.457, -102.253, -29.3234, -585.388, -102.253, -29.3234, 240, 127, 0
L -585.388, -102.253, -29.3234, -576.789, -111.585, -28.6734, 240, 127, 0
L -578.45, -134.336, 40.8215, -631.791, -134.429, 48.4022, 240, 127, 0
L -631.791, -133.558, 48.6473, -631.782, -173.901, 48.6473, 240, 127, 0
L -631.532, -192.514, 46.3301, -683.111, -165.741, 47.6644, 240, 127, 0
L -682.743, -166.163, 47.6644, -703.917, -141.965, 47.6644, 127, 64, 0
L -703.927, -141.948, 47.6644, -724.923, -106.767, 47.6644, 127, 64, 0
L -724.923, -106.767, 47.6644, -741.138, -87.743, 47.6644, 127, 64, 0
L -741.138, -65.434, 47.6473, -725.735, -83.28, 47.6473, 240, 127, 0
L -725.735, -83.28, 47.6473, -705.51, -122.511, 47.6443, 240, 127, 0
L -705.51, -122.511, 47.6443, -685.096, -148.852, 47.6533, 240, 127, 0
L -685.096, -148.852, 47.6533, -631.782, -173.901, 47.6533, 240, 127, 0
L -576.702, -162.256, 40.9296, -631.782, -173.128, 48.6345, 240, 127, 0
L -578.45, -134.336, 40.319, -527.202, -153.392, 0.5923, 240, 127, 0
L -703.738, -86.526, 35.6936, -683.741, -109.273, 35.6936, 240, 127, 0
L -683.734, -147.916, 36.4161, -683.741, -109.273, 36.4153, 240, 127, 0
L -703.74, -86.409, 36.414, -703.744, -122.178, 36.4084, 127, 64, 0
L -703.744, -122.178, 36.4084, -683.734, -147.916, 36.4059, 127, 64, 0
L -547.579, -156.217, 16.694, -527.202, -153.392, 3.5789, 127, 64, 0
L -573.624, -163.918, 35.6905, -526.653, -152.082, -11.769, 240, 127, 0
L -724.323, -80.908, 43.3873, -724.285, -56.985, 43.3873, 240, 127, 0
L -724.285, -56.985, 43.3873, -705.501, -85.079, 43.3873, 240, 127, 0
L -705.501, -85.079, 43.3873, -705.562, -118.766, 43.3873, 240, 127, 0
L -705.562, -118.766, 43.3873, -724.323, -80.908, 43.3873, 127, 64, 0
L -599.331, -194.223, 0.3714, -629.352, -194.279, 0.3706, 240, 127, 0
L -631.112, -192.527, -4.493, -599.39, -192.526, -2.6015, 127, 64, 0
L -805.705, -45.206, -13.4771, -805.711, -19.087, -9.1242, 127, 64, 0
L -807.189, -15.077, -6.5282, -806.953, -44.491, -6.5162, 240, 127, 0
L -811.95, 42.473, -29.8415, -786.149, 42.489, -30.8415, 240, 240, 240
L -786.149, 42.489, -30.8415, -786.197, 28.402, -30.8415, 240, 240, 240
L -811.948, 42.443, -30.7723, -810.825, 28.814, -30.6313, 240, 240, 240
L -776.645, 43.918, -30.8415, -776.644, 28.447, -30.8415, 0, 0, 0
L -776.644, 28.447, -30.8415, -761.644, 28.447, -30.8415, 0, 0, 0
L -761.644, 28.447, -30.8415, -761.64, 16.071, -30.8415, 0, 0, 0
L -761.64, 16.071, -30.8415, -764.644, 16.221, -30.8415, 0, 0, 0
L -764.644, 16.221, -30.8415, -764.645, 1.809, -30.8415, 0, 0, 0
L -764.645, 1.809, -30.8415, -755.644, -2.232, -30.8415, 0, 0, 0
L -755.644, -2.236, -30.8415, -755.644, -5.555, -30.8415, 0, 0, 0
L -755.644, -5.555, -30.8415, -746.712, -5.553, -30.8415, 0, 0, 0
L -746.712, -5.553, -30.8415, -746.712, -2.086, -30.8415, 0, 0, 0
L -746.712, -2.086, -30.8415, -741.599, 2.138, -30.8415, 0, 0, 0
L -741.599, 2.138, -30.8415, -724.599, -9.846, -30.8415, 0, 0, 0
L -724.599, -9.846, -30.8759, -721.309, -6.553, -30.8415, 0, 0, 0
L -721.348, -6.591, -30.8415, -686.741, -6.552, -30.8415, 0, 0, 0
L -686.741, -6.552, -30.8415, -686.744, 71.416, -30.8415, 0, 0, 0
L -686.744, 71.416, -30.8415, -664.744, 71.414, -30.8415, 0, 0, 0
L -664.744, 71.414, -30.7158, -664.742, 108.347, -30.7158, 0, 0, 0
L -664.742, 108.347, -30.8415, -698.57, 108.347, -30.8415, 0, 0, 0
L -698.57, 108.347, -30.8415, -697.743, 113.294, -30.8415, 0, 0, 0
L -697.743, 113.294, -29.8415, -697.742, 119.72, -29.8415, 0, 0, 0
L -700.676, 116.778, -30.8415, -697.742, 119.72, -30.8415, 0, 0, 0
L -713.369, 117.621, -30.8415, -700.342, 117.862, -30.8415, 240, 127, 0
L -712.745, 116.778, -30.8415, -715.674, 119.722, -30.8415, 0, 0, 0
L -715.674, 119.722, -30.8415, -715.677, 113.303, -30.8415, 0, 0, 0
L -715.677, 113.303, -30.8415, -714.849, 108.347, -30.8415, 0, 0, 0
L -714.849, 108.347, -30.8415, -743.642, 108.348, -30.8415, 0, 0, 0
L -743.642, 108.348, -30.8415, -743.666, 72.76, -30.8415, 0, 0, 0
L -743.666, 72.76, -30.8415, -748.643, 67.038, -30.8415, 0, 0, 0
L -748.643, 67.038, -30.8415, -764.644, 67.047, -30.8415, 0, 0, 0
L -764.644, 67.047, -30.8415, -764.645, 54.415, -30.8415, 0, 0, 0
L -758.371, 54.413, -30.8415, -764.645, 54.415, -30.8415, 0, 0, 0
L -764.769, 47.951, -30.8415, -773.567, 48.382, -30.8415, 0, 0, 0
L -764.681, 46.05, -30.8415, -764.769, 47.951, -30.8415, 0, 0, 0
L -764.675, 46.048, -30.8415, -762.645, 45.222, -30.8405, 0, 0, 0
L -762.643, 53.141, -30.8415, -762.645, 45.222, -30.8415, 0, 0, 0
L -759.092, 53.081, -30.8415, -762.643, 53.141, -30.8415, 0, 0, 0
L -759.105, 53.101, -30.8415, -758.371, 54.413, -30.8415, 0, 0, 0
L -773.678, 45.907, -30.8415, -773.567, 48.382, -30.8415, 0, 0, 0
L -773.644, 45.975, -30.8415, -776.645, 43.918, -30.8415, 0, 0, 0
L -788.156, 42.487, -37.112, -776.308, 67.803, -33.7961, 0, 0, 240
L -776.308, 67.803, -33.7961, -766.526, 121.855, -33.786, 0, 0, 240
L -766.526, 121.855, -33.786, -748.797, 164.18, -33.7884, 0, 0, 240
L -748.797, 164.18, -33.7884, -756.62, 188.139, -33.7817, 0, 0, 240
L -756.62, 188.139, -33.7817, -748.826, 218.38, -33.7828, 0, 0, 240
L -748.826, 218.38, -33.7828, -748.82, 257.189, -33.7826, 0, 0, 240
L -748.82, 257.189, -33.7826, -724.359, 303.668, -33.7862, 0, 0, 240
L -724.359, 303.668, -33.7862, -659.745, 345.789, -33.7937, 0, 0, 240
L -659.744, 345.933, -33.7937, -659.706, 365.575, -33.6769, 0, 0, 240
L -659.71, 365.572, -33.6769, -723.249, 328.553, -33.6587, 0, 0, 240
L -723.249, 328.553, -33.6587, -763.735, 257.024, -33.6501, 0, 0, 240
L -763.735, 257.024, -33.6501, -771.698, 200.345, -33.4343, 0, 0, 240
L -771.698, 200.345, -33.4343, -771.711, 155.69, -33.4324, 0, 0, 240
L -771.711, 155.69, -33.4324, -786.759, 121.07, -33.4436, 0, 0, 240
L -786.759, 121.07, -33.4436, -799.697, 65.836, -33.4472, 0, 0, 240
L -799.697, 65.836, -33.4472, -811.588, 42.473, -33.1599, 0, 0, 240
L -700.676, 116.778, -30.8415, -700.676, 106.718, -30.8415, 0, 0, 0
L -700.676, 106.718, -30.8415, -667.676, 106.723, -30.8415, 0, 0, 0
L -667.675, 106.719, -30.8415, -667.675, 75.038, -30.8415, 0, 0, 0
L -667.675, 75.038, -30.8415, -689.677, 75.065, -30.8415, 0, 0, 0
L -689.677, 75.065, -30.8415, -689.676, -3.939, -30.8415, 0, 0, 0
L -730.323, -3.889, -24.8415, -739.307, 5.141, -23.8415, 0, 0, 0
L -739.307, 5.141, -22.8415, -742.117, 5.121, -22.8415, 0, 0, 0
L -744.322, 3.134, -20.8415, -742.117, 5.121, -21.8413, 0, 0, 0
L -744.329, 3.128, -20.8415, -749.646, -1.123, -20.8415, 0, 0, 0
L -749.644, -2.929, -20.8415, -749.646, -1.123, -20.8415, 0, 0, 0
L -749.644, -2.949, -20.8415, -752.713, -2.899, -20.8415, 0, 0, 0
L -752.713, -2.899, -20.8415, -752.711, -0.999, -20.8415, 0, 0, 0
L -760.764, 3.065, -20.8415, -752.711, -0.999, -20.8415, 0, 0, 0
L -760.762, 3.053, -20.8415, -761.629, 13.447, -20.8415, 0, 0, 0
L -761.629, 13.447, -20.8415, -758.711, 13.445, -20.8415, 0, 0, 0
L -758.711, 13.445, -20.8415, -758.712, 23.447, -20.8415, 0, 0, 0
L -758.712, 23.447, -20.8415, -753.644, 23.447, -20.8415, 0, 0, 0
L -753.644, 23.447, -20.8415, -753.644, 13.446, -20.8415, 0, 0, 0
L -753.644, 13.446, -20.8415, -743.965, 13.447, -20.8415, 0, 0, 0
L -743.965, 13.447, -20.8415, -740.744, 11.862, -21.8415, 0, 0, 0
L -740.744, 11.862, -22.8415, -740.741, 30.988, -22.8415, 0, 0, 0
L -743.914, 29.101, -20.8415, -740.741, 30.988, -21.8415, 0, 0, 0
L -743.891, 29.387, -20.8415, -758.712, 29.081, -20.8415, 0, 0, 0
L -758.712, 29.081, -20.8415, -758.711, 29.807, -20.8415, 0, 0, 0
L -760.267, 31.161, -20.8415, -758.711, 29.807, -20.8415, 0, 0, 0
L -760.267, 31.161, -20.8415, -773.712, 31.081, -20.8415, 0, 0, 0
L -773.713, 31.081, -20.8415, -773.68, 42.832, -20.8415, 0, 0, 0
L -773.68, 42.832, -20.8415, -772.117, 43.669, -20.8415, 0, 0, 0
L -771.587, 45.448, -20.8415, -772.117, 43.669, -20.8415, 0, 0, 0
L -771.548, 45.447, -20.8415, -768.106, 45.448, -20.8415, 0, 0, 0
L -768.106, 45.448, -20.8415, -766.209, 43.583, -20.8415, 0, 0, 0
L -766.209, 43.583, -20.8415, -761.162, 41.564, -20.8415, 0, 0, 0
L -761.162, 41.564, -20.8415, -756.254, 37.447, -20.8415, 0, 0, 0
L -756.254, 37.447, -20.8415, -743.945, 37.448, -20.8415, 0, 0, 0
L -743.945, 37.448, -20.8415, -740.743, 35.858, -21.8415, 0, 0, 0
L -740.743, 35.858, -22.8415, -740.744, 44.758, -22.8415, 0, 0, 0
L -740.744, 44.758, -21.8415, -744.836, 43.051, -20.8415, 0, 0, 0
L -744.836, 43.051, -20.8415, -753.713, 43.071, -20.8415, 0, 0, 0
L -753.713, 43.071, -20.8415, -753.709, 45.009, -20.8415, 0, 0, 0
L -753.709, 45.009, -20.8415, -758.451, 47.201, -20.8415, 0, 0, 0
L -759.713, 47.071, -20.8415, -758.451, 47.201, -20.8415, 0, 0, 0
L -759.713, 47.081, -20.8415, -759.713, 50.447, -20.8415, 0, 0, 0
L -759.713, 50.447, -20.8415, -758.361, 50.445, -20.8415, 0, 0, 0
L -758.361, 50.445, -20.8415, -753.712, 53.895, -20.8415, 0, 0, 0
L -753.712, 53.895, -20.8415, -753.712, 57.044, -20.8415, 0, 0, 0
L -753.712, 57.044, -20.8415, -761.713, 57.038, -20.8415, 0, 0, 0
L -761.713, 57.038, -20.8415, -761.712, 64.416, -20.8415, 0, 0, 0
L -761.712, 64.416, -20.8415, -745.644, 64.416, -20.8415, 0, 0, 0
L -745.644, 64.416, -20.8415, -745.644, 51.717, -20.8415, 0, 0, 0
L -745.644, 51.717, -21.8413, -741.637, 50.261, -21.8415, 0, 0, 0
L -741.637, 50.261, -22.8415, -739.911, 51.645, -22.8415, 0, 0, 0
L -739.911, 51.645, -24.8415, -733.143, 57.583, -26.8415, 0, 0, 0
L -733.143, 57.583, -26.8415, -731.135, 58.589, -26.8415, 0, 0, 0
L -731.135, 58.589, -27.8415, -727.309, 62.416, -29.8415, 0, 0, 0
L -727.322, 62.403, -29.8415, -719.744, 62.421, -29.8415, 0, 0, 0
L -719.744, 62.421, -30.8415, -719.744, 75.045, -30.8415, 0, 0, 0
L -719.744, 75.045, -30.8415, -740.744, 75.038, -30.8415, 0, 0, 0
L -740.744, 75.038, -30.8415, -740.744, 106.725, -30.8415, 0, 0, 0
L -740.744, 106.725, -30.8415, -712.742, 106.721, -30.8415, 0, 0, 0
L -712.745, 116.778, -30.8415, -712.742, 106.721, -30.8415, 0, 0, 0
L -712.744, 114.273, -30.8415, -700.676, 114.273, -30.8415, 240, 127, 0
L -730.323, -3.889, -30.8415, -689.675, -3.919, -30.8415, 0, 0, 0
L -682.606, 183.38, -30.8415, -692.232, 182.661, -30.8415, 0, 0, 0
L -692.28, 182.357, -30.8415, -702.256, 170.641, -30.8415, 0, 0, 0
L -702.256, 170.641, -30.8415, -713.135, 170.641, -30.8415, 0, 0, 0
L -713.135, 170.641, -30.8415, -724.676, 182.973, -30.8415, 0, 0, 0
L -724.676, 182.973, -30.8415, -724.676, 193.727, -30.8415, 0, 0, 0
L -724.676, 193.727, -30.8415, -713.133, 206.32, -30.8415, 0, 0, 0
L -713.133, 206.32, -30.8415, -702.255, 206.316, -30.8415, 0, 0, 0
L -702.255, 206.316, -30.8415, -692.285, 194.346, -30.8415, 0, 0, 0
L -692.285, 194.346, -30.8415, -682.672, 194.283, -30.8415, 0, 0, 0
L -688.481, 191.701, -29.8415, -682.672, 194.283, -29.8415, 0, 0, 0
L -688.481, 191.701, -29.8415, -694.161, 191.531, -29.8415, 0, 0, 0
L -694.161, 191.531, -29.8415, -704.16, 203.521, -29.8415, 0, 0, 0
L -704.16, 203.521, -29.8415, -711.261, 203.661, -29.8415, 0, 0, 0
L -711.261, 203.661, -29.8415, -721.741, 191.977, -29.8415, 0, 0, 0
L -721.741, 191.977, -29.8415, -721.744, 184.758, -29.8415, 0, 0, 0
L -721.744, 184.758, -29.8415, -711.252, 173.316, -27.7199, 0, 0, 0
L -711.252, 173.316, -27.7199, -704.154, 173.326, -29.8415, 0, 0, 0
L -704.154, 173.326, -29.8415, -694.176, 185.316, -29.8415, 0, 0, 0
L -694.176, 185.316, -29.8415, -688.481, 185.316, -29.8415, 0, 0, 0
L -688.481, 185.316, -29.8415, -682.606, 183.38, -29.8415, 0, 0, 0
L -575.74, 51.447, -21.5872, -586.389, 51.448, -27.696, 127, 64, 0
L -586.389, 51.448, -25.2428, -577.536, 67.995, -24.5976, 127, 64, 0
L -577.536, 67.995, -20.893, -563.367, 83.165, -13.4848, 127, 64, 0
L -563.367, 83.165, -11.8415, -559.375, 84.89, -11.8415, 127, 64, 0
L -555.149, 85.268, -11.8415, -559.375, 84.89, -11.8415, 127, 64, 0
L -555.125, 85.395, -11.8415, -549.803, 90.717, -11.8415, 127, 64, 0
L -549.806, 83.201, -11.8415, -549.803, 90.717, -11.8415, 127, 64, 0
L -549.807, 83.195, -11.8415, -530.149, 79.436, -11.8415, 127, 64, 0
L -530.149, 79.436, -11.8415, -527.164, 82.051, -11.8415, 127, 64, 0
L -527.164, 82.051, -11.8415, -461.577, 82.062, -16.5239, 127, 64, 0
L -461.577, 82.062, -16.8415, -435.356, 69.761, -16.8415, 127, 64, 0
L -435.356, 69.761, -16.8415, -469.745, 20.813, -16.8415, 127, 64, 0
L -469.745, 20.813, -16.8415, -491.301, 47.447, -16.8415, 127, 64, 0
L -491.301, 47.447, -16.8415, -505.346, 47.446, -16.8415, 127, 64, 0
L -505.346, 47.446, -16.8415, -519.68, 69.996, -17.9171, 127, 64, 0
L -519.68, 69.996, -17.9171, -550.394, 45.445, -22.8415, 127, 64, 0
L -560.805, 35.013, -19.9212, -560.803, 18.447, -22.2093, 127, 64, 0
L -560.803, 18.447, -24.8415, -573.17, 18.445, -24.8415, 127, 64, 0
L -573.17, 18.445, -24.8415, -575.738, 21.011, -25.2406, 127, 64, 0
L -575.738, 21.011, -25.3608, -575.74, 51.447, -25.361, 127, 64, 0
L -575.738, 8.011, -25.3607, -575.739, -9.04, -24.8415, 127, 64, 0
L -575.739, -9.04, -23.8415, -569.122, -14.554, -23.8415, 127, 64, 0
L -569.122, -14.554, -21.8415, -559.113, -14.553, -20.8415, 127, 64, 0
L -559.113, -14.553, -20.8415, -545.208, -24.602, -20.8415, 127, 64, 0
L -545.208, -24.602, -19.8415, -530.815, -22.418, -19.8415, 127, 64, 0
L -530.784, -15.965, -17.8415, -530.815, -22.418, -17.8415, 127, 64, 0
L -530.807, -16.014, -17.8415, -528.804, -13.971, -17.8415, 127, 64, 0
L -528.804, -13.971, -17.8415, -528.807, -3.819, -17.8415, 127, 64, 0
L -534.806, -3.919, -20.8415, -528.807, -3.819, -20.8415, 127, 64, 0
L -534.806, -3.919, -20.8415, -534.805, 3.068, -20.8415, 127, 64, 0
L -534.805, 3.068, -22.8415, -550.588, 9.241, -22.8415, 127, 64, 0
L -550.588, 9.241, -24.8415, -573.701, 9.161, -24.8415, 127, 64, 0
L -573.701, 9.161, -24.8415, -575.738, 8.011, -24.8415, 127, 64, 0
L -519.739, -13.987, -17.8415, -517.171, -16.554, -17.8415, 127, 64, 0
L -517.171, -16.554, -17.8415, -503.837, -16.554, -15.8415, 127, 64, 0
L -503.837, -16.554, -15.8415, -503.837, 3.111, -16.8415, 127, 64, 0
L -503.837, 3.111, -16.8415, -519.739, 3.241, -16.8415, 127, 64, 0
L -519.739, 3.241, -18.8415, -519.739, -13.987, -17.8415, 127, 64, 0
L -491.769, -15.987, -15.8415, -491.77, 3.213, -16.8415, 127, 64, 0
L -491.77, 3.213, -16.8415, -469.514, 7.452, -16.8415, 127, 64, 0
L -469.514, 7.452, -16.8415, -436.388, -22.889, -16.8415, 127, 64, 0
L -436.388, -22.889, -16.8415, -395.228, -22.919, -16.8415, 127, 64, 0
L -395.228, -22.919, -16.8415, -362.814, 6.828, -16.8415, 127, 64, 0
L -362.814, 6.828, -16.8415, -362.809, 22.119, -16.8415, 127, 64, 0
L -362.809, 22.119, -16.8415, -397.53, 71.536, -16.8415, 127, 64, 0
L -397.53, 71.536, -16.8385, -314.796, 37.428, -16.7792, 127, 64, 0
L -314.796, 37.428, -16.7792, -293.137, 40.997, -12.3712, 127, 64, 0
L -293.115, 49.465, -11.8934, -293.137, 40.997, -11.8985, 240, 240, 0
L -293.115, 49.465, -12.3161, -315.171, 51.471, -16.3712, 127, 64, 0
L -315.171, 51.471, -16.8105, -366.801, 80.774, -16.8199, 127, 64, 0
L -366.801, 80.774, -16.8415, -366.8, 97.724, -16.8415, 127, 64, 0
L -366.8, 97.724, -16.8415, -461.848, 97.721, -16.8415, 127, 64, 0
L -461.848, 97.721, -16.6275, -505.808, 100.702, -12.7134, 127, 64, 0
L -505.808, 100.702, -12.7134, -527.254, 100.705, -11.8415, 127, 64, 0
L -527.254, 100.705, -11.8415, -531.706, 106.349, -11.8415, 127, 64, 0
L -530.461, 104.689, -11.8415, -561.243, 104.67, -11.8415, 240, 127, 0
L -561.243, 104.67, -13.3976, -575.178, 112.12, -19.873, 240, 127, 0
L -491.769, -15.987, -15.8415, -489.2, -18.557, -15.8415, 0, 127, 0
L -482.769, -18.553, -13.5786, -489.2, -18.557, -11.3073, 127, 64, 0
L -482.769, -18.553, -13.5779, -482.769, -40.375, -16.8415, 127, 64, 0
L -482.769, -40.375, -11.797, -476.339, -41.497, -9.6912, 127, 64, 0
L -476.339, -41.497, -9.6912, -462.953, -45.522, -5.4743, 127, 64, 0
L -462.953, -45.522, -4.2279, -444.67, -45.522, 0.1582, 127, 64, 0
L -444.67, -45.522, 0.1582, -306.246, -45.524, 0.1582, 127, 64, 0
L -304.899, -44.327, 0.1582, -304.9, -30.879, 0.1582, 127, 64, 0
L -304.9, -30.879, 0.1582, -279.898, -38.88, 0.1582, 127, 64, 0
L -279.898, -38.88, 0.1582, -279.901, -29.736, 0.1582, 127, 64, 0
L -279.901, -29.73, 0.1582, -269.932, -0.757, 0.1582, 127, 64, 0
L -269.932, -0.757, 0.1582, -269.929, 11.914, 0.1582, 127, 64, 0
L -269.929, 11.914, 0.1582, -280.558, 19.081, 0.1582, 127, 64, 0
L -280.558, 19.081, -13.8933, -253.495, 19.021, -13.8703, 0, 0, 240
L -253.495, 19.021, -13.8789, -245.931, 11.812, -13.8834, 0, 0, 240
L -245.931, 11.812, -13.9518, -245.932, -0.336, -14.3, 0, 0, 240
L -245.932, -0.336, -14.3, -240.931, -9.311, -13.8777, 0, 0, 240
L -240.931, -9.311, -13.9891, -240.931, -29.784, -13.8795, 0, 0, 240
L -240.931, -29.784, -13.9463, -244.925, -37.771, -13.8725, 0, 0, 240
L -244.925, -37.771, -13.8725, -244.913, -44.173, -13.8778, 0, 0, 240
L -244.913, -44.173, -13.8778, -241.171, -47.917, -13.8772, 0, 0, 240
L -232.931, -58.217, -13.9886, -241.171, -47.917, -14.83, 0, 0, 240
L -232.931, -58.217, -14.178, -232.931, -63.777, -13.9908, 0, 0, 240
L -232.931, -63.777, -14.2096, -235.932, -81.903, -13.878, 0, 0, 240
L -235.932, -81.903, -13.878, -235.931, -147.211, -11.3573, 0, 0, 240
L -235.931, -147.211, -11.3573, -216.164, -178.829, -14.6799, 0, 0, 240
L -216.164, -178.829, -14.6799, -152.788, -214.441, -13.9017, 0, 0, 240
L -152.788, -214.441, -13.9017, -90.889, -195.461, -13.9777, 0, 0, 240
L -90.889, -195.461, -13.8788, -79.721, -201.394, -13.8712, 0, 0, 240
L -79.721, -201.394, -13.8712, -63.305, -192.584, -13.8811, 0, 0, 240
L -63.305, -192.584, -13.8713, -47.326, -188.59, -13.8689, 0, 0, 240
L -47.326, -188.59, -13.8689, 50.427, -133.723, -13.8764, 0, 0, 240
L 50.427, -133.723, -13.8764, 84.11, -103.965, -13.8673, 0, 0, 240
L 84.11, -103.965, -13.8673, 87.511, -90.234, -14.807, 0, 0, 240
L 87.511, -90.234, -14.1526, 96.243, -71.867, -13.8841, 0, 0, 240
L 96.243, -71.867, -13.8835, 120.59, -57.891, -13.8811, 0, 0, 240
L 120.59, -57.891, -13.8963, 148.313, -52.345, -13.8828, 0, 0, 240
L 148.313, -52.345, -13.8828, 171.981, -7.311, -13.8704, 0, 0, 240
L 171.981, -7.311, -13.8704, 171.976, 5.095, -11.3298, 0, 0, 240
L 171.976, 5.095, -11.3298, 160.271, 20.704, -13.8773, 0, 0, 240
L 160.271, 20.704, -14.1679, 137.209, 60.737, -14.5999, 0, 0, 240
L 137.209, 60.737, -14.5999, 89.464, 101.552, -13.8956, 0, 0, 240
L 89.464, 101.552, -13.8956, 9.797, 143.371, -13.916, 0, 0, 240
L 9.797, 143.371, -13.916, -7.83, 143.37, -13.8697, 0, 0, 240
L -7.83, 143.37, -13.8697, -52.701, 124.966, -11.3247, 0, 0, 240
L -52.701, 124.966, -14.4769, -102.422, 119.264, -13.5114, 0, 0, 240
L -102.422, 119.264, -13.5114, -131.228, 79.715, -13.8739, 0, 0, 240
L -131.228, 79.715, -14.368, -156.322, 55.625, -14.1051, 0, 0, 240
L -156.322, 55.625, -12.15, -184.206, 37.697, -13.8733, 0, 0, 240
L -184.206, 37.697, -13.8733, -213.132, -20.218, -14.243, 0, 0, 240
L -213.132, -20.218, -14.403, -227.845, -31.526, -13.8788, 0, 0, 240
L -227.845, -31.526, -14.846, -227.884, -9.911, -11.2051, 0, 0, 240
L -227.884, -9.911, -11.2051, -232.723, -4.097, -14.5399, 0, 0, 240
L -232.723, -4.097, -13.8803, -242.681, 17.745, -13.8681, 0, 0, 240
L -242.681, 17.745, -13.8681, -272.496, 36.826, -13.943, 0, 0, 240
L -272.496, 36.826, -14.1128, -281.903, 60.226, -14.9109, 0, 0, 240
L -281.903, 60.226, -14.759, -273.911, 84.19, -13.8735, 0, 0, 240
L -273.911, 84.19, -13.8735, -291.596, 110.737, -13.8948, 0, 0, 240
L -291.596, 110.737, -13.8948, -299.46, 117.616, -13.9268, 0, 0, 240
L -299.46, 117.616, -13.9268, -324.832, 133.817, -13.881, 0, 0, 240
L -324.832, 133.817, -13.8773, -324.832, 158.55, -13.8902, 0, 0, 240
L -324.832, 158.55, -13.8902, -346.94, 163.378, -13.9807, 0, 0, 240
L -346.94, 163.378, -13.9807, -398.285, 163.751, -13.8765, 0, 0, 240
L -398.285, 163.751, -13.9482, -418.845, 188.006, -13.8916, 0, 0, 240
L -418.845, 188.006, -13.8916, -446.769, 216.929, -13.9067, 0, 0, 240
L -446.769, 216.929, -13.9322, -446.771, 276.608, -11.3049, 0, 0, 240
L -446.771, 276.608, -13.9071, -415.898, 323.859, -13.8717, 0, 0, 240
L -415.898, 323.859, -13.8717, -448.8, 425.192, -13.929, 0, 0, 240
L -448.8, 425.192, -13.8689, -437.769, 482.318, -13.8719, 0, 0, 240
L -437.769, 482.318, -13.8719, -437.773, 516.014, -13.9845, 0, 0, 240
L -437.773, 516.014, -13.9845, -448.769, 538.974, -13.9624, 0, 0, 240
L -448.769, 538.974, -13.8762, -448.788, 616.773, -13.8725, 0, 0, 240
L -448.788, 616.773, -13.8725, -486.151, 653.152, -13.8703, 0, 0, 240
L -486.151, 653.152, -13.8703, -517.253, 653.203, -14.7799, 0, 0, 240
L -517.253, 653.203, -13.8698, -537.231, 679.144, -13.8696, 0, 0, 240
L -537.231, 679.144, -13.8696, -592.224, 679.145, -13.8983, 0, 0, 240
L -592.224, 679.145, -13.8983, -633.719, 613.971, -13.9905, 0, 0, 240
L -633.719, 613.971, -13.9905, -617.817, 530.504, -13.8895, 0, 0, 240
L -617.817, 530.504, -13.8895, -593.803, 482.51, -13.8811, 0, 0, 240
L -593.803, 482.51, -12.4552, -585.726, 424.985, -13.8773, 0, 0, 240
L -585.726, 424.985, -13.8697, -615.693, 387.553, -12.9978, 0, 0, 240
L -615.693, 387.553, -14.3499, -628.176, 379.268, -12.6111, 0, 0, 240
L -628.176, 379.268, -13.8916, -659.71, 365.572, -37.1096, 0, 0, 240
L -657.775, 256.353, -28.9802, -657.774, 304.088, -3.9209, 127, 64, 0
L -657.775, 256.353, -30.8393, -715.688, 256.352, -30.8127, 127, 64, 0
L -613.706, 218.285, -30.8415, -613.707, 257.196, -30.6656, 127, 64, 0
L -613.707, 257.196, -30.6656, -613.73, 312.251, -0.782, 127, 64, 0
L -657.776, 300.635, -5.889, -657.853, 322.299, 3.8081, 240, 127, 0
L -658.096, 308.929, -1.1559, -658.878, 257.668, 0.1143, 240, 127, 0
L -658.878, 257.668, 0.1143, -715.688, 256.352, -30.8122, 240, 127, 0
L -493.42, 216.353, 26.1994, -479.769, 188.125, 36.335, 127, 64, 0
L -479.769, 188.125, 36.335, -530.981, 158.834, -0.6246, 240, 127, 0
L -610.372, 256.354, -17.8095, -546.589, 256.353, -17.81, 127, 64, 0
L -545.157, 256.247, 19.3673, -530.241, 237.354, 32.9549, 127, 64, 0
L -530.241, 237.354, 31.6761, -504.381, 237.34, 50.2959, 127, 64, 0
L -504.381, 237.34, 50.2959, -493.389, 216.353, 58.6409, 127, 64, 0
L -528.806, 237.353, 30.9678, -528.805, 216.353, 30.968, 127, 64, 0
L -628.287, 355.316, 13.1592, -583.567, 355.319, 13.1582, 127, 64, 0
L -572.292, 360.967, 5.3483, -583.567, 355.319, 12.5, 127, 64, 0
L -572.292, 360.967, 0.1582, -505.31, 409.698, 0.1582, 127, 64, 0
L -628.295, 355.307, 13.1592, -637.245, 344.331, 9.4619, 127, 64, 0
L -637.245, 344.331, 7.4199, -660.211, 344.317, 1.3357, 127, 64, 0
L -660.211, 344.317, -0.509, -723.316, 303.528, -30.6, 240, 127, 0
L -613.73, 312.251, 0.1582, -571.805, 312.256, 0.1582, 127, 64, 0
L -571.805, 312.256, 1.1609, -571.806, 296.001, 9.1677, 127, 64, 0
L -571.806, 295.992, 9.1676, -502.837, 270.998, 8.7631, 127, 64, 0
L -502.838, 258.284, 0.1582, -502.837, 270.998, 0.1582, 127, 64, 0
L -502.811, 258.285, 0.1582, -491.843, 258.286, 0.1582, 127, 64, 0
L -491.843, 258.286, -0.5108, -491.826, 238.594, -0.5201, 127, 64, 0
L -491.826, 238.594, -0.5201, -477.835, 217.609, -8.6791, 127, 64, 0
L -477.838, 276.086, -13.8744, -477.835, 217.754, -14.128, 0, 0, 240
L -477.835, 217.754, -14.128, -417.317, 165.178, -13.8689, 0, 0, 240
L -417.317, 165.178, -13.8689, -388.573, 151.316, -13.8747, 0, 0, 240
L -388.573, 151.316, -13.8747, -346.402, 151.315, -13.8834, 0, 0, 240
L -346.402, 151.315, -14.5649, -341.9, 145.688, -14.5359, 0, 0, 240
L -342.777, 146.785, -14.5359, -344.838, 149.362, -13.884, 0, 0, 240
L -341.9, 145.688, -13.8895, -341.9, 129.797, -13.8765, 0, 0, 240
L -341.9, 129.797, -13.8765, -323.404, 112.348, -13.8658, 0, 0, 240
L -323.404, 112.348, -13.8658, -304.278, 112.347, -13.8766, 0, 0, 240
L -304.278, 112.347, -13.9878, -288.729, 82.007, -13.8915, 0, 0, 240
L -293.247, 49.457, -11.9228, -288.729, 82.007, -14.1264, 0, 0, 240
L -293.137, 41.025, -11.8984, -280.269, 19.081, -13.9517, 0, 0, 240
L -339.488, 125.13, -13.9253, -336.66, 127.912, -14.9, 240, 240, 240
L -336.66, 127.912, -14.9, -331.297, 122.884, -13.9024, 240, 240, 240
L -331.297, 122.884, -13.9024, -334.278, 120.018, -11.7059, 240, 240, 240
L -339.488, 125.13, 0.1582, -334.278, 120.018, 0.1582, 240, 240, 240
L -477.838, 276.087, -13.9093, -453.765, 323.193, -11.1888, 0, 0, 240
L -453.765, 323.193, -13.9604, -484.859, 426.185, -14.1457, 0, 0, 240
L -465.672, 356.932, -14.1457, -462.295, 358.071, -15.5966, 240, 240, 240
L -462.295, 358.071, -15.5966, -464.713, 364.57, -15.5876, 240, 240, 240
L -464.713, 364.57, -15.5876, -467.918, 363.552, 0.1582, 240, 240, 240
L -467.918, 363.552, 0.1582, -465.672, 356.932, 0.1582, 240, 240, 240
L -484.859, 426.185, -13.8597, -497.838, 482.332, -14.643, 0, 0, 240
L -497.838, 482.332, -14.643, -497.834, 529.691, -11.282, 0, 0, 240
L -497.834, 529.691, -11.282, -484.838, 538.688, -14.457, 0, 0, 240
L -484.838, 538.688, -13.9852, -484.837, 617.842, -13.8361, 0, 0, 240
L -484.837, 617.842, -10.9047, -510.343, 627.034, -13.8718, 0, 0, 240
L -510.343, 627.034, -13.8718, -554.932, 655.666, -13.8528, 0, 0, 240
L -554.932, 655.666, -13.8575, -593.707, 614.548, -13.9855, 0, 0, 240
L -593.707, 614.548, -13.8758, -593.707, 529.998, -13.8619, 0, 0, 240
L -593.707, 529.998, -13.8155, -573.751, 482.062, -11.5721, 0, 0, 240
L -573.751, 482.062, -11.5721, -573.747, 426.144, -14.999, 0, 0, 240
L -573.747, 426.144, -14.999, -601.34, 368.239, -13.8491, 0, 0, 240
L -601.34, 368.239, -13.8491, -616.101, 368.215, -13.894, 0, 0, 240
L -616.101, 368.215, -13.8881, -629.241, 357.132, -13.8518, 0, 0, 240
L -629.241, 357.132, -13.8518, -659.744, 345.933, -13.8765, 0, 0, 240
L -570.258, 461.257, -13.8785, -575.525, 460.5, -14.63, 240, 240, 240
L -575.525, 460.5, -14.63, -575.548, 467.653, -13.9024, 240, 240, 240
L -575.548, 467.653, -13.9024, -570.276, 467.625, 0.1582, 240, 240, 240
L -570.276, 467.625, 0.1582, -570.258, 461.257, 0.1582, 240, 240, 240
L -572.13, 426.223, 0.1582, -525.637, 426.223, 0.1582, 127, 64, 0
L -525.637, 426.223, 0.278, -571.807, 395.152, 3.4142, 127, 64, 0
L -571.707, 393.525, 8.3459, -527.954, 425.837, 0.1582, 240, 127, 0
L -571.807, 347.253, 0.1582, -571.793, 360.809, 0.1582, 127, 64, 0
L -571.807, 347.253, 0.1582, -545.284, 347.334, 0.1582, 127, 64, 0
L -571.806, 330.323, 0.1582, -546.634, 330.321, 0.1582, 127, 64, 0
L -571.807, 330.322, 0.1582, -571.805, 322.319, 0.1582, 127, 64, 0
L -571.805, 322.319, 0.1582, -583.466, 322.322, 0.1582, 127, 64, 0
L -477.487, -84.754, -10.6705, -489.769, -75.421, -14.3879, 0, 64, 0
L -489.769, -75.421, -15.8918, -503.959, -81.607, -19.832, 0, 64, 0
L -503.959, -81.607, -20.538, -500.835, -97.116, -19.7935, 0, 64, 0
L -500.835, -97.116, -18.7684, -482.552, -98.014, -13.814, 0, 64, 0
L -477.487, -84.754, -10.6326, -482.552, -98.014, -11.6852, 0, 64, 0
L -416.777, -175.001, 0.1583, -436.412, -159.96, 0.1582, 0, 0, 0
L -416.777, -175.001, -1.8441, -403.293, -155.058, -1.8415, 0, 0, 0
L -426.445, -138.928, -1.8441, -436.412, -159.96, -1.8434, 0, 0, 0
L -403.293, -155.058, 0.1582, -426.445, -138.928, 0.1582, 0, 0, 0
L -426.45, -167.591, 17.9005, -414.739, -146.884, 18.739, 0, 0, 0
L -399.868, -130.491, 0.1582, -430.769, -130.491, 0.1582, 0, 0, 0
L -430.769, -130.491, 0.1582, -430.77, -94.59, 0.1582, 0, 0, 0
L -430.77, -94.59, 0.1582, -399.869, -94.587, 0.1582, 0, 0, 0
L -399.869, -94.587, 0.1582, -399.868, -130.491, 0.1582, 0, 0, 0
L -399.869, -112.147, 20.1582, -430.77, -112.197, 20.1582, 0, 0, 0
L -383.868, -157.559, 0.1582, -383.869, -178.559, 0.2592, 0, 0, 0
L -383.869, -178.559, 0.2592, -361.8, -178.559, 0.1582, 0, 0, 0
L -361.8, -178.559, 0.1582, -361.801, -157.56, 0.1582, 0, 0, 0
L -357.869, -157.557, 0.1582, -361.801, -157.56, 0.1582, 0, 0, 0
L -357.869, -157.557, 0.1582, -357.868, -182.46, 0.1582, 0, 0, 0
L -357.868, -182.46, 0.1582, -387.801, -182.46, 0.1582, 0, 0, 0
L -387.801, -182.46, 0.1582, -387.801, -157.559, 0.1582, 0, 0, 0
L -383.868, -157.559, 0.1582, -387.801, -157.559, 0.1582, 0, 0, 0
L -340.831, -142.558, 0.1582, -340.833, -146.491, 0.1582, 0, 0, 0
L -340.833, -146.491, 0.1582, -311.904, -146.491, 0.1582, 0, 0, 0
L -311.904, -146.491, 3.3422, -311.898, -114.559, 0.1582, 0, 0, 0
L -311.898, -114.559, 0.1582, -340.833, -114.556, 0.1582, 0, 0, 0
L -340.833, -114.556, 0.1582, -340.832, -118.491, 0.1582, 0, 0, 0
L -340.832, -118.491, 0.1582, -315.832, -118.491, 0.3381, 0, 0, 0
L -315.832, -118.49, 0.3379, -315.832, -142.559, 0.3379, 0, 0, 0
L -315.832, -142.559, 0.3379, -340.831, -142.558, 0.1582, 0, 0, 0
L -303.515, -88.521, 0.1582, -303.469, -65.59, 0.159, 0, 0, 0
L -303.469, -65.59, 0.1582, -327.199, -65.59, 0.1582, 0, 0, 0
L -327.199, -65.59, 0.1582, -327.228, -88.522, 0.1582, 0, 0, 0
L -327.228, -88.522, 0.1582, -303.515, -88.521, 0.1575, 0, 0, 0
L -314.576, -88.521, 12.1582, -314.561, -65.59, 12.1582, 0, 0, 0
L -337.9, -81.522, 0.1582, -365.8, -81.522, 0.1582, 0, 0, 0
L -365.8, -81.522, 0.1582, -365.8, -53.59, 0.1582, 0, 0, 0
L -365.8, -53.59, 0.1582, -337.9, -53.59, 0.1582, 0, 0, 0
L -337.9, -53.59, 0.1582, -337.9, -81.522, 0.1582, 0, 0, 0
L -424.488, -77.976, 0.1583, -436.471, -62.229, 0.1582, 0, 64, 0
L -436.471, -62.229, 0.1582, -428.267, -50.032, 0.159, 0, 64, 0
L -428.267, -50.032, 0.1582, -413.276, -56.06, 0.1582, 0, 64, 0
L -413.276, -56.06, 0.1582, -413.225, -59.306, 0.16, 0, 64, 0
L -413.225, -59.306, 0.16, -410.559, -73.1, 0.1582, 0, 64, 0
L -410.559, -73.1, 0.159, -424.488, -77.976, 0.1582, 0, 64, 0
L -375.799, -100.57, 0.1606, -381.802, -106.87, 0.1582, 127, 0, 0
L -381.802, -106.87, 0.1582, -381.801, -112.543, 0.1582, 127, 0, 0
L -381.801, -112.543, 0.1582, -377.584, -123.308, 0.1582, 127, 0, 0
L -377.584, -123.308, 0.1582, -366.836, -126.533, 0.1582, 127, 0, 0
L -351.881, -105.59, 0.1582, -357.873, -100.571, 0.1582, 127, 0, 0
L -357.873, -100.571, 0.1582, -363.644, -99.608, 0.1582, 127, 0, 0
L -363.644, -99.608, 0.1582, -369.858, -99.582, 0.1582, 127, 0, 0
L -369.858, -99.582, 0.1582, -375.799, -100.57, 0.1582, 127, 0, 0
L -366.836, -126.533, 0.1582, -356.108, -123.315, 0.1582, 127, 0, 0
L -356.108, -123.315, 0.1582, -351.844, -112.943, 0.1582, 127, 0, 0
L -351.844, -112.943, 0.1582, -351.881, -105.59, 0.1582, 127, 0, 0
L -382.8, -59.157, -2.8777, -382.8, -56.848, -2.8883, 0, 0, 240
L -382.8, -56.848, -2.8883, -384.351, -54.521, -2.8788, 0, 0, 240
L -384.351, -54.521, -2.8788, -397.324, -54.531, -2.8809, 0, 0, 240
L -397.324, -54.531, -2.8809, -398.87, -56.85, -2.8767, 0, 0, 240
L -398.87, -56.85, -2.8767, -398.87, -59.156, -2.882, 0, 0, 240
L -398.87, -59.156, -2.882, -397.435, -60.591, -2.9472, 0, 0, 240
L -397.435, -60.591, -2.9472, -384.234, -60.591, -2.8793, 0, 0, 240
L -384.234, -60.591, -2.8793, -382.8, -59.154, -2.879, 0, 0, 240
L -382.8, -59.154, -2.879, -382.8, -56.848, -2.8774, 0, 0, 240
L -342.898, -194.526, 0.1582, -369.421, -194.527, 0.1582, 0, 0, 0
L -369.421, -194.527, 0.1582, -384.388, -200.047, 0.1582, 0, 0, 0
L -384.388, -200.047, 0.1582, -395.313, -212.255, 0.1582, 0, 0, 0
L -395.313, -212.255, 0.1582, -397.841, -225.15, 0.1582, 0, 0, 0
L -397.841, -225.15, 0.1582, -395.926, -242.995, 0.1582, 0, 0, 0
L -395.926, -242.995, 0.1582, -413.11, -252.528, 0.1582, 0, 0, 0
L -413.11, -252.528, 0.1582, -417.399, -252.524, 0.1582, 0, 0, 0
L -417.399, -252.524, 0.1582, -415.432, -256.459, 0.1582, 0, 0, 0
L -415.432, -256.459, 0.1582, -412.566, -256.46, 0.1582, 0, 0, 0
L -412.566, -256.46, 0.1582, -391.772, -243.983, 0.1582, 0, 0, 0
L -391.772, -243.983, 0.1582, -393.868, -231.42, 0.1582, 0, 0, 0
L -393.868, -231.42, 0.1582, -393.87, -224.584, 0.1582, 0, 0, 0
L -393.87, -224.584, 0.1582, -391.92, -212.923, 0.1582, 0, 0, 0
L -391.92, -212.923, 0.1582, -382.23, -202.303, 0.1582, 0, 0, 0
L -382.278, -202.32, 0.1582, -368.646, -197.459, 0.1582, 0, 0, 0
L -368.646, -197.459, 0.1582, -361.952, -197.459, 0.1582, 0, 0, 0
L -344.563, -201.557, 0.1582, -361.955, -197.459, 0.1582, 0, 0, 0
L -344.563, -201.557, 0.1582, -342.9, -199.895, 0.1582, 0, 0, 0
L -342.9, -199.895, 0.1582, -342.898, -194.526, 0.1582, 0, 0, 0
L -336.161, -209.424, 0.1582, -330.9, -210.738, 0.1582, 0, 0, 0
L -330.9, -210.738, 0.1582, -330.9, -231.591, 0.1582, 0, 0, 0
L -330.9, -231.591, 0.1582, -332.768, -242.796, 0.1582, 0, 0, 0
L -332.768, -242.796, 0.1582, -323.702, -245.528, 0.1582, 0, 0, 0
L -323.702, -245.528, 0.1582, -319.301, -245.526, 0.1582, 0, 0, 0
L -319.301, -245.526, 0.1582, -321.269, -249.46, 0.1582, 0, 0, 0
L -321.269, -249.46, 0.1582, -324.369, -249.46, 0.1582, 0, 0, 0
L -324.369, -249.46, 0.1582, -337.144, -245.132, 0.1582, 0, 0, 0
L -337.144, -245.132, 0.1582, -333.833, -231.393, 0.1582, 0, 0, 0
L -333.833, -231.393, 0.1582, -333.837, -224.729, 0.1582, 0, 0, 0
L -333.837, -224.729, 0.1582, -337.961, -211.221, 0.1582, 0, 0, 0
L -337.961, -211.221, 0.1582, -336.161, -209.424, 0.1582, 0, 0, 0
L -361.919, -257.526, 0.1582, -346.735, -254.482, 0.1582, 0, 0, 0
L -346.735, -254.482, 0.1582, -323.662, -265.49, 0.1582, 0, 0, 0
L -323.662, -265.49, 0.1582, -321.269, -265.496, 0.1582, 0, 0, 0
L -321.269, -265.496, 0.1582, -319.302, -269.426, 0.1582, 0, 0, 0
L -319.302, -269.426, 0.1592, -324.787, -269.43, 0.1582, 0, 0, 0
L -324.787, -269.43, 0.1582, -348.468, -258.493, 0.1582, 0, 0, 0
L -348.468, -258.493, 0.1582, -357.217, -260.428, 0.1582, 0, 0, 0
L -357.217, -260.428, 0.1582, -368.882, -260.429, 0.1582, 0, 0, 0
L -368.882, -260.429, 0.1582, -383.651, -258.505, 0.1582, 0, 0, 0
L -383.651, -258.505, 0.1582, -412.572, -275.43, 0.1582, 0, 0, 0
L -412.572, -275.43, 0.1582, -417.397, -275.428, 0.1582, 0, 0, 0
L -417.397, -275.428, 0.1582, -415.433, -271.495, 0.1582, 0, 0, 0
L -413.117, -271.497, 0.1582, -415.433, -271.495, 0.1582, 0, 0, 0
L -413.652, -271.474, 0.1582, -384.138, -254.474, 0.1582, 0, 0, 0
L -384.138, -254.474, 0.1582, -368.737, -257.528, 0.1582, 0, 0, 0
L -368.73, -257.528, 0.1582, -361.926, -257.528, 0.1582, 0, 0, 0
L -261.931, -148.49, 0.1582, -261.93, -185.46, 0.1582, 127, 64, 0
L -261.93, -185.46, 0.1582, -285.641, -185.461, 0.1582, 127, 64, 0
L -285.641, -185.461, 0.1582, -304.833, -195.06, 0.1582, 127, 64, 0
L -304.833, -195.06, 0.1582, -304.832, -157.557, 0.1582, 127, 64, 0
L -304.832, -157.557, 0.1582, -286.831, -157.559, 0.1582, 127, 64, 0
L -286.832, -157.559, 0.1582, -286.833, -73.322, 0.1582, 127, 64, 0
L -286.833, -73.322, 0.1582, -271.487, -43.59, 0.1582, 127, 64, 0
L -271.487, -43.59, 0.1582, -244.915, -43.588, 0.1582, 127, 64, 0
L -618.487, 315.131, 1.1374, -629.579, 322.312, 3.616, 240, 127, 0
L -629.579, 322.312, 3.616, -640.956, 322.883, 3.6503, 240, 127, 0
L -493.239, 298.757, 2.1802, -480.431, 300.795, 0.1591, 0, 64, 0
L -480.431, 300.795, 0.1591, -476.615, 300.621, 0.1582, 0, 64, 0
L -476.615, 300.621, 0.1582, -470.695, 315.291, 0.1582, 0, 64, 0
L -470.695, 315.291, 0.1582, -482.689, 323.606, 0.1582, 0, 64, 0
L -482.689, 323.606, 0.1593, -498.446, 311.626, 0.1582, 0, 64, 0
L -493.239, 298.757, 1.5436, -498.446, 311.626, 0.5371, 0, 64, 0
L -486.768, 564.333, 0.1582, -486.769, 616.749, 0.1582, 240, 240, 240
L -486.769, 616.749, 2.1581, -446.838, 616.79, 2.1581, 240, 240, 240
L -446.838, 616.79, 0.1583, -446.836, 564.271, 0.1582, 240, 240, 240
L -446.836, 564.271, 0.1582, -486.768, 564.333, 0.1583, 240, 240, 240
L -534.097, 679.164, 0.1582, -486.181, 679.154, 0.1582, 0, 0, 0
L -486.181, 679.154, 0.1582, -422.535, 616.497, 0.1582, 0, 0, 0
L -422.535, 616.497, 0.1582, -321.901, 507.742, 0.1582, 0, 0, 0
L -321.901, 507.742, 0.1582, -321.896, 554.935, 0.1582, 0, 0, 0
L -319.81, 525.65, 0.1592, -313.9, 518.012, 0.1583, 0, 64, 0
L -313.9, 518.012, 0.1583, -312.923, 514.822, 0.1593, 0, 64, 0
L -312.923, 514.822, 0.1565, -296.264, 515.72, 0.1577, 0, 64, 0
L -296.264, 515.72, 0.1582, -294.16, 530.669, 0.1582, 0, 64, 0
L -294.16, 530.669, 0.1586, -311.859, 539.307, 0.1592, 0, 64, 0
L -311.859, 539.307, 0.1583, -320.331, 531.075, 0.1582, 0, 64, 0
L -320.331, 531.075, 0.1582, -319.81, 525.65, 0.1582, 0, 64, 0
L -223.744, 423.969, 0.1583, -235.341, 437.203, 0.1582, 0, 64, 0
L -235.341, 437.203, 0.1591, -225.753, 448.838, 0.1582, 0, 64, 0
L -225.753, 448.838, 0.1592, -207.657, 440.931, 0.1582, 0, 64, 0
L -220.608, 422.915, 0.1582, -85.221, 518.548, 0.1582, 127, 64, 0
L -85.221, 518.548, 2.2997, -85.301, 401.109, 22.4272, 127, 64, 0
L -85.301, 401.222, 22.4272, 8.322, 401.223, 11.9695, 127, 64, 0
L 8.322, 401.223, 9.8978, 38.976, 381.786, 0.4617, 127, 64, 0
L 38.976, 381.786, 0.1582, 38.978, 209.86, 0.1582, 127, 64, 0
L 38.978, 209.86, 0.1582, -35.664, 149.581, 0.1582, 127, 64, 0
L -35.664, 149.581, 0.1582, -299.834, 149.581, 0.1886, 127, 64, 0
L -299.834, 149.581, 13.8193, -299.834, 323.694, 13.1074, 127, 64, 0
L -299.834, 323.694, 13.1586, -219.728, 401.77, 12.8712, 127, 64, 0
L -207.657, 440.931, 0.1592, -208.221, 431.636, 0.1592, 0, 64, 0
L -223.744, 423.969, 0.1582, -218.198, 424.629, 0.1563, 0, 64, 0
L -220.608, 422.915, 0.1582, -323.852, 323.681, 0.1582, 127, 64, 0
L -323.852, 323.681, 0.1582, -324.87, 158.558, 0.1582, 127, 64, 0
L -174.734, 112.484, 1.331, -127.71, 117.631, 1.186, 127, 64, 0
L -174.732, 112.348, 9.1143, -290.251, 112.348, 23.9004, 127, 64, 0
L -290.413, 112.347, 23.9532, -295.656, 116.562, 24.385, 240, 127, 0
L -295.656, 116.562, 15.1582, -323.143, 134.149, 15.1582, 240, 127, 0
L -323.143, 134.149, 15.1582, -323.171, 324.334, 0.1582, 240, 127, 0
L -219.728, 401.222, 18.545, -97.11, 401.009, 45.8402, 127, 64, 0
L -95.521, 399.903, 48.2561, -219.978, 399.823, 48.2845, 240, 127, 0
L -219.978, 399.823, 48.2845, -298.321, 323.089, 45.3344, 240, 127, 0
L -298.321, 323.089, 45.3344, -298.293, 151.716, 44.3513, 240, 127, 0
L -298.293, 151.716, 44.3513, -36.87, 151.681, 48.13, 240, 127, 0
L -36.87, 151.681, 48.13, 35.613, 210.266, 48.2693, 240, 127, 0
L 35.613, 210.266, 48.2693, 35.592, 380.891, 48.6505, 240, 127, 0
L 35.592, 380.891, 48.6505, 6.289, 398.936, 48.5812, 240, 127, 0
L 6.289, 398.936, 48.5812, -85.301, 401.109, 47.7244, 240, 127, 0
L -373.719, 405.973, 0.1582, -359.805, 389.691, 0.1582, 0, 64, 0
L -359.805, 389.691, 0.1583, -373.717, 371.65, 0.1582, 0, 64, 0
L -373.717, 371.65, 0.1582, -378.348, 373.243, 0.1582, 0, 64, 0
L -378.348, 373.243, 0.1582, -399.518, 372.618, 0.1587, 0, 64, 0
L -399.518, 372.618, 0.1582, -399.506, 396.097, 0.1582, 0, 64, 0
L -399.506, 396.097, 0.1582, -373.719, 405.973, 0.1582, 0, 64, 0
L -373.797, 144.641, 0.1582, -373.8, 172.315, 0.1582, 240, 240, 240
L -373.8, 172.315, 0.1585, -345.901, 172.316, 0.1582, 240, 240, 240
L -345.901, 172.316, 0.1583, -345.891, 144.491, 0.1582, 240, 240, 240
L -345.891, 144.491, 0.1582, -373.797, 144.641, 0.1582, 240, 240, 240
L 77.953, 481.192, 0.1582, 85.889, 481.191, 0.1582, 0, 0, 0
L 85.889, 481.191, 0.1582, 88.954, 428.144, 0.1582, 0, 0, 0
L 88.954, 428.144, 0.1582, 74.943, 381.096, 0.1582, 0, 0, 0
L 74.943, 381.096, 0.1582, 74.943, 229.584, 0.1582, 0, 0, 0
L 74.943, 229.584, 0.1582, 116.775, 150.927, 0.1582, 0, 0, 0
L 116.775, 150.927, 0.1582, 168.696, 103.004, 0.1582, 0, 0, 0
L 168.696, 103.004, 0.1582, 188.913, 71.669, 0.1582, 0, 0, 0
L 188.913, 71.669, 0.1582, 188.917, 20.448, 0.1582, 0, 0, 0
L 188.917, 20.448, 0.1582, 180.981, 20.443, 0.1582, 0, 0, 0
L 180.981, 20.443, 0.1582, 180.961, 71.089, 0.1582, 0, 0, 0
L 180.961, 71.089, 0.1582, 158.216, 101.745, 0.1582, 0, 0, 0
L 158.216, 101.745, 0.1582, 108.188, 149.765, 0.1582, 0, 0, 0
L 108.188, 149.765, 0.1582, 68.279, 229.086, 0.1582, 0, 0, 0
L 68.279, 229.086, 0.1592, 68.269, 381.941, 0.1582, 0, 0, 0
L 68.269, 381.941, 0.1582, 81.004, 428.374, 0.1582, 0, 0, 0
L 81.004, 428.374, 0.1582, 77.953, 481.192, 0.1582, 0, 0, 0
L 180.981, -6.959, 0.1582, 180.98, -51.888, 0.1582, 0, 0, 0
L 188.914, -6.983, 0.1582, 180.981, -6.959, 0.1582, 0, 0, 0
L -237.863, -146.559, 7.8235, -237.863, -129.977, 18.5734, 127, 64, 0
L -237.88, -129.958, 18.567, -261.932, -109.605, 31.7775, 127, 127, 127
L -261.932, -109.605, 31.7775, -261.932, -148.491, 0.1582, 127, 64, 0
L -224.871, -114.789, -13.8729, -224.803, -47.39, -13.8902, 0, 0, 240
L -224.803, -47.39, -13.8902, -214.526, -47.59, -13.8453, 0, 0, 240
L -214.526, -47.59, -13.8453, -176.661, 25.097, -13.8209, 0, 0, 240
L -176.661, 25.097, -11.6319, -125.682, 57.05, -13.8261, 0, 0, 240
L -125.682, 57.05, -13.8261, -113.732, 80.993, -13.9097, 0, 0, 240
L -113.732, 80.993, -13.6302, -101.129, 92.19, -13.7721, 0, 0, 240
L -101.129, 92.19, -14.9909, -95.435, 97.25, -13.9167, 0, 0, 240
L -95.435, 97.25, -13.7702, -53.882, 109.352, -13.8119, 0, 0, 240
L -53.882, 109.352, -13.9101, -31.169, 107.378, -13.782, 0, 0, 240
L -31.169, 107.378, -13.782, -8.23, 119.346, -13.9882, 0, 0, 240
L -8.23, 119.346, -14.6379, 10.249, 119.349, -12.7888, 0, 0, 240
L 10.249, 119.349, -13.8841, 34.308, 106.319, -12.7507, 0, 0, 240
L 34.308, 106.319, -11.7829, 60.553, 103.286, -13.92, 0, 0, 240
L 60.553, 103.286, -11.106, 79.656, 72.157, -12.9709, 0, 0, 240
L 79.632, 72.165, -13.8247, 105.594, 62.179, -13.8016, 0, 0, 240
L 105.594, 62.179, -13.7703, 118.764, 43.929, -13.9107, 0, 0, 240
L 118.764, 43.929, -13.8337, 131.831, 21.813, -13.9029, 0, 0, 240
L 131.831, 21.813, -13.8818, 136.97, 5.382, -11.8321, 0, 0, 240
L 136.97, 5.382, -11.5183, 131.762, -8.16, -10.3366, 0, 0, 240
L 131.762, -8.16, -10.6188, 79.493, -53.389, -13.7866, 0, 0, 240
L 79.493, -53.389, -13.487, 65.962, -59.185, -13.8443, 0, 0, 240
L 65.962, -59.185, -13.8443, 65.941, -90.963, -13.8323, 0, 0, 240
L 65.941, -90.963, -13.5458, 51.518, -105.352, -10.5419, 0, 0, 240
L 51.518, -105.352, -13.8369, -20.433, -133.344, -13.8925, 0, 0, 240
L -20.433, -133.344, -13.8925, -46.756, -145.491, -13.7652, 0, 0, 240
L -46.756, -145.491, -13.8053, -62.724, -145.49, -13.8238, 0, 0, 240
L -62.724, -145.49, -13.8238, -153.446, -180.598, -13.8785, 0, 0, 240
L -153.446, -180.598, -10.4466, -204.612, -148.217, -13.8297, 0, 0, 240
L -204.612, -148.217, -10.4261, -224.871, -114.789, -13.9146, 0, 0, 240
L -605.487, 355.318, 6.5541, -572.13, 426.223, 6.3075, 240, 127, 0
L -569.786, 216.351, -11.6593, -493.42, 216.351, -1.258, 240, 127, 0
L -479.768, 186.691, -9.9589, -479.771, 135.601, 64.2826, 240, 127, 0
L -463.769, 135.681, -18.2336, -463.769, 106.347, -0.974, 127, 64, 0
L -463.769, 106.347, -0.974, -531.706, 106.349, -0.975, 127, 64, 0
L -463.769, 135.691, -18.2346, -479.771, 135.601, -18.2341, 127, 64, 0
L -481.281, 136.634, -18.8414, -530.981, 158.834, -18.8415, 127, 64, 0
L -530.738, 158.724, -22.9219, -530.74, 201.315, -8.1416, 127, 64, 0
L -530.74, 133.552, -22.6555, -530.738, 106.347, -30.6707, 240, 127, 0
L -530.738, 106.347, -30.6707, -562.493, 106.347, -20.2891, 240, 127, 0
L -562.493, 106.347, -20.2891, -574.099, 112.85, -21.748, 240, 127, 0
L 275.294, -39.858, -1.8415, 223.853, -48.54, -1.8415, 240, 127, 0
L 223.853, -48.54, -1.8415, 191.434, -52.9, -1.8415, 240, 127, 0
L 157.981, -178.888, -7.7937, 154.986, -177.198, -10.5814, 240, 240, 240
L 154.986, -177.198, -10.5814, 152.75, -178.814, -11.2318, 240, 240, 240
L 152.75, -178.814, -11.2318, 151.895, -181.401, -11.5624, 240, 240, 240
L 151.895, -181.401, -11.5624, 152.604, -184.52, -11.6126, 240, 240, 240
L -25.606, -209.728, 0.1582, -39.415, -207.251, 0.1582, 0, 64, 0
L -25.606, -209.728, 0.1583, -24.757, -213.531, 0.1592, 0, 64, 0
L -24.757, -213.531, 0.1592, -18.916, -225.913, 0.1489, 0, 64, 0
L -18.916, -225.913, -0.114, -31.415, -233.151, 0.1712, 0, 64, 0
L -31.415, -233.151, 0.1712, -46.629, -220.585, 0.1592, 0, 64, 0
L -46.629, -220.585, 0.1582, -41.552, -208.485, 0.1582, 0, 64, 0
L 173.912, -7.889, 0.1582, 173.914, 5.734, 0.1582, 240, 240, 240
L 173.914, 5.734, 0.1582, 162.654, 21.521, 0.1582, 240, 240, 240
L 129.913, 21.483, 0.1583, 134.923, 5.452, 0.1583, 240, 240, 240
L 134.923, 5.452, 0.1583, 129.899, -7.889, 0.1582, 240, 240, 240
L 173.912, -7.889, 0.1582, 129.899, -7.889, 0.1582, 240, 240, 240
L 162.654, 21.521, 0.1582, 129.913, 21.483, 0.1582, 240, 240, 240
L 79.512, 21.781, 0.1582, 90.154, 5.123, 0.1582, 0, 0, 0
L 90.154, 5.123, 0.1582, 79.455, -8.554, 0.1582, 0, 0, 0
L 79.455, -8.554, 0.1582, 64.71, -8.555, 0.1582, 0, 0, 0
L 64.71, -8.555, 0.1582, 54.169, -2.136, 0.1582, 0, 0, 0
L 54.169, -2.136, 0.1582, 54.909, 11.993, 0.1582, 0, 0, 0
L 54.909, 11.993, 0.1582, 52.529, 13.57, 0.1582, 0, 0, 0
L 52.529, 13.57, 0.1582, 64.871, 22.111, 0.1582, 0, 0, 0
L 64.871, 22.111, 0.1582, 79.512, 21.781, 0.1582, 0, 0, 0
L 24.137, -6.616, 0.1582, 33.139, -21.6, 0.1582, 0, 0, 0
L 33.139, -21.6, 0.1582, 27.975, -29.865, 0.1582, 0, 0, 0
L 27.975, -29.865, 0.1582, 28.109, -58.048, 0.1582, 0, 0, 0
L 50.778, -72.555, 0.1582, 27.992, -58.037, 0.1582, 0, 0, 0
L 50.778, -72.555, 0.1582, 23.492, -91.523, 0.1582, 0, 0, 0
L 23.492, -91.523, 0.1582, 10.662, -91.523, 0.1582, 0, 0, 0
L 10.662, -91.523, 0.1582, 4.666, -86.525, 0.1582, 0, 0, 0
L 4.666, -86.525, 0.1582, 2.598, -86.522, 0.1582, 0, 0, 0
L 2.598, -86.522, 0.1582, -9.463, -105.548, 0.1582, 0, 0, 0
L -9.463, -105.548, 1.158, -46.251, -121.215, 0.1582, 0, 0, 0
L -46.251, -121.215, 0.1582, -46.151, -123.491, 0.1582, 0, 0, 0
L -46.151, -123.491, 0.1582, -63.837, -123.491, 0.1582, 0, 0, 0
L -63.968, -121.066, 0.1582, -63.837, -123.491, 0.1582, 0, 0, 0
L -63.949, -121.076, 0.1582, -91.352, -105.414, 0.1582, 0, 0, 0
L -91.352, -105.414, 0.1582, -153.359, -86.437, 0.1582, 0, 0, 0
L -153.359, -86.437, 0.1582, -174.895, -71.053, 0.1582, 0, 0, 0
L -174.895, -71.053, 0.1582, -174.897, -48.014, 0.1582, 0, 0, 0
L -174.897, -48.014, 0.1582, -142.699, -23.933, 0.1582, 0, 0, 0
L -142.699, -23.933, 0.1582, -137.926, -10.797, 0.1582, 0, 0, 0
L -137.926, -10.797, 0.1582, -140.894, -6.989, 0.1582, 0, 0, 0
L -140.894, -6.989, 0.1582, -140.896, 5.58, 0.1582, 0, 0, 0
L -140.896, 5.58, 0.1582, -136.739, 17.02, 0.1582, 0, 0, 0
L -136.739, 17.02, 0.1582, -125.247, 25.051, 0.1582, 0, 0, 0
L -125.247, 25.051, 0.1582, -112.795, 25.382, 0.1582, 0, 0, 0
L -112.795, 25.382, 0.1582, -92.787, 18.271, 0.1582, 0, 0, 0
L -92.787, 18.271, 0.1582, -76.774, 18.382, 0.1582, 0, 0, 0
L -76.774, 18.382, 0.1583, -62.746, 12.051, 0.1582, 0, 0, 0
L -62.746, 12.051, 0.1582, -48.767, 12.051, 0.1582, 0, 0, 0
L -48.767, 12.051, 0.1582, -51.927, 17.127, 0.1582, 0, 0, 0
L -51.927, 17.127, 0.1582, -51.926, 28.937, 0.1582, 0, 0, 0
L -51.926, 28.937, 0.1582, -60.598, 36.578, 0.1582, 0, 0, 0
L -60.598, 36.578, 1.589, -40.219, 48.221, 4.4668, 0, 0, 0
L -40.219, 48.221, 4.5548, -22.699, 48.031, 4.556, 0, 0, 0
L -27.96, 57.78, 4.556, -27.965, 72.061, 0.4106, 0, 0, 0
L -27.965, 72.061, 0.1582, -13.957, 72.037, 0.1582, 0, 0, 0
L -13.956, 71.784, 0.1582, -13.958, 75.037, 0.1582, 0, 0, 0
L -13.956, 71.784, 7.1581, -28.21, 57.529, 7.1581, 0, 0, 0
L -22.699, 48.031, 10.1582, -28.21, 57.529, 10.1582, 0, 0, 0
L -10.319, 75.052, 0.1582, -13.958, 75.037, 0.1582, 0, 0, 0
L -13.957, 72.046, 7.1581, -10.325, 72.046, 7.1581, 0, 0, 0
L -10.327, 70.979, 1.158, -10.319, 75.052, 1.158, 0, 0, 0
L -10.327, 70.979, 2.1581, -23.625, 57.281, 8.1582, 0, 0, 0
L -23.625, 57.382, 8.1582, -8.147, 41.939, 15.1582, 0, 0, 0
L -7.86, 41.075, 16.1582, 10.96, 41.076, 16.1582, 240, 127, 0
L 10.96, 41.076, 16.1582, 15.241, 34.825, 16.1582, 0, 0, 0
L 15.241, 34.825, 16.1582, 20.131, 26.994, 16.1582, 0, 0, 0
L 20.131, 26.994, 16.1582, 22.338, 18.836, 16.1582, 0, 0, 0
L 22.338, 18.836, 16.1582, 22.344, 14.447, 16.1582, 0, 0, 0
L 22.346, 12.113, 16.1582, 13.975, 8.839, 16.1582, 127, 0, 0
L 13.968, 5.779, 16.1582, 13.975, 8.839, 16.1582, 0, 0, 0
L -6.325, 35.566, 16.1582, -8.147, 41.939, 16.1582, 0, 0, 0
L 11.536, 42.633, 15.1582, 25.643, 57.382, 8.1582, 0, 0, 0
L 25.643, 57.382, 8.1582, 12.336, 70.98, 1.1584, 0, 0, 0
L 12.353, 75.038, 1.158, 12.336, 70.98, 1.158, 0, 0, 0
L 12.353, 75.038, 0.1582, 15.971, 75.05, 0.1582, 0, 0, 0
L 12.342, 72.037, 7.1581, 15.975, 72.058, 7.1581, 0, 0, 0
L 15.976, 71.78, 0.1582, 15.971, 75.05, 0.1572, 0, 0, 0
L 15.976, 71.78, 7.1581, 30.308, 57.455, 7.1581, 0, 0, 0
L 21.893, 46.972, 0.1582, 30.308, 57.455, 0.1582, 0, 0, 0
L 21.888, 46.965, 0.1582, 19.357, 36.47, 0.1582, 0, 0, 0
L 19.357, 36.47, 0.1582, 23.929, 25.725, 0.1582, 0, 0, 0
L 23.929, 25.725, 0.1582, 24.975, 21.53, 0.1582, 0, 0, 0
L 24.975, 21.53, 0.1582, 24.976, 10.69, 0.1582, 0, 0, 0
L 24.976, 10.69, 0.1582, 13.22, 5.446, 0.1582, 0, 0, 0
L 13.22, 5.446, 0.1582, 2.911, 5.446, 0.1582, 0, 0, 0
L 2.911, 5.446, 0.1582, -20.52, 9.779, 0.1582, 0, 0, 0
L -20.52, 9.779, 0.1582, -26.234, 0.792, 0.1582, 0, 0, 0
L -26.234, 0.792, 0.1582, -32.492, -6.494, 0.1582, 0, 0, 0
L -32.492, -6.494, 0.1582, -46.967, -8.565, 0.1582, 0, 0, 0
L -46.967, -8.565, 0.1582, -53.452, -7.553, 0.1582, 0, 0, 0
L -53.452, -7.553, 0.1582, -67.227, -7.554, 0.1582, 0, 0, 0
L -67.227, -7.554, 0.1597, -77.218, -1.559, 0.2366, 0, 0, 0
L -77.218, -1.559, 0.2366, -92.512, -1.558, 0.2369, 0, 0, 0
L -92.519, -1.567, 0.2369, -99.838, -11.455, 0.1582, 0, 0, 0
L -99.838, -11.455, 0.1582, -95.393, -23.234, 0.1582, 0, 0, 0
L -95.393, -23.234, 0.1582, -94.127, -26.065, 0.1582, 0, 0, 0
L -94.127, -26.065, 0.1582, -90.337, -32.596, 0.1582, 0, 0, 0
L -90.337, -32.596, 0.1582, -79.836, -34.513, 0.1582, 0, 0, 0
L -79.836, -34.513, 0.1582, -63.214, -25.589, 0.1582, 0, 0, 0
L -44.424, -25.591, 0.1582, -63.214, -25.589, 0.1582, 0, 0, 0
L -47.926, -25.569, 0.1582, -47.924, -25.493, 0.1582, 0, 0, 0
L -44.424, -25.591, 0.1582, -32.542, -31.387, 0.1582, 0, 0, 0
L -32.542, -31.387, 0.1582, -26.493, -34.726, 0.1582, 0, 0, 0
L -26.493, -34.726, 0.1582, -12.421, -41.757, 0.1582, 0, 0, 0
L -12.421, -41.757, 0.1582, -2.145, -52.035, 0.1582, 0, 0, 0
L -2.145, -52.035, 0.1582, -0.146, -58.035, 0.1582, 0, 0, 0
L -0.146, -58.035, 0.1582, 2.386, -60.567, 0.1582, 0, 0, 0
L 2.386, -60.567, 0.1582, 4.499, -60.581, 0.1582, 0, 0, 0
L 4.499, -60.581, 0.1582, 6.278, -58.274, 0.1582, 0, 0, 0
L 6.278, -58.274, 0.1582, 6.329, -29.231, 0.1582, 0, 0, 0
L 6.329, -29.231, 0.1582, 12.307, -20.911, 0.1582, 0, 0, 0
L 12.307, -20.911, 0.1582, 19.257, -14.956, 0.1582, 0, 0, 0
L 19.257, -14.956, 0.1582, 24.137, -6.616, 0.1582, 0, 0, 0
L 62.17, 67.659, 0.1582, 62.839, 52.704, 0.1628, 0, 64, 0
L 62.839, 52.704, 0.1582, 48.488, 49.179, 0.1582, 0, 64, 0
L 48.488, 49.179, 0.1582, 35.005, 60.634, 0.1582, 0, 64, 0
L 35.005, 60.634, 0.1582, 43.205, 72.906, 0.3377, 0, 64, 0
L 43.205, 72.906, 0.1583, 62.17, 67.659, 0.1582, 0, 64, 0
L 29.975, 57.788, 0.1582, 29.976, 72.045, 0.1582, 0, 0, 0
L 29.976, 72.045, 0.1582, 15.975, 72.04, 0.1582, 0, 0, 0
L -0.955, 6.251, 16.1582, -0.957, 8.616, 16.1582, 0, 0, 0
L -17.324, 14.447, 12.1593, -17.325, 12.269, 12.1561, 127, 0, 0
L -17.325, 12.269, 12.1561, -0.957, 8.616, 12.1586, 127, 0, 0
L -0.965, 10.757, -3.4224, 3.166, 9.021, 13.297, 240, 0, 0
L 3.166, 9.021, 13.297, 9.87, 9.384, 12.8217, 240, 0, 0
L 9.87, 9.384, 12.8217, 13.975, 10.753, 9.1373, 240, 0, 0
L 22.344, 14.447, 12.1592, -17.334, 14.447, 12.1593, 127, 0, 0
L -0.956, 8.615, 10.5526, -0.965, 10.757, 12.9169, 0, 0, 0
L 13.975, 8.839, 12.227, 13.975, 10.753, 12.1593, 0, 0, 0
L 22.909, 12.054, 12.16, 22.35, 14.448, 12.1597, 127, 0, 0
L -6.325, 35.566, 16.1582, -6.327, 32.073, 16.1582, 0, 0, 0
L -6.327, 32.073, 16.1582, -10.265, 23.446, 16.1582, 0, 0, 0
L -10.265, 23.446, 16.1582, -15.956, 23.447, 16.1582, 0, 0, 0
L -15.956, 23.447, 16.1582, -15.958, 29.64, 16.1582, 0, 0, 0
L -15.958, 29.64, 16.1582, -12.268, 37.018, 16.1582, 0, 0, 0
L -12.268, 37.018, 16.1582, -25.259, 44.447, 16.1582, 0, 0, 0
L -25.259, 44.447, 16.1582, -38.714, 44.436, 16.1582, 0, 0, 0
L -38.714, 44.436, 16.1582, -49.574, 37.173, 16.1582, 0, 0, 0
L -49.574, 37.173, 16.1582, -44.271, 29.721, 16.1582, 0, 0, 0
L -44.271, 29.721, 16.1582, -44.231, 24.226, 16.1582, 0, 0, 0
L -44.231, 24.226, 16.1582, -45.753, 19.828, 16.1582, 0, 0, 0
L -45.753, 19.828, 16.1582, -35.731, 13.779, 16.1582, 0, 0, 0
L -35.731, 13.779, 16.1582, -40.582, 3.999, 16.1582, 0, 0, 0
L -40.582, 3.999, 16.1582, -47.232, 8.434, 16.1582, 0, 0, 0
L -47.232, 8.434, 16.1582, -67.228, 8.448, 16.1582, 0, 0, 0
L -67.228, 8.448, 16.1582, -77.228, 14.447, 16.1582, 0, 0, 0
L -77.228, 14.447, 16.1582, -103.203, 14.446, 16.1582, 0, 0, 0
L -103.203, 14.446, 16.1582, -114.212, 20.447, 16.1582, 0, 0, 0
L -114.212, 20.447, 16.1582, -123.63, 20.447, 16.1582, 0, 0, 0
L -123.63, 20.447, 16.1582, -132.156, 14.767, 16.1582, 0, 0, 0
L -132.156, 14.767, 16.1582, -136.957, 4.217, 16.1582, 0, 0, 0
L -136.957, 4.217, 16.1582, -136.963, -5.174, 16.1582, 0, 0, 0
L -136.963, -5.174, 16.1582, -131.756, -10.401, 16.1582, 0, 0, 0
L -131.756, -10.401, 16.1582, -135.963, -18.832, 16.1582, 0, 0, 0
L -135.963, -18.832, 16.1582, -135.962, -22.816, 16.1582, 0, 0, 0
L -135.962, -22.816, 16.1582, -138.213, -27.283, 16.1582, 0, 0, 0
L -138.213, -27.283, 16.1582, -152.376, -35.353, 16.1582, 0, 0, 0
L -152.376, -35.353, 16.1582, -170.962, -51.027, 16.1582, 0, 0, 0
L -170.962, -51.027, 16.1582, -170.96, -68.069, 16.1582, 0, 0, 0
L -170.96, -68.069, 16.1582, -152.483, -82.23, 16.1582, 0, 0, 0
L -152.483, -82.23, 16.1582, -90.641, -99.767, 16.1582, 0, 0, 0
L -90.641, -99.767, 16.1582, -61.667, -118.559, 16.1582, 0, 0, 0
L -61.667, -118.559, 16.1582, -48.193, -118.559, 16.1582, 0, 0, 0
L -48.193, -118.559, 16.1582, -11.556, -99.756, 16.3495, 0, 0, 0
L -11.556, -99.756, 16.3495, -7.8, -96, 17.1582, 0, 0, 0
L -7.8, -96, 17.1582, 0.381, -77.59, 16.1582, 0, 0, 0
L 0.381, -77.59, 16.1582, 3.607, -77.59, 16.1582, 0, 0, 0
L 3.607, -77.59, 16.1582, 5.754, -81.887, 16.1582, 0, 0, 0
L 5.754, -81.887, 16.1582, 11.287, -85.581, 16.1582, 0, 0, 0
L 11.287, -85.581, 16.1582, 22.678, -85.591, 16.1582, 0, 0, 0
L 22.678, -85.591, 16.1582, 30.498, -79.733, 16.1582, 0, 0, 0
L 30.498, -79.733, 16.1582, 43.192, -72.551, 16.1582, 0, 0, 0
L 43.192, -72.551, 16.1582, 30.481, -65.367, 16.1582, 0, 0, 0
L 30.481, -65.367, 16.1582, 22.347, -59.039, 16.1582, 0, 0, 0
L 22.347, -59.039, 16.1582, 22.345, -56.326, 16.1582, 0, 0, 0
L 22.345, -56.326, 16.1582, 24.151, -52.369, 16.2134, 0, 0, 0
L 24.151, -52.369, 16.2134, 22.008, -28.187, 21.5731, 0, 0, 0
L 22.008, -28.187, 24.1582, 26.196, -24.034, 25.1582, 0, 0, 0
L 26.196, -24.034, 25.1582, 28.27, -19.911, 25.1582, 0, 0, 0
L 28.27, -19.911, 26.1582, 34.368, -15.86, 26.1582, 0, 127, 127
L 55.226, 10.446, 30.1582, 47.336, 10.447, 30.1582, 0, 127, 127
L 33.663, -1.298, 29.1582, 33.663, -1.298, 29.1582, 0, 0, 0
L 33.663, -1.298, 29.1582, 25.815, -9.147, 27.1582, 0, 127, 127
L 25.815, -9.147, 27.1582, 21.802, -17.16, 26.1582, 0, 127, 127
L 21.802, -17.16, 25.1582, 13.798, -25.167, 23.1582, 0, 0, 0
L 13.798, -25.167, 23.1582, 11.957, -28.82, 22.542, 0, 0, 0
L 11.957, -28.82, 22.542, 9.995, -52.353, 16.2086, 0, 0, 0
L 9.995, -52.353, 16.2086, 11.975, -56.336, 16.1582, 0, 0, 0
L 11.975, -56.336, 16.1582, 11.975, -59.073, 16.1582, 0, 0, 0
L 11.975, -59.073, 16.1582, 5.77, -63.209, 16.1582, 0, 0, 0
L 5.77, -63.209, 16.1582, 3.601, -67.523, 16.1582, 0, 0, 0
L -15.957, -81.521, 19.7983, -15.959, -63.587, 19.7981, 127, 127, 127
L -15.959, -63.587, 19.9098, -10.318, -63.589, 19.6123, 127, 127, 127
L -6.327, -65.59, 16.1582, -6.315, -79.523, 16.1582, 127, 127, 127
L -10.326, -79.522, 17.1582, -6.315, -79.523, 17.1582, 127, 127, 127
L -10.463, -81.522, 19.6193, -15.957, -81.521, 19.7168, 127, 127, 127
L -10.349, -67.521, 24.1585, -15.958, -67.521, 24.1582, 127, 127, 127
L -10.347, -77.554, 24.1583, -15.957, -77.609, 24.1582, 127, 127, 127
L -10.463, -81.522, 17.1582, -10.318, -63.589, 17.1582, 127, 127, 127
L -134.348, -71.435, 16.1582, -133.328, -54.842, 16.1582, 127, 127, 127
L -133.328, -54.842, 16.1582, -135.207, -48.504, 16.1582, 127, 127, 127
L -135.207, -48.504, 16.1582, -140.795, -45.442, 16.1582, 127, 127, 127
L -140.795, -45.442, 16.1582, -146.716, -47.798, 16.1582, 127, 127, 127
L -146.716, -47.798, 16.1582, -149.355, -53.854, 16.1582, 127, 127, 127
L -149.355, -53.854, 16.1582, -150.376, -70.442, 16.1582, 127, 127, 127
L -142.909, -79.847, 16.1582, -136.986, -77.491, 16.1582, 127, 127, 127
L -134.348, -71.435, 16.1582, -136.986, -77.491, 16.1582, 127, 127, 127
L -150.376, -70.442, 16.1582, -148.502, -76.78, 16.1582, 127, 127, 127
L -148.502, -76.78, 16.1582, -142.909, -79.847, 16.1582, 127, 127, 127
L 0.413, -67.522, 16.1582, 3.601, -67.523, 16.1582, 0, 0, 0
L 4.504, -65.724, 16.1582, 5.784, -63.2, 16.1582, 0, 0, 0
L 5.784, -63.2, 16.1582, 10.671, -59.944, 16.1582, 0, 0, 0
L 0.413, -67.522, 16.1582, -7.803, -51.109, 17.1582, 0, 0, 0
L -7.803, -51.109, 17.1582, -11.586, -47.338, 16.3826, 0, 0, 0
L -11.586, -47.338, 16.3826, -48.243, -29.521, 16.1582, 0, 0, 0
L -48.243, -29.521, 16.1582, -60.721, -29.528, 16.1582, 0, 0, 0
L -60.721, -29.528, 16.1582, -79.512, -39.97, 17.1582, 0, 0, 0
L -79.512, -39.97, 16.1582, -91.675, -35.218, 16.1582, 0, 0, 0
L -91.675, -35.218, 16.1582, -97.786, -27.065, 16.1582, 0, 0, 0
L -97.786, -27.065, 16.1582, -99.927, -22.813, 16.1582, 0, 0, 0
L -99.927, -22.813, 16.1582, -99.922, -18.818, 16.1571, 0, 0, 0
L -99.922, -18.818, 16.1582, -104.105, -10.46, 16.1582, 0, 0, 0
L -104.105, -10.46, 16.1582, -93.411, 2.241, 16.1582, 0, 0, 0
L -93.411, 2.241, 16.1582, -76.694, 2.241, 16.1582, 0, 0, 0
L -76.694, 2.241, 16.1582, -66.709, -3.612, 16.1582, 0, 0, 0
L -66.709, -3.612, 16.1582, -52.792, -3.899, 16.1582, 0, 0, 0
L -52.792, -3.899, 16.1582, -46.884, -5.594, 16.1582, 0, 0, 0
L -46.884, -5.594, 16.1582, -33.528, -3.95, 16.1582, 0, 0, 0
L -33.528, -3.95, 16.1582, -21.259, 14.753, 16.1582, 0, 0, 0
L -21.259, 14.753, 16.1582, -17.596, 11.707, 16.1582, 0, 0, 0
L -17.596, 11.707, 16.1582, -0.957, 8.62, 16.1582, 0, 0, 0
L -10.338, -65.59, 17.1582, -6.327, -65.59, 17.1582, 127, 127, 127
L 34.368, -15.86, 27.1582, 38.239, -12.198, 28.1582, 0, 127, 127
L 38.239, -12.198, 28.1582, 38.51, -8.157, 28.1582, 0, 127, 127
L 38.51, -8.157, 29.1582, 46.576, 0.383, 30.1582, 0, 127, 127
L 46.576, 0.383, 30.1582, 55.142, 0.021, 30.1582, 0, 127, 127
L 33.664, -1.296, 29.1582, 47.336, 10.447, 30.1582, 0, 127, 127
L 55.226, 10.446, 30.1582, 66.204, 16.436, 30.1582, 0, 0, 0
L 66.204, 16.436, 30.1582, 77.331, 16.446, 30.1582, 0, 0, 0
L 77.331, 16.446, 30.1582, 82.862, 5.486, 30.1582, 0, 0, 0
L 82.862, 5.486, 30.1582, 77.4, -3.889, 30.1582, 0, 0, 0
L 77.4, -3.889, 30.1582, 66.174, -3.929, 30.1582, 0, 0, 0
L 66.174, -3.929, 30.1582, 55.142, 0.021, 30.1582, 0, 0, 0
L -420.842, -219.374, 0.1592, -405.927, -221.774, 0.1582, 0, 64, 0
L -405.927, -221.774, 0.1582, -404.158, -233.126, 0.1593, 0, 64, 0
L -404.158, -233.126, 0.1582, -415.182, -237.213, 0.1545, 0, 64, 0
L -415.182, -237.213, 0.1582, -417.557, -234.851, 0.1582, 0, 64, 0
L -425.729, -228.793, 0.3396, -417.557, -234.851, 0.1592, 0, 64, 0
L -425.729, -228.793, 0.1582, -420.842, -219.374, 0.1582, 0, 64, 0
L -404.217, -316.468, 0.1582, -399.705, -292.251, 0.1762, 0, 64, 0
L -399.705, -292.251, 0.1582, -381.908, -289.919, 0.1582, 0, 64, 0
L -381.908, -289.919, 0.1582, -375.271, -308.028, 0.1582, 0, 64, 0
L -375.271, -308.028, 0.1582, -378.657, -311.239, 0.3152, 0, 64, 0
L -378.657, -311.239, 0.3152, -387.909, -325.088, 0.1582, 0, 64, 0
L -387.909, -325.088, 0.1582, -404.217, -316.468, 0.2667, 0, 64, 0
L -291.726, -227.774, 0.1582, -301.926, -229.207, 1.5402, 0, 64, 0
L -301.926, -229.207, 0.1583, -309.403, -217.051, 0.1582, 0, 64, 0
L -309.403, -217.051, 0.1582, -302.16, -208.345, 0.1582, 0, 64, 0
L -302.16, -208.345, 0.1582, -291.562, -214.033, 0.1582, 0, 64, 0
L -291.562, -214.033, 0.1583, -292.098, -218.065, 1.2178, 0, 64, 0
L -292.098, -218.065, 1.2178, -291.726, -227.774, 0.1804, 0, 64, 0
L -507.471, -36.429, -22.8219, -543.639, -32.781, -28.8415, 127, 64, 0
L -543.639, -32.781, -28.8415, -577.416, -32.303, -29.8044, 127, 64, 0
L -577.416, -32.303, -30.8415, -587.21, -19.565, -30.8415, 127, 64, 0
L -587.21, -19.565, -30.8415, -589.358, -14.943, -27.6499, 127, 64, 0
L -553.223, -54.803, -29.3058, -566.225, -39.095, -30.6789, 0, 64, 0
L -566.225, -39.095, -29.9558, -562.204, -32.521, -29.8022, 0, 64, 0
L -553.223, -54.803, -29.1587, -540.699, -49.293, -28.8415, 0, 64, 0
L -540.699, -49.293, -28.2147, -543.676, -32.776, -28.8415, 0, 64, 0
L -384.742, 480.122, 0.2, -395.8, 465.083, 0.2, 0, 64, 0
L -395.8, 465.083, 0.23, -409.662, 470.113, 0.2, 0, 64, 0
L -409.662, 470.113, 0.2, -407.633, 485.915, -0.11, 0, 64, 0
L -407.633, 485.915, 0.2, -403.569, 486.766, 0.47, 0, 64, 0
L -403.569, 486.766, 0.47, -391.985, 493.565, 0.2, 0, 64, 0
L -391.985, 493.565, 0.2, -384.742, 480.122, 1.5074, 0, 64, 0
L -405.976, 233.936, 0.2, -396.411, 223.155, 0.2, 0, 64, 0
L -396.411, 223.155, 0.2, -406.892, 210.269, 0.2, 0, 64, 0
L -406.892, 210.269, 0.2, -423.336, 211.65, 0.2, 0, 64, 0
L -423.336, 211.65, 0.2, -424.716, 226.952, 0.2, 0, 64, 0
L -405.976, 233.936, 0.2, -424.716, 226.952, 0.2, 0, 64, 0
L -384.714, 60.721, 0.8895, -376.65, 73.072, 0.2, 0, 64, 0
L -376.65, 73.072, 0.2, -357.559, 62.547, 0.2, 0, 64, 0
L -357.559, 62.547, 0.2, -359.628, 48.573, 0.2, 0, 64, 0
L -359.628, 48.573, 0.2, -375.254, 47.087, 0.2, 0, 64, 0
L -375.254, 47.087, 0.2, -384.714, 60.721, 4.8799, 0, 64, 0
L -597.441, 198.178, -30.9577, -610.985, 183.961, -30.998, 0, 64, 0
L -610.985, 183.961, -30.3598, -603.813, 170.894, -30.1963, 0, 64, 0
L -603.813, 170.894, -30.998, -587.937, 176.56, -30.998, 0, 64, 0
L -587.937, 176.56, -30.998, -584.119, 191.796, -30.998, 0, 64, 0
L -584.119, 191.796, -30.998, -597.441, 198.178, -30.998, 0, 64, 0
L 10.964, 145.315, 0.1582, -8.976, 145.315, 0.1582, 240, 240, 240
L -8.955, 107.731, 0.1582, 10.978, 107.707, 0.1582, 240, 240, 240
L 10.978, 107.707, 0.1582, 10.964, 145.315, 0.1582, 240, 240, 240
L -8.955, 107.731, 0.1582, -8.976, 145.315, 0.1582, 240, 240, 240
L 78.364, 110.648, -17.3607, 76.365, 106.359, -18.102, 240, 240, 240
L 76.365, 106.359, -18.102, 70.502, 110.131, -15.1775, 240, 240, 240
L 70.502, 110.131, -15.1775, 72.125, 113.359, 0.1582, 240, 240, 240
L 72.125, 113.359, 0.1582, 78.364, 110.648, 0.1582, 240, 240, 240
L -273.77, 85.058, 0.1582, -227.125, 16.701, 0.1582, 127, 64, 0
L -575.739, 48.009, -14.8415, -573.168, 45.445, -14.8415, 127, 64, 0
L -573.168, 45.445, -14.8415, -550.394, 45.445, -16.795, 127, 64, 0
L -560.806, 36.081, -14.8415, -573.212, 36.201, -14.8415, 127, 64, 0
L -573.212, 36.201, -14.8415, -575.739, 33.826, -25.6228, 127, 64, 0
L -549.806, 45.933, -22.8415, -549.806, 19.719, -22.8415, 127, 64, 0
L -560.805, 35.013, -19.5247, -555.436, 40.383, -17.8447, 127, 64, 0
L -631.957, 20.438, -28.3112, -643.343, 14.097, -28.588, 0, 64, 0
L -643.343, 14.097, -27.8257, -653.421, 22.425, -27.1519, 0, 64, 0
L -653.421, 22.425, -27.1169, -648.895, 35.431, -27.442, 0, 64, 0
L -648.895, 35.431, -27.4409, -635.576, 34.22, -26.8033, 0, 64, 0
L -635.576, 34.22, -26.5443, -631.957, 20.438, -26.2754, 0, 64, 0
L -235.841, -81.1, 1.6949, -247.899, -73.061, 0.1582, 127, 64, 0
L -247.899, -73.061, 0.1582, -245.171, -44.078, 1.6906, 127, 64, 0
L -298.612, -38.74, 1.6213, -286.176, -48.145, 1.6762, 0, 64, 0
L -286.176, -48.145, 1.6762, -292.562, -64.462, 1.6772, 0, 64, 0
L -292.562, -64.462, 2.2863, -307.417, -63.852, 4.5052, 0, 64, 0
L -307.417, -63.852, 4.5052, -313.703, -52.15, 3.1023, 0, 64, 0
L -313.703, -52.15, 3.1023, -298.612, -38.74, 2.1322, 0, 64, 0
L -227.125, 16.701, 0.1582, -173.963, 85.072, 0.1582, 127, 64, 0
L -273.77, 85.058, 54.7578, -173.963, 85.072, 22.4019, 127, 64, 0
L 21.251, 173.891, 0.1582, 23.824, 162.867, 0.1582, 0, 64, 0
L 23.824, 162.867, 0.1582, 11.917, 165.747, 0.1582, 0, 64, 0
L 11.917, 165.747, 0.1582, 21.251, 173.891, 0.1582, 0, 64, 0
L 22.445, 168.572, 0.1582, 23.318, 164.684, 0.1582, 0, 64, 0
L -89.51, 26.082, 0.52, -76.56, 21.251, 0.4732, 0, 64, 0
L -76.56, 21.251, 0.4732, -67.454, 36.19, 0.1582, 0, 64, 0
L -67.454, 36.19, 0.1582, -74.943, 49.615, 0.1582, 0, 64, 0
L -74.943, 49.615, 0.1582, -89.731, 45.423, 0.1582, 0, 64, 0
L -89.731, 45.423, 0.1583, -89.51, 26.082, 0.1583, 0, 64, 0
L -174.776, -203.534, -14.5874, -172.725, -200.561, -14.5672, 240, 240, 240
L -172.725, -200.561, -14.5672, -166.254, -204.324, -14.6645, 240, 240, 240
L -166.254, -204.324, -14.6645, -168.133, -207.23, 0.1582, 240, 240, 240
L -168.133, -207.23, 0.1582, -174.776, -203.534, 0.1582, 240, 240, 240
L -311.685, -146.256, 0.8866, -305.267, -155.837, 0.1583, 0, 64, 0
L -305.267, -155.837, 0.1583, -289.423, -155.028, 0.1592, 0, 64, 0
L -289.423, -155.028, 0.1592, -289.415, -139.919, 0.1586, 0, 64, 0
L -289.415, -139.919, 0.1586, -305.162, -132.587, 0.4936, 0, 64, 0
L -305.162, -132.587, 0.4936, -311.685, -146.256, 0.1582, 0, 64, 0
L 79.549, 433.513, 0.1582, 67.356, 431.654, 0.1582, 0, 64, 0
L 67.356, 431.654, 0.2728, 74.161, 422.98, 0.1582, 0, 64, 0
L 74.161, 422.98, 0.1582, 79.549, 433.513, 0.1582, 0, 64, 0
L 48.847, 438.096, 0.1582, 51.451, 426.497, 0.1582, 0, 64, 0
L 51.451, 426.497, 0.1582, 39.622, 429.871, 0.1612, 0, 64, 0
L 39.622, 429.871, 0.1582, 48.847, 438.096, 0.1582, 0, 64, 0
L 7.226, 477.109, 0.1582, 2.587, 466.279, 0.1582, 0, 64, 0
L 2.587, 466.279, 0.1582, -5.187, 476.101, 0.1606, 0, 64, 0
L -5.187, 476.101, 0.1582, 7.226, 477.109, 0.1582, 0, 64, 0
L 65.285, 242.01, 0.1582, 56.993, 231.621, 0.1582, 0, 64, 0
L 56.993, 231.621, 0.1582, 68.279, 230.248, 0.1582, 0, 64, 0
L 65.285, 242.01, 0.1582, 68.279, 233.144, 0.1582, 0, 64, 0
L 151.971, 63.583, 0.1583, 162.732, 57.664, 0.1605, 0, 64, 0
L 162.732, 57.664, 0.1582, 153.152, 51.084, 0.1582, 0, 64, 0
L 153.152, 51.084, 0.1592, 151.971, 63.583, 0.1582, 0, 64, 0
L -224.837, -81.153, 1.6836, -213.896, -69.12, 1.3973, 127, 64, 0
L -213.896, -69.12, 0.3401, -173.166, -113.923, 0.4718, 127, 64, 0
L -173.166, -113.923, 1.117, -151.962, -147.238, 1.1902, 127, 64, 0
L -151.962, -147.238, 1.5264, -151.958, -180.18, 1.68, 127, 64, 0
L -267.541, -106.557, 38.3783, -285.205, -106.36, 32.7068, 240, 127, 0
L -270.292, -74.523, 18.2698, -250.339, -74.521, 5.8727, 240, 127, 0
L -253.523, -82.254, 13.3682, -250.337, -74.521, 5.1893, 240, 127, 0
L -178.81, -115.491, 9.1814, -213.228, -115.49, 9.3495, 240, 127, 0
L -221.374, -117.39, 10.5999, -214.751, -127.778, 17.4188, 240, 127, 0
L -196.747, -146.337, 29.6004, -191.296, -146.559, 29.7361, 240, 127, 0
L -174.959, 121.582, 1.6952, -174.963, 113.146, 2.866, 127, 64, 0
L -444.834, -25.035, 27.5381, -444.834, 186.84, 23.9566, 127, 127, 127
L -444.838, 19.081, 16.672, -304.9, 19.383, 14.4108, 127, 127, 127
L -304.9, 19.383, 16.5452, -304.9, -8.817, 24.9878, 127, 127, 127
L -309.222, -28.587, 35.8061, -315.606, -28.588, 39.4558, 127, 127, 127
L -304.9, -32.478, 29.6204, -304.899, -43.61, 20.5248, 0, 0, 0
L -304.899, -43.61, 20.5248, -304.899, -43.61, 19.9333, 0, 0, 0
L -325.093, -30.523, 40.7327, -406.741, -30.522, 19.7427, 127, 127, 127
L -423.199, -30.525, 14.6638, -444.771, -30.522, 8.8064, 127, 127, 127
L -443.926, -43.164, 8.9463, -444.771, -30.522, 9.3605, 127, 127, 127
L -332.754, -172.56, 0.1582, -335.969, -172.558, 0.1582, 0, 0, 0
L -335.969, -172.558, 0.1582, -337.832, -173.926, 0.1582, 0, 0, 0
L -337.833, -179.925, 0.1582, -337.832, -173.926, 0.1582, 0, 0, 0
L -337.833, -179.925, 0.1582, -326.266, -191.46, 0.1582, 0, 0, 0
L -326.266, -191.46, 0.1582, -322.437, -191.46, 0.1582, 0, 0, 0
L -322.437, -191.46, 0.1582, -311.901, -179.901, 0.1582, 0, 0, 0
L -311.895, -176.156, 0.1582, -311.901, -179.901, 0.1582, 0, 0, 0
L -311.895, -176.156, 0.1582, -322.437, -164.559, 0.1582, 0, 0, 0
L -322.437, -164.559, 0.1582, -328.463, -164.558, 0.1582, 0, 0, 0
L -329.835, -167.304, 0.1582, -328.463, -164.558, 0.1582, 0, 0, 0
L -325.563, -167.49, 0.1582, -329.827, -170.32, 0.1582, 0, 0, 0
L -325.59, -167.502, 0.1582, -323.279, -167.509, 0.1582, 0, 0, 0
L -323.279, -167.509, 0.1582, -314.846, -176.88, 0.1582, 0, 0, 0
L -314.846, -176.88, 0.1582, -314.846, -179.169, 0.1582, 0, 0, 0
L -314.846, -179.169, 0.1582, -323.329, -188.528, 0.1582, 0, 0, 0
L -323.329, -188.528, 0.1582, -325.481, -188.513, 0.1582, 0, 0, 0
L -325.481, -188.513, 0.1582, -334.9, -179.104, 0.1582, 0, 0, 0
L -334.9, -179.104, 0.1582, -334.9, -176.83, 0.1582, 0, 0, 0
L -334.9, -176.83, 0.1582, -332.754, -172.56, 0.1582, 0, 0, 0
L -329.835, -167.304, 0.1582, -329.827, -170.32, 0.1582, 0, 0, 0
P -176.75, 757.606, 1.6724, 204, 0, 204, 3, to_Greater_Faydark
P -276.991, 815.381, 0, 0, 200, 255, 1, Spiken's_Maps_-_github.com/spik3n/EQL_Map_pack
