P 95.009, 11.381, 0, 255, 255, 0, 2, Ambassador_DVinn
P 51.009, 11.381, 0, 255, 255, 0, 2, Emperor_Crush
P -364.991, 89.381, 0, 255, 255, 0, 2, Kelynn
P -19.991, -72.619, 0, 255, 255, 0, 2, Lord_Darish
P -717.991, 183.381, 0, 255, 255, 0, 2, Orc_Scoutsman
P -434.991, -14.619, 0, 255, 255, 0, 2, Orc_Warden
P 136.009, -181.619, 0, 255, 255, 0, 2, Retlon_Brenclog
P -408.991, 89.381, 0, 255, 255, 0, 2, Rondo_Dunfire
P 152.009, -152.619, 0, 255, 255, 0, 2, orc_taskmaster
P -111.991, 253.381, 0, 255, 255, 0, 2, orc_trainer
P -68.991, -16.619, 0, 255, 255, 0, 2, orc_warlord
P 31.009, -9.619, 0, 255, 255, 0, 2, royal_guard
P -152.991, -61.619, 0, 255, 255, 0, 2, Orc_Messenger

P -163.175, 792.747, -0.8014, 150, 0, 200, 3, to_The_Greater_Faydark
