L -764.9220, 1779.7157, 0.7038,  -772.1530, 1763.2632, 0.6572,  100, 50, 0
L -763.1833, 1782.5000, 0.6572,  -764.9220, 1779.7157, 0.7038,  100, 50, 0
L -655.1724, 1782.2052, 0.6573,  -763.1833, 1782.5000, 0.6572,  100, 50, 0
L -655.1089, 1763.7726, 0.6573,  -655.1724, 1782.2052, 0.6573,  100, 50, 0
L -772.1530, 1763.2632, 0.6572,  -655.1089, 1763.7726, 0.6573,  100, 50, 0
L -989.7125, 1606.8384, 30.5224,  -969.8690, 1604.5508, 30.5587,  100, 50, 0
L -992.9100, 1586.2079, 31.9423,  -989.7125, 1606.8384, 30.5789,  100, 50, 0
L -971.3855, 1583.9209, 32.2720,  -992.9100, 1586.2079, 32.1850,  100, 50, 0
L -969.8690, 1604.5508, 30.9211,  -971.3855, 1583.9209, 31.8931,  100, 50, 0
L -971.4000, 1599.3633, 32.8483,  -970.2631, 1599.1359, 33.9060,  100, 50, 0
L -971.4160, 1599.7421, 32.8483,  -971.4000, 1599.3633, 32.8483,  100, 50, 0
L -970.6458, 1603.3052, 32.8483,  -971.4160, 1599.7421, 32.8483,  100, 50, 0
L -988.4786, 1605.2826, 32.8483,  -970.6458, 1603.3052, 32.8483,  100, 50, 0
L -990.4561, 1587.4496, 32.8483,  -988.4786, 1605.2826, 32.8483,  100, 50, 0
L -972.6240, 1585.4728, 32.8483,  -990.4561, 1587.4496, 32.8483,  100, 50, 0
L -972.2567, 1588.7842, 32.8483,  -972.6240, 1585.4728, 32.8483,  100, 50, 0
L -971.4156, 1589.1554, 33.9060,  -972.2567, 1588.7842, 32.8483,  100, 50, 0
L -888.8817, 1507.5690, 14.5038,  -888.6520, 1508.5558, 14.6738,  100, 50, 0
L -886.4590, 1504.4430, 14.5038,  -888.8817, 1507.5690, 14.5038,  100, 50, 0
L -915.3383, 1481.9054, 14.5139,  -886.4590, 1504.4430, 14.5038,  100, 50, 0
L -926.3766, 1496.4939, 14.5038,  -915.3383, 1481.9054, 14.5139,  100, 50, 0
L -897.4972, 1518.5869, 14.5038,  -926.3766, 1496.4939, 14.5038,  100, 50, 0
L -895.5099, 1516.4059, 14.5038,  -897.4972, 1518.5869, 14.5038,  100, 50, 0
L -894.8478, 1515.7936, 14.6738,  -895.5099, 1516.4059, 14.5038,  100, 50, 0
L -893.9255, 1516.5133, 14.6738,  -894.8478, 1515.7936, 14.6738,  100, 50, 0
L -862.6750, 1487.1270, 11.1458,  -862.4398, 1486.8284, 10.9652,  100, 50, 0
L -862.1151, 1487.6852, 11.2074,  -862.6750, 1487.1270, 11.1458,  100, 50, 0
L -851.6443, 1488.1598, 10.9652,  -852.1473, 1488.9440, 11.2074,  100, 50, 0
L -848.2798, 1488.5750, 10.9652,  -851.6443, 1488.1598, 10.9652,  100, 50, 0
L -846.8380, 1470.7682, 10.9652,  -848.2798, 1488.5750, 10.9652,  100, 50, 0
L -863.8903, 1468.5719, 10.9652,  -846.8380, 1470.7682, 10.9652,  100, 50, 0
L -866.8660, 1486.3784, 10.9652,  -863.8903, 1468.5719, 10.9652,  100, 50, 0
L -862.5071, 1486.8202, 10.9652,  -866.8660, 1486.3787, 10.9652,  100, 50, 0
L -865.1100, 1467.4700, 9.8861,  -867.6498, 1487.5977, 9.8407,  100, 50, 0
L -844.5193, 1469.5442, 10.5426,  -865.1100, 1467.4700, 9.7310,  100, 50, 0
L -847.6559, 1490.1475, 7.9966,  -844.5193, 1469.5442, 10.1097,  100, 50, 0
L -867.6498, 1487.5977, 9.6331,  -847.6559, 1490.1475, 8.3069,  100, 50, 0
L -928.8857, 1495.9185, 13.7799,  -896.7722, 1521.5519, 11.4238,  100, 50, 0
L -916.1186, 1479.5587, 14.7262,  -928.8857, 1495.9185, 13.9603,  100, 50, 0
L -884.3210, 1504.7300, 10.4936,  -916.1186, 1479.5587, 14.5996,  100, 50, 0
L -896.7722, 1521.5519, 11.4190,  -884.3210, 1504.7300, 10.3775,  100, 50, 0
L -1107.9684, 983.1121, 113.8680,  -1128.1278, 989.3030, 115.9565,  64, 64, 64
L -1101.1898, 1002.4877, 112.4829,  -1107.9684, 983.1121, 112.1988,  64, 64, 64
L -1118.9767, 1010.8454, 114.9223,  -1101.1898, 1002.4877, 113.5584,  64, 64, 64
L -1128.1278, 989.3030, 116.3002,  -1118.9767, 1010.8454, 115.6124,  64, 64, 64
L -1263.4130, 941.3066, 100.7768,  -1268.7594, 920.6435, 99.5507,  64, 64, 64
L -1243.6039, 935.7499, 100.6599,  -1263.4130, 941.3066, 100.8768,  64, 64, 64
L -1248.6039, 915.1295, 96.9504,  -1243.6039, 935.7499, 100.5067,  64, 64, 64
L -1268.7594, 920.6435, 97.5645,  -1248.6039, 915.1295, 96.8185,  64, 64, 64
L -1371.6089, 891.2501, 87.7099,  -1375.8737, 898.9595, 88.2526,  64, 64, 64
L -1365.7500, 882.9455, 87.7931,  -1371.6089, 891.2501, 87.7099,  64, 64, 64
L -1357.8242, 874.6241, 88.5230,  -1365.7500, 882.9455, 87.7931,  64, 64, 64
L -1349.2350, 871.9619, 89.6672,  -1357.8242, 874.6241, 88.5230,  64, 64, 64
L -1340.8179, 876.2544, 91.5114,  -1349.2350, 871.9619, 89.6672,  64, 64, 64
L -1337.6956, 884.3700, 92.8232,  -1340.8179, 876.2544, 91.5114,  64, 64, 64
L -1324.3274, 885.5718, 92.7410,  -1337.6956, 884.3700, 92.8232,  64, 64, 64
L -1314.7948, 895.6005, 93.7712,  -1324.3274, 885.5718, 92.7410,  64, 64, 64
L -1315.7295, 902.6577, 95.6486,  -1314.7948, 895.6005, 93.7712,  64, 64, 64
L -1316.7642, 915.2495, 98.1407,  -1315.7295, 902.6577, 95.6486,  64, 64, 64
L -1311.6824, 925.9646, 99.9235,  -1316.7642, 915.2495, 98.1407,  64, 64, 64
L -1309.1742, 935.5876, 102.1413,  -1311.6824, 925.9646, 99.9235,  64, 64, 64
L -1288.6841, 952.3182, 105.7510,  -1309.1742, 935.5876, 102.1413,  64, 64, 64
L -1281.8014, 958.2910, 105.6911,  -1288.6841, 952.3182, 105.7510,  64, 64, 64
L -1274.4708, 955.7771, 104.8790,  -1281.8014, 958.2910, 105.6911,  64, 64, 64
L -1271.1150, 950.5041, 102.4780,  -1274.4708, 955.7771, 104.8790,  64, 64, 64
L -1267.5553, 945.1769, 101.2211,  -1271.1150, 950.5041, 102.4780,  64, 64, 64
L -1265.2948, 949.5768, 101.6761,  -1267.5553, 945.1769, 101.2211,  64, 64, 64
L -1259.5238, 947.4905, 101.5677,  -1265.2948, 949.5768, 101.6761,  64, 64, 64
L -1255.4961, 949.1155, 101.8401,  -1259.5238, 947.4905, 101.5677,  64, 64, 64
L -1252.9999, 954.3134, 102.3174,  -1255.4961, 949.1155, 101.8401,  64, 64, 64
L -1247.6073, 956.5181, 102.5878,  -1252.9999, 954.3134, 102.3174,  64, 64, 64
L -1242.5967, 951.2906, 102.1620,  -1247.6073, 956.5181, 102.5878,  64, 64, 64
L -1231.9600, 954.7531, 102.8318,  -1242.5967, 951.2906, 102.1620,  64, 64, 64
L -1222.9304, 956.1879, 105.8931,  -1231.9600, 954.7531, 102.8318,  64, 64, 64
L -1216.6442, 954.4448, 107.9381,  -1222.9304, 956.1879, 105.8931,  64, 64, 64
L -1207.7450, 955.9288, 111.2361,  -1216.6442, 954.4448, 107.9381,  64, 64, 64
L -1204.4358, 953.1898, 111.8540,  -1207.7450, 955.9288, 111.2361,  64, 64, 64
L -1193.9491, 957.8654, 111.7643,  -1204.4358, 953.1898, 111.8540,  64, 64, 64
L -1184.4041, 965.3282, 114.6107,  -1193.9491, 957.8654, 111.7643,  64, 64, 64
L -1176.2244, 974.7761, 119.7900,  -1184.4041, 965.3282, 114.6107,  64, 64, 64
L -1173.6189, 985.7672, 125.5759,  -1176.2244, 974.7761, 119.7900,  64, 64, 64
L -1168.8396, 987.9789, 124.6791,  -1173.6189, 985.7672, 125.5759,  64, 64, 64
L -1167.9329, 995.4683, 124.1805,  -1168.8396, 987.9789, 124.6791,  64, 64, 64
L -1164.4435, 1003.6552, 123.9080,  -1167.9329, 995.4683, 124.1805,  64, 64, 64
L -1161.8324, 1012.5143, 121.9896,  -1164.4435, 1003.6552, 123.9080,  64, 64, 64
L -1154.5247, 1008.5624, 121.9153,  -1161.8324, 1012.5143, 121.9896,  64, 64, 64
L -1149.3341, 1008.8467, 121.4029,  -1154.5247, 1008.5624, 121.9153,  64, 64, 64
L -1143.2460, 1010.6263, 120.2181,  -1149.3341, 1008.8467, 121.4029,  64, 64, 64
L -1137.1149, 1010.8820, 118.9495,  -1143.2460, 1010.6263, 120.2181,  64, 64, 64
L -1132.7345, 1007.1425, 117.9599,  -1137.1149, 1010.8820, 118.9495,  64, 64, 64
L -1126.1725, 1009.5027, 116.6975,  -1132.7345, 1007.1425, 117.9599,  64, 64, 64
L -1125.3859, 1018.1627, 116.8469,  -1126.1725, 1009.5027, 116.6975,  64, 64, 64
L -1124.7240, 1025.6010, 116.7913,  -1125.3859, 1018.1627, 116.8469,  64, 64, 64
L -1115.7399, 1035.8163, 115.5592,  -1124.7240, 1025.6010, 116.7913,  64, 64, 64
L -1107.2959, 1034.2732, 114.3341,  -1115.7399, 1035.8163, 115.5592,  64, 64, 64
L -1099.6956, 1028.3418, 113.8400,  -1107.2959, 1034.2732, 114.3341,  64, 64, 64
L -1095.6360, 1027.7118, 112.4985,  -1099.6956, 1028.3418, 113.8400,  64, 64, 64
L -1092.6542, 1028.8014, 112.1189,  -1095.6360, 1027.7118, 112.4985,  64, 64, 64
L -1091.4573, 1020.9772, 111.6984,  -1092.6542, 1028.8014, 112.1189,  64, 64, 64
L -1088.9662, 1010.6590, 110.9706,  -1091.4573, 1020.9772, 111.6984,  64, 64, 64
L -1092.2361, 997.2817, 110.9398,  -1088.9662, 1010.6590, 110.9706,  64, 64, 64
L -1092.3278, 993.9501, 110.8101,  -1092.2361, 997.2817, 110.9398,  64, 64, 64
L -1088.3628, 990.7754, 110.9650,  -1092.3278, 993.9501, 110.8101,  64, 64, 64
L -1080.8860, 991.8674, 108.9211,  -1088.3628, 990.7754, 110.9650,  64, 64, 64
L -1065.8550, 985.9319, 106.5814,  -1080.8860, 991.8674, 108.9211,  64, 64, 64
L -1059.5232, 985.2114, 105.7900,  -1065.8550, 985.9319, 106.5814,  64, 64, 64
L -1056.3585, 988.8359, 104.1037,  -1059.5232, 985.2114, 105.7900,  64, 64, 64
L -1054.8778, 993.5847, 103.4707,  -1056.3585, 988.8359, 104.1037,  64, 64, 64
L -1043.4833, 997.7195, 98.4421,  -1054.8778, 993.5847, 103.4707,  64, 64, 64
L -1035.2555, 1003.2794, 94.7905,  -1043.4833, 997.7195, 98.4421,  64, 64, 64
L -1032.3031, 1012.3246, 95.6907,  -1035.2555, 1003.2794, 94.7905,  64, 64, 64
L -1032.7914, 1020.1235, 96.2867,  -1032.3031, 1012.3246, 95.6907,  64, 64, 64
L -1031.7426, 1027.2544, 96.1098,  -1032.7914, 1020.1235, 96.2867,  64, 64, 64
L -1028.4791, 1034.3368, 95.1230,  -1031.7426, 1027.2544, 96.1098,  64, 64, 64
L -1026.9052, 1041.9319, 94.7828,  -1028.4791, 1034.3368, 95.1230,  64, 64, 64
L -1026.3722, 1047.1981, 94.6957,  -1026.9052, 1041.9319, 94.7828,  64, 64, 64
L -1029.1648, 1052.2992, 96.3710,  -1026.3722, 1047.1981, 94.6957,  64, 64, 64
L -1032.8622, 1056.7788, 97.3217,  -1029.1648, 1052.2992, 96.3710,  64, 64, 64
L -1029.3179, 1062.1376, 96.4030,  -1032.8622, 1056.7788, 97.3217,  64, 64, 64
L -1031.8296, 1076.8584, 97.5156,  -1029.3179, 1062.1376, 96.4030,  64, 64, 64
L -1032.7288, 1082.5867, 98.4167,  -1031.8296, 1076.8584, 97.5156,  64, 64, 64
L -1033.3783, 1088.8710, 98.8524,  -1032.7288, 1082.5867, 98.4167,  64, 64, 64
L -1022.6774, 1100.1924, 94.8224,  -1033.3783, 1088.8710, 98.8524,  64, 64, 64
L -1023.5914, 1102.5171, 95.7211,  -1022.6774, 1100.1924, 94.8224,  64, 64, 64
L -1024.6980, 1106.9762, 95.9923,  -1023.5914, 1102.5171, 95.7211,  64, 64, 64
L -1030.1841, 1113.3644, 98.9770,  -1024.6980, 1106.9762, 95.9923,  64, 64, 64
L -1032.8584, 1115.6874, 99.9808,  -1030.1841, 1113.3644, 98.9770,  64, 64, 64
L -1029.2782, 1122.5763, 98.6533,  -1032.8584, 1115.6874, 99.9808,  64, 64, 64
L -1029.5829, 1130.2516, 99.1930,  -1029.2782, 1122.5763, 98.6533,  64, 64, 64
L -1030.6620, 1136.9491, 98.7531,  -1029.5829, 1130.2516, 99.1930,  64, 64, 64
L -1033.4413, 1145.8539, 98.8166,  -1030.6620, 1136.9491, 98.7531,  64, 64, 64
L -1032.9679, 1153.9700, 97.6800,  -1033.4413, 1145.8539, 98.8166,  64, 64, 64
L -1025.5000, 1160.3184, 96.4089,  -1032.9679, 1153.9700, 97.6800,  64, 64, 64
L -1022.7012, 1161.4905, 95.7453,  -1025.5000, 1160.3184, 96.4089,  64, 64, 64
L -1026.1896, 1168.3571, 97.8379,  -1022.7012, 1161.4905, 95.7453,  64, 64, 64
L -1026.8689, 1174.6735, 98.7561,  -1026.1896, 1168.3571, 97.8379,  64, 64, 64
L -1031.8152, 1179.7820, 101.3040,  -1026.8689, 1174.6735, 98.7561,  64, 64, 64
L -1029.7543, 1183.3573, 101.1205,  -1031.8152, 1179.7820, 101.3040,  64, 64, 64
L -1029.4590, 1187.7942, 101.7399,  -1029.7543, 1183.3573, 101.1205,  64, 64, 64
L -1030.5990, 1199.9419, 103.2061,  -1029.4590, 1187.7942, 101.7399,  64, 64, 64
L -1034.9606, 1209.2980, 105.2820,  -1030.5990, 1199.9419, 103.2061,  64, 64, 64
L -1034.1990, 1216.1217, 103.5003,  -1034.9606, 1209.2980, 105.2820,  64, 64, 64
L -1030.4574, 1221.4950, 100.5915,  -1034.1990, 1216.1217, 103.5003,  64, 64, 64
L -1023.6191, 1225.6243, 97.3157,  -1030.4574, 1221.4950, 100.5915,  64, 64, 64
L -1023.8029, 1230.3571, 95.5969,  -1023.6191, 1225.6243, 97.3157,  64, 64, 64
L -1025.7815, 1231.3904, 95.7128,  -1023.8029, 1230.3571, 95.5969,  64, 64, 64
L -1024.6111, 1236.7737, 93.4069,  -1025.7815, 1231.3904, 95.7128,  64, 64, 64
L -1030.3091, 1242.4977, 92.8546,  -1024.6111, 1236.7737, 93.4069,  64, 64, 64
L -1030.3400, 1259.1619, 89.6894,  -1030.3091, 1242.4977, 92.8546,  64, 64, 64
L -1031.6729, 1269.8838, 88.7496,  -1030.3400, 1259.1619, 89.6894,  64, 64, 64
L -1034.5872, 1274.3357, 90.5631,  -1031.6729, 1269.8838, 88.7496,  64, 64, 64
L -1032.7815, 1282.8185, 90.4649,  -1034.5872, 1274.3357, 90.5631,  64, 64, 64
L -1026.2123, 1286.1577, 87.8799,  -1032.7815, 1282.8185, 90.4649,  64, 64, 64
L -1021.6978, 1290.8838, 86.2713,  -1026.2123, 1286.1577, 87.8799,  64, 64, 64
L -1024.7704, 1294.6161, 88.6780,  -1021.6978, 1290.8838, 86.2713,  64, 64, 64
L -1025.8329, 1299.8472, 88.9891,  -1024.7704, 1294.6161, 88.6780,  64, 64, 64
L -1030.8168, 1306.3312, 91.4535,  -1025.8329, 1299.8472, 88.9891,  64, 64, 64
L -1028.7018, 1318.8136, 91.2651,  -1030.8168, 1306.3312, 91.4535,  64, 64, 64
L -1033.5912, 1323.9468, 93.2381,  -1028.7018, 1318.8136, 91.2651,  64, 64, 64
L -1032.3573, 1337.7063, 85.5343,  -1033.5912, 1323.9468, 93.2381,  64, 64, 64
L -1030.6449, 1346.9606, 79.4435,  -1032.3573, 1337.7063, 85.5343,  64, 64, 64
L -1031.6688, 1355.8856, 74.1312,  -1030.6449, 1346.9606, 79.4435,  64, 64, 64
L -1039.9600, 1369.1200, 60.2400,  -1031.6688, 1355.8856, 74.1312,  64, 64, 64
L -1045.4911, 1375.7050, 52.7745,  -1039.9600, 1369.1200, 60.2400,  64, 64, 64
L -1058.5540, 1381.9716, 45.5052,  -1045.4911, 1375.7050, 52.7745,  64, 64, 64
L -1061.2155, 1382.7932, 46.9983,  -1058.5540, 1381.9716, 45.5052,  64, 64, 64
L -1072.7454, 1388.4767, 61.4846,  -1061.2155, 1382.7932, 46.9983,  64, 64, 64
L -1076.6471, 1402.6465, 69.7920,  -1072.7454, 1388.4767, 61.4846,  64, 64, 64
L -1079.7361, 1409.6964, 74.6693,  -1076.6471, 1402.6465, 69.7920,  64, 64, 64
L -1084.9918, 1413.3986, 81.6985,  -1079.7361, 1409.6964, 74.6693,  64, 64, 64
L -1097.1952, 1411.2477, 89.7348,  -1084.9918, 1413.3986, 81.6985,  64, 64, 64
L -1104.1620, 1413.1499, 91.6072,  -1097.1952, 1411.2477, 89.7348,  64, 64, 64
L -1111.1157, 1415.9778, 93.9338,  -1104.1620, 1413.1499, 91.6072,  64, 64, 64
L -1116.4390, 1413.5197, 97.4051,  -1111.1157, 1415.9778, 93.9338,  64, 64, 64
L -1121.1740, 1407.7780, 100.9779,  -1116.4390, 1413.5197, 97.4051,  64, 64, 64
L -1130.4784, 1409.7289, 101.5879,  -1121.1740, 1407.7780, 100.9779,  64, 64, 64
L -1135.4867, 1416.8179, 98.8867,  -1130.4784, 1409.7289, 101.5879,  64, 64, 64
L -1140.5448, 1419.1083, 99.3094,  -1135.4867, 1416.8179, 98.8867,  64, 64, 64
L -1146.3606, 1417.1255, 102.3569,  -1140.5448, 1419.1083, 99.3094,  64, 64, 64
L -1151.8926, 1412.5280, 106.9290,  -1146.3606, 1417.1255, 102.3569,  64, 64, 64
L -1160.5648, 1414.2615, 108.2870,  -1151.8926, 1412.5280, 106.9290,  64, 64, 64
L -1170.4469, 1413.6747, 112.5709,  -1160.5648, 1414.2615, 108.2870,  64, 64, 64
L -1176.3429, 1410.5353, 114.6123,  -1170.4469, 1413.6747, 112.5709,  64, 64, 64
L -1185.9391, 1411.6686, 114.1570,  -1176.3429, 1410.5353, 114.6123,  64, 64, 64
L -1193.5626, 1412.8921, 113.7004,  -1185.9391, 1411.6686, 114.1570,  64, 64, 64
L -1201.9608, 1413.2356, 113.3937,  -1193.5626, 1412.8921, 113.7004,  64, 64, 64
L -1213.6865, 1407.2505, 114.8554,  -1201.9608, 1413.2356, 113.3937,  64, 64, 64
L -1222.3413, 1400.2150, 116.7576,  -1213.6865, 1407.2505, 114.8554,  64, 64, 64
L -1230.1581, 1389.1189, 120.2391,  -1222.3413, 1400.2150, 116.7576,  64, 64, 64
L -1231.9823, 1383.7765, 121.6387,  -1230.1581, 1389.1189, 120.2391,  64, 64, 64
L -1245.7418, 1390.7560, 117.7991,  -1231.9823, 1383.7765, 121.6387,  64, 64, 64
L -1244.8622, 1405.4811, 112.5614,  -1245.7418, 1390.7560, 117.7991,  64, 64, 64
L -1248.4878, 1410.5060, 110.4389,  -1244.8622, 1405.4811, 112.5614,  64, 64, 64
L -1251.1842, 1412.5668, 109.3803,  -1248.4878, 1410.5060, 110.4389,  64, 64, 64
L -1265.6858, 1411.2162, 108.7484,  -1251.1842, 1412.5668, 109.3803,  64, 64, 64
L -1277.7620, 1413.3019, 107.5587,  -1265.6858, 1411.2162, 108.7484,  64, 64, 64
L -1285.8080, 1412.8788, 107.2061,  -1277.7620, 1413.3019, 107.5587,  64, 64, 64
L -1294.8141, 1414.4524, 106.3157,  -1285.8080, 1412.8788, 107.2061,  64, 64, 64
L -1300.9247, 1422.2439, 103.7276,  -1294.8141, 1414.4524, 106.3157,  64, 64, 64
L -1308.1829, 1434.1320, 98.8575,  -1300.9247, 1422.2439, 103.7276,  64, 64, 64
L -1312.4640, 1437.8910, 97.1200,  -1308.1829, 1434.1320, 98.8575,  64, 64, 64
L -1315.5735, 1447.9894, 94.4783,  -1312.4640, 1437.8910, 97.1200,  64, 64, 64
L -1315.7194, 1456.4153, 92.7925,  -1315.5735, 1447.9894, 94.4783,  64, 64, 64
L -1314.4126, 1466.4789, 90.9295,  -1315.7194, 1456.4153, 92.7925,  64, 64, 64
L -1315.1342, 1469.7528, 90.3055,  -1314.4126, 1466.4789, 90.9295,  64, 64, 64
L -1319.3158, 1478.7200, 85.5518,  -1315.1342, 1469.7528, 90.3055,  64, 64, 64
L -1325.8231, 1483.5846, 81.4268,  -1319.3158, 1478.7200, 85.5518,  64, 64, 64
L -1329.5420, 1488.4546, 78.5524,  -1325.8231, 1483.5846, 81.4268,  64, 64, 64
L -1340.2500, 1494.5825, 72.8192,  -1329.5420, 1488.4546, 78.5524,  64, 64, 64
L -1345.4336, 1495.2228, 71.2236,  -1340.2500, 1494.5825, 72.8192,  64, 64, 64
L -1351.8849, 1494.1829, 71.3246,  -1345.4336, 1495.2228, 71.2236,  64, 64, 64
L -1352.5470, 1485.4407, 74.5555,  -1351.8849, 1494.1829, 71.3246,  64, 64, 64
L -1355.2378, 1481.3578, 76.5267,  -1352.5470, 1485.4407, 74.5555,  64, 64, 64
L -1355.4950, 1470.1232, 80.6203,  -1355.2378, 1481.3578, 76.5267,  64, 64, 64
L -1362.2814, 1469.3772, 80.3033,  -1355.4950, 1470.1232, 80.6203,  64, 64, 64
L -1364.7079, 1470.9030, 79.5631,  -1362.2814, 1469.3772, 80.3033,  64, 64, 64
L -1374.5487, 1473.1278, 78.3935,  -1364.7079, 1470.9030, 79.5631,  64, 64, 64
L -1381.4286, 1469.4003, 79.5190,  -1374.5487, 1473.1278, 78.3935,  64, 64, 64
L -1385.1526, 1473.2365, 78.4470,  -1381.4286, 1469.4003, 79.5190,  64, 64, 64
L -1386.5055, 1473.7040, 77.8756,  -1385.1526, 1473.2365, 78.4470,  64, 64, 64
L -1395.1465, 1469.8180, 79.7420,  -1386.5055, 1473.7040, 77.8756,  64, 64, 64
L -1394.8578, 1458.1282, 83.4167,  -1395.1465, 1469.8180, 79.7420,  64, 64, 64
L -1398.2191, 1451.5082, 85.8230,  -1394.8578, 1458.1282, 83.4167,  64, 64, 64
L -1401.7761, 1441.5956, 89.1460,  -1398.2191, 1451.5082, 85.8230,  64, 64, 64
L -1407.8678, 1434.9901, 91.9595,  -1401.7761, 1441.5956, 89.1460,  64, 64, 64
L -1409.2002, 1422.8810, 96.3290,  -1407.8678, 1434.9901, 91.9595,  64, 64, 64
L -1413.7228, 1410.3849, 100.8040,  -1409.2002, 1422.8810, 96.3290,  64, 64, 64
L -1421.4800, 1412.1156, 100.3999,  -1413.7228, 1410.3849, 100.8040,  64, 64, 64
L -1426.1737, 1414.4691, 99.8495,  -1421.4800, 1412.1156, 100.3999,  64, 64, 64
L -1434.8439, 1414.4740, 100.7081,  -1426.1737, 1414.4691, 99.8495,  64, 64, 64
L -1441.4071, 1416.8965, 99.7839,  -1434.8439, 1414.4740, 100.7081,  64, 64, 64
L -1448.1852, 1416.1530, 100.7274,  -1441.4071, 1416.8965, 99.7839,  64, 64, 64
L -1453.1637, 1408.5818, 103.6363,  -1448.1852, 1416.1530, 100.7274,  64, 64, 64
L -1451.9535, 1398.1543, 106.9457,  -1453.1637, 1408.5818, 103.6363,  64, 64, 64
L -1456.1250, 1392.8268, 109.3305,  -1451.9535, 1398.1543, 106.9457,  64, 64, 64
L -1461.5742, 1382.4668, 113.1624,  -1456.1250, 1392.8268, 109.3305,  64, 64, 64
L -1467.6565, 1369.2853, 115.5305,  -1461.5742, 1382.4668, 113.1624,  64, 64, 64
L -1472.4358, 1361.4623, 117.2278,  -1467.6565, 1369.2853, 115.5305,  64, 64, 64
L -1472.4673, 1358.1709, 117.8879,  -1472.4358, 1361.4623, 117.2278,  64, 64, 64
L -1482.9982, 1358.4517, 117.5240,  -1472.4673, 1358.1709, 117.8879,  64, 64, 64
L -1490.4810, 1356.5968, 117.9688,  -1482.9982, 1358.4517, 117.5240,  64, 64, 64
L -1498.4701, 1357.4003, 118.4988,  -1490.4810, 1356.5968, 117.9688,  64, 64, 64
L -1507.2599, 1358.5570, 119.2056,  -1498.4701, 1357.4003, 118.4988,  64, 64, 64
L -1508.1935, 1354.4789, 119.5889,  -1507.2599, 1358.5570, 119.2056,  64, 64, 64
L -1506.4823, 1344.5419, 120.3217,  -1508.1935, 1354.4789, 119.5889,  64, 64, 64
L -1511.7798, 1336.5641, 121.4695,  -1506.4823, 1344.5419, 120.3217,  64, 64, 64
L -1516.2930, 1325.9872, 122.5738,  -1511.7798, 1336.5641, 121.4695,  64, 64, 64
L -1518.4634, 1319.9706, 120.3556,  -1516.2930, 1325.9872, 122.5738,  64, 64, 64
L -1521.2206, 1316.2969, 118.5014,  -1518.4634, 1319.9706, 120.3556,  64, 64, 64
L -1525.8567, 1311.1189, 115.6119,  -1521.2206, 1316.2969, 118.5014,  64, 64, 64
L -1532.9541, 1312.1620, 114.3813,  -1525.8567, 1311.1189, 115.6119,  64, 64, 64
L -1543.8512, 1306.8849, 110.3963,  -1532.9541, 1312.1620, 114.3813,  64, 64, 64
L -1546.3704, 1299.8838, 107.2680,  -1543.8512, 1306.8849, 110.3963,  64, 64, 64
L -1543.3389, 1290.6637, 104.5031,  -1546.3704, 1299.8838, 107.2680,  64, 64, 64
L -1543.2920, 1287.5060, 103.7994,  -1543.3389, 1290.6637, 104.5031,  64, 64, 64
L -1545.9673, 1281.2389, 101.3341,  -1543.2920, 1287.5060, 103.7994,  64, 64, 64
L -1550.4337, 1274.1449, 98.8870,  -1545.9673, 1281.2389, 101.3341,  64, 64, 64
L -1548.4236, 1269.6537, 97.9810,  -1550.4337, 1274.1449, 98.8870,  64, 64, 64
L -1547.6438, 1265.8257, 98.1607,  -1548.4236, 1269.6537, 97.9810,  64, 64, 64
L -1550.2599, 1264.4496, 97.4485,  -1547.6438, 1265.8257, 98.1607,  64, 64, 64
L -1553.1758, 1258.1725, 97.2042,  -1550.2599, 1264.4496, 97.4485,  64, 64, 64
L -1552.1292, 1252.4849, 98.2104,  -1553.1758, 1258.1725, 97.2042,  64, 64, 64
L -1551.2744, 1247.2018, 99.7241,  -1552.1292, 1252.4849, 98.2104,  64, 64, 64
L -1544.6331, 1246.3866, 101.8247,  -1551.2744, 1247.2018, 99.7241,  64, 64, 64
L -1545.7029, 1241.1084, 101.8550,  -1544.6331, 1246.3866, 101.8247,  64, 64, 64
L -1546.3649, 1230.8350, 102.3049,  -1545.7029, 1241.1084, 101.8550,  64, 64, 64
L -1544.7533, 1211.8069, 103.5010,  -1546.3649, 1230.8350, 102.3049,  64, 64, 64
L -1546.6177, 1201.8104, 106.4741,  -1544.7533, 1211.8069, 103.5010,  64, 64, 64
L -1550.2405, 1196.9386, 107.2202,  -1546.6177, 1201.8104, 106.4741,  64, 64, 64
L -1550.6089, 1186.2107, 111.3130,  -1550.2405, 1196.9386, 107.2202,  64, 64, 64
L -1544.1764, 1181.1144, 114.3048,  -1550.6089, 1186.2107, 111.3130,  64, 64, 64
L -1546.4193, 1175.1216, 115.2279,  -1544.1764, 1181.1144, 114.3048,  64, 64, 64
L -1546.3628, 1161.4834, 118.1792,  -1546.4193, 1175.1216, 115.2279,  64, 64, 64
L -1545.8468, 1153.1956, 118.6307,  -1546.3628, 1161.4834, 118.1792,  64, 64, 64
L -1542.2942, 1147.3937, 116.9525,  -1545.8468, 1153.1956, 118.6307,  64, 64, 64
L -1545.5625, 1141.3458, 114.4658,  -1542.2942, 1147.3937, 116.9525,  64, 64, 64
L -1549.5028, 1137.6952, 112.9324,  -1545.5625, 1141.3458, 114.4658,  64, 64, 64
L -1554.5586, 1131.3588, 110.2703,  -1549.5028, 1137.6952, 112.9324,  64, 64, 64
L -1546.4623, 1120.6095, 107.6993,  -1554.5586, 1131.3588, 110.2703,  64, 64, 64
L -1544.2134, 1115.8013, 106.8185,  -1546.4623, 1120.6095, 107.6993,  64, 64, 64
L -1547.5220, 1109.4501, 104.6355,  -1544.2134, 1115.8013, 106.8185,  64, 64, 64
L -1543.9767, 1098.2925, 102.2154,  -1547.5220, 1109.4501, 104.6355,  64, 64, 64
L -1546.5475, 1082.2753, 96.4158,  -1543.9767, 1098.2925, 102.2154,  64, 64, 64
L -1546.4408, 1070.6952, 92.5554,  -1546.5475, 1082.2753, 96.4158,  64, 64, 64
L -1540.6493, 1059.1498, 93.9538,  -1546.4408, 1070.6952, 92.5554,  64, 64, 64
L -1532.5896, 1052.7018, 97.3110,  -1540.6493, 1059.1498, 93.9538,  64, 64, 64
L -1526.7238, 1044.7013, 99.4401,  -1532.5896, 1052.7018, 97.3110,  64, 64, 64
L -1517.2743, 1042.3528, 103.5986,  -1526.7238, 1044.7013, 99.4401,  64, 64, 64
L -1513.3008, 1036.7688, 103.1273,  -1517.2743, 1042.3528, 103.5986,  64, 64, 64
L -1510.8258, 1034.5463, 103.1291,  -1513.3008, 1036.7688, 103.1273,  64, 64, 64
L -1502.3805, 1032.8948, 104.2686,  -1510.8258, 1034.5463, 103.1291,  64, 64, 64
L -1493.8903, 1031.2289, 105.9012,  -1502.3805, 1032.8948, 104.2686,  64, 64, 64
L -1490.2715, 1030.2914, 106.6480,  -1493.8903, 1031.2289, 105.9012,  64, 64, 64
L -1486.6189, 1025.4397, 105.3316,  -1490.2715, 1030.2914, 106.6480,  64, 64, 64
L -1492.1010, 1015.2209, 100.9450,  -1486.6189, 1025.4397, 105.3316,  64, 64, 64
L -1490.3595, 1010.5272, 99.8491,  -1492.1010, 1015.2209, 100.9450,  64, 64, 64
L -1492.2461, 1003.7833, 97.4933,  -1490.3595, 1010.5272, 99.8491,  64, 64, 64
L -1493.8932, 999.9200, 95.7960,  -1492.2461, 1003.7833, 97.4933,  64, 64, 64
L -1488.9303, 992.6500, 95.3733,  -1493.8932, 999.9200, 95.7960,  64, 64, 64
L -1475.6793, 992.1075, 98.7554,  -1488.9303, 992.6500, 95.3733,  64, 64, 64
L -1469.3749, 988.4769, 99.3243,  -1475.6793, 992.1075, 98.7554,  64, 64, 64
L -1457.6884, 982.3694, 100.6510,  -1469.3749, 988.4769, 99.3243,  64, 64, 64
L -1445.2212, 974.6603, 100.7005,  -1457.6884, 982.3694, 100.6510,  64, 64, 64
L -1443.9485, 964.9301, 99.6230,  -1445.2212, 974.6603, 100.7005,  64, 64, 64
L -1433.2267, 953.7151, 98.3760,  -1443.9485, 964.9301, 99.6230,  64, 64, 64
L -1419.1675, 957.4704, 100.5298,  -1433.2267, 953.7151, 98.3760,  64, 64, 64
L -1415.9059, 955.3772, 100.2995,  -1419.1675, 957.4704, 100.5298,  64, 64, 64
L -1408.7813, 950.1996, 99.9741,  -1415.9059, 955.3772, 100.2995,  64, 64, 64
L -1402.7118, 952.1638, 101.8290,  -1408.7813, 950.1996, 99.9741,  64, 64, 64
L -1399.9059, 954.3206, 101.5022,  -1402.7118, 952.1638, 101.8290,  64, 64, 64
L -1392.7361, 948.1133, 100.4526,  -1399.9059, 954.3206, 101.5022,  64, 64, 64
L -1388.3794, 941.5738, 99.2467,  -1392.7361, 948.1133, 100.4526,  64, 64, 64
L -1380.9026, 928.7486, 98.2091,  -1388.3794, 941.5738, 99.2467,  64, 64, 64
L -1374.9883, 927.2698, 98.5194,  -1380.9026, 928.7486, 98.2091,  64, 64, 64
L -1373.2124, 923.4612, 97.3456,  -1374.9883, 927.2698, 98.5194,  64, 64, 64
L -1375.6615, 914.1702, 93.8311,  -1373.2124, 923.4612, 97.3456,  64, 64, 64
L -1374.1935, 906.6812, 91.3409,  -1375.6615, 914.1702, 93.8311,  64, 64, 64
L -1375.8737, 898.9595, 88.6685,  -1374.1935, 906.6812, 91.3409,  64, 64, 64
L -1396.7687, 760.3799, 33.1066,  -1406.6376, 757.2217, 31.3417,  0, 127, 0
L -1389.7411, 765.9858, 35.1497,  -1396.7687, 760.3799, 33.1066,  0, 127, 0
L -1369.8501, 767.9097, 34.7450,  -1389.7411, 765.9858, 35.1497,  0, 127, 0
L -1359.4645, 765.4958, 31.7519,  -1369.8501, 767.9097, 34.7450,  0, 127, 0
L -1353.7754, 760.9960, 28.3531,  -1359.4645, 765.4958, 31.7519,  0, 127, 0
L -1342.4296, 759.4894, 27.7221,  -1353.7754, 760.9960, 28.3531,  0, 127, 0
L -1338.6267, 765.1630, 31.1865,  -1342.4296, 759.4894, 27.7221,  0, 127, 0
L -1328.9131, 772.6971, 36.9570,  -1338.6267, 765.1630, 31.1865,  0, 127, 0
L -1318.9413, 780.6522, 41.5728,  -1328.9131, 772.6971, 36.9570,  0, 127, 0
L -1315.3300, 793.9026, 48.4249,  -1318.9413, 780.6522, 41.5728,  0, 127, 0
L -1314.3970, 805.5801, 54.6608,  -1315.3300, 793.9026, 48.4249,  0, 127, 0
L -1310.4579, 819.8268, 61.7475,  -1314.3970, 805.5801, 54.6608,  0, 127, 0
L -1301.5542, 828.8954, 66.2159,  -1310.4579, 819.8268, 61.7475,  0, 127, 0
L -1292.5358, 836.6740, 69.9502,  -1301.5542, 828.8954, 66.2159,  0, 127, 0
L -1281.2610, 839.5583, 69.2279,  -1292.5358, 836.6740, 69.9502,  0, 127, 0
L -1266.9412, 840.6245, 65.8620,  -1281.2610, 839.5583, 69.2279,  0, 127, 0
L -1255.5481, 844.8770, 62.6184,  -1266.9412, 840.6245, 65.8620,  0, 127, 0
L -1246.4409, 851.3819, 62.4652,  -1255.5481, 844.8770, 62.6184,  0, 127, 0
L -1237.9457, 857.2056, 61.8479,  -1246.4409, 851.3819, 62.4652,  0, 127, 0
L -1225.4323, 858.1390, 60.5700,  -1237.9457, 857.2056, 61.8479,  0, 127, 0
L -1210.8035, 852.6091, 58.5281,  -1225.4323, 858.1390, 60.5700,  0, 127, 0
L -1201.2349, 844.3975, 55.2766,  -1210.8035, 852.6091, 58.5281,  0, 127, 0
L -1196.3196, 832.8819, 53.6614,  -1201.2349, 844.3975, 55.2766,  0, 127, 0
L -1184.4600, 818.8478, 53.6837,  -1196.3196, 832.8819, 53.6614,  0, 127, 0
L -1176.3899, 814.6028, 54.7274,  -1184.4600, 818.8478, 53.6837,  0, 127, 0
L -1180.6376, 811.5489, 52.4354,  -1176.3899, 814.6028, 54.7274,  0, 127, 0
L -1191.8405, 805.1036, 46.8785,  -1180.6376, 811.5489, 52.4354,  0, 127, 0
L -1199.8108, 796.9899, 41.6886,  -1191.8405, 805.1036, 46.8785,  0, 127, 0
L -1201.1316, 791.4890, 39.3723,  -1199.8108, 796.9899, 41.6886,  0, 127, 0
L -1199.9900, 781.7898, 36.4714,  -1201.1316, 791.4890, 39.3723,  0, 127, 0
L -1192.1421, 769.7531, 35.2420,  -1199.9900, 781.7898, 36.4714,  0, 127, 0
L -1176.6719, 757.8060, 36.1263,  -1192.1421, 769.7531, 35.2420,  0, 127, 0
L -1172.1077, 757.8151, 35.6790,  -1176.6719, 757.8060, 36.1263,  0, 127, 0
L -1168.3699, 764.5161, 35.4861,  -1172.1077, 757.8151, 35.6790,  0, 127, 0
L -1158.7885, 773.4416, 33.1296,  -1168.3699, 764.5161, 35.4861,  0, 127, 0
L -1144.1200, 781.3452, 29.3970,  -1158.7885, 773.4416, 33.1296,  0, 127, 0
L -1142.5071, 784.4283, 28.9723,  -1144.1200, 781.3452, 29.3970,  0, 127, 0
L -1144.5486, 796.5353, 33.3196,  -1142.5071, 784.4283, 28.9723,  0, 127, 0
L -1145.9309, 801.4081, 35.3093,  -1144.5486, 796.5353, 33.3196,  0, 127, 0
L -1144.9960, 814.1345, 38.6283,  -1145.9309, 801.4081, 35.3093,  0, 127, 0
L -1141.1493, 820.7599, 38.8410,  -1144.9960, 814.1345, 38.6283,  0, 127, 0
L -1133.6565, 826.4221, 36.8947,  -1141.1493, 820.7599, 38.8410,  0, 127, 0
L -1127.6425, 830.6122, 35.2890,  -1133.6565, 826.4221, 36.8947,  0, 127, 0
L -1123.7804, 831.2739, 33.1484,  -1127.6425, 830.6122, 35.2890,  0, 127, 0
L -1117.1172, 838.2745, 32.7792,  -1123.7804, 831.2739, 33.1484,  0, 127, 0
L -1111.2472, 840.6650, 34.5583,  -1117.1172, 838.2745, 32.7792,  0, 127, 0
L -1105.8086, 844.1602, 37.4564,  -1111.2472, 840.6650, 34.5583,  0, 127, 0
L -1098.4220, 844.6230, 39.2237,  -1105.8086, 844.1602, 37.4564,  0, 127, 0
L -1092.9009, 839.1924, 38.8982,  -1098.4220, 844.6230, 39.2237,  0, 127, 0
L -1086.9164, 840.9741, 39.8459,  -1092.9009, 839.1924, 38.8982,  0, 127, 0
L -1080.5851, 843.1874, 40.9703,  -1086.9164, 840.9741, 39.8459,  0, 127, 0
L -1072.1000, 839.5470, 38.1670,  -1080.5851, 843.1874, 40.9703,  0, 127, 0
L -1056.4446, 841.2667, 36.2227,  -1072.1000, 839.5470, 38.1670,  0, 127, 0
L -1049.2476, 843.1033, 33.7030,  -1056.4446, 841.2667, 36.2227,  0, 127, 0
L -1042.6377, 844.4964, 29.9904,  -1049.2476, 843.1033, 33.7030,  0, 127, 0
L -1035.5386, 841.9221, 24.1172,  -1042.6377, 844.4964, 29.9904,  0, 127, 0
L -1022.8907, 840.9133, 24.9250,  -1035.5386, 841.9221, 24.1172,  0, 127, 0
L -1009.7681, 839.3644, 25.8272,  -1022.8907, 840.9133, 24.9250,  0, 127, 0
L -1004.8160, 838.4410, 26.4274,  -1009.7681, 839.3644, 25.8272,  0, 127, 0
L -992.1920, 840.6252, 23.4996,  -1004.8160, 838.4410, 26.4274,  0, 127, 0
L -981.1391, 839.9894, 21.2900,  -992.1920, 840.6252, 23.4996,  0, 127, 0
L -965.5262, 847.7458, 15.3055,  -981.1391, 839.9894, 21.2900,  0, 127, 0
L -954.6598, 855.2045, 11.1852,  -965.5262, 847.7458, 15.3055,  0, 127, 0
L -948.6841, 864.4127, 9.9699,  -954.6598, 855.2045, 11.1852,  0, 127, 0
L -946.4823, 869.9547, 10.1740,  -948.6841, 864.4127, 9.9699,  0, 127, 0
L -937.6393, 871.9578, 9.3553,  -946.4823, 869.9547, 10.1740,  0, 127, 0
L -926.2910, 878.2217, 8.6477,  -937.6393, 871.9578, 9.3553,  0, 127, 0
L -917.6199, 886.9532, 8.7120,  -926.2910, 878.2217, 8.6477,  0, 127, 0
L -917.2917, 908.7468, 11.9390,  -917.6199, 886.9532, 8.7120,  0, 127, 0
L -918.8618, 919.9303, 14.1445,  -917.2917, 908.7468, 11.9390,  0, 127, 0
L -918.6001, 931.2567, 16.6840,  -918.8618, 919.9303, 14.1445,  0, 127, 0
L -918.4424, 952.4781, 19.3733,  -918.8618, 919.9303, 14.1445,  0, 127, 0
L -922.5389, 961.6848, 22.3649,  -918.4424, 952.4781, 19.3733,  0, 127, 0
L -918.5593, 968.6191, 22.8232,  -922.5389, 961.6848, 22.3649,  0, 127, 0
L -915.5873, 976.1790, 24.8160,  -918.5593, 968.6191, 22.8232,  0, 127, 0
L -919.4496, 985.1875, 27.2115,  -915.5873, 976.1790, 24.8160,  0, 127, 0
L -915.4346, 1010.5208, 29.7423,  -919.4496, 985.1875, 27.2115,  0, 127, 0
L -918.9578, 1039.1482, 36.5427,  -915.4346, 1010.5208, 29.7423,  0, 127, 0
L -920.1566, 1051.7212, 37.4519,  -918.9578, 1039.1482, 36.5427,  0, 127, 0
L -915.5430, 1059.2372, 35.9313,  -920.1566, 1051.7212, 37.4519,  0, 127, 0
L -916.8030, 1069.2692, 37.5800,  -915.5430, 1059.2372, 35.9313,  0, 127, 0
L -918.1553, 1079.8240, 38.9808,  -916.8030, 1069.2692, 37.5800,  0, 127, 0
L -918.9741, 1088.7179, 41.2053,  -918.1553, 1079.8240, 38.9808,  0, 127, 0
L -921.1671, 1111.6825, 45.2655,  -918.9741, 1088.7179, 41.2053,  0, 127, 0
L -918.6482, 1121.1902, 45.2380,  -921.1671, 1111.6825, 45.2655,  0, 127, 0
L -916.5464, 1132.7378, 45.2993,  -918.6482, 1121.1902, 45.2380,  0, 127, 0
L -915.7269, 1149.9048, 46.4025,  -916.5464, 1132.7378, 45.2993,  0, 127, 0
L -917.1113, 1163.2621, 47.2002,  -915.7269, 1149.9048, 46.4025,  0, 127, 0
L -916.8676, 1174.9727, 46.4724,  -917.1113, 1163.2621, 47.2002,  0, 127, 0
L -920.1375, 1185.7466, 47.7967,  -916.8676, 1174.9727, 46.4724,  0, 127, 0
L -935.4426, 1204.2096, 55.1191,  -920.1375, 1185.7466, 47.7967,  0, 127, 0
L -942.5186, 1213.7621, 58.6300,  -935.4426, 1204.2096, 55.1191,  0, 127, 0
L -934.7349, 1222.5172, 53.3155,  -942.5186, 1213.7621, 58.6300,  0, 127, 0
L -915.9030, 1238.6980, 42.2755,  -934.7349, 1222.5172, 53.3155,  0, 127, 0
L -920.3770, 1252.3871, 41.4752,  -915.9030, 1238.6980, 42.2755,  0, 127, 0
L -917.3586, 1259.1985, 38.9624,  -920.3770, 1252.3871, 41.4752,  0, 127, 0
L -916.5610, 1264.5259, 37.5026,  -917.3586, 1259.1985, 38.9624,  0, 127, 0
L -919.8922, 1271.9340, 37.6961,  -916.5610, 1264.5259, 37.5026,  0, 127, 0
L -915.6486, 1276.6948, 35.6144,  -919.8922, 1271.9340, 37.6961,  0, 127, 0
L -918.6635, 1284.2971, 36.1475,  -915.6486, 1276.6948, 35.6144,  0, 127, 0
L -917.7685, 1292.7675, 35.9680,  -918.6635, 1284.2971, 36.1475,  0, 127, 0
L -917.3270, 1306.9860, 34.8721,  -917.7685, 1292.7675, 35.9680,  0, 127, 0
L -920.2289, 1314.2974, 36.2225,  -917.3270, 1306.9860, 34.8721,  0, 127, 0
L -918.3950, 1322.5353, 35.7043,  -920.2289, 1314.2974, 36.2225,  0, 127, 0
L -920.4419, 1332.9900, 36.8412,  -918.3950, 1322.5353, 35.7043,  0, 127, 0
L -915.8415, 1339.2472, 34.6867,  -920.4419, 1332.9900, 36.8412,  0, 127, 0
L -918.3740, 1348.1664, 35.9853,  -915.8415, 1339.2472, 34.6867,  0, 127, 0
L -916.2006, 1359.5315, 34.9844,  -918.3740, 1348.1664, 35.9853,  0, 127, 0
L -916.5153, 1366.2233, 34.9423,  -916.2006, 1359.5315, 34.9844,  0, 127, 0
L -920.3360, 1379.2361, 35.8166,  -916.5153, 1366.2233, 34.9423,  0, 127, 0
L -917.4634, 1383.7455, 34.1480,  -920.3360, 1379.2361, 35.8166,  0, 127, 0
L -921.6000, 1389.4650, 34.6933,  -917.4634, 1383.7455, 34.1480,  0, 127, 0
L -921.9444, 1392.3014, 34.5018,  -921.6000, 1389.4650, 34.6933,  0, 127, 0
L -918.5087, 1397.8263, 32.1440,  -921.9444, 1392.3014, 34.5018,  0, 127, 0
L -914.8289, 1402.6736, 29.5463,  -918.5087, 1397.8263, 32.1440,  0, 127, 0
L -917.8428, 1410.6891, 29.3712,  -914.8289, 1402.6736, 29.5463,  0, 127, 0
L -917.3750, 1417.9540, 26.1840,  -917.8428, 1410.6891, 29.3712,  0, 127, 0
L -914.7560, 1428.9009, 20.5642,  -917.3750, 1417.9540, 26.1840,  0, 127, 0
L -920.2179, 1434.7455, 18.6862,  -914.7560, 1428.9009, 20.5642,  0, 127, 0
L -918.9302, 1442.9357, 16.4881,  -920.2179, 1434.7455, 18.6862,  0, 127, 0
L -921.5591, 1452.6039, 16.7286,  -918.9302, 1442.9357, 16.4881,  0, 127, 0
L -915.7500, 1461.2001, 15.7855,  -921.5591, 1452.6039, 16.7286,  0, 127, 0
L -915.6740, 1466.8931, 15.6233,  -915.7500, 1461.2001, 15.7855,  0, 127, 0
L -919.2177, 1474.6718, 15.4501,  -915.6740, 1466.8931, 15.6233,  0, 127, 0
L -918.9171, 1480.3749, 14.8683,  -919.2177, 1474.6718, 15.4501,  0, 127, 0
L -917.7540, 1508.9929, 12.7438,  -918.9171, 1480.3749, 14.8683,  0, 127, 0
L -918.5456, 1513.7123, 12.5965,  -917.7540, 1508.9929, 12.7438,  0, 127, 0
L -924.1187, 1532.8683, 15.2870,  -918.5456, 1513.7123, 12.5965,  0, 127, 0
L -931.3000, 1543.6664, 19.4870,  -924.1187, 1532.8683, 15.2870,  0, 127, 0
L -941.9633, 1550.9929, 23.2290,  -931.3000, 1543.6664, 19.4870,  0, 127, 0
L -950.8868, 1557.1000, 25.9125,  -941.9633, 1550.9929, 23.2290,  0, 127, 0
L -958.7840, 1563.6538, 27.8694,  -950.8868, 1557.1000, 25.9125,  0, 127, 0
L -967.3087, 1581.2780, 31.9400,  -958.7840, 1563.6538, 27.8694,  0, 127, 0
L -975.9211, 1583.5443, 32.1240,  -967.3087, 1581.2780, 31.9400,  0, 127, 0
L -1001.6503, 1583.1863, 32.3160,  -975.9211, 1583.5443, 32.1240,  0, 127, 0
L -1011.7780, 1579.5001, 32.3387,  -1001.6503, 1583.1863, 32.3160,  0, 127, 0
L -1026.3195, 1584.8125, 31.4196,  -1011.7780, 1579.5001, 32.3387,  0, 127, 0
L -1034.5110, 1592.6829, 29.9724,  -1026.3195, 1584.8125, 31.4196,  0, 127, 0
L -1042.8915, 1599.7964, 28.4919,  -1034.5110, 1592.6829, 29.9724,  0, 127, 0
L -1052.7571, 1600.1935, 27.6749,  -1042.8915, 1599.7964, 28.4919,  0, 127, 0
L -1065.2859, 1606.5010, 28.8295,  -1052.7571, 1600.1935, 27.6749,  0, 127, 0
L -1074.4623, 1596.2770, 35.8018,  -1065.2859, 1606.5010, 28.8295,  0, 127, 0
L -1088.5021, 1588.3466, 42.5906,  -1074.4623, 1596.2770, 35.8018,  0, 127, 0
L -1090.6768, 1578.3429, 47.1321,  -1088.5021, 1588.3466, 42.5906,  0, 127, 0
L -1090.8125, 1566.1720, 48.8141,  -1090.6768, 1578.3429, 47.1321,  0, 127, 0
L -1095.9927, 1549.9457, 53.9446,  -1090.8125, 1566.1720, 48.8141,  0, 127, 0
L -1105.2140, 1539.9225, 61.6430,  -1095.9927, 1549.9457, 53.9446,  0, 127, 0
L -1113.7521, 1533.4098, 67.6363,  -1105.2140, 1539.9225, 61.6430,  0, 127, 0
L -1120.1692, 1527.5762, 71.6042,  -1113.7521, 1533.4098, 67.6363,  0, 127, 0
L -1124.2792, 1529.8496, 72.4429,  -1120.1692, 1527.5762, 71.6042,  0, 127, 0
L -1131.5590, 1536.2437, 73.4394,  -1124.2792, 1529.8496, 72.4429,  0, 127, 0
L -1135.1758, 1544.6801, 71.1688,  -1131.5590, 1536.2437, 73.4394,  0, 127, 0
L -1141.9900, 1549.1210, 70.1978,  -1135.1758, 1544.6801, 71.1688,  0, 127, 0
L -1144.2130, 1557.2100, 66.5870,  -1141.9900, 1549.1210, 70.1978,  0, 127, 0
L -1144.8384, 1571.9861, 59.5000,  -1144.2130, 1557.2100, 66.5870,  0, 127, 0
L -1146.8679, 1581.8876, 54.1590,  -1144.8384, 1571.9861, 59.5000,  0, 127, 0
L -1153.9467, 1594.5927, 47.2019,  -1146.8679, 1581.8876, 54.1590,  0, 127, 0
L -1159.1331, 1603.1819, 42.6176,  -1153.9467, 1594.5927, 47.2019,  0, 127, 0
L -1168.8903, 1608.5199, 40.5444,  -1159.1331, 1603.1819, 42.6176,  0, 127, 0
L -1181.3362, 1604.2273, 43.3956,  -1168.8903, 1608.5199, 40.5444,  0, 127, 0
L -1191.8693, 1591.6803, 48.4727,  -1181.3362, 1604.2273, 43.3956,  0, 127, 0
L -1200.5132, 1586.1685, 51.6390,  -1191.8693, 1591.6803, 48.4727,  0, 127, 0
L -1204.6193, 1574.3573, 57.4990,  -1200.5132, 1586.1685, 51.6390,  0, 127, 0
L -1202.8965, 1564.5164, 63.1039,  -1204.6193, 1574.3573, 57.4990,  0, 127, 0
L -1207.1769, 1547.8698, 70.7404,  -1202.8965, 1564.5164, 63.1039,  0, 127, 0
L -1212.1985, 1539.2880, 72.7931,  -1207.1769, 1547.8698, 70.7404,  0, 127, 0
L -1223.6270, 1531.9573, 73.9416,  -1212.1985, 1539.2880, 72.7931,  0, 127, 0
L -1236.7183, 1526.7029, 74.9663,  -1223.6270, 1531.9573, 73.9416,  0, 127, 0
L -1249.5154, 1547.1946, 70.5247,  -1236.7183, 1526.7029, 74.9663,  0, 127, 0
L -1251.9636, 1549.7682, 70.3824,  -1249.5154, 1547.1946, 70.5247,  0, 127, 0
L -1257.4684, 1559.3667, 68.8949,  -1251.9636, 1549.7682, 70.3824,  0, 127, 0
L -1259.7106, 1573.9274, 65.4234,  -1257.4684, 1559.3667, 68.8949,  0, 127, 0
L -1262.5619, 1586.1139, 62.2560,  -1259.7106, 1573.9274, 65.4234,  0, 127, 0
L -1269.3859, 1595.9777, 59.9650,  -1262.5619, 1586.1139, 62.2560,  0, 127, 0
L -1274.5453, 1604.3488, 57.9288,  -1269.3859, 1595.9777, 59.9650,  0, 127, 0
L -1284.6804, 1607.4043, 58.2653,  -1274.5453, 1604.3488, 57.9288,  0, 127, 0
L -1291.1023, 1613.1917, 55.1713,  -1284.6804, 1607.4043, 58.2653,  0, 127, 0
L -1294.1570, 1621.2306, 50.1270,  -1291.1023, 1613.1917, 55.1713,  0, 127, 0
L -1299.3198, 1628.4860, 44.9478,  -1294.1570, 1621.2306, 50.1270,  0, 127, 0
L -1303.9175, 1633.4365, 41.1338,  -1299.3198, 1628.4860, 44.9478,  0, 127, 0
L -1311.9905, 1635.9408, 37.7075,  -1303.9175, 1633.4365, 41.1338,  0, 127, 0
L -1324.2804, 1634.1360, 36.9506,  -1311.9905, 1635.9408, 37.7075,  0, 127, 0
L -1331.8031, 1629.2969, 38.4936,  -1324.2804, 1634.1360, 36.9506,  0, 127, 0
L -1340.5431, 1622.2914, 40.5060,  -1331.8031, 1629.2969, 38.4936,  0, 127, 0
L -1343.9795, 1611.8644, 42.7317,  -1340.5431, 1622.2914, 40.5060,  0, 127, 0
L -1349.9590, 1604.7174, 43.7347,  -1343.9795, 1611.8644, 42.7317,  0, 127, 0
L -1360.6143, 1600.6848, 43.9630,  -1349.9590, 1604.7174, 43.7347,  0, 127, 0
L -1384.7625, 1601.1227, 43.7150,  -1360.6143, 1600.6848, 43.9630,  0, 127, 0
L -1395.5608, 1605.7134, 42.8000,  -1384.7625, 1601.1227, 43.7150,  0, 127, 0
L -1402.6703, 1609.9130, 41.7090,  -1395.5608, 1605.7134, 42.8000,  0, 127, 0
L -1410.2207, 1626.2562, 36.1780,  -1402.6703, 1609.9130, 41.7090,  0, 127, 0
L -1418.5288, 1634.1438, 33.9228,  -1410.2207, 1626.2562, 36.1780,  0, 127, 0
L -1427.1057, 1635.6156, 34.1159,  -1418.5288, 1634.1438, 33.9228,  0, 127, 0
L -1438.4137, 1633.2594, 36.6143,  -1427.1057, 1635.6156, 34.1159,  0, 127, 0
L -1452.2417, 1624.4146, 41.5512,  -1438.4137, 1633.2594, 36.6143,  0, 127, 0
L -1458.1459, 1613.1598, 44.6595,  -1452.2417, 1624.4146, 41.5512,  0, 127, 0
L -1460.5259, 1608.7842, 44.9872,  -1458.1459, 1613.1598, 44.6595,  0, 127, 0
L -1466.6718, 1599.7217, 45.6839,  -1460.5259, 1608.7842, 44.9872,  0, 127, 0
L -1477.3469, 1600.7012, 40.9814,  -1466.6718, 1599.7217, 45.6839,  0, 127, 0
L -1481.9204, 1598.9850, 40.1978,  -1477.3469, 1600.7012, 40.9814,  0, 127, 0
L -1487.4413, 1590.1027, 41.1632,  -1481.9204, 1598.9850, 40.1978,  0, 127, 0
L -1501.3384, 1579.7260, 39.5805,  -1487.4413, 1590.1027, 41.1632,  0, 127, 0
L -1506.5807, 1578.8783, 37.6484,  -1501.3384, 1579.7260, 39.5805,  0, 127, 0
L -1512.6587, 1579.1244, 34.8701,  -1506.5807, 1578.8783, 37.6484,  0, 127, 0
L -1527.1498, 1578.5857, 32.7736,  -1512.6587, 1579.1244, 34.8701,  0, 127, 0
L -1530.3649, 1578.6299, 32.3986,  -1527.1498, 1578.5857, 32.7736,  0, 127, 0
L -1541.2704, 1582.1869, 29.7994,  -1530.3649, 1578.6299, 32.3986,  0, 127, 0
L -1554.9230, 1582.8936, 32.9450,  -1541.2704, 1582.1869, 29.7994,  0, 127, 0
L -1565.8267, 1581.8025, 34.3188,  -1554.9230, 1582.8936, 32.9450,  0, 127, 0
L -1576.3665, 1584.4872, 34.8556,  -1565.8267, 1581.8025, 34.3188,  0, 127, 0
L -1586.6238, 1581.7267, 34.8153,  -1576.3665, 1584.4872, 34.8556,  0, 127, 0
L -1596.2040, 1581.7155, 34.4007,  -1586.6238, 1581.7267, 34.8153,  0, 127, 0
L -1606.7787, 1578.4895, 33.8620,  -1596.2040, 1581.7155, 34.4007,  0, 127, 0
L -1618.7759, 1569.8058, 34.3515,  -1606.7787, 1578.4895, 33.8620,  0, 127, 0
L -1625.4828, 1564.3893, 34.3963,  -1618.7759, 1569.8058, 34.3515,  0, 127, 0
L -1628.3777, 1561.5398, 34.9900,  -1625.4828, 1564.3893, 34.3963,  0, 127, 0
L -1629.7996, 1551.7919, 37.2436,  -1628.3777, 1561.5398, 34.9900,  0, 127, 0
L -1635.3839, 1545.4220, 38.2960,  -1629.7996, 1551.7919, 37.2436,  0, 127, 0
L -1647.2262, 1536.9003, 38.3055,  -1635.3839, 1545.4220, 38.2960,  0, 127, 0
L -1655.8831, 1531.2334, 38.5977,  -1647.2262, 1536.9003, 38.3055,  0, 127, 0
L -1659.6731, 1522.3816, 39.8051,  -1655.8831, 1531.2334, 38.5977,  0, 127, 0
L -1659.9330, 1512.4094, 40.8903,  -1659.6731, 1522.3816, 39.8051,  0, 127, 0
L -1657.9319, 1504.4971, 41.7687,  -1659.9330, 1512.4094, 40.8903,  0, 127, 0
L -1657.5526, 1496.2448, 42.5863,  -1657.9319, 1504.4971, 41.7687,  0, 127, 0
L -1657.8401, 1484.4043, 41.4611,  -1657.5526, 1496.2448, 42.5863,  0, 127, 0
L -1659.3529, 1475.4054, 40.4915,  -1657.8401, 1484.4043, 41.4611,  0, 127, 0
L -1660.7765, 1470.7732, 39.9778,  -1659.3529, 1475.4054, 40.4915,  0, 127, 0
L -1660.2405, 1460.1709, 40.6456,  -1660.7765, 1470.7732, 39.9778,  0, 127, 0
L -1661.7527, 1453.3389, 41.5822,  -1660.2405, 1460.1709, 40.6456,  0, 127, 0
L -1660.9003, 1445.6060, 44.5680,  -1661.7527, 1453.3389, 41.5822,  0, 127, 0
L -1660.4861, 1435.7509, 48.1296,  -1660.9003, 1445.6060, 44.5680,  0, 127, 0
L -1659.2809, 1426.6067, 53.7507,  -1660.4861, 1435.7509, 48.1296,  0, 127, 0
L -1660.8716, 1417.3644, 58.6530,  -1659.2809, 1426.6067, 53.7507,  0, 127, 0
L -1659.8738, 1408.2869, 64.1050,  -1660.8716, 1417.3644, 58.6530,  0, 127, 0
L -1655.1115, 1400.8148, 71.9514,  -1659.8738, 1408.2869, 64.1050,  0, 127, 0
L -1655.9823, 1395.1454, 74.4715,  -1655.1115, 1400.8148, 71.9514,  0, 127, 0
L -1659.7317, 1386.7621, 78.4077,  -1655.9823, 1395.1454, 74.4715,  0, 127, 0
L -1658.8528, 1381.1355, 82.3884,  -1659.7317, 1386.7621, 78.4077,  0, 127, 0
L -1655.9318, 1377.1215, 83.5558,  -1658.8528, 1381.1355, 82.3884,  0, 127, 0
L -1655.7350, 1373.1449, 83.8037,  -1655.9318, 1377.1215, 83.5558,  0, 127, 0
L -1660.5619, 1363.1990, 81.9343,  -1655.7350, 1373.1449, 83.8037,  0, 127, 0
L -1665.5719, 1354.9727, 80.1161,  -1660.5619, 1363.1990, 81.9343,  0, 127, 0
L -1675.5687, 1348.3362, 75.1804,  -1665.5719, 1354.9727, 80.1161,  0, 127, 0
L -1677.7942, 1343.8556, 74.3135,  -1675.5687, 1348.3362, 75.1804,  0, 127, 0
L -1677.1331, 1332.3053, 74.8168,  -1677.7942, 1343.8556, 74.3135,  0, 127, 0
L -1677.8622, 1331.5900, 74.4924,  -1677.1331, 1332.3053, 74.8168,  0, 127, 0
L -1688.1001, 1328.2013, 70.7260,  -1677.8622, 1331.5900, 74.4924,  0, 127, 0
L -1693.1183, 1324.6941, 67.8374,  -1688.1001, 1328.2013, 70.7260,  0, 127, 0
L -1699.8839, 1314.4540, 63.3432,  -1693.1183, 1324.6941, 67.8374,  0, 127, 0
L -1704.7168, 1305.2853, 59.9106,  -1699.8839, 1314.4540, 63.3432,  0, 127, 0
L -1710.1128, 1296.5658, 56.3186,  -1704.7168, 1305.2853, 59.9106,  0, 127, 0
L -1722.3130, 1291.3705, 49.8870,  -1710.1128, 1296.5658, 56.3186,  0, 127, 0
L -1733.3429, 1284.7410, 44.4030,  -1722.3130, 1291.3705, 49.8870,  0, 127, 0
L -1744.8676, 1269.6377, 36.8226,  -1733.3429, 1284.7410, 44.4030,  0, 127, 0
L -1764.6610, 1254.5037, 30.1271,  -1744.8676, 1269.6377, 36.8226,  0, 127, 0
L -1769.7550, 1249.6250, 28.4483,  -1764.6610, 1254.5037, 30.1271,  0, 127, 0
L -1769.8501, 1235.5823, 29.1726,  -1769.7550, 1249.6250, 28.4483,  0, 127, 0
L -1764.2299, 1224.5746, 32.6873,  -1769.8501, 1235.5823, 29.1726,  0, 127, 0
L -1756.2240, 1215.7896, 36.8378,  -1764.2299, 1224.5746, 32.6873,  0, 127, 0
L -1749.4745, 1212.7018, 40.1191,  -1756.2240, 1215.7896, 36.8378,  0, 127, 0
L -1742.5199, 1210.4009, 42.4863,  -1749.4745, 1212.7018, 40.1191,  0, 127, 0
L -1735.1746, 1207.6664, 44.7601,  -1742.5199, 1210.4009, 42.4863,  0, 127, 0
L -1731.5559, 1203.9728, 45.1022,  -1735.1746, 1207.6664, 44.7601,  0, 127, 0
L -1727.1698, 1194.8876, 44.8408,  -1731.5559, 1203.9728, 45.1022,  0, 127, 0
L -1718.9224, 1183.7421, 45.3757,  -1727.1698, 1194.8876, 44.8408,  0, 127, 0
L -1716.8878, 1181.2013, 45.9123,  -1718.9224, 1183.7421, 45.3757,  0, 127, 0
L -1708.9702, 1181.5420, 48.1154,  -1716.8878, 1181.2013, 45.9123,  0, 127, 0
L -1700.4495, 1183.7532, 51.2644,  -1708.9702, 1181.5420, 48.1154,  0, 127, 0
L -1694.2549, 1182.6591, 52.7261,  -1700.4495, 1183.7532, 51.2644,  0, 127, 0
L -1683.5630, 1179.5464, 55.2430,  -1694.2549, 1182.6591, 52.7261,  0, 127, 0
L -1672.2902, 1170.9728, 56.2351,  -1683.5630, 1179.5464, 55.2430,  0, 127, 0
L -1669.5968, 1165.1100, 57.1867,  -1672.2902, 1170.9728, 56.2351,  0, 127, 0
L -1665.1338, 1155.8550, 58.8344,  -1669.5968, 1165.1100, 57.1867,  0, 127, 0
L -1662.6212, 1149.7908, 63.3001,  -1665.1338, 1155.8550, 58.8344,  0, 127, 0
L -1659.9523, 1140.8259, 69.2009,  -1662.6212, 1149.7908, 63.3001,  0, 127, 0
L -1659.7108, 1127.8877, 75.8285,  -1659.9523, 1140.8259, 69.2009,  0, 127, 0
L -1657.2637, 1123.7825, 78.6517,  -1659.7108, 1127.8877, 75.8285,  0, 127, 0
L -1650.7112, 1115.9645, 83.2383,  -1657.2637, 1123.7825, 78.6517,  0, 127, 0
L -1639.2073, 1100.7659, 91.5043,  -1650.7112, 1115.9645, 83.2383,  0, 127, 0
L -1634.1991, 1098.9594, 93.6376,  -1639.2073, 1100.7659, 91.5043,  0, 127, 0
L -1633.2140, 1096.5327, 93.3838,  -1634.1991, 1098.9594, 93.6376,  0, 127, 0
L -1634.9230, 1091.7959, 90.1137,  -1633.2140, 1096.5327, 93.3838,  0, 127, 0
L -1642.5071, 1084.2909, 84.3910,  -1634.9230, 1091.7959, 90.1137,  0, 127, 0
L -1652.7360, 1078.6083, 78.8327,  -1642.5071, 1084.2909, 84.3910,  0, 127, 0
L -1658.2571, 1073.3545, 74.3646,  -1652.7360, 1078.6083, 78.8327,  0, 127, 0
L -1660.8490, 1067.4650, 70.8268,  -1658.2571, 1073.3545, 74.3646,  0, 127, 0
L -1660.3306, 1062.2372, 67.6004,  -1660.8490, 1067.4650, 70.8268,  0, 127, 0
L -1658.1093, 1057.3090, 64.2994,  -1660.3306, 1062.2372, 67.6004,  0, 127, 0
L -1657.7516, 1051.9518, 60.8808,  -1658.1093, 1057.3090, 64.2994,  0, 127, 0
L -1658.8911, 1041.3423, 53.5300,  -1657.7516, 1051.9518, 60.8808,  0, 127, 0
L -1657.6443, 1028.9661, 52.9080,  -1658.8911, 1041.3423, 53.5300,  0, 127, 0
L -1659.5536, 1016.8463, 52.2570,  -1657.6443, 1028.9661, 52.9080,  0, 127, 0
L -1662.5713, 991.5057, 50.6278,  -1659.5536, 1016.8463, 52.2570,  0, 127, 0
L -1659.8279, 986.1568, 50.8400,  -1662.5713, 991.5057, 50.6278,  0, 127, 0
L -1658.3278, 979.4289, 48.5733,  -1659.8279, 986.1568, 50.8400,  0, 127, 0
L -1658.7107, 973.8428, 45.8838,  -1658.3278, 979.4289, 48.5733,  0, 127, 0
L -1655.1096, 970.1517, 44.6079,  -1658.7107, 973.8428, 45.8838,  0, 127, 0
L -1656.8195, 965.2391, 42.6230,  -1655.1096, 970.1517, 44.6079,  0, 127, 0
L -1660.6803, 960.4623, 39.3003,  -1656.8195, 965.2391, 42.6230,  0, 127, 0
L -1661.6658, 955.4283, 36.7916,  -1660.6803, 960.4623, 39.3003,  0, 127, 0
L -1657.2592, 951.2205, 38.1473,  -1661.6658, 955.4283, 36.7916,  0, 127, 0
L -1659.6210, 939.9417, 36.4356,  -1657.2592, 951.2205, 38.1473,  0, 127, 0
L -1659.8766, 937.1403, 36.2978,  -1659.6210, 939.9417, 36.4356,  0, 127, 0
L -1661.9130, 932.7679, 35.6263,  -1659.8766, 937.1403, 36.2978,  0, 127, 0
L -1658.1630, 930.3824, 37.3845,  -1661.9130, 932.7679, 35.6263,  0, 127, 0
L -1660.4694, 923.8824, 37.7043,  -1658.1630, 930.3824, 37.3845,  0, 127, 0
L -1659.6615, 914.2628, 41.8521,  -1660.4694, 923.8824, 37.7043,  0, 127, 0
L -1659.3324, 904.4482, 45.4821,  -1659.6615, 914.2628, 41.8521,  0, 127, 0
L -1656.1774, 893.8180, 47.3896,  -1659.3324, 904.4482, 45.4821,  0, 127, 0
L -1654.1212, 890.2170, 47.7780,  -1656.1774, 893.8180, 47.3896,  0, 127, 0
L -1645.7833, 880.6603, 46.6632,  -1654.1212, 890.2170, 47.7780,  0, 127, 0
L -1641.6764, 876.4556, 46.5161,  -1645.7833, 880.6603, 46.6632,  0, 127, 0
L -1636.7914, 872.7320, 46.5521,  -1641.6764, 876.4556, 46.5161,  0, 127, 0
L -1629.6908, 868.6816, 46.6398,  -1636.7914, 872.7320, 46.5521,  0, 127, 0
L -1624.9480, 865.8165, 46.1642,  -1629.6908, 868.6816, 46.6398,  0, 127, 0
L -1618.4973, 863.8635, 45.6921,  -1624.9480, 865.8165, 46.1642,  0, 127, 0
L -1613.3910, 854.5632, 44.2600,  -1618.4973, 863.8635, 45.6921,  0, 127, 0
L -1608.1222, 843.2966, 42.4630,  -1613.3910, 854.5632, 44.2600,  0, 127, 0
L -1603.5248, 839.5892, 41.5322,  -1608.1222, 843.2966, 42.4630,  0, 127, 0
L -1591.5016, 839.6135, 44.2638,  -1603.5248, 839.5892, 41.5322,  0, 127, 0
L -1587.4318, 844.3144, 44.6807,  -1591.5016, 839.6135, 44.2638,  0, 127, 0
L -1583.9020, 843.2613, 45.9397,  -1587.4318, 844.3144, 44.6807,  0, 127, 0
L -1576.8821, 840.8500, 47.5664,  -1583.9020, 843.2613, 45.9397,  0, 127, 0
L -1569.6111, 840.8201, 49.5461,  -1576.8821, 840.8500, 47.5664,  0, 127, 0
L -1562.2909, 839.8467, 51.7034,  -1569.6111, 840.8201, 49.5461,  0, 127, 0
L -1558.2146, 844.5428, 52.4878,  -1562.2909, 839.8467, 51.7034,  0, 127, 0
L -1551.7222, 844.9066, 54.5123,  -1558.2146, 844.5428, 52.4878,  0, 127, 0
L -1546.3632, 839.9919, 56.4286,  -1551.7222, 844.9066, 54.5123,  0, 127, 0
L -1539.2826, 839.1689, 57.2865,  -1546.3632, 839.9919, 56.4286,  0, 127, 0
L -1532.2753, 841.5398, 58.2623,  -1539.2826, 839.1689, 57.2865,  0, 127, 0
L -1525.7172, 840.7679, 58.7787,  -1532.2753, 841.5398, 58.2623,  0, 127, 0
L -1518.2704, 840.6340, 59.5762,  -1525.7172, 840.7679, 58.7787,  0, 127, 0
L -1508.8740, 840.8090, 62.6589,  -1518.2704, 840.6340, 59.5762,  0, 127, 0
L -1504.1150, 843.6532, 65.2497,  -1508.8740, 840.8090, 62.6589,  0, 127, 0
L -1496.7769, 843.3022, 67.9665,  -1504.1150, 843.6532, 65.2497,  0, 127, 0
L -1491.2333, 838.8310, 69.5709,  -1496.7769, 843.3022, 67.9665,  0, 127, 0
L -1482.7991, 839.1627, 68.7907,  -1491.2333, 838.8310, 69.5709,  0, 127, 0
L -1473.4452, 840.9551, 68.4827,  -1482.7991, 839.1627, 68.7907,  0, 127, 0
L -1466.2219, 839.2202, 66.1889,  -1473.4452, 840.9551, 68.4827,  0, 127, 0
L -1458.5540, 840.4448, 65.8362,  -1466.2219, 839.2202, 66.1889,  0, 127, 0
L -1454.6830, 839.1494, 64.2400,  -1458.5540, 840.4448, 65.8362,  0, 127, 0
L -1447.4574, 831.9311, 58.8120,  -1454.6830, 839.1494, 64.2400,  0, 127, 0
L -1441.6603, 822.2587, 51.5737,  -1447.4574, 831.9311, 58.8120,  0, 127, 0
L -1406.6376, 757.2217, 46.9080,  -1441.6603, 822.2587, 51.5737,  0, 127, 0
L -1550.1587, 591.2776, -19.7029,  -1548.6974, 622.3199, -19.5640,  150, 100, 0
L -1549.6243, 578.4891, -19.3477,  -1550.1587, 591.2776, -19.7029,  150, 100, 0
L -1530.3086, 578.8685, -19.3927,  -1549.6243, 578.4891, -19.3477,  150, 100, 0
L -1462.9717, 645.4070, -18.3458,  -1530.3086, 578.8685, -19.3927,  150, 100, 0
L -1456.8920, 646.4814, -19.2246,  -1462.9717, 645.4070, -18.3458,  150, 100, 0
L -1449.2571, 643.2762, -19.3423,  -1456.8920, 646.4814, -19.2246,  150, 100, 0
L -1416.3091, 608.4398, -19.1017,  -1449.2571, 643.2762, -19.3423,  150, 100, 0
L -1408.4990, 606.8618, -19.4031,  -1416.3091, 608.4398, -19.1017,  150, 100, 0
L -1356.5226, 609.8116, -19.4843,  -1408.4990, 606.8618, -19.4031,  150, 100, 0
L -1345.2020, 610.4690, -19.3915,  -1356.5226, 609.8116, -19.4843,  150, 100, 0
L -1296.4302, 604.9697, -19.4242,  -1345.2020, 610.4690, -19.3915,  150, 100, 0
L -1286.9860, 604.9820, -19.4479,  -1296.4302, 604.9697, -19.4242,  150, 100, 0
L -1238.8469, 610.7267, -19.5143,  -1286.9860, 604.9820, -19.4479,  150, 100, 0
L -1227.6045, 611.8346, -19.4076,  -1238.8469, 610.7267, -19.5143,  150, 100, 0
L -1193.2699, 643.2350, -19.1747,  -1227.6045, 611.8346, -19.4076,  150, 100, 0
L -1178.7970, 648.8170, -18.6661,  -1193.2699, 643.2350, -19.1747,  150, 100, 0
L -1170.8126, 650.1866, -18.5121,  -1178.7970, 648.8170, -18.6661,  150, 100, 0
L -1167.1382, 644.2047, -19.2334,  -1170.8126, 650.1866, -18.5121,  150, 100, 0
L -1120.1736, 571.3636, -19.3708,  -1167.1382, 644.2047, -19.2334,  150, 100, 0
L -1102.2876, 571.2701, -19.3951,  -1120.1736, 571.3636, -19.3708,  150, 100, 0
L -1061.6829, 572.6840, -19.3801,  -1102.2876, 571.2701, -19.3951,  150, 100, 0
L -1039.5153, 573.3879, -19.3444,  -1061.6829, 572.6840, -19.3801,  150, 100, 0
L -1003.5460, 661.2050, -19.4251,  -1039.5153, 573.3879, -19.3444,  150, 100, 0
L -990.2836, 656.7989, -19.4974,  -1003.5460, 661.2050, -19.4251,  150, 100, 0
L -949.6023, 668.6949, -19.3304,  -990.2836, 656.7989, -19.4974,  150, 100, 0
L -889.1196, 697.2607, -19.2702,  -949.6023, 668.6949, -19.3304,  150, 100, 0
L -867.1609, 700.4363, -19.3382,  -889.1196, 697.2607, -19.2702,  150, 100, 0
L -832.1930, 708.9930, -19.3664,  -867.1609, 700.4363, -19.3382,  150, 100, 0
L -789.5779, 745.6920, -19.3600,  -832.1930, 708.9930, -19.3664,  150, 100, 0
L -806.6271, 700.6023, -19.4371,  -789.5779, 745.6920, -19.3600,  150, 100, 0
L -784.7827, 693.6707, -19.4013,  -806.6271, 700.6023, -19.4371,  150, 100, 0
L -778.7092, 694.3173, -19.4534,  -784.7827, 693.6707, -19.4013,  150, 100, 0
L -766.9465, 701.2784, -19.3611,  -778.7092, 694.3173, -19.4534,  150, 100, 0
L -764.1233, 713.8025, -19.4486,  -766.9465, 701.2784, -19.3611,  150, 100, 0
L -772.9693, 757.7870, -19.4593,  -764.1233, 713.8025, -19.4486,  150, 100, 0
L -775.5412, 759.3531, -19.4360,  -772.9693, 757.7870, -19.4593,  150, 100, 0
L -758.6432, 815.7979, -19.2254,  -775.5412, 759.3531, -19.4360,  150, 100, 0
L -759.2640, 831.2659, -19.3387,  -758.6432, 815.7979, -19.2254,  150, 100, 0
L -758.6233, 871.8219, -19.4223,  -759.2640, 831.2659, -19.3387,  150, 100, 0
L -732.7047, 914.5425, -19.5715,  -758.6233, 871.8219, -19.4223,  150, 100, 0
L -731.6169, 927.9503, -19.4544,  -732.7047, 914.5425, -19.5715,  150, 100, 0
L -755.8813, 949.7866, -19.2484,  -731.6169, 927.9503, -19.4544,  150, 100, 0
L -755.4365, 985.6912, -19.2113,  -755.8813, 949.7866, -19.2484,  150, 100, 0
L -720.3570, 1027.8644, -19.5384,  -755.4365, 985.6912, -19.2113,  150, 100, 0
L -693.9637, 1035.2075, -19.5526,  -720.3570, 1027.8644, -19.5384,  150, 100, 0
L -695.5190, 1042.8501, -19.3561,  -693.9637, 1035.2075, -19.5526,  150, 100, 0
L -718.3029, 1056.1111, -19.4146,  -695.5190, 1042.8501, -19.3561,  150, 100, 0
L -749.3878, 1069.3915, -19.3732,  -718.3029, 1056.1111, -19.4146,  150, 100, 0
L -752.2999, 1099.2819, -19.3322,  -749.3878, 1069.3915, -19.3732,  150, 100, 0
L -728.3373, 1150.8694, -19.3780,  -752.2999, 1099.2819, -19.3322,  150, 100, 0
L -726.7123, 1155.7748, -19.2570,  -728.3373, 1150.8694, -19.3780,  150, 100, 0
L -729.6187, 1202.9309, -19.1193,  -726.7123, 1155.7748, -19.2570,  150, 100, 0
L -735.1412, 1213.3408, -19.4536,  -729.6187, 1202.9309, -19.1193,  150, 100, 0
L -734.4103, 1244.7361, -19.2928,  -735.1412, 1213.3408, -19.4536,  150, 100, 0
L -733.2563, 1268.7028, -19.3462,  -734.4103, 1244.7361, -19.2928,  150, 100, 0
L -746.8737, 1298.1437, -19.4523,  -733.2563, 1268.7028, -19.3462,  150, 100, 0
L -758.6426, 1324.9811, -19.3047,  -746.8737, 1298.1437, -19.4523,  150, 100, 0
L -721.5027, 1356.5138, -19.3678,  -758.6426, 1324.9811, -19.3047,  150, 100, 0
L -682.5397, 1387.1310, -19.7845,  -721.5027, 1356.5138, -19.3678,  150, 100, 0
L -686.7336, 1399.7074, -19.1323,  -682.5397, 1387.1310, -19.7845,  150, 100, 0
L -716.8043, 1408.4708, -20.6410,  -686.7336, 1399.7074, -19.1323,  150, 100, 0
L -741.6600, 1419.7675, -19.2742,  -716.8043, 1408.4708, -20.6410,  150, 100, 0
L -741.7245, 1438.1814, -19.3284,  -741.6600, 1419.7675, -19.2742,  150, 100, 0
L -737.3968, 1477.8340, -19.2662,  -741.7245, 1438.1814, -19.3284,  150, 100, 0
L -733.5688, 1494.9611, -19.4408,  -737.3968, 1477.8340, -19.2662,  150, 100, 0
L -720.4733, 1516.9467, -19.5562,  -733.5688, 1494.9611, -19.4408,  150, 100, 0
L -669.7460, 1572.5009, -19.3846,  -720.4733, 1516.9467, -19.5562,  150, 100, 0
L -668.2202, 1585.1143, -19.7670,  -669.7460, 1572.5009, -19.3846,  150, 100, 0
L -715.1219, 1611.8971, -19.5018,  -668.2202, 1585.1143, -19.7670,  150, 100, 0
L -720.1440, 1613.1542, -19.5378,  -715.1219, 1611.8971, -19.5018,  150, 100, 0
L -764.7679, 1622.6431, -19.3909,  -720.1440, 1613.1542, -19.5378,  150, 100, 0
L -765.1136, 1677.1093, -19.4132,  -764.7679, 1622.6431, -19.3909,  150, 100, 0
L -756.5067, 1722.6869, -19.5635,  -765.1136, 1677.1093, -19.4132,  150, 100, 0
L -742.3592, 1756.6320, -19.3847,  -756.5067, 1722.6869, -19.5635,  150, 100, 0
L -732.6266, 1777.1649, -19.3270,  -742.3592, 1756.6320, -19.3847,  150, 100, 0
L -720.3570, 1810.8523, -19.5035,  -732.6266, 1777.1649, -19.3270,  150, 100, 0
L -697.3232, 1852.2455, -19.4035,  -720.3570, 1810.8523, -19.5035,  150, 100, 0
L -698.7095, 1859.9529, -19.5001,  -697.3232, 1852.2455, -19.4035,  150, 100, 0
L -703.8365, 1859.7335, -19.4405,  -698.7095, 1859.9529, -19.5001,  150, 100, 0
L -735.6620, 1837.6118, -19.1580,  -703.8365, 1859.7335, -19.4405,  150, 100, 0
L -775.6951, 1818.2743, -18.8481,  -735.6620, 1837.6118, -19.1580,  150, 100, 0
L -793.6541, 1818.7634, -19.9390,  -775.6951, 1818.2743, -18.8481,  150, 100, 0
L -833.8650, 1813.7244, -19.8424,  -793.6541, 1818.7634, -19.9390,  150, 100, 0
L -875.7604, 1782.2067, -19.3917,  -833.8650, 1813.7244, -19.8424,  150, 100, 0
L -888.2123, 1771.8413, -17.9699,  -875.7604, 1782.2067, -19.3917,  150, 100, 0
L -901.3108, 1771.4436, -19.1558,  -888.2123, 1771.8413, -17.9699,  150, 100, 0
L -912.4208, 1778.3434, -19.3643,  -901.3108, 1771.4436, -19.1558,  150, 100, 0
L -930.8270, 1797.4784, -19.2622,  -912.4208, 1778.3434, -19.3643,  150, 100, 0
L -947.6237, 1802.5176, -19.5940,  -930.8270, 1797.4784, -19.2622,  150, 100, 0
L -973.8467, 1780.1940, -19.4647,  -947.6237, 1802.5176, -19.5940,  150, 100, 0
L -1004.2521, 1755.4756, -19.2682,  -973.8467, 1780.1940, -19.4647,  150, 100, 0
L -1044.9734, 1740.9437, -19.4817,  -1004.2521, 1755.4756, -19.2682,  150, 100, 0
L -1060.4834, 1762.5176, -19.3900,  -1044.9734, 1740.9437, -19.4817,  150, 100, 0
L -1065.1393, 1778.8123, -19.4257,  -1060.4834, 1762.5176, -19.3900,  150, 100, 0
L -1080.5247, 1815.7527, -19.5286,  -1065.1393, 1778.8123, -19.4257,  150, 100, 0
L -1117.7753, 1825.3306, -19.3765,  -1080.5247, 1815.7527, -19.5286,  150, 100, 0
L -1139.3704, 1814.8770, -19.3602,  -1117.7753, 1825.3306, -19.3765,  150, 100, 0
L -1173.4208, 1802.3430, -19.3253,  -1139.3704, 1814.8770, -19.3602,  150, 100, 0
L -1219.2726, 1790.5059, -19.4436,  -1173.4208, 1802.3430, -19.3253,  150, 100, 0
L -1230.1935, 1786.3661, -19.2648,  -1219.2726, 1790.5059, -19.4436,  150, 100, 0
L -1280.1398, 1786.6277, -19.5383,  -1230.1935, 1786.3661, -19.2648,  150, 100, 0
L -1287.8202, 1786.8593, -19.2661,  -1280.1398, 1786.6277, -19.5383,  150, 100, 0
L -1317.2388, 1806.1587, -19.3414,  -1287.8202, 1786.8593, -19.2661,  150, 100, 0
L -1345.4220, 1821.7925, -19.2378,  -1317.2388, 1806.1587, -19.3414,  150, 100, 0
L -1389.5348, 1781.3438, -19.1850,  -1345.4220, 1821.7925, -19.2378,  150, 100, 0
L -1401.7001, 1768.6941, -19.2469,  -1389.5348, 1781.3438, -19.1850,  150, 100, 0
L -1405.8279, 1773.3666, -19.2645,  -1401.7001, 1768.6941, -19.2469,  150, 100, 0
L -1411.2560, 1778.7860, -19.4654,  -1405.8279, 1773.3666, -19.2645,  150, 100, 0
L -1433.2799, 1803.8418, -19.4622,  -1411.2560, 1778.7860, -19.4654,  150, 100, 0
L -1455.3284, 1812.3274, -19.4990,  -1433.2799, 1803.8418, -19.4622,  150, 100, 0
L -1476.8942, 1819.7107, -19.2174,  -1455.3284, 1812.3274, -19.4990,  150, 100, 0
L -1514.8733, 1821.5425, -19.8536,  -1476.8942, 1819.7107, -19.2174,  150, 100, 0
L -1552.5226, 1779.7891, -19.5126,  -1514.8733, 1821.5425, -19.8536,  150, 100, 0
L -1552.5967, 1745.7355, -18.8248,  -1552.5226, 1779.7891, -19.5126,  150, 100, 0
L -1555.7975, 1723.2953, -19.4202,  -1552.5967, 1745.7355, -18.8248,  150, 100, 0
L -1572.6304, 1700.5724, -19.4963,  -1555.7975, 1723.2953, -19.4202,  150, 100, 0
L -1590.8838, 1704.7112, -19.6477,  -1572.6304, 1700.5724, -19.4963,  150, 100, 0
L -1624.4888, 1723.7605, -19.3431,  -1590.8838, 1704.7112, -19.6477,  150, 100, 0
L -1625.4689, 1727.4978, -19.3582,  -1624.4888, 1723.7605, -19.3431,  150, 100, 0
L -1630.9745, 1726.2151, -19.4082,  -1625.4689, 1727.4978, -19.3582,  150, 100, 0
L -1683.3848, 1724.3770, -19.3394,  -1630.9745, 1726.2151, -19.4082,  150, 100, 0
L -1741.6454, 1715.9634, -18.8931,  -1683.3848, 1724.3770, -19.3394,  150, 100, 0
L -1764.3483, 1701.5121, -19.3454,  -1741.6454, 1715.9634, -18.8931,  150, 100, 0
L -1760.7411, 1723.5469, -19.2947,  -1764.3483, 1701.5121, -19.3454,  150, 100, 0
L -1782.6917, 1741.3478, -19.4541,  -1760.7411, 1723.5469, -19.2947,  150, 100, 0
L -1798.5923, 1742.8417, -19.5324,  -1782.6917, 1741.3478, -19.4541,  150, 100, 0
L -1825.5299, 1722.9083, -19.3506,  -1798.5923, 1742.8417, -19.5324,  150, 100, 0
L -1861.8910, 1664.3041, -19.4046,  -1825.5299, 1722.9083, -19.3506,  150, 100, 0
L -1861.4163, 1661.4384, -19.4223,  -1861.8910, 1664.3041, -19.4046,  150, 100, 0
L -1897.3345, 1608.5515, -19.1860,  -1861.4163, 1661.4384, -19.4223,  150, 100, 0
L -1892.1066, 1572.8484, -19.3382,  -1897.3345, 1608.5515, -19.1860,  150, 100, 0
L -1856.2953, 1560.1901, -19.3989,  -1892.1066, 1572.8484, -19.3382,  150, 100, 0
L -1846.5425, 1562.5425, -18.9658,  -1856.2953, 1560.1901, -19.3989,  150, 100, 0
L -1850.4955, 1551.6106, -19.2228,  -1846.5425, 1562.5425, -18.9658,  150, 100, 0
L -1847.1139, 1505.7433, -19.4319,  -1850.4955, 1551.6106, -19.2228,  150, 100, 0
L -1812.6022, 1496.8461, -18.5069,  -1847.1139, 1505.7433, -19.4319,  150, 100, 0
L -1856.8373, 1472.4119, -19.3273,  -1812.6022, 1496.8461, -18.5069,  150, 100, 0
L -1893.9147, 1437.9236, -19.3216,  -1856.8373, 1472.4119, -19.3273,  150, 100, 0
L -1913.1576, 1389.4667, -19.5040,  -1893.9147, 1437.9236, -19.3216,  150, 100, 0
L -1918.3429, 1382.5966, -19.3161,  -1913.1576, 1389.4667, -19.5040,  150, 100, 0
L -1936.1261, 1330.9469, -19.5021,  -1918.3429, 1382.5966, -19.3161,  150, 100, 0
L -1936.6891, 1323.3920, -19.4590,  -1936.1261, 1330.9469, -19.5021,  150, 100, 0
L -1938.9042, 1263.4071, -19.4391,  -1936.6891, 1323.3920, -19.4590,  150, 100, 0
L -1942.6084, 1211.2146, -19.4481,  -1938.9042, 1263.4071, -19.4391,  150, 100, 0
L -1942.1067, 1202.6847, -19.3321,  -1942.6084, 1211.2146, -19.4481,  150, 100, 0
L -1913.5983, 1183.9076, -19.3387,  -1942.1067, 1202.6847, -19.3321,  150, 100, 0
L -1900.3113, 1167.3444, -18.9726,  -1913.5983, 1183.9076, -19.3387,  150, 100, 0
L -1899.4673, 1155.7090, -19.4359,  -1900.3113, 1167.3444, -18.9726,  150, 100, 0
L -1912.4087, 1132.1902, -19.3669,  -1899.4673, 1155.7090, -19.4359,  150, 100, 0
L -1952.4138, 1090.1238, -19.3665,  -1912.4087, 1132.1902, -19.3669,  150, 100, 0
L -1952.7670, 1080.8960, -19.5106,  -1952.4138, 1090.1238, -19.3665,  150, 100, 0
L -1914.4124, 1079.7074, -19.1716,  -1952.7670, 1080.8960, -19.5106,  150, 100, 0
L -1889.1624, 1064.6122, -19.5407,  -1914.4124, 1079.7074, -19.1716,  150, 100, 0
L -1886.8407, 1042.6106, -19.3091,  -1889.1624, 1064.6122, -19.5407,  150, 100, 0
L -1887.7532, 984.8585, -19.3840,  -1886.8407, 1042.6106, -19.3091,  150, 100, 0
L -1913.5116, 942.8771, -19.4480,  -1887.7532, 984.8585, -19.3840,  150, 100, 0
L -1942.4601, 917.9398, -19.6927,  -1913.5116, 942.8771, -19.4480,  150, 100, 0
L -1942.3317, 907.7758, -19.4591,  -1942.4601, 917.9398, -19.6927,  150, 100, 0
L -1913.6376, 891.7060, -19.4023,  -1942.3317, 907.7758, -19.4591,  150, 100, 0
L -1905.2007, 879.1920, -19.3715,  -1913.6376, 891.7060, -19.4023,  150, 100, 0
L -1873.7023, 853.1001, -19.4643,  -1905.2007, 879.1920, -19.3715,  150, 100, 0
L -1874.4230, 814.5720, -19.6796,  -1873.7023, 853.1001, -19.4643,  150, 100, 0
L -1876.4337, 793.6609, -19.3642,  -1874.4230, 814.5720, -19.6796,  150, 100, 0
L -1855.2040, 757.4547, -19.4478,  -1876.4337, 793.6609, -19.3642,  150, 100, 0
L -1798.1166, 761.5927, -18.9087,  -1855.2040, 757.4547, -19.4478,  150, 100, 0
L -1800.1150, 756.5000, -20.2703,  -1798.1166, 761.5927, -18.9087,  150, 100, 0
L -1841.8075, 699.3201, -19.3841,  -1800.1150, 756.5000, -20.2703,  150, 100, 0
L -1855.5321, 645.2722, -19.6139,  -1841.8075, 699.3201, -19.3841,  150, 100, 0
L -1849.3007, 644.2943, -19.2760,  -1855.5321, 645.2722, -19.6139,  150, 100, 0
L -1811.7605, 630.9479, -19.4461,  -1849.3007, 644.2943, -19.2760,  150, 100, 0
L -1806.7759, 630.1321, -19.4515,  -1811.7605, 630.9479, -19.4461,  150, 100, 0
L -1790.5597, 582.7391, -19.4339,  -1806.7759, 630.1321, -19.4515,  150, 100, 0
L -1776.2903, 582.7975, -19.4134,  -1790.5597, 582.7391, -19.4339,  150, 100, 0
L -1730.1348, 581.6890, -19.4007,  -1776.2903, 582.7975, -19.4134,  150, 100, 0
L -1713.9408, 580.9980, -19.4940,  -1730.1348, 581.6890, -19.4007,  150, 100, 0
L -1643.3169, 642.1171, -19.3748,  -1713.9408, 580.9980, -19.4940,  150, 100, 0
L -1631.2648, 650.1780, -19.1642,  -1643.3169, 642.1171, -19.3748,  150, 100, 0
L -1618.3865, 655.5012, -19.3567,  -1631.2648, 650.1780, -19.1642,  150, 100, 0
L -1570.7129, 668.4370, -19.3204,  -1618.3865, 655.5012, -19.3567,  150, 100, 0
L -1556.8617, 657.7635, -19.2997,  -1570.7129, 668.4370, -19.3204,  150, 100, 0
L -1548.1825, 643.9420, -19.4501,  -1556.8617, 657.7635, -19.2997,  150, 100, 0
L -1548.6974, 622.3199, -19.3674,  -1548.1825, 643.9420, -19.4501,  150, 100, 0
L 2725.4373, -2748.4688, -292.9050,  -867.7472, -2748.4634, -292.9260,  0, 0, 240
L 2725.4375, 4637.7808, -292.9170,  2725.4373, -2748.4688, -292.9050,  0, 0, 240
L -4802.4360, 4637.7808, -292.9140,  2725.4375, 4637.7808, -292.9170,  0, 0, 240
L -4802.4360, -2748.4688, -292.9170,  -4802.4360, 4637.7808, -292.9140,  0, 0, 240
L -473.9694, -2748.4688, -292.8920,  -4802.4360, -2748.4688, -292.9170,  0, 0, 240
P -672.1266, 1771.5918, 0.3320, 204, 0, 204, 3, to_Erudin_or_Qeynos_(Translocator_Jempar)
P -795.0000, 1767.0000, 0.0000, 255, 255, 255, 1, Succor
P -1038, 4698, 0, 0, 200, 255, 1, Spiken's_Maps_-_github.com/spik3n/EQL_Map_pack
