P -101.003, -168.063, 0, 255, 255, 0, 2, Basher_Avisk
P 408.997, -386.063, 0, 255, 255, 0, 2, Basher_Banzuk
P 490.997, -538.063, 0, 255, 255, 0, 2, Basher_Bugak
P 475.997, -212.063, 0, 255, 255, 0, 2, Basher_Gamuk
P 434.997, 79.937, 0, 255, 255, 0, 2, Basher_Glaum
P 543.997, -403.063, 0, 255, 255, 0, 2, Basher_Gobzin
P 466.997, 188.937, 0, 255, 255, 0, 2, Basher_Gubaku
P 96.997, -18.063, 0, 255, 255, 0, 2, Basher_Kankuk
P 458.997, -145.063, 0, 255, 255, 0, 2, Basher_Kigak
P 220.997, -376.063, 0, 255, 255, 0, 2, Basher_Nagkuma
P 66.997, 70.937, 0, 255, 255, 0, 2, Basher_Nanrum
P 28.997, -248.063, 0, 255, 255, 0, 2, Basher_Rakguk
P -87.003, -13.063, 0, 255, 255, 0, 2, Basher_Razbaz
P 482.997, 75.937, 0, 255, 255, 0, 2, Basher_Roruma
P 329.997, -607.063, 0, 255, 255, 0, 2, Basher_Scintok
P 542.997, -372.063, 0, 255, 255, 0, 2, Basher_Stizik
P 73.997, -82.063, 0, 255, 255, 0, 2, Basher_Sutok
P 341.997, -608.063, 0, 255, 255, 0, 2, Basher_Thintan
P 642.997, -604.063, 0, 255, 255, 0, 2, Basher_Wisthak
P 30.997, -71.063, 0, 255, 255, 0, 2, Basher_Zabaak
P 440.997, -211.063, 0, 255, 255, 0, 2, Basher_Zazluk
P 461.997, 130.937, 0, 255, 255, 0, 2, Bregna
P 455.997, -315.063, 0, 255, 255, 0, 2, Carver_Cagrek
P -137.003, -176.063, 0, 255, 255, 0, 2, Daboo_Dogak
P 219.997, -555.063, 0, 255, 255, 0, 2, Exterminator_Filrog
P -31.003, 44.937, 0, 255, 255, 0, 2, Fireworks_Engineer_Fabdabus
P 415.997, 68.937, 0, 255, 255, 0, 2, Gardunk
P 434.997, -360.063, 0, 255, 255, 0, 2, Gargh
P 167.997, -160.063, 0, 255, 255, 0, 2, Goldush
P 224.997, -155.063, 0, 255, 255, 0, 2, Gralok
P -75.003, -147.063, 0, 255, 255, 0, 2, Grigdor
P -25.003, 13.937, 0, 255, 255, 0, 2, Hargar_the_Velium_Chef
P 118.997, -247.063, 0, 255, 255, 0, 2, Hergor
P 958.997, -447.063, 0, 255, 255, 0, 2, Hukulk
P 457.997, -283.063, 0, 255, 255, 0, 2, Jokca
P 487.997, 47.937, 0, 255, 255, 0, 2, Kaglari
P 121.997, -196.063, 0, 255, 255, 0, 2, Kragia
P 640.997, -519.063, 0, 255, 255, 0, 2, Kugaran
P 475.997, -256.063, 0, 255, 255, 0, 2, Mulg
P 471.997, 3.937, 0, 255, 255, 0, 2, Prashnak
P 13.997, 35.937, 0, 255, 255, 0, 2, Priest_of_Discord
P 167.997, -241.063, 0, 255, 255, 0, 2, Ranjor
P 569.997, -548.063, 0, 255, 255, 0, 2, Rasrok_the_Blotched
P 632.997, -551.063, 0, 255, 255, 0, 2, Rohga
P -3.003, 13.937, 0, 255, 255, 0, 2, Santug_Claugg
P 427.997, 121.937, 0, 255, 255, 0, 2, Savarixsa_Zexus
P -88.003, 1.937, 0, 255, 255, 0, 2, Soulbinder_Snog
P 905.997, -421.063, 0, 255, 255, 0, 2, Treskar
P 494.997, 68.937, 0, 255, 255, 0, 2, Urako
P 1026.997, -379.063, 0, 255, 255, 0, 2, Vergad
P 84.997, -104.063, 0, 255, 255, 0, 2, Zignal_Luk
