L -181.621, -768.441, -7.3739, -173.026, -767.856, -7.3739, 64, 64, 64
L -185.348, -772.277, -7.3739, -181.621, -768.441, -7.3739, 64, 64, 64
L -185.251, -780.577, -7.3739, -185.348, -772.277, -7.3739, 64, 64, 64
L -180.95, -785.262, -7.3739, -185.251, -780.577, -7.3739, 64, 64, 64
L -172.777, -785.266, -7.3739, -180.95, -785.262, -7.3739, 64, 64, 64
L -168.652, -780.518, -7.3739, -172.777, -785.266, -7.3739, 64, 64, 64
L -168.58, -772.442, -7.3739, -168.652, -780.518, -7.3739, 64, 64, 64
L -173.026, -767.856, -7.3739, -168.58, -772.442, -7.3739, 64, 64, 64
L 352.432, -364.855, -3.374, 344.432, -364.855, -5.3739, 64, 64, 64
L 352.432, -386.35, 0.626, 352.432, -364.855, -3.374, 64, 64, 64
L 352.432, -414.846, -0.3879, 352.432, -386.35, 0.626, 64, 64, 64
L 352.432, -434.074, -3.374, 352.432, -414.846, -0.3879, 64, 64, 64
L 344.432, -434.074, -5.3739, 352.432, -434.074, -3.374, 64, 64, 64
L 213.784, 479.018, -47.3427, 229.118, 482.851, -47.3427, 64, 64, 64
L 196.412, 483.846, -47.3427, 213.784, 479.018, -47.3427, 64, 64, 64
L 192.616, 496.698, -47.3427, 196.412, 483.846, -47.3427, 64, 64, 64
L 192.497, 511.238, -47.3427, 192.616, 496.698, -47.3427, 64, 64, 64
L 198.093, 522.141, -47.3427, 192.497, 511.238, -47.3427, 64, 64, 64
L 212.643, 525.491, -47.3427, 198.093, 522.141, -47.3427, 64, 64, 64
L 231.454, 522.814, -47.3427, 212.643, 525.491, -47.3427, 64, 64, 64
L 235.039, 515.644, -47.3427, 231.454, 522.814, -47.3427, 64, 64, 64
L 237.178, 506.653, -47.3427, 235.039, 515.644, -47.3427, 64, 64, 64
L 235.217, 493.035, -47.3427, 237.178, 506.653, -47.3427, 64, 64, 64
L 229.118, 482.851, -47.3427, 235.217, 493.035, -47.3427, 64, 64, 64
L 229.152, 471.633, -47.3427, 236.646, 473.67, -47.3427, 64, 64, 64
L 197.546, 473.544, -47.3427, 229.152, 471.633, -47.3427, 64, 64, 64
L 185.091, 482.031, -47.3427, 197.546, 473.544, -47.3427, 64, 64, 64
L 179.372, 514.293, -47.3427, 185.091, 482.031, -47.3427, 64, 64, 64
L 185.139, 530.766, -47.3427, 179.372, 514.293, -47.3427, 64, 64, 64
L 196.885, 536.733, -47.3427, 185.139, 530.766, -47.3427, 64, 64, 64
L 207.367, 534.81, -47.3427, 196.885, 536.733, -47.3427, 64, 64, 64
L 230.668, 536.752, -47.3427, 207.367, 534.81, -47.3427, 64, 64, 64
L 248.457, 507.104, -47.3427, 230.668, 536.752, -47.3427, 64, 64, 64
L 236.583, 473.491, -47.3427, 248.457, 507.104, -47.3427, 64, 64, 64
L 200.311, 523.271, 0.626, 193.243, 511.873, 3.41, 64, 64, 64
L 213.272, 524.791, 0.626, 200.311, 523.271, 0.626, 64, 64, 64
L 230.862, 523.028, 0.626, 213.272, 524.791, 0.626, 64, 64, 64
L 234.359, 515.601, 0.626, 230.862, 523.028, 0.626, 64, 64, 64
L 236.729, 507.945, 0.626, 234.359, 515.601, 0.626, 64, 64, 64
L 234.732, 495.163, 0.6599, 236.729, 507.945, 0.626, 64, 64, 64
L 228.401, 483.626, 0.626, 234.732, 495.163, 0.6599, 64, 64, 64
L 212.396, 479.646, 0.626, 228.401, 483.626, 0.626, 64, 64, 64
L 197.88, 483.293, 0.626, 212.396, 479.646, 0.626, 64, 64, 64
L 193.7, 497.647, 0.626, 197.88, 483.293, 0.626, 64, 64, 64
L 193.243, 511.873, 0.626, 193.7, 497.647, 0.626, 64, 64, 64
L 215.323, -232.608, 8.6259, 214.228, -232.788, 8.6259, 100, 50, 0
L 218.723, -263.264, 8.6259, 215.323, -232.608, 8.6259, 100, 50, 0
L 214.23, -233.034, 8.6259, 217.718, -263.994, 8.6259, 100, 50, 0
L 207.481, -205.956, 10.9967, 205.527, -207.374, 8.6259, 100, 50, 0
L 208.736, -213.069, 10.9967, 207.481, -205.956, 10.9967, 100, 50, 0
L 206.428, -198.802, 10.9967, 204.362, -199.342, 8.6259, 100, 50, 0
L 205.42, -192.068, 10.9967, 206.428, -198.802, 10.9967, 100, 50, 0
L 227.663, -188.489, 10.9967, 205.42, -192.068, 10.9967, 100, 50, 0
L 231.407, -209.101, 10.9967, 227.663, -188.489, 10.9967, 100, 50, 0
L 208.736, -213.069, 10.9967, 231.407, -209.101, 10.9967, 100, 50, 0
L 207.052, -215.569, 8.6259, 205.527, -207.374, 8.6259, 100, 50, 0
L 233.455, -211.367, 8.6263, 207.052, -215.569, 8.6259, 100, 50, 0
L 229.247, -185.526, 8.6259, 233.455, -211.367, 8.6263, 100, 50, 0
L 202.921, -189.841, 8.6259, 229.247, -185.526, 8.6259, 100, 50, 0
L 204.362, -199.342, 8.6259, 202.921, -189.841, 8.6259, 100, 50, 0
L 96.569, -344.101, 0.626, 96.557, -346.356, 0.626, 100, 50, 0
L 99.147, -343.824, 1.6259, 96.569, -344.101, 0.626, 100, 50, 0
L 99.231, -348.737, 2.6259, 99.147, -343.824, 1.6259, 100, 50, 0
L 98.087, -348.887, 2.6259, 99.231, -348.737, 2.6259, 100, 50, 0
L 91.307, -355.636, 2.6259, 98.087, -348.887, 2.6259, 100, 50, 0
L 91.307, -369.325, 2.6259, 91.307, -355.636, 2.6259, 100, 50, 0
L 98.087, -376.105, 2.6259, 91.307, -369.325, 2.6259, 100, 50, 0
L 111.745, -376.105, 2.6259, 98.087, -376.105, 2.6259, 100, 50, 0
L 118.526, -369.325, 2.6259, 111.745, -376.105, 2.6259, 100, 50, 0
L 118.526, -355.635, 2.6259, 118.526, -369.325, 2.6259, 100, 50, 0
L 112.233, -349.372, 2.6259, 118.526, -355.635, 2.6259, 100, 50, 0
L 110.909, -348.887, 2.6259, 112.233, -349.372, 2.6259, 100, 50, 0
L 110.879, -344.137, 1.6259, 110.909, -348.887, 2.6259, 100, 50, 0
L 113.264, -344.043, 0.6261, 110.879, -344.137, 1.6259, 100, 50, 0
L 113.276, -346.007, 0.626, 113.264, -344.043, 0.6261, 100, 50, 0
L 121.271, -354.418, 0.626, 113.276, -346.007, 0.626, 100, 50, 0
L 121.289, -370.502, 0.626, 121.271, -354.418, 0.626, 100, 50, 0
L 112.623, -378.855, 0.626, 121.289, -370.502, 0.626, 100, 50, 0
L 97.355, -379.081, 0.626, 112.623, -378.855, 0.626, 100, 50, 0
L 88.557, -370.397, 0.626, 97.355, -379.081, 0.626, 100, 50, 0
L 88.55, -354.817, 0.626, 88.557, -370.397, 0.626, 100, 50, 0
L 96.557, -346.356, 0.626, 88.55, -354.817, 0.626, 100, 50, 0
L -72.702, -266.323, 6.626, -72.63, -268.168, 6.626, 100, 50, 0
L -75.21, -266.228, 6.626, -72.702, -266.323, 6.626, 100, 50, 0
L -75.174, -272.878, 6.626, -75.21, -266.228, 6.626, 100, 50, 0
L -72.764, -272.83, 6.626, -75.174, -272.878, 6.626, 100, 50, 0
L -72.63, -270.917, 6.626, -72.764, -272.83, 6.626, 100, 50, 0
L -61.995, -270.918, 6.626, -72.63, -270.917, 6.626, 100, 50, 0
L -47.586, -284.493, 6.626, -61.995, -270.918, 6.626, 100, 50, 0
L -47.412, -312.312, 6.626, -47.586, -284.493, 6.626, 100, 50, 0
L -61.352, -326.072, 6.626, -47.412, -312.312, 6.626, 100, 50, 0
L -100.743, -326.136, 6.626, -61.352, -326.072, 6.626, 100, 50, 0
L -114.607, -312.38, 6.626, -100.743, -326.136, 6.626, 100, 50, 0
L -114.63, -285.562, 6.626, -114.607, -312.38, 6.626, 100, 50, 0
L -100.85, -270.918, 6.626, -114.63, -285.562, 6.626, 100, 50, 0
L -89.38, -270.918, 6.626, -100.85, -270.918, 6.626, 100, 50, 0
L -89.496, -272.783, 6.626, -89.38, -270.918, 6.626, 100, 50, 0
L -86.842, -272.88, 6.626, -89.496, -272.783, 6.626, 100, 50, 0
L -86.702, -266.322, 6.626, -86.842, -272.88, 6.626, 100, 50, 0
L -89.328, -266.118, 6.626, -86.702, -266.322, 6.626, 100, 50, 0
L -89.38, -268.168, 6.626, -89.328, -266.118, 6.626, 100, 50, 0
L -101.359, -268.365, 6.626, -89.38, -268.168, 6.626, 100, 50, 0
L -117.191, -284.164, 6.626, -101.359, -268.365, 6.626, 100, 50, 0
L -117.065, -312.983, 6.626, -117.191, -284.164, 6.626, 100, 50, 0
L -101, -328.887, 6.626, -117.065, -312.983, 6.626, 100, 50, 0
L -60.766, -328.8, 6.626, -101, -328.887, 6.626, 100, 50, 0
L -44.735, -313.608, 6.626, -60.766, -328.8, 6.626, 100, 50, 0
L -44.726, -284.301, 6.626, -44.735, -313.608, 6.626, 100, 50, 0
L -60.846, -268.203, 6.626, -44.726, -284.301, 6.626, 100, 50, 0
L -72.63, -268.168, 6.626, -60.846, -268.203, 6.626, 100, 50, 0
L 11.326, -80.308, 0.626, 11.338, -82.23, 0.626, 100, 50, 0
L 6.794, -80.271, 1.6259, 11.326, -80.308, 0.626, 100, 50, 0
L 6.828, -84.955, 1.6259, 6.794, -80.271, 1.6259, 100, 50, 0
L 34.777, -84.98, 1.6259, 6.828, -84.955, 1.6259, 100, 50, 0
L 52.557, -102.761, 1.6259, 34.777, -84.98, 1.6259, 100, 50, 0
L 52.583, -108.742, 1.6259, 52.557, -102.761, 1.6259, 100, 50, 0
L 61.301, -109.014, 1.6259, 52.583, -108.742, 1.6259, 100, 50, 0
L 61.307, -104.779, 1.6259, 61.301, -109.014, 1.6259, 100, 50, 0
L 71.087, -94.98, 1.6259, 61.307, -104.779, 1.6259, 100, 50, 0
L 90.777, -94.98, 1.6259, 71.087, -94.98, 1.6259, 100, 50, 0
L 100.409, -104.612, 1.6259, 90.777, -94.98, 1.6259, 100, 50, 0
L 100.557, -124.419, 1.6259, 100.409, -104.612, 1.6259, 100, 50, 0
L 90.414, -134.199, 1.6259, 100.557, -124.419, 1.6259, 100, 50, 0
L 71.41, -134.199, 1.6259, 90.414, -134.199, 1.6259, 100, 50, 0
L 61.373, -124.485, 1.6259, 71.41, -134.199, 1.6259, 100, 50, 0
L 61.027, -120.211, 1.6259, 61.373, -124.485, 1.6259, 100, 50, 0
L 52.61, -120.124, 1.6259, 61.027, -120.211, 1.6259, 100, 50, 0
L 52.557, -126.419, 1.6259, 52.61, -120.124, 1.6259, 100, 50, 0
L 34.777, -144.199, 1.6259, 52.557, -126.419, 1.6259, 100, 50, 0
L -32.433, -144.199, 1.6259, 34.777, -144.199, 1.6259, 100, 50, 0
L -50.662, -126.419, 1.6252, -32.433, -144.199, 1.6259, 100, 50, 0
L -50.863, -120.221, 1.5951, -50.662, -126.419, 1.6252, 100, 50, 0
L -74.63, -120.199, 0.626, -50.863, -120.221, 1.5951, 100, 50, 0
L -74.63, -104.98, 0.626, -74.63, -120.199, 0.626, 100, 50, 0
L -50.808, -105.435, 1.5951, -74.63, -104.98, 0.626, 100, 50, 0
L -50.662, -102.76, 1.6235, -50.808, -105.435, 1.5951, 100, 50, 0
L -32.881, -84.98, 1.6259, -50.662, -102.76, 1.6235, 100, 50, 0
L -4.81, -84.904, 1.6259, -32.881, -84.98, 1.6259, 100, 50, 0
L -4.71, -80.391, 1.6259, -4.81, -84.904, 1.6259, 100, 50, 0
L -9.399, -80.445, 0.6263, -4.71, -80.391, 1.6259, 100, 50, 0
L -9.411, -82.23, 0.626, -9.399, -80.445, 0.6263, 100, 50, 0
L 11.338, -64.23, 0.626, -9.37, -64.246, 0.626, 100, 50, 0
L 11.338, -64.23, 0.626, 11.338, -82.23, 0.626, 100, 50, 0
L -9.412, -82.23, 0.626, -9.37, -64.246, 0.626, 100, 50, 0
L -33.345, -82.384, 0.626, -9.412, -82.23, 0.626, 100, 50, 0
L -53.283, -102.159, 0.626, -33.345, -82.384, 0.626, 100, 50, 0
L -77.243, -101.834, 0.626, -53.283, -102.159, 0.626, 100, 50, 0
L -77.377, -122.623, 0.626, -77.243, -101.834, 0.626, 100, 50, 0
L -57.995, -122.949, 0.626, -77.377, -122.623, 0.626, 100, 50, 0
L -33.454, -146.88, 0.626, -57.995, -122.949, 0.626, 100, 50, 0
L 34.795, -146.981, 0.626, -33.454, -146.88, 0.626, 100, 50, 0
L 55.241, -126.846, 0.626, 34.795, -146.981, 0.626, 100, 50, 0
L 55.307, -122.949, 0.626, 55.241, -126.846, 0.626, 100, 50, 0
L 58.557, -122.949, 0.626, 55.307, -122.949, 0.626, 100, 50, 0
L 59.14, -125.313, 0.626, 58.557, -122.949, 0.626, 100, 50, 0
L 70.837, -136.937, 0.626, 59.14, -125.313, 0.626, 100, 50, 0
L 90.698, -137.082, 0.626, 70.837, -136.937, 0.626, 100, 50, 0
L 103.148, -124.982, 0.626, 90.698, -137.082, 0.626, 100, 50, 0
L 103.307, -104.891, 0.626, 103.148, -124.982, 0.626, 100, 50, 0
L 91.572, -92.604, 0.626, 103.307, -104.891, 0.626, 100, 50, 0
L 71.632, -92.23, 0.626, 91.572, -92.604, 0.626, 100, 50, 0
L 58.621, -104.325, 0.626, 71.632, -92.23, 0.626, 100, 50, 0
L 58.557, -106.23, 0.626, 58.621, -104.325, 0.626, 100, 50, 0
L 55.307, -106.23, 0.626, 58.557, -106.23, 0.626, 100, 50, 0
L 55.005, -102.148, 0.626, 55.307, -106.23, 0.626, 100, 50, 0
L 34.428, -82.23, 0.626, 55.005, -102.148, 0.626, 100, 50, 0
L 11.338, -82.23, 0.626, 34.428, -82.23, 0.626, 100, 50, 0
L 161.519, 59.825, 0.7413, 142.218, 59.822, 0.6543, 100, 50, 0
L 162.484, 213.794, 6.626, 161.519, 59.825, 0.7413, 100, 50, 0
L 142.912, 214.696, 6.626, 162.484, 213.794, 6.626, 100, 50, 0
L 142.218, 59.822, 0.626, 142.912, 214.696, 6.626, 100, 50, 0
L -32.781, 86.999, 1.476, -50.551, 86.257, 0.8875, 100, 50, 0
L -33.387, 190.515, 6.626, -32.781, 86.999, 1.476, 100, 50, 0
L -50.479, 190.626, 6.626, -33.387, 190.515, 6.626, 100, 50, 0
L -50.551, 86.257, 1.3929, -50.479, 190.626, 6.626, 100, 50, 0
L -189.326, 134.126, 0.626, -186.615, 133.814, 0.626, 100, 50, 0
L -189.349, 127.676, 0.626, -189.326, 134.126, 0.626, 100, 50, 0
L -218.568, 127.676, 0.626, -189.349, 127.676, 0.626, 100, 50, 0
L -218.568, 154.926, 0.626, -218.568, 127.676, 0.626, 100, 50, 0
L -189.349, 154.926, 0.626, -218.568, 154.926, 0.626, 100, 50, 0
L -189.685, 148.96, 0.626, -189.349, 154.926, 0.626, 100, 50, 0
L -186.785, 148.977, 0.626, -189.685, 148.96, 0.626, 100, 50, 0
L -186.781, 159.653, 0.626, -186.785, 148.977, 0.626, 100, 50, 0
L -223.358, 159.676, 0.626, -186.781, 159.653, 0.626, 100, 50, 0
L -223.324, 123.098, 0.626, -223.358, 159.676, 0.626, 100, 50, 0
L -186.674, 123.076, 0.626, -223.324, 123.098, 0.626, 100, 50, 0
L -186.599, 133.258, 0.626, -186.674, 123.076, 0.626, 100, 50, 0
L -190.678, 95.697, 0.626, -192.599, 95.707, 0.626, 100, 50, 0
L -190.611, 93.23, 1.6259, -190.678, 95.697, 0.626, 100, 50, 0
L -195.349, 93.309, 2.6259, -190.611, 93.23, 1.6259, 100, 50, 0
L -195.349, 97.177, 2.6259, -195.349, 93.309, 2.6259, 100, 50, 0
L -203.683, 104.957, 2.6259, -195.349, 97.177, 2.6259, 100, 50, 0
L -222.788, 104.957, 2.6259, -203.683, 104.957, 2.6259, 100, 50, 0
L -230.568, 97.177, 2.6259, -222.788, 104.957, 2.6259, 100, 50, 0
L -230.568, 77.487, 2.6259, -230.568, 97.177, 2.6259, 100, 50, 0
L -222.788, 69.707, 2.6259, -230.568, 77.487, 2.6259, 100, 50, 0
L -203.683, 69.707, 2.6259, -222.788, 69.707, 2.6259, 100, 50, 0
L -195.349, 77.487, 2.6259, -203.683, 69.707, 2.6259, 100, 50, 0
L -195.829, 81.666, 2.6259, -195.349, 77.487, 2.6259, 100, 50, 0
L -190.611, 81.491, 1.6259, -195.829, 81.666, 2.6259, 100, 50, 0
L -190.288, 78.969, 0.626, -190.611, 81.491, 1.6259, 100, 50, 0
L -192.599, 78.957, 0.626, -190.288, 78.969, 0.626, 100, 50, 0
L -192.824, 76.952, 0.626, -192.599, 78.957, 0.626, 100, 50, 0
L -202.881, 66.964, 0.626, -192.824, 76.952, 0.626, 100, 50, 0
L -223.394, 66.992, 0.626, -202.881, 66.964, 0.626, 100, 50, 0
L -233.318, 77.33, 0.626, -223.394, 66.992, 0.626, 100, 50, 0
L -233.24, 97.561, 0.626, -233.318, 77.33, 0.626, 100, 50, 0
L -223.282, 107.593, 0.626, -233.24, 97.561, 0.626, 100, 50, 0
L -202.623, 107.512, 0.626, -223.282, 107.593, 0.626, 100, 50, 0
L -192.599, 97.172, 0.626, -202.623, 107.512, 0.626, 100, 50, 0
L -192.599, 95.707, 0.626, -192.599, 97.172, 0.626, 100, 50, 0
L -296.537, -893.918, 6.626, -296.537, -924.389, 6.626, 100, 50, 0
L -299.287, -893.918, 6.626, -296.537, -893.918, 6.626, 100, 50, 0
L -324.537, -893.918, 6.626, -327.387, -893.918, 6.626, 100, 50, 0
L -299.287, -921.887, 6.626, -299.287, -893.918, 6.626, 100, 50, 0
L -324.537, -921.887, 6.626, -299.287, -921.887, 6.626, 100, 50, 0
L -324.537, -893.918, 6.626, -324.537, -921.887, 6.626, 100, 50, 0
L -327.287, -922.625, 6.626, -327.387, -893.918, 6.626, 100, 50, 0
L -296.537, -924.389, 6.626, -325.323, -924.636, 6.626, 100, 50, 0
L -292.93, -801.849, 0.626, -294.756, -801.949, 0.626, 100, 50, 0
L -292.537, -804.182, 0.626, -292.93, -801.849, 0.626, 100, 50, 0
L -297.258, -804.468, 0.626, -292.537, -804.182, 0.626, 100, 50, 0
L -297.287, -803.479, 0.626, -297.258, -804.468, 0.626, 100, 50, 0
L -308.067, -793.261, 0.626, -297.287, -803.479, 0.626, 100, 50, 0
L -321.756, -793.261, 0.626, -308.067, -793.261, 0.626, 100, 50, 0
L -332.537, -803.479, 0.626, -321.756, -793.261, 0.626, 100, 50, 0
L -332.537, -817.168, 0.626, -332.537, -803.479, 0.626, 100, 50, 0
L -321.757, -827.918, 0.626, -332.537, -817.168, 0.626, 100, 50, 0
L -308.221, -827.918, 0.626, -321.757, -827.918, 0.626, 100, 50, 0
L -296.874, -815.949, 0.626, -308.221, -827.918, 0.626, 100, 50, 0
L -292.97, -815.949, 0.626, -296.874, -815.949, 0.626, 100, 50, 0
L -292.855, -819.218, 0.626, -292.97, -815.949, 0.626, 100, 50, 0
L -294.756, -819.261, 0.626, -292.855, -819.218, 0.626, 100, 50, 0
L -307.849, -830.948, 0.626, -294.756, -819.261, 0.626, 100, 50, 0
L -321.73, -830.948, 0.626, -307.849, -830.948, 0.626, 100, 50, 0
L -335.287, -817.917, 0.626, -321.73, -830.948, 0.626, 100, 50, 0
L -335.608, -802.838, 0.626, -335.287, -817.917, 0.626, 100, 50, 0
L -323.631, -790.015, 0.626, -335.608, -802.838, 0.626, 100, 50, 0
L -306.574, -790.132, 0.626, -323.631, -790.015, 0.626, 100, 50, 0
L -294.756, -801.949, 0.626, -306.574, -790.132, 0.626, 100, 50, 0
L -252.755, -765.999, 0.626, -254.568, -765.949, 0.626, 100, 50, 0
L -252.568, -767.879, 0.626, -252.755, -765.999, 0.626, 100, 50, 0
L -256.318, -767.931, 0.626, -252.568, -767.879, 0.626, 100, 50, 0
L -256.318, -764.528, 0.626, -256.318, -767.931, 0.626, 100, 50, 0
L -265.369, -756.262, 0.626, -256.318, -764.528, 0.626, 100, 50, 0
L -284.787, -756.262, 0.626, -265.369, -756.262, 0.626, 100, 50, 0
L -293.537, -764.479, 0.626, -284.787, -756.262, 0.626, 100, 50, 0
L -293.537, -784.169, 0.626, -293.537, -764.479, 0.626, 100, 50, 0
L -284.787, -792.949, 0.626, -293.537, -784.169, 0.626, 100, 50, 0
L -265.364, -792.949, 0.626, -284.787, -792.949, 0.626, 100, 50, 0
L -256.318, -784.169, 0.626, -265.364, -792.949, 0.626, 100, 50, 0
L -256.318, -780.904, 0.626, -256.318, -784.169, 0.626, 100, 50, 0
L -252.571, -780.276, 0.626, -256.318, -780.904, 0.626, 100, 50, 0
L -252.654, -782.563, 0.626, -252.571, -780.276, 0.626, 100, 50, 0
L -254.568, -783.247, 0.626, -252.654, -782.563, 0.626, 100, 50, 0
L -295.428, -784.067, 0.626, -295.287, -765.038, 0.626, 100, 50, 0
L -284.954, -795.261, 0.626, -295.428, -784.067, 0.626, 100, 50, 0
L -264.59, -794.501, 0.626, -284.954, -795.261, 0.626, 100, 50, 0
L -254.572, -784.378, 0.626, -264.59, -794.501, 0.626, 100, 50, 0
L -254.568, -783.247, 0.626, -254.572, -784.378, 0.626, 100, 50, 0
L -285.238, -754.089, 0.626, -294.765, -764.587, 0.626, 100, 50, 0
L -264.57, -754.166, 0.626, -285.238, -754.089, 0.626, 100, 50, 0
L -254.579, -764.235, 0.626, -264.57, -754.166, 0.626, 100, 50, 0
L -254.568, -765.949, 0.626, -254.579, -764.235, 0.626, 100, 50, 0
L -225.341, -717.98, 0.626, -222.029, -717.98, 0.626, 100, 50, 0
L -242.916, -735.798, 0.626, -225.341, -717.98, 0.626, 100, 50, 0
L -254.433, -735.98, 0.626, -242.916, -735.798, 0.626, 100, 50, 0
L -272.568, -717.554, 0.626, -254.433, -735.98, 0.626, 100, 50, 0
L -272.563, -706.506, 0.626, -272.568, -717.554, 0.626, 100, 50, 0
L -254.9, -688.843, 0.626, -272.563, -706.506, 0.626, 100, 50, 0
L -242.903, -688.926, 0.626, -254.9, -688.843, 0.626, 100, 50, 0
L -224.767, -707.573, 0.626, -242.903, -688.926, 0.626, 100, 50, 0
L -222.569, -706.384, 0.626, -224.767, -707.573, 0.626, 100, 50, 0
L -243.195, -685.98, 0.626, -222.569, -706.384, 0.626, 100, 50, 0
L -255.674, -686.029, 0.626, -243.195, -685.98, 0.626, 100, 50, 0
L -275.243, -706.028, 0.626, -255.674, -686.029, 0.626, 100, 50, 0
L -275.729, -719.216, 0.626, -275.243, -706.028, 0.626, 100, 50, 0
L -255.43, -738.398, 0.626, -275.729, -719.216, 0.626, 100, 50, 0
L -243.017, -738.771, 0.626, -255.43, -738.398, 0.626, 100, 50, 0
L -222.029, -717.98, 0.626, -243.017, -738.771, 0.626, 100, 50, 0
L -149.621, -506.59, 14.6259, -151.308, -506.573, 14.6259, 100, 50, 0
L -149.599, -495.824, 14.6259, -149.621, -506.59, 14.6259, 100, 50, 0
L -138.349, -495.824, 14.6259, -149.599, -495.824, 14.6259, 100, 50, 0
L -138.307, -506.631, 14.6259, -138.349, -495.824, 14.6259, 100, 50, 0
L -136.612, -506.548, 14.6259, -138.307, -506.631, 14.6259, 100, 50, 0
L -136.78, -494.128, 14.6259, -136.612, -506.548, 14.6259, 100, 50, 0
L -151.176, -494.133, 14.6259, -136.78, -494.128, 14.6259, 100, 50, 0
L -151.308, -506.573, 14.6259, -151.176, -494.133, 14.6259, 100, 50, 0
L -89.22, -540.794, 14.6259, -86.754, -540.784, 14.6259, 100, 50, 0
L -103.38, -540.793, 14.6259, -100.935, -540.793, 14.6259, 100, 50, 0
L -103.38, -540.793, 14.6259, -103.38, -538.793, 14.6259, 100, 50, 0
L -100.822, -536.091, 14.6259, -100.935, -540.793, 14.6259, 100, 50, 0
L -110.748, -536.043, 14.6259, -100.822, -536.091, 14.6259, 100, 50, 0
L -120.562, -526.331, 14.6259, -110.748, -536.043, 14.6259, 100, 50, 0
L -120.63, -508.792, 14.6259, -120.562, -526.331, 14.6259, 100, 50, 0
L -111.38, -508.793, 14.6259, -120.63, -508.792, 14.6259, 100, 50, 0
L -111.329, -526.608, 14.6259, -111.38, -508.793, 14.6259, 100, 50, 0
L -106.654, -527.36, 14.6259, -111.329, -526.608, 14.6259, 100, 50, 0
L -106.63, -508.792, 14.6259, -106.654, -527.36, 14.6259, 100, 50, 0
L -78.675, -509.548, 14.6259, -106.63, -508.792, 14.6259, 100, 50, 0
L -78.748, -506.176, 14.6259, -78.675, -509.548, 14.6259, 100, 50, 0
L -127.346, -506.292, 0.626, -78.748, -506.176, 14.6259, 100, 50, 0
L -127.235, -508.756, 0.626, -127.346, -506.292, 0.626, 100, 50, 0
L -125.38, -508.793, 0.626, -127.235, -508.756, 0.626, 100, 50, 0
L -125.38, -528.043, 0.626, -125.38, -508.793, 0.626, 100, 50, 0
L -143.31, -528.146, 0.626, -125.38, -528.043, 0.626, 100, 50, 0
L -143.216, -539.312, 0.626, -143.31, -528.146, 0.626, 100, 50, 0
L -117.38, -538.793, 0.626, -143.216, -539.312, 0.626, 100, 50, 0
L -117.38, -570.043, 0.626, -117.38, -538.793, 0.626, 100, 50, 0
L -166.599, -570.043, 0.626, -117.38, -570.043, 0.626, 100, 50, 0
L -166.599, -538.792, 0.626, -166.599, -570.043, 0.626, 100, 50, 0
L -155.185, -538.831, 0.626, -166.599, -538.792, 0.626, 100, 50, 0
L -154.599, -508.793, 0.626, -155.185, -538.831, 0.626, 100, 50, 0
L -139.055, -508.841, 0.626, -154.599, -508.793, 0.626, 100, 50, 0
L -138.599, -496.824, 0.626, -139.055, -508.841, 0.626, 100, 50, 0
L -79.996, -496.824, 14.6168, -138.599, -496.824, 0.626, 100, 50, 0
L -69.38, -506.604, 14.6259, -79.996, -496.824, 14.6168, 100, 50, 0
L -69.38, -526.262, 14.6259, -69.38, -506.604, 14.6259, 100, 50, 0
L -79.995, -536.043, 14.6259, -69.38, -526.262, 14.6259, 100, 50, 0
L -89.963, -536.075, 14.6259, -79.995, -536.043, 14.6259, 100, 50, 0
L -89.22, -540.794, 14.6259, -89.963, -536.075, 14.6259, 100, 50, 0
L -86.63, -538.792, 14.6259, -86.754, -540.784, 14.6259, 100, 50, 0
L -79.006, -538.793, 14.6259, -86.63, -538.792, 14.6259, 100, 50, 0
L -66.63, -526.013, 14.6259, -79.006, -538.793, 14.6259, 100, 50, 0
L -66.61, -506.416, 14.6259, -66.63, -526.013, 14.6259, 100, 50, 0
L -79.028, -494.074, 14.6259, -66.61, -506.416, 14.6259, 100, 50, 0
L -111.244, -494.159, 14.6259, -79.028, -494.074, 14.6259, 100, 50, 0
L -122.752, -505.92, 14.6259, -111.244, -494.159, 14.6259, 100, 50, 0
L -123.315, -526.629, 14.6259, -122.752, -505.92, 14.6259, 100, 50, 0
L -111.698, -538.786, 14.6259, -123.315, -526.629, 14.6259, 100, 50, 0
L -103.38, -538.793, 14.6259, -111.698, -538.786, 14.6259, 100, 50, 0
L -73.298, -574.793, 14.6259, -71.996, -574.793, 14.6259, 100, 50, 0
L -73.38, -572.494, 14.6259, -73.298, -574.793, 14.6259, 100, 50, 0
L -68.63, -572.467, 14.6259, -73.38, -572.494, 14.6259, 100, 50, 0
L -68.63, -573.262, 14.6259, -68.63, -572.467, 14.6259, 100, 50, 0
L -61.85, -580.043, 14.6259, -68.63, -573.262, 14.6259, 100, 50, 0
L -48.192, -580.043, 14.6259, -61.85, -580.043, 14.6259, 100, 50, 0
L -41.412, -573.262, 14.6259, -48.192, -580.043, 14.6259, 100, 50, 0
L -41.412, -559.573, 14.6259, -41.412, -573.262, 14.6259, 100, 50, 0
L -48.192, -552.793, 14.6259, -41.412, -559.573, 14.6259, 100, 50, 0
L -62.575, -553.061, 14.6259, -48.192, -552.793, 14.6259, 100, 50, 0
L -69.449, -560.793, 14.6259, -62.575, -553.061, 14.6259, 100, 50, 0
L -72.857, -560.793, 14.6259, -69.449, -560.793, 14.6259, 100, 50, 0
L -72.863, -558.043, 14.6259, -72.857, -560.793, 14.6259, 100, 50, 0
L -71.993, -558.043, 14.6259, -72.863, -558.043, 14.6259, 100, 50, 0
L -63.604, -550.229, 14.6259, -71.993, -558.043, 14.6259, 100, 50, 0
L -47.579, -550.041, 14.6259, -63.604, -550.229, 14.6259, 100, 50, 0
L -38.727, -558.206, 14.6259, -47.579, -550.041, 14.6259, 100, 50, 0
L -38.644, -574.078, 14.6259, -38.727, -558.206, 14.6259, 100, 50, 0
L -47.356, -582.793, 14.6259, -38.644, -574.078, 14.6259, 100, 50, 0
L -63.334, -582.62, 14.6259, -47.356, -582.793, 14.6259, 100, 50, 0
L -71.996, -574.793, 14.6259, -63.334, -582.62, 14.6259, 100, 50, 0
L 9.338, -580.573, 14.6259, 9.338, -582.793, 14.6259, 100, 50, 0
L 6.563, -582.793, 14.6259, 9.338, -582.793, 14.6259, 100, 50, 0
L 6.616, -579.276, 14.6259, 6.563, -582.793, 14.6259, 100, 50, 0
L 12.588, -573.262, 14.6259, 6.616, -579.276, 14.6259, 100, 50, 0
L 12.588, -563.573, 14.6259, 12.588, -573.262, 14.6259, 100, 50, 0
L 5.808, -556.793, 14.6259, 12.588, -563.573, 14.6259, 100, 50, 0
L -3.881, -556.793, 14.6259, 5.808, -556.793, 14.6259, 100, 50, 0
L -10.662, -563.573, 14.6259, -3.881, -556.793, 14.6259, 100, 50, 0
L -10.662, -573.201, 14.6259, -10.662, -563.573, 14.6259, 100, 50, 0
L -4.675, -579.318, 14.6259, -10.662, -573.201, 14.6259, 100, 50, 0
L -4.659, -582.793, 14.6259, -4.675, -579.318, 14.6259, 100, 50, 0
L -7.412, -582.793, 14.6259, -4.659, -582.793, 14.6259, 100, 50, 0
L -7.412, -580.573, 14.6259, -7.412, -582.793, 14.6259, 100, 50, 0
L -13.295, -574.878, 14.6259, -7.412, -580.573, 14.6259, 100, 50, 0
L -13.385, -562.279, 14.6259, -13.295, -574.878, 14.6259, 100, 50, 0
L -5.677, -554.412, 14.6259, -13.385, -562.279, 14.6259, 100, 50, 0
L 7.228, -554.153, 14.6259, -5.677, -554.412, 14.6259, 100, 50, 0
L 15.272, -562.205, 14.6259, 7.228, -554.153, 14.6259, 100, 50, 0
L 14.999, -574.912, 14.6259, 15.272, -562.205, 14.6259, 100, 50, 0
L 9.338, -580.573, 14.6259, 14.999, -574.912, 14.6259, 100, 50, 0
L 48.557, -658.404, 0.626, 48.557, -661.284, 0.626, 100, 50, 0
L 39.307, -658.231, 0.626, 39.307, -661.295, 0.626, 100, 50, 0
L 25.338, -644.231, 0.626, 39.307, -658.231, 0.626, 100, 50, 0
L 25.338, -634.541, 0.626, 25.338, -644.231, 0.626, 100, 50, 0
L 39.088, -620.761, 0.626, 25.338, -634.541, 0.626, 100, 50, 0
L 48.777, -620.761, 0.626, 39.088, -620.761, 0.626, 100, 50, 0
L 62.557, -634.542, 0.626, 48.777, -620.761, 0.626, 100, 50, 0
L 62.557, -644.231, 0.626, 62.557, -634.542, 0.626, 100, 50, 0
L 48.557, -658.404, 0.626, 62.557, -644.231, 0.626, 100, 50, 0
L 65.556, -644.435, 0.626, 48.557, -661.284, 0.626, 100, 50, 0
L 65.345, -634.329, 0.626, 65.556, -644.435, 0.626, 100, 50, 0
L 49.683, -618.175, 0.7329, 65.345, -634.329, 0.626, 100, 50, 0
L 38.966, -617.899, 0.8536, 49.683, -618.175, 0.7329, 100, 50, 0
L 22.618, -634.239, 0.626, 38.966, -617.899, 0.8536, 100, 50, 0
L 22.614, -644.523, 0.626, 22.618, -634.239, 0.626, 100, 50, 0
L 39.307, -661.295, 0.626, 22.614, -644.523, 0.626, 100, 50, 0
L 48.557, -767.261, 0.626, 46.557, -767.261, 0.626, 100, 50, 0
L 46.557, -763.949, 0.626, 46.557, -767.261, 0.626, 100, 50, 0
L 51.307, -763.949, 0.626, 46.557, -763.949, 0.626, 100, 50, 0
L 51.307, -767.169, 0.626, 51.307, -763.949, 0.626, 100, 50, 0
L 60.087, -775.949, 0.626, 51.307, -767.169, 0.626, 100, 50, 0
L 77.777, -775.949, 0.626, 60.087, -775.949, 0.626, 100, 50, 0
L 86.557, -767.169, 0.626, 77.777, -775.949, 0.626, 100, 50, 0
L 86.557, -749.48, 0.626, 86.557, -767.169, 0.626, 100, 50, 0
L 77.777, -741.573, 0.626, 86.557, -749.48, 0.626, 100, 50, 0
L 60.087, -741.573, 0.626, 77.777, -741.573, 0.626, 100, 50, 0
L 51.307, -749.479, 0.626, 60.087, -741.573, 0.626, 100, 50, 0
L 51.307, -753.261, 0.626, 51.307, -749.479, 0.626, 100, 50, 0
L 46.563, -753.261, 0.626, 51.307, -753.261, 0.626, 100, 50, 0
L 46.556, -749.949, 0.626, 46.563, -753.261, 0.626, 100, 50, 0
L 48.557, -749.949, 0.626, 46.556, -749.949, 0.626, 100, 50, 0
L 48.571, -748.224, 0.626, 48.557, -749.949, 0.626, 100, 50, 0
L 58.641, -738.059, 0.626, 48.571, -748.224, 0.626, 100, 50, 0
L 79.141, -738.043, 0.626, 58.641, -738.059, 0.626, 100, 50, 0
L 88.913, -747.744, 0.626, 79.141, -738.043, 0.626, 100, 50, 0
L 89.451, -768.004, 0.626, 88.913, -747.744, 0.626, 100, 50, 0
L 79.778, -779.165, 0.626, 89.451, -768.004, 0.626, 100, 50, 0
L 59.061, -779.261, 0.626, 79.778, -779.165, 0.626, 100, 50, 0
L 48.576, -768.448, 0.626, 59.061, -779.261, 0.626, 100, 50, 0
L 48.557, -767.261, 0.626, 48.576, -768.448, 0.626, 100, 50, 0
L 723.742, -654.975, 10.8, 724.862, -655.357, 10.679, 100, 50, 0
L 714.104, -693.453, 7.6822, 733.782, -733.937, 5.1513, 100, 50, 0
L 723.742, -654.975, 10.283, 714.104, -693.453, 7.6822, 100, 50, 0
L 715.353, -693.366, 7.6877, 734.312, -732.212, 5.2973, 100, 50, 0
L 724.862, -655.357, 10.47, 715.353, -693.366, 7.6877, 100, 50, 0
L 735.313, -633.33, 13.9192, 733.565, -639.779, 13.9192, 100, 50, 0
L 733.209, -632.859, 11.471, 735.313, -633.33, 13.9192, 100, 50, 0
L 730.637, -641.751, 10.9149, 733.209, -632.859, 11.471, 100, 50, 0
L 756.681, -648.83, 10.4722, 730.637, -641.751, 10.9149, 100, 50, 0
L 764.038, -623.925, 12.296, 756.681, -648.83, 10.4722, 100, 50, 0
L 737.691, -617.569, 12.4795, 764.038, -623.925, 12.296, 100, 50, 0
L 735.323, -625.22, 11.9487, 737.691, -617.569, 12.4795, 100, 50, 0
L 737.463, -626.233, 13.9192, 735.323, -625.22, 11.9487, 100, 50, 0
L 739.133, -619.857, 13.9192, 737.463, -626.233, 13.9192, 100, 50, 0
L 760.846, -625.944, 13.9192, 739.133, -619.857, 13.9192, 100, 50, 0
L 755.278, -645.788, 13.9192, 760.846, -625.944, 13.9192, 100, 50, 0
L 733.565, -639.779, 13.9192, 755.278, -645.788, 13.9192, 100, 50, 0
L 693.569, -391.31, 16.626, 700.546, -399.237, 16.626, 100, 50, 0
L 712.437, -411.127, 16.626, 705.796, -404.152, 16.626, 100, 50, 0
L 707.451, -402.577, 19.1517, 705.796, -404.152, 19.1517, 100, 50, 0
L 702.075, -397.234, 19.1517, 700.546, -399.237, 16.626, 100, 50, 0
L 697.134, -391.742, 19.1517, 701.829, -397, 19.1517, 100, 50, 0
L 714.575, -375.137, 19.1517, 697.134, -391.742, 19.1517, 100, 50, 0
L 730.261, -391.301, 19.1517, 714.575, -375.137, 19.1517, 100, 50, 0
L 712.524, -407.906, 19.1517, 730.261, -391.301, 19.1517, 100, 50, 0
L 707.451, -402.577, 19.1517, 712.524, -407.906, 19.1517, 100, 50, 0
L 714.319, -371.877, 16.626, 726.354, -384.196, 16.626, 100, 50, 0
L 693.569, -391.31, 16.626, 714.319, -371.877, 16.626, 100, 50, 0
L 733.118, -392.278, 16.6298, 712.437, -411.127, 16.626, 100, 50, 0
L 575.35, -484.81, 16.691, 574.833, -515.985, 16.6476, 100, 50, 0
L 704.719, -484.632, 16.626, 575.35, -484.81, 16.691, 100, 50, 0
L 704.854, -516.367, 16.626, 704.719, -484.632, 16.626, 100, 50, 0
L 574.833, -515.985, 18.6151, 704.854, -516.367, 16.626, 100, 50, 0
L -274.216, 207.89, 0.626, -266.501, 176.247, 0.626, 64, 64, 64
L -266.501, 176.247, 0.626, -286.817, 154.004, 0.626, 64, 64, 64
L -286.817, 154.004, 0.626, -294.536, 118.623, 0.626, 64, 64, 64
L -294.536, 118.623, 0.626, -294.536, 95.538, 0.626, 64, 64, 64
L -294.536, 95.538, 0.626, -162.004, 11.298, 0.626, 64, 64, 64
L -162.004, 11.298, 0.626, -90.725, -24.387, 0.626, 64, 64, 64
L -90.725, -24.387, 0.626, -90.669, -120.746, 0.626, 64, 64, 64
L -90.669, -120.746, 0.626, -152.503, -212.514, 0.626, 64, 64, 64
L -152.503, -212.514, 0.626, -128.7, -240.012, 0.5978, 64, 64, 64
L -128.7, -240.012, 0.5978, -126.63, -311.853, 6.626, 64, 64, 64
L -126.63, -311.853, 6.626, -100.55, -338.136, 6.626, 64, 64, 64
L -100.55, -338.136, 6.626, 3.113, -338.167, 6.4966, 64, 64, 64
L 3.113, -338.167, 6.4966, 25.392, -366.406, 0.6264, 64, 64, 64
L 25.392, -366.406, 0.6264, 49.307, -396.606, 0.626, 64, 64, 64
L 49.307, -396.606, 0.626, 49.307, -438.074, 0.626, 64, 64, 64
L 49.307, -438.074, 0.626, 137.109, -438.137, 0.626, 64, 64, 64
L 137.109, -438.137, 0.626, 137.119, -458.851, 0.626, 64, 64, 64
L 137.119, -458.851, 0.626, 135.41, -463.248, 0.626, 64, 64, 64
L 135.41, -463.248, 0.626, 159.276, -520.84, 0.626, 64, 64, 64
L 159.276, -520.84, 0.626, 159.276, -578.63, 0.626, 64, 64, 64
L 159.276, -578.63, 0.626, 143.323, -610.381, 6.6273, 64, 64, 64
L 143.323, -610.381, 6.6273, 159.154, -640.065, 11.7293, 64, 64, 64
L 159.154, -640.065, 11.7293, 187.507, -696.902, 24.7087, 64, 64, 64
L 187.507, -696.902, 24.7087, 203.145, -734.042, 30.2066, 64, 64, 64
L 203.145, -734.042, 30.2066, 225.31, -790.593, 48.5947, 64, 64, 64
L 225.31, -790.593, 48.5947, 221.695, -812.907, 48.5643, 64, 64, 64
L 221.695, -812.907, 48.5643, 197.366, -832.368, 42.1255, 64, 64, 64
L 197.366, -832.368, 42.1255, 150.739, -833.199, 22.7246, 64, 64, 64
L 150.739, -833.199, 22.7246, 108.622, -840.867, 8.6217, 64, 64, 64
L 108.622, -840.867, 8.6217, 104.531, -804.397, 0.7489, 64, 64, 64
L 104.531, -804.397, 0.7489, 100.349, -763.978, 0.626, 64, 64, 64
L 100.349, -763.978, 0.626, 72.516, -668.131, 0.626, 64, 64, 64
L 72.516, -668.131, 0.626, 64.488, -617.863, 0.8696, 64, 64, 64
L 64.488, -617.863, 0.8696, 60.363, -586.469, 14.6172, 64, 64, 64
L 60.363, -586.469, 14.6172, -70.632, -492.824, 14.6259, 64, 64, 64
L -70.632, -492.824, 14.6259, -152.725, -492.824, 14.6259, 64, 64, 64
L -152.725, -492.824, 14.6259, -174.55, -544.378, 14.6259, 64, 64, 64
L -174.55, -544.378, 14.6259, -188.599, -550.918, 14.6259, 64, 64, 64
L -370.505, -584.791, 14.6259, -370.505, -586.25, 14.6259, 64, 64, 64
L -370.505, -586.25, 14.6259, -364.573, -617.99, 1.982, 64, 64, 64
L -364.573, -617.99, 1.982, -330.336, -668.821, 0.626, 64, 64, 64
L -330.336, -668.821, 0.626, -294.765, -764.587, 0.626, 64, 64, 64
L -295.287, -765.038, 0.626, -352.61, -804.571, 0.626, 64, 64, 64
L -352.61, -804.571, 0.626, -364.313, -831.919, 0.626, 64, 64, 64
L -364.313, -831.919, 0.626, -356.392, -862.506, 6.626, 64, 64, 64
L -356.392, -862.506, 6.626, -327.287, -922.626, 6.626, 64, 64, 64
L -325.325, -924.636, 6.626, -259.345, -956.916, 6.626, 64, 64, 64
L -259.345, -956.916, 6.626, -98.936, -959.796, 6.626, 64, 64, 64
L -98.936, -959.796, 6.626, -34.234, -924.488, 6.626, 64, 64, 64
L -34.234, -924.488, 6.626, -11.687, -863, 6.626, 64, 64, 64
L -11.687, -863, 6.626, -10.61, -830.855, 0.626, 64, 64, 64
L -10.61, -830.855, 0.626, 0.588, -811.225, 0.626, 64, 64, 64
L 0.588, -811.225, 0.626, 1.116, -803.949, 0.626, 64, 64, 64
L 1.116, -803.949, 0.626, 59.173, -804.037, 0.626, 64, 64, 64
L 59.173, -804.037, 0.626, 79.297, -839.918, 7.297, 64, 64, 64
L 79.297, -839.918, 7.297, 79.312, -861.986, 8.1631, 64, 64, 64
L 79.312, -861.986, 8.1631, 109.337, -867.866, 8.7812, 64, 64, 64
L 109.337, -867.866, 8.7812, 198.584, -857.917, 38.8248, 64, 64, 64
L 198.584, -857.917, 38.8248, 216.664, -857.918, 38.9941, 64, 64, 64
L 216.664, -857.918, 38.9941, 230.897, -836.016, 41.3014, 64, 64, 64
L 230.897, -836.016, 41.3014, 250.068, -813.261, 46.5137, 64, 64, 64
L 250.068, -813.261, 46.5137, 315.748, -756.757, 46.5947, 64, 64, 64
L 315.748, -756.757, 46.5947, 239.555, -758.145, 41.7922, 64, 64, 64
L 239.555, -758.145, 41.7922, 224.422, -734.113, 30.217, 64, 64, 64
L 224.422, -734.113, 30.217, 214.455, -694.048, 35.1844, 64, 64, 64
L 214.455, -694.048, 35.1844, 208.481, -643.471, 36.3962, 64, 64, 64
L 208.481, -643.471, 36.3962, 230.581, -624.141, 36.4878, 64, 64, 64
L 230.581, -624.141, 36.4878, 309.178, -589.976, 36.4703, 64, 64, 64
L 309.178, -589.976, 36.4703, 400.316, -593.974, 36.4144, 64, 64, 64
L 400.316, -593.974, 36.4144, 515.631, -629.176, 16.626, 64, 64, 64
L 515.631, -629.176, 16.626, 564.175, -713.611, 16.626, 64, 64, 64
L 463.096, -286.278, 16.287, 299.131, -166.323, 8.6553, 64, 64, 64
L 299.131, -166.323, 8.6553, 249.214, -68.456, 0.6788, 64, 64, 64
L 249.214, -68.456, 0.6788, 210.165, -31.991, 0.626, 64, 64, 64
L 210.165, -31.991, 0.626, 191.76, -28.508, 0.626, 64, 64, 64
L 191.76, -28.508, 0.626, 192.494, -78.25, 8.5106, 64, 64, 64
L 192.494, -78.25, 8.5106, 234.316, -188.177, 8.6259, 64, 64, 64
L 234.316, -188.177, 8.6259, 236.43, -250.399, 8.6259, 64, 64, 64
L 236.43, -250.399, 8.6259, 218.723, -263.264, 8.6259, 64, 64, 64
L 217.718, -263.994, 8.6259, 190.647, -285.433, 7.9595, 64, 64, 64
L 190.647, -285.433, 7.9595, 170.755, -318.029, 1.4126, 64, 64, 64
L 170.755, -318.029, 1.4126, 168.46, -338.438, 0.626, 64, 64, 64
L 168.46, -338.438, 0.626, 124.307, -386.334, 0.626, 64, 64, 64
L 124.307, -386.334, 0.626, 88.494, -401.869, 0.626, 64, 64, 64
L 88.494, -401.869, 0.626, 67.263, -392.219, 0.6262, 64, 64, 64
L 67.263, -392.219, 0.6262, 64.759, -395.988, 0.626, 64, 64, 64
L 64.759, -395.988, 0.626, 65.559, -424.239, 0.626, 64, 64, 64
L 65.559, -424.239, 0.626, 157.113, -422.789, 0.626, 64, 64, 64
L 157.113, -422.789, 0.626, 157.276, -400.855, 0.626, 64, 64, 64
L 157.276, -400.855, 0.626, 170.728, -400.855, 0.626, 64, 64, 64
L 170.728, -400.855, 0.626, 204.046, -393.06, 0.626, 64, 64, 64
L 204.046, -393.06, 0.626, 230.495, -392.854, 0.626, 64, 64, 64
L 230.495, -392.855, 0.626, 263.213, -389.427, 0.553, 64, 64, 64
L 263.213, -389.427, 0.553, 288.463, -365.336, -4.4934, 64, 64, 64
L 288.463, -365.336, -4.4934, 344.432, -364.855, -5.3739, 64, 64, 64
L 344.432, -364.855, -5.3739, 344.432, -384.031, -5.3739, 64, 64, 64
L 344.432, -384.031, -5.3739, 338.496, -390.271, -5.3739, 64, 64, 64
L 338.496, -390.271, -5.3739, 338.434, -408.522, -5.3739, 64, 64, 64
L 338.434, -408.522, -5.3739, 344.193, -414.397, -5.3739, 64, 64, 64
L 344.193, -414.397, -5.3739, 344.432, -434.074, -5.3739, 64, 64, 64
L 344.432, -434.074, -5.3739, 291.213, -434.074, -5.3739, 64, 64, 64
L 291.213, -434.074, -5.3739, 263.213, -409.944, 0.553, 64, 64, 64
L 263.213, -409.944, 0.553, 205.6, -406.105, 0.626, 64, 64, 64
L 205.6, -406.105, 0.626, 172.277, -413.771, 0.626, 64, 64, 64
L 172.277, -413.771, 0.626, 170.526, -438.074, 0.626, 64, 64, 64
L 170.526, -438.074, 0.626, 160.309, -438.074, 0.626, 64, 64, 64
L 160.309, -438.074, 0.626, 156.588, -438.242, 0.626, 64, 64, 64
L 156.588, -438.242, 0.626, 157.341, -459.541, 0.626, 64, 64, 64
L 157.341, -459.541, 0.626, 161.166, -465.776, 0.626, 64, 64, 64
L 161.166, -465.776, 0.626, 205.69, -519.581, 0.626, 64, 64, 64
L 205.69, -519.581, 0.626, 254.495, -502.99, 0.626, 64, 64, 64
L 254.495, -502.99, 0.626, 401.54, -530.797, 16.626, 64, 64, 64
L 401.54, -530.797, 16.626, 513.115, -451.907, 16.626, 64, 64, 64
L 513.115, -451.907, 16.626, 463.096, -286.278, 16.626, 64, 64, 64
L -274.356, 208.469, 0.626, -247.411, 195.293, 0.626, 0, 0, 255
L -247.411, 195.293, 0.626, -154.832, 181.11, 0.6246, 0, 0, 255
L -154.832, 181.11, 0.6246, -113.963, 115.56, 0.626, 0, 0, 255
L -113.963, 115.56, 0.626, -90.958, 105.119, 0.626, 0, 0, 255
L -90.958, 105.119, 0.626, -55.38, 108.984, 0.626, 0, 0, 255
L -55.38, 108.984, 0.626, -28.662, 109.142, 0.626, 0, 0, 255
L -28.662, 109.142, 0.626, 39.694, 86.57, 0.5048, 0, 0, 255
L 39.694, 86.57, 0.5048, 57.684, 63.149, 0.626, 0, 0, 255
L 57.684, 63.149, 0.626, 88.492, 59.028, 0.626, 0, 0, 255
L 88.492, 59.028, 0.626, 136.526, 84.983, 0.626, 0, 0, 255
L 136.526, 84.983, 0.626, 167.276, 85.118, 0.6118, 0, 0, 255
L 167.276, 85.118, 0.6118, 195.692, 62.116, 0.626, 0, 0, 255
L 195.692, 62.116, 0.626, 211.395, 26.721, 0.626, 0, 0, 255
L 211.395, 26.721, 0.626, 248.576, -31.147, 0.626, 0, 0, 255
L 248.576, -31.147, 0.626, 298.463, -69.222, 7.9783, 0, 0, 255
L 298.463, -69.222, 7.9783, 359.86, -101.521, 11.1987, 0, 0, 255
L 359.86, -101.521, 11.1987, 392.617, -159.091, 10.9457, 0, 0, 255
L 392.617, -159.091, 10.9457, 422.761, -173.021, 14.4379, 0, 0, 255
L 422.761, -173.021, 14.4379, 516.729, -265.027, 16.626, 0, 0, 255
L 516.729, -265.027, 16.626, 594.683, -453.026, 16.626, 0, 0, 255
L 594.683, -453.026, 16.626, 602.538, -460.765, 16.626, 0, 0, 255
L 602.538, -460.765, 16.626, 594.078, -480.074, 16.626, 0, 0, 255
L 594.078, -480.074, 16.626, 593.909, -520.793, 16.626, 0, 0, 255
L 593.909, -520.793, 16.626, 600.222, -556.304, 16.626, 0, 0, 255
L 600.222, -556.304, 16.626, 594.53, -579.3, 16.626, 0, 0, 255
L 594.53, -579.3, 16.626, 564.175, -713.611, 16.626, 0, 0, 255
L 683.488, -782.75, 2.247, 688.694, -549.214, 16.626, 0, 0, 255
L 688.694, -549.214, 16.626, 685.424, -480.074, 16.626, 0, 0, 255
L 685.424, -480.074, 16.626, 688.141, -460.206, 15.3002, 0, 0, 255
L 688.141, -460.206, 15.3002, 590.244, -264.561, 16.6142, 0, 0, 255
L 590.244, -264.561, 16.6142, 424.389, -59.23, 36.9699, 0, 0, 255
L 424.389, -59.23, 36.9699, 405.754, -22.212, 42.5703, 0, 0, 255
L 405.754, -22.212, 42.5703, 406.046, 108.057, 36.9213, 0, 0, 255
L 406.046, 108.057, 36.9213, 559.416, 244.231, 36.8783, 0, 0, 255
L 559.416, 244.231, 36.8783, 638.896, 289.143, 38.2625, 0, 0, 255
L 638.896, 289.143, 38.2625, 674.221, 407.202, 40.7622, 0, 0, 255
L 674.221, 407.202, 40.7622, 637.514, 551.044, 36.6206, 0, 0, 255
L 637.514, 551.044, 36.6206, 446.405, 782.746, 48.9393, 0, 0, 255
L 446.405, 782.746, 48.9393, 380.162, 796.863, 53.5208, 0, 0, 255
L 380.162, 796.863, 53.5208, 361.284, 799.936, 42.8408, 0, 0, 255
L 361.284, 799.936, 42.8408, 212.665, 799.075, 33.4846, 0, 0, 255
L 212.665, 799.075, 33.4846, 187.109, 792.84, 23.8626, 0, 0, 255
L 187.109, 792.84, 23.8626, 142.741, 780.133, 29.8158, 0, 0, 255
L 142.741, 780.133, 29.8158, 75.303, 747.104, 24.8259, 0, 0, 255
L 75.303, 747.104, 24.8259, -137.734, 747.563, 39.145, 0, 0, 255
L -137.734, 747.563, 39.145, -330.779, 622.031, 28.6997, 0, 0, 255
L -330.779, 622.031, 28.6997, -402.705, 371.539, 30.175, 0, 0, 255
L -402.705, 371.539, 30.175, -403.06, 360.085, 41.981, 0, 0, 255
L -403.06, 360.085, 41.981, -403.826, 298.514, 53.1991, 0, 0, 255
L -403.826, 298.514, 53.1991, -374.832, 277.558, 23.564, 0, 0, 255
L -374.832, 277.558, 23.564, -327.221, 239.754, 17.8878, 0, 0, 255
L -327.221, 239.754, 17.8878, -274.216, 207.89, 22.3625, 0, 0, 255
L 236.623, 357.516, 0.6947, 236.92, 408.832, 0.6624, 0, 0, 255
L 236.92, 408.832, 0.6624, 247.163, 408.97, 2.6259, 64, 64, 64
L 247.163, 408.97, 2.6259, 262.097, 447.27, 2.6259, 64, 64, 64
L 262.097, 447.27, 2.6259, 283.1, 498.825, 2.6259, 64, 64, 64
L 283.1, 498.825, 2.6259, 289.138, 540.59, 2.6259, 64, 64, 64
L 289.138, 540.59, 2.6259, 281.318, 570.8, 2.6259, 64, 64, 64
L 281.318, 570.8, 2.6259, 242.787, 565.52, 2.6259, 64, 64, 64
L 242.787, 565.52, 2.6259, 216.52, 565.689, 2.6259, 64, 64, 64
L 216.52, 565.689, 2.6259, 196.259, 573.78, 2.6259, 64, 64, 64
L 196.259, 573.78, 2.6259, 185.54, 569.751, 2.6259, 64, 64, 64
L 185.54, 569.751, 2.6259, 185.638, 557.562, 2.6259, 64, 64, 64
L 185.638, 557.562, 2.6259, 197.854, 548.347, 2.6259, 64, 64, 64
L 197.854, 548.347, 2.6259, 209.274, 544.968, 2.6259, 64, 64, 64
L 209.274, 544.968, 2.6259, 230.777, 546.761, 2.6259, 64, 64, 64
L 230.777, 546.761, 2.6259, 246.643, 536.7, 2.6259, 64, 64, 64
L 246.643, 536.7, 2.6259, 258.414, 506.98, 2.6259, 64, 64, 64
L 258.414, 506.98, 2.6259, 244.511, 467.671, 2.6259, 64, 64, 64
L 244.511, 467.671, 2.6259, 224.405, 463.551, 2.6259, 64, 64, 64
L 224.405, 463.551, 2.6259, 207.073, 463.551, 2.6259, 64, 64, 64
L 207.073, 463.551, 2.6259, 195.905, 466.211, 2.6259, 64, 64, 64
L 195.905, 466.211, 2.6259, 170.776, 481.967, 2.6259, 64, 64, 64
L 170.776, 481.967, 2.6259, 147.072, 514.106, 2.6259, 64, 64, 64
L 147.072, 514.106, 2.6259, 143.581, 531.753, 2.6259, 64, 64, 64
L 143.581, 531.753, 2.6259, 151.196, 548.884, 2.6259, 64, 64, 64
L 151.196, 548.884, 2.6259, 151.661, 559.826, 2.6259, 64, 64, 64
L 151.661, 559.826, 2.6259, 157.656, 571.223, 2.6259, 64, 64, 64
L 157.656, 571.223, 2.6259, 171.47, 580.9, 2.6259, 64, 64, 64
L 171.47, 580.9, 2.6259, 186.684, 584.711, 2.6259, 64, 64, 64
L 186.684, 584.711, 2.6259, 189.538, 597.146, 2.6259, 64, 64, 64
L 189.538, 597.146, 2.6259, 197.155, 602.656, 2.6259, 64, 64, 64
L 197.155, 602.656, 2.6259, 206.18, 600.738, 2.6259, 64, 64, 64
L 206.18, 600.738, 2.6259, 209.386, 601.212, 2.6265, 64, 64, 64
L 209.386, 601.212, 2.6265, 213.126, 606.823, 2.6259, 64, 64, 64
L 213.126, 606.823, 2.6259, 218.117, 608.738, 2.6259, 64, 64, 64
L 218.117, 608.738, 2.6259, 223.375, 608.078, 2.6259, 64, 64, 64
L 223.375, 608.078, 2.6259, 226.495, 604.571, 2.6259, 64, 64, 64
L 226.495, 604.571, 2.6259, 226.266, 596.884, 2.6259, 64, 64, 64
L 226.266, 596.884, 2.6259, 222.287, 591.354, 2.6259, 64, 64, 64
L 222.287, 591.354, 2.6259, 214.371, 589.675, 2.6259, 64, 64, 64
L 214.371, 589.675, 2.6259, 210.047, 591.116, 2.6259, 64, 64, 64
L 210.047, 591.116, 2.6259, 205.265, 593.335, 2.6259, 64, 64, 64
L 205.265, 593.335, 2.6259, 197.407, 593.488, 2.6259, 64, 64, 64
L 197.407, 593.488, 2.6259, 196.495, 587.301, 2.6259, 64, 64, 64
L 196.495, 587.301, 2.6259, 217.341, 578.77, 2.6259, 64, 64, 64
L 217.341, 578.77, 2.6259, 245.611, 578.961, 2.6259, 64, 64, 64
L 245.611, 578.961, 2.6259, 281.245, 588.34, 2.6884, 64, 64, 64
L 281.245, 588.34, 2.6884, 304.544, 570.704, 2.6259, 64, 64, 64
L 304.544, 570.704, 2.6259, 310.355, 541.649, 2.6259, 64, 64, 64
L 310.355, 541.649, 2.6259, 298.427, 498.215, 2.6259, 64, 64, 64
L 298.427, 498.215, 2.6259, 296.489, 445.888, 2.6259, 64, 64, 64
L 296.489, 445.888, 2.6259, 339.48, 480.131, 2.6259, 64, 64, 64
L 339.48, 480.131, 2.6259, 341.288, 497.125, 2.6259, 64, 64, 64
L 341.288, 497.125, 2.6259, 356.324, 512.743, 2.6259, 64, 64, 64
L 356.324, 512.743, 2.6259, 359.271, 517.791, 2.6259, 64, 64, 64
L 359.271, 517.791, 2.6259, 341.199, 539.258, 2.6259, 64, 64, 64
L 341.199, 539.258, 2.6259, 345.078, 572.226, 2.6259, 64, 64, 64
L 345.078, 572.226, 2.6259, 320.812, 585.578, 2.6259, 64, 64, 64
L 320.812, 585.578, 2.6259, 308.622, 585.787, 2.6259, 64, 64, 64
L 308.622, 585.787, 2.6259, 291.213, 599.639, 2.6259, 64, 64, 64
L 291.213, 599.639, 2.6259, 291.266, 610.908, 2.6259, 64, 64, 64
L 291.266, 610.908, 2.6259, 303.294, 616.593, 2.6259, 64, 64, 64
L 303.294, 616.593, 2.6259, 316.549, 612.761, 2.6259, 64, 64, 64
L 316.549, 612.761, 2.6259, 320.524, 598.907, 2.6259, 64, 64, 64
L 320.524, 598.907, 2.6259, 356.527, 586.728, 2.6259, 64, 64, 64
L 356.527, 586.728, 2.6259, 360.403, 573.194, 2.6259, 64, 64, 64
L 360.403, 573.194, 2.6259, 354.67, 546.295, 2.6259, 64, 64, 64
L 354.67, 546.295, 2.6259, 368.158, 525.903, 2.6259, 64, 64, 64
L 368.158, 525.903, 2.6259, 381.6, 524.92, 2.6259, 64, 64, 64
L 381.6, 524.92, 2.6259, 391.55, 528.268, 2.6259, 64, 64, 64
L 391.55, 528.268, 2.6259, 401.239, 540.134, 2.6259, 64, 64, 64
L 401.239, 540.134, 2.6259, 394.397, 553.82, 2.6259, 64, 64, 64
L 394.397, 553.82, 2.6259, 394.432, 541.492, 2.6259, 64, 64, 64
L 394.432, 541.492, 2.6259, 390.555, 539.624, 2.6259, 64, 64, 64
L 390.555, 539.624, 2.6259, 384.487, 542.193, 2.6259, 64, 64, 64
L 384.487, 542.193, 2.6259, 379.726, 550.035, 2.6259, 64, 64, 64
L 379.726, 550.035, 2.6259, 377.231, 558.937, 2.6259, 64, 64, 64
L 377.231, 558.937, 2.6259, 389.443, 564.637, 2.6259, 64, 64, 64
L 389.443, 564.637, 2.6259, 399.807, 559.225, 2.6259, 64, 64, 64
L 399.807, 559.225, 2.6259, 410.579, 547.94, 2.6259, 64, 64, 64
L 410.579, 547.94, 2.6259, 412.156, 532.753, 2.6259, 64, 64, 64
L 412.156, 532.753, 2.6259, 402.32, 515.354, 2.6259, 64, 64, 64
L 402.32, 515.354, 2.6259, 392.499, 511.52, 2.6259, 64, 64, 64
L 392.499, 511.52, 2.6259, 380.24, 511.21, 2.6259, 64, 64, 64
L 380.24, 511.21, 2.6259, 362.85, 497.684, 2.6259, 64, 64, 64
L 362.85, 497.684, 2.6259, 350.771, 481.753, 2.6259, 64, 64, 64
L 350.771, 481.753, 2.6259, 379.625, 480.801, 2.6259, 64, 64, 64
L 379.625, 480.801, 2.6259, 428.115, 503.33, 0.6467, 64, 64, 64
L 428.115, 503.33, 0.6467, 428.144, 435.911, 0.6458, 0, 0, 255
L 428.144, 435.911, 0.6458, 380.31, 459.629, 2.6259, 64, 64, 64
L 380.31, 459.629, 2.6259, 340.551, 451.849, 2.6259, 64, 64, 64
L 340.551, 451.849, 2.6259, 297.208, 425.877, 2.6259, 64, 64, 64
L 297.208, 425.877, 2.6259, 333.45, 389.328, 2.6259, 64, 64, 64
L 333.45, 389.328, 2.6259, 342.345, 372.622, 2.6259, 64, 64, 64
L 342.345, 372.622, 2.6259, 340.055, 358.985, 2.6259, 64, 64, 64
L 340.055, 358.985, 2.6259, 328.835, 346.26, 2.6259, 64, 64, 64
L 328.835, 346.26, 2.6259, 344.418, 317.17, 2.6259, 64, 64, 64
L 344.418, 317.17, 2.6259, 342.452, 303.073, 2.6259, 64, 64, 64
L 342.452, 303.073, 2.6259, 323.162, 289.898, 2.6259, 64, 64, 64
L 323.162, 289.898, 2.6259, 313.123, 291.571, 2.6259, 64, 64, 64
L 313.123, 291.571, 2.6259, 309.322, 302.974, 2.6259, 64, 64, 64
L 309.322, 302.974, 2.6259, 318.447, 312.317, 2.6259, 64, 64, 64
L 318.447, 312.317, 2.6259, 328.085, 316.478, 2.6259, 64, 64, 64
L 328.085, 316.478, 2.6259, 321.133, 337.512, 2.6259, 64, 64, 64
L 321.133, 337.512, 2.6259, 310.078, 337.829, 2.6259, 64, 64, 64
L 310.078, 337.829, 2.6259, 281.38, 322.838, 2.6259, 64, 64, 64
L 281.38, 322.838, 2.6259, 268.873, 315.69, 2.6259, 64, 64, 64
L 268.873, 315.69, 2.6259, 274.303, 301.535, 2.6259, 64, 64, 64
L 274.303, 301.535, 2.6259, 259.669, 295.814, 2.6259, 64, 64, 64
L 259.669, 295.814, 2.6259, 248.658, 298.14, 2.6259, 64, 64, 64
L 248.658, 298.14, 2.6259, 243.35, 305.31, 2.6259, 64, 64, 64
L 243.35, 305.31, 2.6259, 249.58, 315.326, 2.6259, 64, 64, 64
L 249.58, 315.326, 2.6259, 260.18, 323.519, 2.6259, 64, 64, 64
L 260.18, 323.519, 2.6259, 286.603, 338.238, 2.6259, 64, 64, 64
L 286.603, 338.238, 2.6259, 311.119, 358.953, 2.6259, 64, 64, 64
L 311.119, 358.953, 2.6259, 319.067, 372.852, 2.6259, 64, 64, 64
L 319.067, 372.852, 2.6259, 309.323, 391.107, 2.6259, 64, 64, 64
L 309.323, 391.107, 2.6259, 289.615, 409.013, 2.6259, 64, 64, 64
L 289.615, 409.013, 2.6259, 288.463, 383.655, 2.6259, 64, 64, 64
L 288.463, 383.655, 2.6259, 272.297, 371.724, 2.6259, 64, 64, 64
L 272.297, 371.724, 2.6259, 236.623, 357.516, 2.6259, 64, 64, 64
L 564.365, -713.942, 16.626, 549.228, -783.905, -0.3066, 0, 0, 255
L 549.228, -783.905, -0.3066, 473.469, -899.887, 0.2798, 0, 0, 255
L 473.469, -899.887, 0.2798, 588.047, -899.886, 0.8298, 0, 0, 255
L 588.047, -899.886, 0.8298, 683.488, -782.75, -0.1886, 0, 0, 255
L -188.336, -550.552, 14.6259, -188.715, -559.16, 14.6259, 64, 64, 64
L -188.715, -559.16, 14.6259, -197.339, -558.504, 14.6259, 64, 64, 64
L -197.339, -558.504, 14.6259, -197.339, -550.037, 14.6259, 64, 64, 64
L -197.339, -550.037, 14.6259, -189.349, -550.043, 14.6259, 64, 64, 64
L -189.349, -550.043, 14.6259, -189.677, -486.229, 14.6259, 64, 64, 64
L -189.677, -486.229, 14.6259, -225.373, -446.824, 14.6259, 64, 64, 64
L -225.373, -446.824, 14.6259, -382.505, -446.824, 14.6259, 64, 64, 64
L -382.505, -446.824, 14.6259, -382.505, -500.074, 14.6259, 64, 64, 64
L -382.505, -500.074, 14.6259, -365.255, -500.074, 14.6259, 64, 64, 64
L -365.255, -500.074, 14.6259, -365.255, -486.824, 14.6259, 64, 64, 64
L -365.255, -486.824, 14.6259, -368.982, -486.836, 14.6259, 64, 64, 64
L -368.982, -486.836, 14.6259, -368.97, -467.879, 14.6259, 64, 64, 64
L -368.97, -467.879, 14.6259, -350.677, -468.156, 14.6259, 64, 64, 64
L -350.677, -468.156, 14.6259, -350.537, -472.074, 14.6259, 64, 64, 64
L -350.537, -472.074, 14.6259, -307.287, -472.074, 14.6259, 64, 64, 64
L -307.287, -472.074, 14.6259, -307.199, -468.208, 14.6259, 64, 64, 64
L -307.199, -468.208, 14.6259, -288.792, -468.093, 14.6259, 64, 64, 64
L -288.792, -468.093, 14.6259, -288.537, -486.074, 14.6259, 64, 64, 64
L -288.537, -486.074, 14.6259, -230.646, -486.22, 14.6259, 64, 64, 64
L -230.646, -486.22, 14.6259, -230.61, -500.625, 14.6259, 64, 64, 64
L -230.61, -500.625, 14.6259, -243.37, -500.552, 14.6259, 64, 64, 64
L -243.37, -500.552, 14.6259, -255.918, -488.846, 14.6259, 64, 64, 64
L -255.918, -488.846, 14.6259, -262.568, -488.823, 14.6259, 64, 64, 64
L -262.568, -488.823, 14.6259, -262.566, -492.191, 14.6259, 64, 64, 64
L -262.566, -492.191, 14.6259, -291.328, -492.145, 14.6259, 64, 64, 64
L -291.328, -492.145, 14.6259, -291.287, -488.824, 14.6259, 64, 64, 64
L -291.287, -488.824, 14.6259, -317.344, -488.776, 14.6259, 64, 64, 64
L -317.344, -488.776, 14.6259, -323.978, -474.824, 14.6259, 64, 64, 64
L -323.978, -474.824, 14.6259, -360.537, -474.824, 14.6259, 64, 64, 64
L -360.537, -474.824, 14.6259, -360.566, -502.596, 14.6259, 64, 64, 64
L -360.566, -502.596, 14.6259, -391.251, -502.504, 0.626, 64, 64, 64
L -391.251, -502.504, 0.626, -391.55, -488.157, 0.626, 64, 64, 64
L -391.55, -488.157, 0.626, -365.255, -488.074, 0.626, 64, 64, 64
L -365.255, -488.074, 0.626, -365.255, -452.824, 0.626, 64, 64, 64
L -365.255, -452.824, 0.626, -388.505, -452.824, 0.626, 64, 64, 64
L -388.505, -452.824, 0.626, -388.397, -477.055, 0.626, 64, 64, 64
L -388.397, -477.055, 0.626, -388.695, -478.775, 0.626, 64, 64, 64
L -388.695, -478.775, 0.626, -391.479, -479.553, 0.626, 64, 64, 64
L -391.479, -479.553, 0.626, -391.255, -476.824, 0.626, 64, 64, 64
L -391.255, -476.824, 0.626, -402.505, -476.824, 0.626, 64, 64, 64
L -402.505, -476.824, 0.626, -402.516, -478.908, 0.626, 64, 64, 64
L -402.516, -478.908, 0.626, -405.62, -478.764, 0.626, 64, 64, 64
L -405.62, -478.764, 0.626, -405.255, -452.824, 0.626, 64, 64, 64
L -405.255, -452.824, 0.626, -440.505, -452.824, 0.626, 64, 64, 64
L -440.505, -452.824, 0.626, -440.505, -488.074, 0.626, 64, 64, 64
L -440.505, -488.074, 0.626, -402.56, -488.154, 0.626, 64, 64, 64
L -402.56, -488.154, 0.626, -402.505, -514.043, 0.626, 64, 64, 64
L -402.505, -514.043, 0.626, -360.827, -514.053, 14.6259, 64, 64, 64
L -360.827, -514.053, 14.6259, -360.537, -542.043, 14.6259, 64, 64, 64
L -360.537, -542.043, 14.6259, -323.575, -541.947, 14.6259, 64, 64, 64
L -323.575, -541.947, 14.6259, -317.577, -528.105, 14.6259, 64, 64, 64
L -317.577, -528.105, 14.6259, -291.287, -528.043, 14.6259, 64, 64, 64
L -291.287, -528.043, 14.6259, -291.585, -524.287, 14.6259, 64, 64, 64
L -291.585, -524.287, 14.6259, -262.568, -524.402, 14.6259, 64, 64, 64
L -262.568, -524.402, 14.6259, -262.568, -528.043, 14.6259, 64, 64, 64
L -262.568, -528.043, 14.6259, -255.371, -528.043, 14.6259, 64, 64, 64
L -255.371, -528.043, 14.6259, -244.009, -516.113, 14.6259, 64, 64, 64
L -244.009, -516.113, 14.6259, -230.453, -516.089, 14.6259, 64, 64, 64
L -230.453, -516.089, 14.6259, -230.745, -530.736, 14.6259, 64, 64, 64
L -230.745, -530.736, 14.6259, -288.537, -530.792, 14.6259, 64, 64, 64
L -288.537, -530.792, 14.6259, -288.757, -548.902, 14.6259, 64, 64, 64
L -288.757, -548.902, 14.6259, -307.535, -548.749, 14.6259, 64, 64, 64
L -307.535, -548.749, 14.6259, -307.287, -544.793, 14.6259, 64, 64, 64
L -307.287, -544.793, 14.6259, -350.537, -544.792, 14.6259, 64, 64, 64
L -350.537, -544.792, 14.6259, -350.536, -548.819, 14.6259, 64, 64, 64
L -350.536, -548.819, 14.6259, -369.747, -548.79, 14.6259, 64, 64, 64
L -369.747, -548.79, 14.6259, -370.041, -529.811, 14.6259, 64, 64, 64
L -370.041, -529.811, 14.6259, -365.255, -530.043, 14.6259, 64, 64, 64
L -365.255, -530.043, 14.6259, -365.256, -517.038, 14.6259, 64, 64, 64
L -365.256, -517.038, 14.6259, -382.505, -516.792, 14.6259, 64, 64, 64
L -382.505, -516.792, 14.6259, -382.505, -550.341, 14.6259, 64, 64, 64
L -382.505, -550.341, 14.6259, -370.588, -577.236, 14.6259, 64, 64, 64
L -370.588, -577.236, 14.6259, -370.505, -580.043, 14.6259, 64, 64, 64
L -370.505, -580.043, 14.6259, -343.287, -580.043, 14.6259, 64, 64, 64
L -343.287, -580.043, 14.6259, -343.062, -577.773, 14.6259, 64, 64, 64
L -343.062, -577.773, 14.6259, -335.241, -577.775, 14.6259, 64, 64, 64
L -335.241, -577.775, 14.6259, -334.408, -577.9, 14.6259, 64, 64, 64
L -334.408, -577.9, 14.6259, -334.537, -580.043, 14.6259, 64, 64, 64
L -334.537, -580.043, 14.6259, -295.287, -580.043, 14.6259, 64, 64, 64
L -295.287, -580.043, 14.6259, -296.043, -578.141, 14.6259, 64, 64, 64
L -296.043, -578.141, 14.6259, -286.613, -578.191, 14.6259, 64, 64, 64
L -286.613, -578.191, 14.6259, -286.537, -580.043, 14.6259, 64, 64, 64
L -286.537, -580.043, 14.6259, -245.318, -580.043, 14.6259, 64, 64, 64
L -245.318, -580.043, 14.6259, -245.346, -578.043, 14.6259, 64, 64, 64
L -245.346, -578.043, 14.6259, -236.568, -578.043, 14.6259, 64, 64, 64
L -236.568, -578.043, 14.6259, -236.568, -580.043, 14.6259, 64, 64, 64
L -236.568, -580.043, 14.6259, -197.349, -580.043, 14.6259, 64, 64, 64
L -197.349, -580.043, 14.6259, -197.257, -578.171, 14.6259, 64, 64, 64
L -197.257, -578.171, 14.6259, -188.687, -578.176, 14.6259, 64, 64, 64
L -188.687, -578.176, 14.6259, -188.555, -586.067, 14.6259, 64, 64, 64
L -188.555, -586.067, 14.6259, -188.68, -586.776, 14.5383, 64, 64, 64
L -188.68, -586.776, 14.5383, -197.255, -586.93, 14.5315, 64, 64, 64
L -197.255, -586.93, 14.5315, -197.349, -584.793, 14.6259, 64, 64, 64
L -197.349, -584.793, 14.6259, -236.568, -584.792, 14.6259, 64, 64, 64
L -236.568, -584.792, 14.6259, -236.585, -586.797, 14.4741, 64, 64, 64
L -236.585, -586.797, 14.4741, -245.25, -586.802, 14.4719, 64, 64, 64
L -245.25, -586.802, 14.4719, -245.318, -584.793, 14.6259, 64, 64, 64
L -245.318, -584.793, 14.6259, -286.537, -584.792, 14.6259, 64, 64, 64
L -286.537, -584.792, 14.6259, -286.544, -586.949, 14.4076, 64, 64, 64
L -286.544, -586.949, 14.4076, -295.298, -587.009, 14.3811, 64, 64, 64
L -295.298, -587.009, 14.3811, -295.287, -584.793, 14.6259, 64, 64, 64
L -295.287, -584.793, 14.6259, -334.537, -584.791, 14.6259, 64, 64, 64
L -334.537, -584.791, 14.6259, -334.55, -587.057, 14.3603, 64, 64, 64
L -334.55, -587.057, 14.3603, -343.552, -586.986, 14.3914, 64, 64, 64
L -343.552, -586.986, 14.3914, -343.287, -584.793, 14.6259, 64, 64, 64
L -343.287, -584.793, 14.6259, -370.505, -584.791, 14.6259, 64, 64, 64
L -282.568, -656.759, 0.626, -282.676, -658.773, 0.626, 100, 50, 0
L -282.676, -658.773, 0.626, -292.688, -668.831, 0.626, 100, 50, 0
L -292.688, -668.831, 0.626, -313.697, -668.49, 0.626, 100, 50, 0
L -313.697, -668.49, 0.626, -323.42, -658.14, 0.626, 100, 50, 0
L -323.42, -658.14, 0.626, -323.287, -638.766, 0.626, 100, 50, 0
L -323.287, -638.766, 0.626, -313.421, -628.365, 0.626, 100, 50, 0
L -313.421, -628.365, 0.626, -293.761, -628.011, 0.626, 100, 50, 0
L -293.761, -628.011, 0.626, -283.038, -637.76, 0.626, 100, 50, 0
L -283.038, -637.76, 0.626, -282.568, -640.012, 0.626, 100, 50, 0
L -282.568, -640.012, 0.626, -280.762, -640.058, 0.626, 100, 50, 0
L -280.762, -640.058, 0.626, -280.914, -642.76, 0.626, 100, 50, 0
L -280.914, -642.76, 0.626, -285.292, -642.548, 0.626, 100, 50, 0
L -285.292, -642.548, 0.626, -285.492, -638.367, 0.626, 100, 50, 0
L -285.492, -638.367, 0.626, -293.208, -630.761, 0.626, 100, 50, 0
L -293.208, -630.761, 0.626, -312.756, -630.761, 0.626, 100, 50, 0
L -312.756, -630.761, 0.626, -320.537, -638.886, 0.626, 100, 50, 0
L -320.537, -638.886, 0.626, -320.537, -658.231, 0.626, 100, 50, 0
L -320.537, -658.231, 0.626, -312.533, -665.98, 0.626, 100, 50, 0
L -312.533, -665.98, 0.626, -292.763, -666.029, 0.626, 100, 50, 0
L -292.763, -666.029, 0.626, -285.318, -658.582, 0.626, 100, 50, 0
L -285.318, -658.582, 0.626, -285.259, -654.184, 0.626, 100, 50, 0
L -285.259, -654.184, 0.626, -280.632, -654.176, 0.626, 100, 50, 0
L -280.632, -654.176, 0.626, -280.568, -656.265, 0.626, 100, 50, 0
L -280.568, -656.265, 0.626, -280.76, -656.755, 0.626, 100, 50, 0
L -280.76, -656.755, 0.626, -282.568, -656.761, 0.626, 100, 50, 0
L -204.599, -660.762, 0.626, -204.599, -628.012, 0.626, 100, 50, 0
L -204.599, -628.012, 0.626, -216.267, -628.011, 0.626, 100, 50, 0
L -224.571, -628.011, 0.626, -237.318, -628.011, 0.626, 100, 50, 0
L -237.318, -628.011, 0.626, -237.318, -660.761, 0.626, 100, 50, 0
L -237.318, -660.761, 0.626, -204.599, -660.762, 0.626, 100, 50, 0
L -224.567, -630.762, 0.626, -232.568, -630.762, 0.626, 100, 50, 0
L -232.568, -630.762, 0.626, -232.745, -633.32, 0.626, 100, 50, 0
L -232.745, -633.32, 0.626, -234.568, -632.76, 0.626, 100, 50, 0
L -234.568, -632.76, 0.626, -234.568, -656.011, 0.626, 100, 50, 0
L -234.568, -656.011, 0.626, -232.894, -656.014, 0.626, 100, 50, 0
L -232.894, -656.014, 0.626, -232.568, -658.012, 0.626, 100, 50, 0
L -232.568, -658.012, 0.626, -209.318, -658.012, 0.626, 100, 50, 0
L -209.318, -658.012, 0.626, -209.318, -656.565, 0.626, 100, 50, 0
L -209.318, -656.565, 0.626, -207.348, -656.012, 0.626, 100, 50, 0
L -207.348, -656.012, 0.626, -207.349, -632.761, 0.626, 100, 50, 0
L -207.349, -632.761, 0.626, -208.687, -632.761, 0.626, 100, 50, 0
L -208.687, -632.761, 0.626, -209.318, -630.762, 0.626, 100, 50, 0
L -209.318, -630.762, 0.626, -216.24, -630.762, 0.626, 100, 50, 0
L -216.24, -630.762, 0.626, -216.235, -628.012, 0.626, 100, 50, 0
L -224.571, -628.011, 0.626, -224.567, -630.762, 0.626, 100, 50, 0
L -115.38, -685.98, 0.626, -115.172, -667.953, 0.626, 100, 50, 0
L -115.172, -667.953, 0.626, -84.75, -637.963, 0.626, 100, 50, 0
L -84.75, -637.963, 0.626, -28.308, -638.584, 0.626, 100, 50, 0
L -28.308, -638.584, 0.626, 1.446, -668.616, 0.626, 100, 50, 0
L 1.446, -668.616, 0.626, 1.187, -725.604, 0.626, 100, 50, 0
L 1.187, -725.604, 0.626, -29.195, -754.791, 0.626, 100, 50, 0
L -29.195, -754.791, 0.626, -44.662, -755.245, 0.626, 100, 50, 0
L -67.38, -755.262, 0.626, -84.838, -755.263, 0.626, 100, 50, 0
L -84.838, -755.263, 0.626, -115.38, -724.515, 0.626, 100, 50, 0
L -112.63, -689.572, 0.626, -112.63, -668.511, 0.626, 100, 50, 0
L -112.63, -668.511, 0.626, -84.701, -640.761, 0.626, 100, 50, 0
L -84.701, -640.761, 0.626, -29.192, -640.761, 0.626, 100, 50, 0
L -29.192, -640.761, 0.626, -1.412, -668.758, 0.626, 100, 50, 0
L -1.412, -668.758, 0.626, -1.412, -668.511, 0.626, 100, 50, 0
L -1.412, -668.511, 0.626, -1.412, -724.2, 0.626, 100, 50, 0
L -1.412, -724.2, 0.626, -29.192, -751.949, 0.626, 100, 50, 0
L -29.192, -751.949, 0.626, -47.412, -751.949, 0.626, 100, 50, 0
L -64.63, -751.949, 0.626, -84.85, -751.949, 0.626, 100, 50, 0
L -84.85, -751.949, 0.626, -112.63, -724.2, 0.626, 100, 50, 0
L -112.63, -724.2, 0.626, -112.63, -703.98, 0.626, 100, 50, 0
L -112.63, -689.572, 0.626, -117.38, -689.573, 0.626, 100, 50, 0
L -115.38, -685.98, 0.626, -117.38, -685.98, 0.626, 100, 50, 0
L -117.38, -685.98, 0.626, -117.38, -689.573, 0.626, 100, 50, 0
L -112.63, -703.98, 0.626, -117.38, -703.98, 0.626, 100, 50, 0
L -117.38, -703.98, 0.626, -117.38, -707.573, 0.626, 100, 50, 0
L -115.38, -707.573, 0.626, -117.38, -707.573, 0.626, 100, 50, 0
L -115.38, -707.572, 0.626, -115.38, -724.515, 0.626, 100, 50, 0
L -64.63, -751.949, 0.626, -64.63, -757.262, 0.626, 100, 50, 0
L -67.38, -757.262, 0.626, -64.63, -757.262, 0.626, 100, 50, 0
L -67.38, -755.262, 0.626, -67.38, -757.262, 0.626, 100, 50, 0
L -47.412, -751.949, 0.626, -47.412, -757.262, 0.626, 100, 50, 0
L -47.412, -757.262, 0.626, -44.662, -757.262, 0.626, 100, 50, 0
L -44.662, -755.261, 0.626, -44.662, -757.262, 0.626, 100, 50, 0
L -38.892, -823.918, 0.626, -32.806, -829.918, 0.626, 100, 50, 0
L -32.806, -829.918, 0.626, -21.192, -829.918, 0.626, 100, 50, 0
L -21.192, -829.918, 0.626, -15.412, -824.137, 0.626, 100, 50, 0
L -15.412, -824.137, 0.626, -15.412, -812.479, 0.626, 100, 50, 0
L -15.412, -812.479, 0.626, -21.192, -807.261, 0.626, 100, 50, 0
L -21.192, -807.261, 0.626, -32.881, -807.261, 0.626, 100, 50, 0
L -32.881, -807.261, 0.626, -38.881, -813.261, 0.626, 100, 50, 0
L -38.881, -813.261, 0.626, -41.942, -813.261, 0.626, 100, 50, 0
L -41.942, -813.261, 0.626, -33.353, -804.11, 0.626, 100, 50, 0
L -33.353, -804.11, 0.626, -20.685, -804.146, 0.626, 100, 50, 0
L -20.685, -804.146, 0.626, -12.662, -812.169, 0.626, 100, 50, 0
L -12.662, -812.169, 0.626, -12.662, -824.448, 0.626, 100, 50, 0
L -12.662, -824.448, 0.626, -20.882, -832.947, 0.626, 100, 50, 0
L -20.882, -832.947, 1.7524, -33.191, -832.948, 1.7524, 100, 50, 0
L -33.191, -832.948, 0.626, -41.942, -823.918, 0.626, 100, 50, 0
L -38.892, -823.918, 0.626, -41.942, -823.918, 0.626, 100, 50, 0
L -110.63, -897.918, 6.626, -99.996, -897.918, 6.626, 100, 50, 0
L -99.996, -897.918, 6.626, -81.257, -880.014, 6.626, 100, 50, 0
L -81.257, -880.014, 6.626, -61.438, -879.918, 6.626, 100, 50, 0
L -61.438, -879.918, 6.626, -42.662, -898.55, 6.626, 100, 50, 0
L -42.662, -898.55, 6.626, -42.662, -918.097, 6.626, 100, 50, 0
L -42.662, -918.097, 6.626, -60.642, -936.428, 6.626, 100, 50, 0
L -60.642, -936.428, 6.626, -81.273, -936.583, 6.626, 100, 50, 0
L -81.273, -936.583, 6.626, -99.57, -918.637, 6.626, 100, 50, 0
L -99.57, -918.637, 6.626, -138.599, -918.636, 6.626, 100, 50, 0
L -138.599, -918.636, 6.626, -138.985, -922.803, 6.626, 100, 50, 0
L -138.985, -922.803, 6.626, -159.855, -943.102, 6.626, 100, 50, 0
L -159.855, -943.102, 6.626, -187.952, -942.377, 6.626, 100, 50, 0
L -187.952, -942.377, 6.626, -207.24, -922.526, 6.626, 100, 50, 0
L -207.24, -922.526, 6.626, -206.707, -893.495, 6.626, 100, 50, 0
L -206.707, -893.495, 6.626, -186.754, -873.879, 6.626, 100, 50, 0
L -186.754, -873.879, 6.626, -158.928, -873.919, 6.626, 100, 50, 0
L -158.928, -873.919, 6.626, -138.732, -894.004, 6.626, 100, 50, 0
L -138.732, -894.004, 6.626, -138.599, -897.918, 6.626, 100, 50, 0
L -138.599, -897.918, 6.626, -127.38, -897.918, 6.626, 100, 50, 0
L -127.38, -897.918, 6.626, -127.391, -896.18, 6.626, 100, 50, 0
L -127.391, -896.18, 6.626, -124.63, -896.409, 6.626, 100, 50, 0
L -124.63, -896.409, 6.626, -124.739, -900.525, 6.626, 100, 50, 0
L -124.739, -900.525, 6.626, -140.727, -900.636, 6.626, 100, 50, 0
L -140.727, -900.636, 6.626, -141.349, -899.761, 6.626, 100, 50, 0
L -141.349, -899.761, 6.626, -141.349, -894.736, 6.626, 100, 50, 0
L -141.349, -894.736, 6.626, -159.286, -876.948, 6.626, 100, 50, 0
L -159.286, -876.948, 6.626, -186.716, -876.949, 6.626, 100, 50, 0
L -186.716, -876.949, 6.626, -204.599, -894.839, 6.626, 100, 50, 0
L -204.599, -894.839, 6.626, -204.525, -922.18, 6.626, 100, 50, 0
L -204.525, -922.18, 6.626, -186.019, -939.886, 5.386, 100, 50, 0
L -186.019, -939.886, 5.386, -158.611, -940.144, -9.374, 100, 50, 0
L -158.611, -940.144, -9.374, -158.878, -942.74, -9.374, 100, 50, 0
L -158.878, -942.74, -9.374, -207.386, -942.555, -9.374, 100, 50, 0
L -207.386, -942.555, -9.374, -207.349, -880.948, -9.374, 100, 50, 0
L -207.349, -880.948, -9.374, -223.038, -880.825, -9.374, 100, 50, 0
L -223.038, -880.825, -9.374, -223.318, -868.948, -9.374, 100, 50, 0
L -223.318, -868.948, -9.374, -296.537, -868.945, -9.374, 100, 50, 0
L -296.537, -868.945, -9.374, -296.537, -913.886, -9.374, 100, 50, 0
L -296.537, -913.886, -9.374, -277.318, -913.887, -9.374, 100, 50, 0
L -277.318, -913.887, -9.374, -277.227, -891.796, -9.374, 100, 50, 0
L -277.227, -891.796, -9.374, -220.576, -892.263, -9.374, 100, 50, 0
L -220.576, -892.263, -9.374, -220.572, -910.32, -9.374, 100, 50, 0
L -220.572, -910.32, -9.374, -223.318, -910.262, -9.374, 100, 50, 0
L -223.318, -910.262, -9.374, -223.318, -894.948, -9.374, 100, 50, 0
L -223.318, -894.948, -9.374, -274.568, -894.945, -9.374, 100, 50, 0
L -274.568, -894.945, -9.374, -274.568, -943.887, -9.374, 100, 50, 0
L -274.568, -943.887, -9.374, -249.318, -943.887, -9.374, 100, 50, 0
L -249.318, -943.887, -9.374, -249.216, -928.005, -9.374, 100, 50, 0
L -249.216, -928.005, -9.374, -223.318, -927.887, -9.374, 100, 50, 0
L -223.318, -927.887, -9.374, -223.318, -922.634, -9.374, 100, 50, 0
L -223.318, -922.634, -9.374, -220.568, -923.315, -9.374, 100, 50, 0
L -220.568, -923.315, -9.374, -220.741, -942.871, -9.374, 100, 50, 0
L -220.741, -942.871, -9.374, -223.655, -943.405, -9.374, 100, 50, 0
L -223.655, -943.405, -9.374, -223.318, -930.636, -9.374, 100, 50, 0
L -223.318, -930.636, -9.374, -246.568, -930.636, -9.374, 100, 50, 0
L -246.568, -930.636, -9.374, -246.568, -955.886, -9.374, 100, 50, 0
L -246.568, -955.886, -9.374, -223.318, -955.887, -9.374, 100, 50, 0
L -223.318, -955.887, -9.374, -223.307, -954.293, -9.374, 100, 50, 0
L -223.307, -954.293, -9.374, -143.349, -953.887, -9.374, 100, 50, 0
L -143.349, -953.887, -9.374, -143.349, -924.636, -9.374, 100, 50, 0
L -143.349, -924.636, -9.374, -158.611, -924.636, -9.3732, 100, 50, 0
L -158.611, -924.636, -9.3732, -186.599, -924.636, 5.4569, 100, 50, 0
L -186.599, -924.636, 5.4569, -186.527, -919.887, 6.626, 100, 50, 0
L -186.527, -919.887, 6.626, -184.734, -919.973, 6.626, 100, 50, 0
L -184.734, -919.973, 6.626, -184.599, -921.886, 6.626, 100, 50, 0
L -184.599, -921.886, 6.626, -161.349, -921.887, 6.626, 100, 50, 0
L -161.349, -921.887, 6.626, -161.18, -919.948, 6.626, 100, 50, 0
L -161.18, -919.948, 6.626, -158.607, -920.184, 6.626, 100, 50, 0
L -158.607, -920.184, 6.626, -158.599, -921.887, 6.626, 100, 50, 0
L -158.599, -921.887, 6.626, -141.349, -921.887, 6.626, 100, 50, 0
L -141.349, -921.887, 6.626, -141.232, -915.989, 6.626, 100, 50, 0
L -141.232, -915.989, 6.626, -96.221, -915.932, 6.626, 100, 50, 0
L -96.221, -915.932, 6.626, -96.422, -918.314, 6.626, 100, 50, 0
L -61.998, -933.886, 6.626, -45.828, -918.523, 6.626, 100, 50, 0
L -45.828, -918.523, 6.626, -45.412, -898.448, 6.626, 100, 50, 0
L -45.412, -898.448, 6.626, -61.348, -882.949, 6.626, 100, 50, 0
L -61.348, -882.949, 6.626, -80.913, -883.578, 6.626, 100, 50, 0
L -80.913, -883.578, 6.626, -96.63, -898.84, 6.626, 100, 50, 0
L -96.63, -898.84, 6.626, -96.782, -900.562, 6.626, 100, 50, 0
L -96.782, -900.562, 6.626, -113.181, -900.628, 6.626, 100, 50, 0
L -113.181, -900.628, 6.626, -113.904, -895.918, 6.626, 100, 50, 0
L -113.904, -895.918, 6.626, -110.63, -895.918, 6.626, 100, 50, 0
L -110.63, -897.918, 6.626, -110.63, -895.918, 6.626, 100, 50, 0
L -96.63, -918.106, 6.626, -80.85, -933.887, 6.626, 100, 50, 0
L -80.85, -933.887, 6.626, -61.998, -933.887, 6.626, 100, 50, 0
L 1004.255, -430.083, 20.626, 1004.254, -400.855, 20.626, 150, 0, 200
L 1004.254, -400.855, 20.626, 996.643, -400.855, 20.626, 64, 64, 64
L 996.643, -400.855, 20.626, 974.836, -410.76, 20.626, 64, 64, 64
L 974.836, -410.76, 20.626, 964.932, -430.538, 20.626, 64, 64, 64
L 964.932, -430.538, 20.626, 964.222, -460.855, 20.626, 64, 64, 64
L 964.222, -460.855, 20.626, 924.04, -460.867, 20.6057, 64, 64, 64
L 924.04, -460.867, 20.6057, 897.849, -463.565, 18.5927, 64, 64, 64
L 897.849, -463.565, 18.5927, 854.605, -456.826, 16.6366, 64, 64, 64
L 854.605, -456.826, 16.6366, 790.494, -460.79, 16.626, 64, 64, 64
L 790.494, -460.79, 16.626, 733.118, -392.278, 16.626, 64, 64, 64
L 726.354, -384.196, 16.626, 626.35, -264.918, 16.626, 64, 64, 64
L 626.35, -264.918, 16.626, 590.423, -264.918, 16.626, 64, 64, 64
L 683.149, -783.949, 2.247, 718.405, -783.949, 2.247, 64, 64, 64
L 718.405, -783.949, 2.247, 733.782, -733.937, 5.1513, 64, 64, 64
L 734.312, -732.212, 5.2968, 790.238, -550.483, 16.6222, 64, 64, 64
L 790.238, -550.483, 16.6222, 804.278, -512.346, 16.626, 64, 64, 64
L 804.278, -512.346, 16.626, 854.768, -517.964, 16.6328, 64, 64, 64
L 854.768, -517.964, 16.6328, 899.033, -501.831, 18.6605, 64, 64, 64
L 899.033, -501.831, 18.6605, 924.371, -490.136, 20.6097, 64, 64, 64
L 924.371, -490.136, 20.6097, 965.147, -490.615, 20.626, 64, 64, 64
L 965.147, -490.615, 20.626, 984.472, -479.78, 20.626, 64, 64, 64
L 984.472, -479.78, 20.626, 994.182, -459.02, 20.626, 64, 64, 64
L 994.182, -459.02, 20.626, 994.363, -429.922, 20.626, 64, 64, 64
L 994.363, -429.922, 20.626, 1004.255, -430.083, 20.626, 64, 64, 64
P 996.062, -416.009, 20.1, 204, 0, 204, 3, to_Toxxulia_Forest
P 924.932, -475.637, 0, 255, 255, 255, 1, Succor
P 281.932, 860.363, 0, 0, 200, 255, 1, Spiken's_Maps_-_github.com/spik3n/EQL_Map_pack
