P -2393, -775, 0, 255, 255, 0, 2, Aija
P -2133, -746, 0, 255, 255, 0, 2, Brundar
P 564, -2597, 0, 255, 255, 0, 2, Cyanelle
P -136, -2780, 0, 255, 255, 0, 2, Deep
P 631.0, -3595.0, 0, 255, 255, 0, 2, Deillia
P 1434, -2424, 0, 255, 255, 0, 2, Derg
P -563, 463, 0, 255, 255, 0, 2, Dunndrylla
P 551, -2623, 0, 255, 128, 0, 2, Eldreth
P 1460, -256, 0, 255, 128, 0, 2, Emkel_Kabae
P -2125, -642, 0, 255, 255, 0, 2, Grinda
P 622.0, -3584.0, 0, 255, 255, 0, 2, Groethar
P 1833, -3065, 0, 255, 255, 0, 2, Grud
P 587.0, -3595.0, 0, 255, 255, 0, 2, Gunhedra
P -2131, -592, 0, 255, 255, 0, 2, Hruthgar
P 578.0, -3584.0, 0, 255, 255, 0, 2, Hulga
P -2418, 943, 0, 255, 255, 0, 2, Jonah_Brucker
P -146, -3618, 0, 255, 255, 0, 2, Jorna
P 680, -2760, 0, 255, 255, 0, 2, Kanthurn
P 1589, -342, 0, 255, 128, 0, 2, Kazen_Fecae
P -2215, -249, 0, 255, 255, 0, 2, Kyralynn
P 584, -3582, 0, 255, 255, 0, 2, Lenklo
P -159, -2777, 0, 255, 128, 0, 2, Lord_Bergurgle
P -2186, -771, 0, 255, 255, 0, 2, Lorud
P -2587, -2430, 0, 255, 128, 0, 2, Misty_Tekcihta
P 1795, -3080, 0, 255, 255, 0, 2, Punga
P -2406, -607, 0, 255, 255, 0, 2, Rondel
P 651, -958, 0, 255, 128, 0, 2, Rykas
P -0, -3614, 0, 255, 128, 0, 2, Shmendrik_Lavawalker
P -2408, -523, 0, 255, 255, 0, 2, Tabitha
P 894, -2574, 0, 255, 255, 0, 2, Taia_Lyfol
P -2196, -779, 0, 255, 255, 0, 2, Tralinda
P 1785, -3053, 0, 255, 255, 0, 2, Trug
P -153, -3644, 0, 255, 255, 0, 2, Turgan
P -2145, -188, 0, 255, 255, 0, 2, Vrynn
P -1073, -2624, 0, 255, 255, 0, 2, Webclaw_Murkwave
P -155, -2788, 0, 255, 255, 0, 2, tainted_aquagoblin
P 650, -2470, 0, 255, 255, 0, 2, Egonis
P -1532, -67, 0, 255, 255, 0, 2, Guja_Master_Therik
P -2230, 943, 0, 255, 255, 0, 2, Kimm_McShannel

P -1160.0498, -4339.0210, -0.8014, 150, 0, 200, 3, to_The_Southern_Plains_of_Karana
P 2254.5151, -2555.2256, 0.9486, 150, 0, 200, 3, to_The_Rathe_Mountains
