L 38.0000, 10.9522, 4.1604, 38.0000, 27.7569, 0.7363, 64, 64, 64
L -44.8408, 3.2425, -0.2415, -42.1440, 5.9394, -1.2351, 64, 64, 64
L 12.5595, 60.6426, -1.2351, 15.2564, 63.3394, -1.2351, 64, 64, 64
L -39.5738, 30.3394, 6.2234, -35.7036, 25.8804, 8.7461, 64, 64, 64
L 28.0000, 29.7980, 8.3848, 28.0000, 27.6996, 11.2514, 64, 64, 64
L 28.0000, 24.5865, -7.8594, 28.0000, 4.1512, 18.3423, 64, 64, 64
L -14.2797, 46.0000, 18.3423, 14.3039, 46.0000, -5.3836, 64, 64, 64
L -13.2840, 60.3376, 3.2085, -11.1427, 58.2556, 5.8860, 64, 64, 64
L 43.9396, 30.6005, 6.2234, 47.0634, 27.8514, 8.3042, 64, 64, 64
L 68.0825, 9.3542, 8.3042, 71.2064, 6.6051, 6.2234, 64, 64, 64
L -11.6818, 57.6067, 5.8860, -7.0501, 53.9542, 8.3042, 64, 64, 64
L 80.0012, 18.4171, 12.9212, 80.0016, 25.8069, 8.3042, 64, 64, 64
L 42.2236, 5.1916, -9.5353, 44.2184, 4.8622, -12.5450, 64, 64, 64
L 19.0159, 63.5118, 5.8860, 22.5021, 67.9914, 8.3042, 64, 64, 64
L -14.2774, -10.0000, 4.3766, 14.3012, -10.0000, 4.3766, 64, 64, 64
L 43.5088, 36.2332, -12.5450, 45.0153, 33.7553, -9.5353, 64, 64, 64
L -14.0000, -9.6654, 4.3766, -14.0000, -5.2365, -5.3836, 64, 64, 64
L -14.0000, 7.0794, 8.3848, -14.0000, 12.3220, 13.6756, 64, 64, 64
L -14.0000, 24.5553, 13.6756, -14.0000, 30.2913, 8.5674, 64, 64, 64
L -14.0000, 32.7305, -5.3836, -14.0000, 42.1194, -5.3836, 64, 64, 64
L -77.8305, 24.4420, 8.7462, -72.2735, 31.3671, 3.2085, 64, 64, 64
L -71.7947, 1.0105, -9.5225, -65.0639, -3.9892, -12.4888, 64, 64, 64
L 13.1284, 62.9796, -12.5450, 15.1231, 63.3089, -9.5353, 64, 64, 64
L -14.0004, 46.5484, -5.3836, -14.0003, 32.7310, -8.3573, 64, 64, 64
L -14.0002, 24.7639, 14.1186, -14.0001, 6.5858, 8.5674, 64, 64, 64
L -14.0000, 4.1540, -5.3836, -14.0000, -5.2365, 4.3766, 64, 64, 64
L 43.9257, 2.2348, -9.5225, 50.6512, -2.7650, -12.4888, 64, 64, 64
L -28.0945, 4.0001, -8.3573, -14.2765, 4.0001, -5.3836, 64, 64, 64
L -11.8492, 4.0000, 8.5674, 11.8826, 4.0000, 8.5674, 64, 64, 64
L 14.3002, 3.9999, -5.3836, 28.1184, 3.9999, 4.3766, 64, 64, 64
L 14.0000, -9.6653, 4.3766, 14.0000, 4.1544, -5.3836, 64, 64, 64
L 14.0000, 7.0793, 8.3848, 14.0000, 9.1778, 11.2514, 64, 64, 64
L 14.0000, 12.3220, 13.6756, 14.0000, 18.4387, 15.3162, 64, 64, 64
L 14.0000, 24.5555, 13.6756, 14.0000, 30.2915, 8.5674, 64, 64, 64
L 14.0000, 32.7310, 4.3766, 14.0000, 42.1197, 4.3767, 64, 64, 64
L -6.2997, 32.2553, 15.2518, 6.3869, 31.7854, 15.2518, 64, 64, 64
L -67.9821, 8.9454, 8.7462, -64.4212, 12.1321, 10.7074, 64, 64, 64
L -50.2842, 24.7828, 10.7074, -46.7233, 27.9694, 8.7462, 64, 64, 64
L 7.6476, 97.9542, 8.3042, 12.1273, 94.4679, 5.8860, 64, 64, 64
L -28.0945, 32.0000, -5.3836, -14.2762, 32.0000, -8.3573, 64, 64, 64
L -11.8491, 32.0000, 8.5674, 11.8827, 32.0000, 8.5674, 64, 64, 64
L 14.2992, 32.0000, -8.3573, 28.1186, 32.0000, -5.3836, 64, 64, 64
L -28.0000, 4.1515, 18.3423, -28.0000, 28.0788, 11.5897, 64, 64, 64
L -37.6818, 24.0002, -0.4438, -27.4002, 24.0002, 3.5562, 64, 64, 64
L 27.4363, 23.9998, -7.5590, 37.7174, 23.9998, -11.5590, 64, 64, 64
L -15.6728, 35.4717, 4.2488, -1.0316, 20.8306, 18.9179, 64, 64, 64
L 2.5201, 17.2789, 18.4626, 17.0481, 2.7509, 5.2449, 64, 64, 64
L -17.5813, 90.0556, -12.5450, -14.9167, 87.8396, -12.5450, 64, 64, 64
L 14.5900, 63.3018, -12.5450, 17.2547, 61.0858, -12.5450, 64, 64, 64
L -6.5353, 13.5599, 16.0847, -2.7285, 17.6832, 18.9179, 64, 64, 64
L 13.9996, 46.5485, -5.3836, 13.9997, 42.1196, -5.3836, 64, 64, 64
L 13.9998, 24.7641, 14.1186, 13.9999, 6.5861, 8.5674, 64, 64, 64
L 14.0000, -5.2363, -5.3836, 14.0001, -9.6652, -5.3836, 64, 64, 64
L -27.4717, 14.1934, -2.7522, -24.5506, 13.3484, -3.0739, 64, 64, 64
L -37.6818, 14.0007, 2.3104, -27.4000, 14.0005, 6.3104, 64, 64, 64
L 27.4365, 13.9995, 6.3104, 37.7174, 13.9993, 2.3104, 64, 64, 64
L -5.0924, 12.1828, 16.5661, -1.3863, 16.2056, 18.4626, 64, 64, 64
L 1.9997, 19.8808, 18.9179, 5.8338, 24.0425, 16.5661, 64, 64, 64
L -16.7307, 92.0001, 0.2139, -13.8716, 92.0001, -12.4888, 64, 64, 64
L 13.9851, 91.9999, -9.5225, 16.8440, 91.9999, -12.4888, 64, 64, 64
L -15.0569, 88.7325, -9.5353, -13.0621, 89.0618, -12.5450, 64, 64, 64
L -14.1858, 92.3812, 3.2085, -11.6959, 94.1076, 5.8860, 64, 64, 64
L -27.8604, 28.0214, 11.2514, -27.6710, 25.0831, 14.1186, 64, 64, 64
L -26.8520, 12.3785, 13.6756, -26.6248, 8.8549, 11.5897, 64, 64, 64
L -74.1564, 36.0004, 0.2139, -71.2975, 36.0004, -9.5225, 64, 64, 64
L -43.4403, 36.0002, 12.9211, -40.5814, 36.0002, 0.2139, 64, 64, 64
L 40.6165, 35.9998, 12.9212, 43.4755, 35.9998, 0.2139, 64, 64, 64
L 71.3332, 35.9996, -9.5225, 74.1920, 35.9996, -9.5225, 64, 64, 64
L -70.8037, 34.5892, -9.5225, -64.0774, 39.5893, -9.5225, 64, 64, 64
L -41.1737, 4.9436, 0.2139, -36.1574, 11.6965, 12.9212, 64, 64, 64
L -64.7376, 39.9959, 8.3042, -50.1655, 39.9968, -9.5225, 64, 64, 64
L 50.0358, 40.0032, 8.3042, 64.6029, 40.0041, -12.4888, 64, 64, 64
L -38.0000, 9.1276, 0.7363, -38.0000, 25.9323, 4.1604, 64, 64, 64
L -37.7746, 28.0000, -11.8594, -35.2923, 28.0000, -12.8626, 64, 64, 64
L -29.7899, 28.0000, -7.8594, -27.3076, 28.0000, -7.8594, 64, 64, 64
L 27.3490, 28.0000, -3.9072, 29.8269, 28.0000, -8.8626, 64, 64, 64
L 35.3265, 28.0000, -11.8594, 37.8044, 28.0000, -7.9072, 64, 64, 64
L -35.6251, 11.1348, 8.3042, -35.3631, 18.4701, 10.3846, 64, 64, 64
L 24.5737, 24.1211, -2.7534, 27.6624, 23.2276, -3.0727, 64, 64, 64
L 24.9724, 11.3884, -2.7534, 27.9865, 12.2603, -7.7596, 64, 64, 64
L -28.0000, 32.7327, -8.3573, -28.0000, 8.7986, 11.5897, 64, 64, 64
L -7.2690, 54.2941, 8.3042, 0.0662, 54.0321, 10.3846, 64, 64, 64
L -78.4969, 25.1942, -9.5225, -73.4942, 31.9093, -12.4888, 64, 64, 64
L 38.2914, 1.5442, -1.2351, 46.1984, 9.4600, 8.7462, 64, 64, 64
L 62.9701, 26.2505, 11.1877, 74.2719, 37.5649, -1.2351, 64, 64, 64
L -17.5749, 33.3368, 4.2488, -14.8715, 36.0402, 5.2449, 64, 64, 64
L -5.6472, 58.9507, -6.8983, -4.7475, 56.0375, -6.8962, 64, 64, 64
L -37.7698, 10.0010, -12.8626, -35.2923, 10.0009, -7.9072, 64, 64, 64
L -29.7895, 10.0008, 4.7363, -27.3120, 10.0007, -7.8594, 64, 64, 64
L 27.3486, 9.9993, -3.9106, 29.8274, 9.9992, -3.9106, 64, 64, 64
L 35.3265, 9.9991, -7.9106, 37.8054, 9.9990, -11.8594, 64, 64, 64
L 69.2527, 0.0117, 5.8860, 71.5533, 1.9051, 3.2085, 64, 64, 64
L 16.4460, 35.4421, -8.4136, 16.7762, 33.4425, -5.3965, 64, 64, 64
L -20.8412, 82.4844, 8.7462, -15.4403, 89.1823, 3.2085, 64, 64, 64
L -45.5621, 0.1235, 5.8860, -43.0807, 1.8379, 3.2085, 64, 64, 64
L 43.7351, 5.2122, -12.5450, 44.0644, 3.2174, -9.5353, 64, 64, 64
L 26.0000, 9.1332, -8.8626, 26.0000, 18.4425, 11.6515, 64, 64, 64
L 26.0000, 20.8166, 8.4676, 26.0000, 26.3419, 4.5778, 64, 64, 64
L -11.4811, 28.7123, 11.5897, -8.8263, 26.3812, 13.6756, 64, 64, 64
L 9.0360, 10.6969, 13.6756, 11.6909, 8.3657, 11.5897, 64, 64, 64
L 0.0518, 6.0022, 18.3736, 6.1754, 5.7754, 14.8087, 64, 64, 64
L 36.1661, 25.2080, 12.9212, 41.1720, 31.9468, 0.2139, 64, 64, 64
L -74.2856, 37.5777, -0.2415, -66.3564, 29.6398, 8.7462, 64, 64, 64
L -49.5848, 12.8497, 11.1877, -38.3048, 1.5573, -0.2415, 64, 64, 64
L -7.6652, 9.2415, 13.6756, -4.7866, 11.7961, 16.5661, 64, 64, 64
L 5.3562, 46.2571, -2.7522, 6.2497, 43.1684, -2.7534, 64, 64, 64
L 3.9998, -13.4151, 6.4782, 3.9998, -9.1199, 6.4782, 64, 64, 64
L 4.0009, 51.0145, 4.3104, 4.0010, 56.1551, 2.3104, 64, 64, 64
L -74.1913, 3.3323, -9.5353, -72.0159, 5.1413, -9.5353, 64, 64, 64
L -42.0489, 30.0621, -12.5450, -39.3842, 32.2780, -12.5450, 64, 64, 64
L -17.7552, 64.4030, 5.8860, -16.0409, 61.9217, 3.2085, 64, 64, 64
L -7.2797, 98.0054, 8.3042, 7.3528, 97.9946, -9.5225, 64, 64, 64
L -21.9957, 68.4911, 8.3042, -21.9952, 75.8427, -12.4888, 64, 64, 64
L -13.5154, 92.1504, 0.2139, -6.7936, 97.1515, -12.4888, 64, 64, 64
L -22.0053, 83.0406, -12.4888, -22.0048, 75.8418, -9.5225, 64, 64, 64
L -17.6690, 33.4819, -8.4136, -16.6276, 35.2944, -8.4136, 64, 64, 64
L -9.2833, 56.0000, 0.7363, 7.5214, 56.0000, 4.1604, 64, 64, 64
L -15.1995, 63.2830, -0.2415, -12.5027, 60.5861, -1.2351, 64, 64, 64
L 42.1869, 5.8963, -0.2415, 44.8838, 3.1994, -1.2351, 64, 64, 64
L -9.6102, 31.4482, 11.5897, -6.0827, 31.6750, 14.8087, 64, 64, 64
L 6.1538, 32.4618, 14.8087, 9.6812, 32.6886, 11.5897, 64, 64, 64
L 9.2162, 45.3698, 11.2514, 11.8109, 45.1429, 8.5674, 64, 64, 64
L -26.0000, 10.5427, 4.5778, -26.0000, 16.0679, 8.4676, 64, 64, 64
L -26.0000, 18.4420, 11.6515, -26.0000, 27.7514, -7.8594, 64, 64, 64
L -9.6031, 45.4776, 11.5897, -6.0756, 45.7044, 14.8087, 64, 64, 64
L 6.8956, 46.5383, 15.2517, 9.8371, 46.7274, 11.2514, 64, 64, 64
L -75.7550, 6.6299, 5.8860, -73.8305, 4.3163, 3.2085, 64, 64, 64
L 74.0000, 1.6297, 0.2139, 74.0000, 4.4885, 0.2139, 64, 64, 64
L 74.0001, 32.3455, -12.4888, 74.0001, 35.2045, -9.5225, 64, 64, 64
L 65.0553, 40.6058, 8.3042, 69.5349, 37.1196, 5.8860, 64, 64, 64
L -74.2176, -0.6784, -1.2351, -70.0871, 3.4521, -1.2351, 64, 64, 64
L -42.3475, 31.1917, -0.2415, -38.2170, 35.3221, -1.2351, 64, 64, 64
L -16.8173, 56.7217, -0.2415, -5.5412, 67.9978, 11.1877, 64, 64, 64
L 11.2396, 84.7785, 8.7462, 19.1833, 92.7222, -0.2415, 64, 64, 64
L 5.9997, 55.9769, -6.8634, 5.9997, 45.8738, 3.5562, 64, 64, 64
L 40.3350, 7.0473, 6.2234, 41.3979, 5.3315, 3.0264, 64, 64, 64
L -17.4739, 90.2040, -12.5450, -14.9959, 88.6975, -9.5353, 64, 64, 64
L 39.6351, 4.3475, -12.5450, 42.2998, 6.5635, -12.5450, 64, 64, 64
L 71.8077, 31.1024, -12.5450, 74.4724, 33.3184, -12.5450, 64, 64, 64
L 19.0854, 88.7692, 6.2234, 22.7697, 84.1050, 8.7461, 64, 64, 64
L 43.7343, 31.6173, -12.5450, 44.0636, 33.6120, -9.5353, 64, 64, 64
L 15.7309, 62.3675, 3.2085, 17.7899, 64.5003, 5.8860, 64, 64, 64
L 28.0000, 6.5860, 8.5674, 28.0000, 32.7325, 18.3423, 64, 64, 64
L 9.9912, 48.2651, -7.8594, 9.9916, 45.7862, -7.8594, 64, 64, 64
L -73.1192, 31.5326, -0.2415, -70.4222, 34.2295, -1.2351, 64, 64, 64
L -15.7191, 88.9329, -0.2415, -13.0222, 91.6298, -1.2351, 64, 64, 64
L -13.4483, 64.2011, 5.8860, -11.1895, 66.8353, 8.7462, 64, 64, 64
L -42.0346, 5.1897, 3.2085, -37.1407, 11.2703, 8.7462, 64, 64, 64
L 42.6391, 1.2263, -12.5450, 44.8550, 3.8910, -12.5450, 64, 64, 64
L 69.3930, 33.3977, -12.5450, 71.6089, 36.0623, -12.5450, 64, 64, 64
L -7.0459, 54.1727, 8.7461, 7.7142, 53.8397, 8.7461, 64, 64, 64
L 7.8686, 53.2571, 12.9212, 14.5789, 58.2581, -9.5225, 64, 64, 64
L -13.7094, 59.8797, 3.2085, -7.6313, 54.9769, 8.7462, 64, 64, 64
L 17.5867, 90.3238, -9.5225, 22.5867, 83.5976, 0.2139, 64, 64, 64
L 5.9999, -13.4151, -7.4252, 5.9999, -9.1200, 3.7173, 64, 64, 64
L 6.0003, 51.0144, -9.5590, 6.0003, 56.1551, -0.4438, 64, 64, 64
L -5.5629, -14.0000, -7.4252, 5.6052, -14.0000, -7.4252, 64, 64, 64
L -6.2517, 55.9703, -0.4438, -4.9184, 50.8297, 4.3104, 64, 64, 64
L 7.8363, 9.0882, 14.1186, 10.0750, 7.1728, 11.2514, 64, 64, 64
L -20.9592, 82.4664, -12.4888, -15.9592, 89.1976, 12.9212, 64, 64, 64
L -26.0000, 24.5861, 7.6093, -26.0000, 9.1328, -7.8594, 64, 64, 64
L 12.0000, -9.6653, 5.0834, 12.0000, 3.9807, 8.5674, 64, 64, 64
L 12.0000, 32.7310, 4.3767, 12.0000, 42.1197, 5.0835, 64, 64, 64
L -40.4362, 12.6302, -6.8983, -37.5230, 13.5299, -6.8962, 64, 64, 64
L 10.6543, 31.7721, 5.2449, 13.3578, 29.0687, 4.2488, 64, 64, 64
L -13.1584, 2.9447, -8.4136, -10.9370, 5.6159, -8.4136, 64, 64, 64
L 10.6279, 31.5478, -8.4136, 12.8493, 34.2190, -8.4136, 64, 64, 64
L -40.0000, 1.6796, -12.4888, -40.0000, 4.5386, 12.9212, 64, 64, 64
L -40.0000, 9.1197, -11.8594, -40.0000, 26.3415, 0.5778, 64, 64, 64
L -40.0000, 32.3959, -9.5225, -40.0000, 35.2549, 12.9212, 64, 64, 64
L 15.1635, 36.0109, -5.3965, 17.1632, 35.6807, -8.4136, 64, 64, 64
L 64.3388, -1.9813, 8.7462, 70.3009, 2.8408, 3.2085, 64, 64, 64
L 65.0559, -3.9732, -9.5225, 71.7819, 1.0267, -12.4888, 64, 64, 64
L 45.4302, 5.2865, 6.2234, 46.4602, 2.7971, 6.2234, 64, 64, 64
L 10.2836, 85.7317, 8.7462, 12.5424, 88.3659, 5.8860, 64, 64, 64
L 22.0558, 75.8274, 0.2139, 22.0613, 83.1786, 8.3042, 64, 64, 64
L -74.1564, 2.0013, 0.2139, -71.2975, 2.0013, 12.9212, 64, 64, 64
L -43.4404, 2.0008, -12.4888, -40.5814, 2.0007, 12.9212, 64, 64, 64
L 40.6170, 1.9993, -9.5225, 43.4759, 1.9992, 0.2139, 64, 64, 64
L 71.3331, 1.9987, 0.2139, 74.1920, 1.9987, 0.2139, 64, 64, 64
L -17.8604, 33.9885, -8.4136, -15.6390, 31.3174, -8.4136, 64, 64, 64
L -50.2398, 39.6193, 8.3042, -45.9800, 36.2600, 5.8860, 64, 64, 64
L -13.8679, 89.9656, 3.2085, -12.5957, 88.3177, 5.8860, 64, 64, 64
L -9.2743, 44.0000, -7.8594, 9.3368, 44.0000, -8.8626, 64, 64, 64
L -16.2922, 95.4883, -1.2351, -12.1617, 91.3578, -0.2415, 64, 64, 64
L 15.5781, 63.6180, -1.2351, 19.7086, 59.4875, -0.2415, 64, 64, 64
L 41.0944, 38.1016, -1.2351, 45.2248, 33.9711, -0.2415, 64, 64, 64
L 72.9646, 6.2313, -1.2351, 77.0950, 2.1008, -0.2415, 64, 64, 64
L 65.6210, -4.2373, 8.7461, 70.2852, -0.5531, 6.2234, 64, 64, 64
L -12.4762, 88.8997, 6.2234, -6.3418, 82.7585, 10.7074, 64, 64, 64
L 7.0576, 69.3444, 10.7074, 13.1916, 63.2036, 6.2234, 64, 64, 64
L 44.8359, 31.5243, 6.2234, 50.9692, 25.3842, 10.7074, 64, 64, 64
L 64.3688, 11.9698, 11.1877, 70.5019, 5.8299, 6.2234, 64, 64, 64
L -21.1732, 68.7512, 8.7461, -17.4890, 64.0870, 6.2234, 64, 64, 64
L 10.0000, -11.5153, -3.7678, 10.0000, -9.0303, -7.7263, 64, 64, 64
L 10.0000, 53.7656, -11.8594, 10.0000, 56.2446, -11.8594, 64, 64, 64
L -28.0945, 30.0000, 5.0834, -14.2775, 30.0000, 5.0834, 64, 64, 64
L 14.3013, 30.0000, 4.3766, 28.1184, 30.0000, 5.0834, 64, 64, 64
L -17.0869, 34.0575, 5.2449, -2.5471, 19.5177, 18.4626, 64, 64, 64
L 1.0046, 15.9660, 18.9179, 15.6339, 1.3367, 4.2488, 64, 64, 64
L 10.0213, 5.3984, -8.4136, 11.0626, 7.2109, -8.4136, 64, 64, 64
L -18.1818, 3.1600, -8.4136, -15.9604, 5.8312, -8.4136, 64, 64, 64
L 12.8749, 34.1176, -8.4136, 15.5461, 36.3390, -8.4136, 64, 64, 64
L 16.0004, 59.0547, 0.2139, 16.0004, 61.9136, 0.2139, 64, 64, 64
L 16.0005, 89.7708, -12.4888, 16.0006, 92.6297, -9.5225, 64, 64, 64
L 39.4968, 32.1621, -12.5450, 41.9747, 30.6556, -9.5353, 64, 64, 64
L -7.1112, 54.0053, 0.2139, 7.3930, 53.9946, 8.3042, 64, 64, 64
L -16.9036, 2.9957, -5.3965, -15.3934, 5.4798, -8.4136, 64, 64, 64
L -50.3900, 39.9525, -9.5225, -43.6647, 34.9529, -12.4888, 64, 64, 64
L -13.2881, 8.2751, -5.3965, -11.2884, 7.9449, -8.4136, 64, 64, 64
L 26.6832, 6.6601, 8.5674, 26.9103, 9.2519, 11.2514, 64, 64, 64
L -13.4841, 6.5007, 8.5674, -13.2570, 9.0925, 11.2514, 64, 64, 64
L 16.0708, 89.6964, 3.2085, 17.7716, 87.2177, 5.8860, 64, 64, 64
L 43.6858, 31.8756, -12.5450, 44.7246, 33.6837, -12.5450, 64, 64, 64
L -79.7763, 10.8188, 8.7461, -79.4127, 26.9381, 8.7461, 64, 64, 64
L -27.6304, 23.2368, -2.7522, -24.5417, 24.1304, -2.7534, 64, 64, 64
L -74.0000, 1.6801, 12.9212, -74.0000, 4.5390, 12.9212, 64, 64, 64
L -73.9999, 32.3960, -9.5225, -73.9999, 35.2549, -12.4888, 64, 64, 64
L -27.5620, 12.3158, 13.6756, -27.0991, 24.7838, 14.1186, 64, 64, 64
L -9.3145, -8.0000, -7.7263, 9.3571, -8.0000, -8.7320, 64, 64, 64
L 35.0701, 10.4536, 8.7461, 38.7543, 5.7894, 6.2234, 64, 64, 64
L -15.9997, 59.0545, -12.4888, -15.9997, 61.9134, 12.9212, 64, 64, 64
L -15.9996, 89.7709, -9.5225, -15.9996, 92.6297, -12.4888, 64, 64, 64
L 4.0453, 56.0973, 2.3104, 5.3787, 50.9566, 1.5562, 64, 64, 64
L 36.2514, 10.7403, 8.7461, 36.5887, 25.6915, 8.7461, 64, 64, 64
L 38.0000, 18.4426, 9.0242, 38.0000, 14.9317, 5.6893, 64, 64, 64
L 32.6472, 12.6003, 1.5562, 37.7879, 13.9337, 2.3104, 64, 64, 64
L 40.0000, 1.6297, 12.9212, 40.0000, 4.4887, -12.4888, 64, 64, 64
L 40.0000, 10.5431, 0.5778, 40.0000, 27.7649, -11.8594, 64, 64, 64
L 40.0000, 32.3459, 12.9212, 40.0000, 35.2050, -12.4888, 64, 64, 64
L -16.7311, 60.0001, -12.4888, -13.8720, 60.0001, 12.9212, 64, 64, 64
L 13.9852, 59.9999, -12.4888, 16.8442, 59.9999, 12.9212, 64, 64, 64
L -36.0008, 18.4681, 12.9212, -36.0005, 11.2577, 0.2139, 64, 64, 64
L -15.3253, 18.4709, 15.7611, -15.0983, 24.5877, 13.6756, 64, 64, 64
L -17.0319, 2.7671, 4.2488, -2.4029, 17.3960, 18.9179, 64, 64, 64
L 1.1491, 20.9481, 18.4626, 15.6890, 35.4879, 5.2449, 64, 64, 64
L 12.2199, 56.9805, 5.8860, 14.7232, 58.7043, 3.2085, 64, 64, 64
L -15.0081, 63.2900, -9.5353, -13.0134, 62.9607, -12.5450, 64, 64, 64
L 15.4038, 5.4627, -8.4136, 16.9139, 2.9787, -5.3965, 64, 64, 64
L 12.3831, 56.8674, 5.8860, 14.7323, 58.8042, 3.2085, 64, 64, 64
L -12.0000, -9.6654, 5.0834, -12.0000, 4.1521, 4.3766, 64, 64, 64
L -72.4466, 5.8795, -9.5353, -70.4518, 5.5502, -12.5450, 64, 64, 64
L -14.8393, 92.9146, -12.5450, -12.6233, 90.2499, -12.5450, 64, 64, 64
L 11.9156, 60.7420, -12.5450, 14.1315, 58.0773, -12.5450, 64, 64, 64
L 16.3789, 62.2594, 0.2139, 21.3786, 68.9849, -12.4888, 64, 64, 64
L 11.9999, 46.5484, 5.0834, 12.0000, 32.8967, 5.0242, 64, 64, 64
L 12.0000, 4.1521, 4.3766, 12.0000, -5.2367, 4.3766, 64, 64, 64
L -9.5964, 3.3912, 11.5897, -6.0689, 3.6180, 14.8087, 64, 64, 64
L 6.1674, 4.4048, 14.8087, 9.6949, 4.6316, 11.5897, 64, 64, 64
L -13.5753, 12.0817, 14.1186, -13.1203, 24.7546, 14.1186, 64, 64, 64
L -37.8291, 23.2469, 2.3104, -32.6884, 24.5803, 1.5562, 64, 64, 64
L -65.0508, -2.5336, 8.7461, -49.6964, -2.8800, 8.7461, 64, 64, 64
L -10.0418, 6.7534, 11.5897, -7.7081, 9.4053, 13.6756, 64, 64, 64
L 7.9944, 27.2493, 13.6756, 10.3282, 29.9012, 11.5897, 64, 64, 64
L -12.0001, 46.5484, 5.0834, -12.0000, 32.7310, 4.3766, 64, 64, 64
L -12.0000, -5.2365, 4.3766, -12.0000, -9.6654, 5.0834, 64, 64, 64
L -15.6177, 1.3529, 5.2449, -1.0888, 15.8818, 18.4626, 64, 64, 64
L 2.4633, 19.4339, 18.9179, 17.1031, 34.0737, 5.2449, 64, 64, 64
L 21.9952, 75.8427, -9.5225, 21.9956, 68.6388, -9.5225, 64, 64, 64
L 48.0397, 7.9321, 8.3042, 51.4268, 10.9448, 11.1877, 64, 64, 64
L -9.2949, 58.0000, -12.8626, 9.3573, 58.0000, -11.8594, 64, 64, 64
L -46.0800, 36.1459, 5.8860, -43.9472, 34.0868, 3.2085, 64, 64, 64
L 68.8510, 36.2581, 5.8860, 70.9811, 34.1856, 3.2085, 64, 64, 64
L 15.6437, 37.1440, -8.4136, 17.4562, 36.1027, -8.4136, 64, 64, 64
L -50.6056, -2.7305, -12.4888, -43.8791, 2.2700, 12.9212, 64, 64, 64
L -28.0946, 6.0000, 5.0834, -14.2768, 6.0000, 5.0834, 64, 64, 64
L -11.8492, 6.0000, 8.5674, 11.8826, 6.0000, 8.5674, 64, 64, 64
L 14.3007, 6.0000, 5.0834, 28.1184, 6.0000, 5.0834, 64, 64, 64
L -71.2675, 2.3681, 3.2085, -69.1373, 0.2956, 5.8860, 64, 64, 64
L 14.4668, 12.3144, 13.6756, 14.9278, 24.7311, 14.1186, 64, 64, 64
L 12.0748, 60.8607, -9.5353, 12.4041, 62.8554, -12.5450, 64, 64, 64
L -14.5488, 93.2293, -12.5450, -13.0423, 90.7513, -9.5353, 64, 64, 64
L -13.3328, 59.7795, -9.5225, -6.5815, 54.7559, 12.9212, 64, 64, 64
L -4.0003, -13.4151, 6.4782, -4.0002, -9.1200, 6.4782, 64, 64, 64
L -3.9990, 46.1552, -2.7522, -3.9988, 56.1551, 2.3104, 64, 64, 64
L -15.9453, 57.9285, -0.3260, -14.0253, 58.5672, 3.2085, 64, 64, 64
L 46.4648, 35.0075, 6.2234, 50.7483, 38.4719, 8.7462, 64, 64, 64
L 70.4695, 5.5533, -12.5450, 72.4643, 5.8826, -9.5353, 64, 64, 64
L 37.3318, 24.0889, -6.5757, 40.2450, 24.9886, -6.5778, 64, 64, 64
L 41.0693, 34.9441, -0.3260, 41.7080, 33.0241, 3.2085, 64, 64, 64
L -64.5673, -4.0041, -12.4888, -50.0297, -4.0032, 8.3042, 64, 64, 64
L 50.2011, -3.9968, 0.2139, 64.7437, -3.9959, 8.3042, 64, 64, 64
L -15.5315, 35.1893, -5.3965, -13.0475, 33.6791, -8.4136, 64, 64, 64
L -13.0473, 62.1209, 3.2085, -10.8713, 60.7772, 6.2234, 64, 64, 64
L 13.1908, 89.0405, -12.5450, 15.1856, 88.7112, -9.5353, 64, 64, 64
L 17.7671, 64.5180, 5.8860, 21.1264, 68.7778, 8.3042, 64, 64, 64
L -16.3589, 87.5916, 6.2234, -15.0144, 89.7644, 3.2085, 64, 64, 64
L 64.1267, 39.5650, -12.4888, 70.8579, 34.5650, 0.2139, 64, 64, 64
L -13.3695, 89.1422, -12.5450, -12.3307, 90.9502, -12.5450, 64, 64, 64
L 42.2194, 30.9055, -1.2351, 44.9162, 33.6022, -1.2351, 64, 64, 64
L 28.2496, 28.1254, 11.5897, 28.4767, 24.6019, 13.6756, 64, 64, 64
L -16.7830, 3.4307, -5.3965, -16.4529, 1.4311, -8.4136, 64, 64, 64
L 35.9364, 25.3054, 8.3042, 39.5679, 30.2537, 6.2235, 64, 64, 64
L 15.6514, 31.3324, -8.4136, 17.8728, 34.0036, -8.4136, 64, 64, 64
L 42.9891, 35.8880, -12.5450, 45.2051, 33.2233, -12.5450, 64, 64, 64
L 69.7440, 3.7154, -12.5450, 71.9600, 1.0507, -12.5450, 64, 64, 64
L 46.1782, 0.8419, 5.8860, 50.2986, -2.1820, 8.7462, 64, 64, 64
L -14.1056, 92.3261, 3.2085, -11.7965, 94.2469, 5.8860, 64, 64, 64
L 44.8514, 5.2810, 6.2234, 50.9854, 11.4217, 10.7074, 64, 64, 64
L 64.3847, 24.8358, 10.7074, 70.5178, 30.9757, 6.2234, 64, 64, 64
L 39.8878, 29.5484, 5.8860, 41.9697, 31.6897, 3.2085, 64, 64, 64
L 12.4439, 12.1483, 14.1186, 12.8909, 24.5980, 13.6756, 64, 64, 64
L 12.6292, 6.6549, 8.5674, 12.8563, 9.2468, 11.2514, 64, 64, 64
L 14.4717, 27.6813, 11.2514, 14.6988, 30.2731, 8.5674, 64, 64, 64
L 73.1792, 4.1063, 3.2085, 78.6563, 10.7902, 8.7462, 64, 64, 64
L -70.4540, 5.8782, 6.2234, -64.3195, 12.0194, 10.7074, 64, 64, 64
L -50.9201, 25.4335, 10.7074, -44.7861, 31.5742, 6.2234, 64, 64, 64
L -13.1279, 63.2671, 6.2234, -6.9946, 69.4071, 10.7074, 64, 64, 64
L 6.4050, 82.8214, 11.1877, 12.5382, 88.9613, 6.2234, 64, 64, 64
L 14.2196, 28.1311, 11.5897, 14.4503, 24.5533, 14.1186, 64, 64, 64
L 15.2348, 12.3846, 13.6756, 15.4620, 8.8610, 11.5897, 64, 64, 64
L -77.0461, 2.1498, -1.2351, -72.9156, 6.2803, -0.2415, 64, 64, 64
L -45.1759, 34.0200, -1.2351, -41.0454, 38.1505, -0.2415, 64, 64, 64
L -19.6459, 59.5500, -1.2351, -15.5154, 63.6805, -1.2351, 64, 64, 64
L 12.2243, 91.4202, -1.2351, 16.3548, 95.5508, -0.2415, 64, 64, 64
L 16.9585, 1.4138, -8.4136, 17.9998, 3.2263, -8.4136, 64, 64, 64
L 11.3094, 7.9484, -8.4136, 13.3091, 8.2786, -5.3965, 64, 64, 64
L 11.6371, 6.6858, -8.4136, 13.4496, 7.7272, -8.4136, 64, 64, 64
L -6.2452, 43.1844, -2.7534, -5.3516, 46.2731, -3.0727, 64, 64, 64
L 13.8637, 7.9557, -5.3965, 16.3478, 6.4455, -8.4136, 64, 64, 64
L -6.3408, -9.7793, 15.2518, 6.1183, -10.2256, 14.8087, 64, 64, 64
L 75.9486, 6.4100, 5.8860, 79.4348, 10.8896, 8.3042, 64, 64, 64
L -21.6736, 82.8696, 8.3042, -18.0581, 87.5153, 5.8860, 64, 64, 64
L -40.8986, 31.8404, 3.0264, -39.8357, 30.1246, 6.2234, 64, 64, 64
L 12.2852, 1.8935, -8.4136, 14.7692, 0.3833, -5.3965, 64, 64, 64
L -17.1813, 61.1468, -12.5450, -14.5166, 63.3628, -12.5450, 64, 64, 64
L 14.9914, 87.9017, -12.5450, 17.6560, 90.1176, -12.5450, 64, 64, 64
L -69.8051, 31.4759, -12.5450, -69.4758, 33.4707, -9.5353, 64, 64, 64
L -79.6393, 26.1507, 8.3042, -76.0707, 31.1446, 6.2235, 64, 64, 64
L 42.9365, 1.5486, 3.2085, 45.2838, -0.3255, 5.8860, 64, 64, 64
L 43.2364, 32.3594, 3.2085, 44.5063, 30.7090, 5.8860, 64, 64, 64
L 13.1064, 12.0894, 14.1186, 13.3336, 9.1538, 11.2514, 64, 64, 64
L 16.3921, 30.8124, -8.4136, 17.9023, 33.2965, -5.3965, 64, 64, 64
L -9.1879, 10.5648, 14.1186, -6.1616, 13.2670, 16.0847, 64, 64, 64
L 5.7830, 23.9321, 16.5661, 8.8787, 26.6962, 14.1186, 64, 64, 64
L -27.9529, 12.2506, -3.0399, -24.9388, 11.3786, -3.0740, 64, 64, 64
L 11.0799, 58.4116, 5.8860, 13.4248, 60.3467, 3.2085, 64, 64, 64
L 72.2599, 5.2218, -9.5353, 74.7379, 3.7153, -12.5450, 64, 64, 64
L 10.3103, 29.5178, 11.2514, 12.3056, 31.1901, 8.5674, 64, 64, 64
L -15.2994, 0.2830, -8.4136, -12.6282, 2.5044, -8.4136, 64, 64, 64
L 41.4677, 30.1859, 6.2234, 43.9544, 31.2170, 6.2234, 64, 64, 64
L 71.5525, 35.4860, 3.2085, 73.5100, 36.1121, -0.3260, 64, 64, 64
L -37.6820, 11.9997, -0.4438, -27.4005, 11.9998, -7.5590, 64, 64, 64
L 27.4360, 12.0002, 3.5562, 37.7172, 12.0003, -0.4438, 64, 64, 64
L 9.3527, 26.2693, 14.1186, 11.2703, 28.5055, 11.2514, 64, 64, 64
L -10.0003, -11.5155, -7.7263, -10.0002, -9.0320, 4.9003, 64, 64, 64
L -9.9987, 53.7654, -11.8594, -9.9986, 56.2429, 0.7363, 64, 64, 64
L 14.5245, 7.1530, 8.5674, 27.5624, 6.3801, 5.0242, 64, 64, 64
L 9.3750, 5.2033, 11.2514, 11.9697, 4.9765, 8.5674, 64, 64, 64
L -73.2138, 5.3316, -1.2351, -70.5170, 2.6348, -0.2415, 64, 64, 64
L -80.0016, 25.6852, 0.2139, -80.0012, 18.4658, -9.5225, 64, 64, 64
L 7.4383, 54.1245, 8.3042, 11.8420, 57.9466, 6.2234, 64, 64, 64
L -40.2116, 24.9783, -6.5778, -37.2984, 24.0786, -6.8962, 64, 64, 64
L -17.1212, 35.6877, -8.4136, -15.1215, 36.0178, -5.3965, 64, 64, 64
L -11.8265, 33.1559, 8.5674, -9.2318, 32.9291, 11.2514, 64, 64, 64
L 9.2239, 31.3157, 11.2514, 11.8186, 31.0889, 8.5674, 64, 64, 64
L -71.9398, 1.4062, 3.2085, -69.6633, -0.4254, 5.8860, 64, 64, 64
L -72.0618, 6.8028, -12.5450, -70.2537, 5.7640, -12.5450, 64, 64, 64
L -14.2838, 62.1915, 3.2085, -12.6334, 63.4614, 5.8860, 64, 64, 64
L 42.1239, 31.1215, -12.5450, 43.9320, 32.1603, -12.5450, 64, 64, 64
L -6.3400, 4.2376, 15.2518, 6.3463, 3.7677, 15.2518, 64, 64, 64
L 7.7023, 97.1170, 8.7462, 14.5917, 91.4716, 3.2085, 64, 64, 64
L 45.6029, 36.0213, 6.2234, 50.2671, 39.7055, 8.7461, 64, 64, 64
L 43.6640, 34.9515, -9.5225, 50.3896, 39.9513, -12.4888, 64, 64, 64
L -41.2393, 31.9057, -9.5225, -36.2390, 25.1964, 12.9212, 64, 64, 64
L 11.4846, -9.0535, 8.5674, 12.2583, 4.0043, 5.0242, 64, 64, 64
L 68.3961, 27.6404, 8.7462, 70.6523, 30.2774, 5.8860, 64, 64, 64
L -49.8355, 40.5280, 8.3042, -44.8416, 36.9594, 6.2235, 64, 64, 64
L 69.8129, 31.1564, 5.8860, 71.4607, 32.4285, 3.2085, 64, 64, 64
L -8.2052, 27.2816, 14.1186, -5.5011, 24.2413, 16.5661, 64, 64, 64
L 5.1937, 12.2169, 16.0847, 7.8897, 9.1858, 14.1186, 64, 64, 64
L -9.3095, 33.3826, 11.2514, -6.3706, 33.6094, 15.2518, 64, 64, 64
L 11.4580, 91.6500, 6.2234, 13.6340, 90.3062, 3.2085, 64, 64, 64
L 6.1608, -9.6245, 14.8087, 9.6883, -9.3977, 11.5897, 64, 64, 64
L -11.3954, 57.9785, 6.2235, -6.4471, 54.3471, 8.3042, 64, 64, 64
L 6.6305, 13.6108, 16.5661, 9.1880, 10.7354, 13.6756, 64, 64, 64
L -12.8368, 34.2039, -8.4136, -10.6154, 31.5327, -8.4136, 64, 64, 64
L 9.8001, 6.9830, 11.2514, 13.1724, 2.9279, -8.4136, 64, 64, 64
L 10.3300, 32.3910, -5.3965, 11.8401, 34.8750, -8.4136, 64, 64, 64
L 12.9432, 94.7515, 6.2235, 14.9275, 93.1591, 3.2085, 64, 64, 64
L -66.5048, 29.4400, 8.7462, -63.3217, 25.8751, 10.7074, 64, 64, 64
L -50.6856, 11.7230, 10.7074, -47.5025, 8.1581, 8.7462, 64, 64, 64
L 17.6441, 64.6069, 5.8860, 20.6680, 68.7273, 8.7462, 64, 64, 64
L 14.8970, 36.0147, 4.2488, 17.6003, 33.3114, 4.2488, 64, 64, 64
L -13.3323, 29.0942, 5.2449, -10.6289, 31.7976, 4.2488, 64, 64, 64
L -79.9993, 11.0775, 8.3042, -79.9988, 18.4675, 12.9212, 64, 64, 64
L -10.0691, 29.6724, 11.2514, -7.8305, 27.7570, 14.1186, 64, 64, 64
L 6.8940, 97.1188, 0.2139, 13.6093, 92.1158, -12.4888, 64, 64, 64
L -13.5403, 30.1977, -5.3965, -11.5406, 30.5279, -8.4136, 64, 64, 64
L 7.5502, 97.8472, 8.3042, 12.5441, 94.2787, 6.2235, 64, 64, 64
L -44.1806, 4.8681, -12.5450, -42.1858, 5.1975, -9.5353, 64, 64, 64
L -65.0490, 39.4770, 8.7461, -57.3915, 39.3043, 9.9151, 64, 64, 64
L -13.6339, 27.7017, 11.2514, -13.4068, 30.2935, 8.5674, 64, 64, 64
L -13.8374, 28.1187, 11.5897, -13.6103, 24.5952, 13.6756, 64, 64, 64
L -12.8224, 12.3727, 13.6756, -12.5953, 8.8492, 11.5897, 64, 64, 64
L -77.1347, 34.7084, -0.2415, -73.0042, 30.5779, -1.2351, 64, 64, 64
L -45.2645, 2.8382, -1.2351, -41.1341, -1.2923, -1.2351, 64, 64, 64
L 27.2756, 13.5872, 6.3104, 32.4163, 12.2538, 1.5562, 64, 64, 64
L 73.5244, 31.8490, 0.2139, 78.5254, 25.1273, -12.4888, 64, 64, 64
L 35.9989, 25.6269, 0.2139, 35.9992, 18.4165, 12.9212, 64, 64, 64
L -75.3644, 6.9020, 5.8860, -73.6380, 4.4122, 3.2085, 64, 64, 64
L 74.1655, 32.8103, 3.2085, 76.0845, 30.5033, 5.8860, 64, 64, 64
L -15.9426, 63.0989, 3.2085, -13.5680, 64.1882, 6.2234, 64, 64, 64
L 11.9652, 32.8918, 8.5674, 12.7390, 45.9583, 5.0242, 64, 64, 64
L 46.6445, 1.4221, 5.8860, 50.9043, -1.9372, 8.3042, 64, 64, 64
L 69.7216, -0.6702, 5.8860, 72.2003, 1.0306, 3.2085, 64, 64, 64
L -11.8330, 34.8633, -8.4136, -10.3228, 32.3793, -5.3965, 64, 64, 64
L -44.8836, 5.8579, 5.8860, -43.6137, 4.2075, 3.2085, 64, 64, 64
L 37.0105, 11.4866, 8.7462, 40.4749, 7.2031, 6.2234, 64, 64, 64
L -12.4025, 62.8422, -12.5450, -12.0731, 60.8473, -9.5353, 64, 64, 64
L -69.7369, 37.4583, 5.8860, -65.5870, 41.0602, 8.7461, 64, 64, 64
L 11.5826, 30.5209, -8.4136, 13.5823, 30.1908, -5.3965, 64, 64, 64
L 6.8074, 96.5146, 8.3042, 11.0672, 93.1552, 5.8860, 64, 64, 64
L -6.0001, -13.4151, 3.7173, -6.0001, -9.1199, -7.4252, 64, 64, 64
L -5.9996, 46.1551, -7.7596, -5.9995, 56.1551, -11.5590, 64, 64, 64
L 41.1207, -1.3057, -0.2415, 45.2512, 2.8247, -1.2351, 64, 64, 64
L 72.9909, 30.5644, -0.2415, 77.1214, 34.6949, -1.2351, 64, 64, 64
L -71.9142, 1.1057, -12.5450, -69.6983, 3.7704, -12.5450, 64, 64, 64
L -45.1604, 33.2771, -12.5450, -42.9444, 35.9417, -12.5450, 64, 64, 64
L 43.3017, 34.7783, 3.2085, 45.7830, 36.4927, 5.8860, 64, 64, 64
L 46.4003, 9.3158, 8.7462, 49.9612, 12.5024, 10.7074, 64, 64, 64
L 64.0982, 25.1532, 10.7074, 67.6591, 28.3398, 8.7462, 64, 64, 64
L -12.7420, 30.7172, 8.5674, -11.0678, 28.7241, 11.2514, 64, 64, 64
L -70.9175, 35.2445, 3.2085, -65.1482, 39.9106, 8.7462, 64, 64, 64
L -70.5317, 30.9893, 6.2234, -64.3985, 24.8494, 11.1877, 64, 64, 64
L -50.9989, 11.4351, 10.7074, -44.8655, 5.2950, 6.2234, 64, 64, 64
L -5.5425, -9.1136, 3.7173, -4.2059, -13.4088, 6.4782, 64, 64, 64
L 13.0853, 62.8760, -12.5450, 14.8933, 63.9148, -12.5450, 64, 64, 64
L -14.0797, 58.1395, -12.5450, -11.8638, 60.8041, -12.5450, 64, 64, 64
L 12.6743, 90.3109, -12.5450, 14.8903, 92.9755, -12.5450, 64, 64, 64
L 26.0000, 27.7517, -7.8594, 26.0000, 12.2985, 7.6093, 64, 64, 64
L -6.0003, 51.0144, 1.5562, -6.0003, 45.8738, -7.5590, 64, 64, 64
L 4.7527, 56.0544, -6.8962, 5.6524, 58.9675, -6.8983, 64, 64, 64
L 73.5367, 4.9719, -12.4888, 78.5386, 11.6858, -9.5225, 64, 64, 64
L 4.8741, -8.9315, 6.4782, 6.2107, -13.2267, 3.7173, 64, 64, 64
L 64.2557, 12.1164, 11.1877, 67.5902, 8.3819, 8.7462, 64, 64, 64
L -74.5965, 29.3199, 5.8860, -72.5119, 31.4747, 3.2085, 64, 64, 64
L -18.3073, 87.5047, 5.8860, -16.2409, 89.6407, 3.2085, 64, 64, 64
L -11.8494, 5.0512, 8.5674, -9.2547, 4.8243, 11.2514, 64, 64, 64
L -46.0918, 0.7408, 5.8860, -43.7748, 2.6630, 3.2085, 64, 64, 64
L -9.2910, 5.3007, 11.2514, -6.3522, 5.5276, 15.2518, 64, 64, 64
L -18.8988, 63.5288, 5.8860, -16.9759, 61.2096, 3.2085, 64, 64, 64
L 14.9428, 0.8006, 5.2449, 17.6462, 3.5040, 4.2488, 64, 64, 64
L 43.5931, 2.3941, 3.2085, 45.7259, 0.3350, 5.8860, 64, 64, 64
L -21.8856, 82.8923, 8.7462, -18.1285, 88.1501, 6.2235, 64, 64, 64
L 13.6133, 29.3418, -5.3965, 16.0974, 30.8520, -8.4136, 64, 64, 64
L 67.4022, 28.2627, 8.3042, 70.1482, 31.3900, 6.2234, 64, 64, 64
L -14.9759, 12.0733, 14.1186, -14.7488, 9.1377, 11.2514, 64, 64, 64
L -70.6376, 3.5833, 3.2085, -64.1405, -1.7406, 8.7462, 64, 64, 64
L -44.8443, 31.0728, 5.8860, -43.1964, 32.3450, 3.2085, 64, 64, 64
L 27.1488, 12.0840, 14.1186, 27.3759, 9.1484, 11.2514, 64, 64, 64
L 13.0905, 91.5611, -0.2415, 15.7874, 88.8643, -1.2351, 64, 64, 64
L 70.4772, 34.1747, -0.2415, 73.1740, 31.4778, -1.2351, 64, 64, 64
L 69.4878, 33.3973, -9.5353, 69.8172, 31.4025, -12.5450, 64, 64, 64
L -15.5147, 5.3064, -8.4136, -11.3728, 8.7507, 11.2514, 64, 64, 64
L 13.0902, 29.0942, -8.4136, 15.7614, 31.3156, -8.4136, 64, 64, 64
L -11.2522, 8.3850, 11.2514, -9.3347, 10.6212, 14.1186, 64, 64, 64
L -40.4877, 3.9604, 3.2085, -38.5906, 6.3123, 5.8860, 64, 64, 64
L -5.6399, 24.2007, 16.5661, -1.4925, 20.3882, 18.9179, 64, 64, 64
L 2.2063, 16.9881, 18.4626, 6.2335, 13.2862, 16.5661, 64, 64, 64
L 74.3150, 32.0554, 3.0264, 75.3806, 30.3532, 6.2234, 64, 64, 64
L -18.7979, 88.2045, 5.8860, -16.9816, 90.4569, 3.2085, 64, 64, 64
L 70.2462, 5.7599, -12.5450, 72.0543, 6.7987, -12.5450, 64, 64, 64
L 0.7280, 15.6449, 18.9179, 4.8559, 11.8423, 16.0847, 64, 64, 64
L -19.0695, 92.6702, -0.2415, -14.9413, 88.5375, -1.2351, 64, 64, 64
L 12.7831, 60.7826, -1.2351, 16.9112, 56.6498, -1.2351, 64, 64, 64
L 38.2854, 35.2520, -0.2415, 49.5553, 23.9697, 11.1877, 64, 64, 64
L 66.3268, 7.1797, 8.7462, 74.2661, -0.7684, -0.2415, 64, 64, 64
L -21.3385, 68.9322, -12.4888, -16.3381, 62.2057, 12.9212, 64, 64, 64
L 45.3607, 36.3339, 6.2234, 49.8690, 40.2070, 8.7461, 64, 64, 64
L 3.6738, 46.0279, 6.3104, 5.0072, 51.1686, 1.5562, 64, 64, 64
L 36.2179, 11.6472, 12.9212, 41.2188, 4.9371, -9.5225, 64, 64, 64
L -38.3456, 6.0872, 5.8860, -34.8594, 10.5668, 8.3042, 64, 64, 64
L -41.3657, 3.9625, 3.2085, -40.7270, 2.0424, -0.3260, 64, 64, 64
L 35.5536, 10.9072, 8.3042, 39.3757, 6.5035, 6.2234, 64, 64, 64
L 69.1568, 5.2323, 5.8860, 70.4267, 3.5818, 3.2085, 64, 64, 64
L 37.5546, 13.5201, -6.8962, 40.4677, 12.6204, -6.8983, 64, 64, 64
L 74.8234, 7.3057, 5.8860, 77.8473, 11.4261, 8.7462, 64, 64, 64
L 49.7573, 40.8882, 8.7461, 65.4872, 40.5334, 8.7461, 64, 64, 64
L 11.9835, 61.0057, -12.5450, 13.0223, 62.8138, -12.5450, 64, 64, 64
L 71.3528, 5.1581, 3.2085, 72.6966, 7.3342, 6.2234, 64, 64, 64
L -17.8952, 33.2847, -5.3965, -16.3850, 30.8007, -8.4136, 64, 64, 64
L -40.2968, 33.1560, 3.2085, -38.3675, 30.8159, 5.8860, 64, 64, 64
L 69.4849, 3.4183, -9.5353, 69.8142, 5.4131, -12.5450, 64, 64, 64
L 72.6242, 31.5436, 3.2085, 74.5424, 29.2385, 5.8860, 64, 64, 64
L 70.1825, 5.2960, 6.2234, 71.2717, 2.9213, 3.2085, 64, 64, 64
L 38.7927, 6.4097, 5.8860, 40.7298, 4.0624, 3.2085, 64, 64, 64
L 79.9988, 18.4189, -9.5225, 79.9993, 11.1994, -9.5225, 64, 64, 64
L -11.8166, 89.0750, 5.8860, -9.1796, 86.8188, 8.7462, 64, 64, 64
L 15.6216, -0.2512, -8.4136, 17.4340, 0.7902, -8.4136, 64, 64, 64
L -69.8933, 30.9524, 5.8860, -67.2591, 28.6936, 8.7462, 64, 64, 64
L 14.4987, 31.1967, 5.0242, 27.5366, 30.4238, 8.5674, 64, 64, 64
L -12.5592, -9.0809, 5.0242, -11.7854, 3.9769, 8.5674, 64, 64, 64
L -12.0784, 32.8645, 5.0242, -11.3047, 45.9309, 8.5674, 64, 64, 64
L -27.4643, 31.6801, 5.0242, -14.4209, 30.9072, 8.5674, 64, 64, 64
L -15.0370, 88.2377, -12.5450, -13.2290, 89.2765, -12.5450, 64, 64, 64
L 12.0956, 62.8803, 5.8860, 13.3677, 61.2324, 3.2085, 64, 64, 64
L -27.5569, 5.6399, 8.5674, -14.5135, 4.8670, 5.0242, 64, 64, 64
L -13.3966, 7.7397, 4.2488, -10.6932, 5.0363, 5.2449, 64, 64, 64
L 44.6042, 5.9870, 6.2234, 47.3099, 9.1494, 8.3042, 64, 64, 64
L -11.2839, 29.8773, -8.4136, -10.9538, 31.8770, -5.3965, 64, 64, 64
L -27.6879, 27.6961, 11.2514, -27.4608, 30.2879, 8.5674, 64, 64, 64
L -71.6254, 36.0825, -12.5450, -69.4095, 33.4178, -12.5450, 64, 64, 64
L -44.8707, 3.9099, -12.5450, -42.6547, 1.2452, -12.5450, 64, 64, 64
L 15.2893, 63.2637, -9.5353, 17.7673, 61.7572, -12.5450, 64, 64, 64
L -77.9778, 25.5803, 8.7462, -74.9539, 29.7008, 5.8860, 64, 64, 64
L -38.0000, 21.9528, 5.6893, -38.0000, 18.4419, 9.0242, 64, 64, 64
L 45.7490, 31.9052, 5.8860, 48.3832, 29.6464, 8.7462, 64, 64, 64
L -11.8427, -9.0028, 8.5674, -9.2480, -9.2297, 11.2514, 64, 64, 64
L 12.3659, 90.8889, -12.5450, 13.4047, 89.0809, -12.5450, 64, 64, 64
L 24.5843, 13.3581, -3.0739, 27.5053, 14.2032, -2.7522, 64, 64, 64
L 26.7036, 18.4693, 15.7976, 26.9307, 24.5860, 13.6756, 64, 64, 64
L 36.5734, 25.6994, 8.7462, 41.6499, 31.8944, 3.2085, 64, 64, 64
L -73.2145, 29.8922, 6.2234, -71.8707, 32.0682, 3.2085, 64, 64, 64
L 28.4517, 12.0803, 14.1186, 28.6788, 18.4056, 15.3162, 64, 64, 64
L 44.0430, 33.9413, 3.2085, 46.3532, 35.8579, 5.8860, 64, 64, 64
L 73.0220, 30.3508, -9.5353, 75.5000, 31.8573, -12.5450, 64, 64, 64
L 22.4596, 68.4861, 8.3042, 22.7216, 75.8214, 10.3846, 64, 64, 64
L -9.6509, 86.0855, 8.7462, -6.4751, 82.5149, 10.7074, 64, 64, 64
L 6.1327, 68.3396, 10.7074, 9.3085, 64.7690, 8.7462, 64, 64, 64
L -6.1043, 46.2576, 14.8087, 6.3992, 45.7945, 15.2517, 64, 64, 64
L 49.7596, -2.6158, 8.7461, 65.0968, -2.8055, 8.7461, 64, 64, 64
L -10.0018, 48.2633, -8.8626, -10.0017, 45.7859, -3.9072, 64, 64, 64
L 9.9034, 65.8282, 8.3042, 13.1842, 62.9476, 5.8860, 64, 64, 64
L -8.5928, 98.1138, 8.7461, 7.7142, 97.9121, 8.7461, 64, 64, 64
L 67.2796, 8.1734, 8.7462, 69.9138, 5.9146, 5.8860, 64, 64, 64
L -12.8607, 62.3434, 6.2234, -11.8296, 59.8568, 6.2234, 64, 64, 64
L -42.8439, 34.3948, 3.2085, -40.9131, 35.0256, -0.3260, 64, 64, 64
L 36.0082, 11.0804, 8.3042, 36.0136, 18.4156, 9.9151, 64, 64, 64
L -12.9452, 88.5530, 6.2234, -9.8179, 85.8070, 8.3042, 64, 64, 64
L 12.6464, 2.4892, -8.4136, 15.3176, 0.2678, -8.4136, 64, 64, 64
L -4.0009, 51.0145, 4.3104, -4.0008, 45.8738, 6.3104, 64, 64, 64
L 50.0554, -3.7896, 8.3042, 57.3906, -4.0517, 10.3846, 64, 64, 64
L -9.2979, -8.7414, 11.2514, -6.3591, -8.5146, 15.2518, 64, 64, 64
L -11.8924, 62.1710, 6.2234, -9.1434, 65.2948, 8.3042, 64, 64, 64
L 9.3538, 86.3140, 8.3042, 12.1029, 89.4379, 6.2234, 64, 64, 64
L 64.7345, 40.3279, 8.7462, 71.4742, 34.9055, 3.2085, 64, 64, 64
L -70.9818, 30.4937, 6.2234, -67.8578, 27.7447, 8.3042, 64, 64, 64
L -46.8381, 9.2476, 8.3042, -43.7142, 6.4986, 6.2234, 64, 64, 64
L 70.4975, 2.6151, -1.2351, 73.1944, 5.3119, -0.2415, 64, 64, 64
L -14.8065, 63.8647, -12.5450, -12.9984, 62.8259, -12.5450, 64, 64, 64
L 47.0960, 28.3319, 8.7462, 50.2791, 24.7669, 10.7074, 64, 64, 64
L 76.4906, 30.8678, 5.8860, 80.0925, 26.7178, 8.7461, 64, 64, 64
L -10.7320, 29.4974, -8.4136, -9.6907, 31.3099, -8.4136, 64, 64, 64
L 13.3301, 89.2179, -12.5450, 15.1382, 88.1792, -12.5450, 64, 64, 64
L -12.9958, 62.7666, -12.5450, -11.9570, 60.9586, -12.5450, 64, 64, 64
L -78.5259, 11.7294, -12.4888, -73.5254, 5.0083, 0.2139, 64, 64, 64
L -37.6826, 21.9993, 2.3104, -27.4005, 21.9995, 6.3104, 64, 64, 64
L 27.4360, 22.0005, 6.3104, 37.7166, 22.0007, 2.3104, 64, 64, 64
L -70.7000, 34.2092, 3.2085, -69.6107, 31.8345, 6.2234, 64, 64, 64
L -10.2250, 65.9446, 8.7462, -6.6600, 69.1276, 10.7074, 64, 64, 64
L 7.4921, 81.7638, 10.7074, 11.0570, 84.9469, 8.7462, 64, 64, 64
L -16.7739, 33.4582, -5.3965, -16.4438, 35.4579, -8.4136, 64, 64, 64
L -45.7603, 36.5353, 5.8860, -43.4293, 34.6742, 3.2085, 64, 64, 64
L -15.5260, 36.3224, -8.4136, -12.8548, 34.1010, -8.4136, 64, 64, 64
L -16.0710, 30.8362, -8.4136, -13.5870, 29.3260, -5.3965, 64, 64, 64
L -15.7414, 31.2990, -8.4136, -13.0702, 29.0777, -8.4136, 64, 64, 64
L 12.8617, 7.5126, -8.4136, 15.5329, 5.2912, -8.4136, 64, 64, 64
L -17.4209, 36.1229, -8.4136, -15.6084, 37.1643, -8.4136, 64, 64, 64
L -49.7610, -3.4654, 8.3042, -45.3573, 0.3567, 6.2234, 64, 64, 64
L -13.4363, 29.1858, -8.4136, -11.6238, 30.2271, -8.4136, 64, 64, 64
L -39.9481, 33.3289, 3.2085, -38.2244, 30.8256, 5.8860, 64, 64, 64
L -71.9195, 1.0518, -12.5450, -70.4130, 3.5297, -9.5353, 64, 64, 64
L 11.3976, 58.8193, 6.2234, 13.1133, 59.8822, 3.0264, 64, 64, 64
L -68.8711, 35.7536, 6.2234, -64.4482, 39.5534, 8.3042, 64, 64, 64
L 41.2746, 0.8612, -0.3260, 43.2055, 1.4921, 3.2085, 64, 64, 64
L 41.3362, 5.8200, 3.2085, 43.7081, 6.9120, 6.2234, 64, 64, 64
L 32.5202, 22.8976, 4.3104, 37.6609, 24.2309, -0.4438, 64, 64, 64
L -35.9988, 18.4448, 9.9151, -35.9984, 25.7799, 8.3042, 64, 64, 64
L 7.4862, 69.8266, 11.1877, 10.4988, 66.4394, 8.3042, 64, 64, 64
L 13.0749, 90.8053, -9.5353, 14.5814, 93.2832, -12.5450, 64, 64, 64
L -73.7425, 1.6104, -0.3260, -71.7850, 2.2365, 3.2085, 64, 64, 64
L -57.3859, 40.0745, 10.3846, -50.0506, 39.8124, 8.3042, 64, 64, 64
L 11.0506, 4.9232, -5.3965, 12.5608, 2.4391, -8.4136, 64, 64, 64
L 16.6417, 35.2693, -8.4136, 17.6831, 33.4568, -8.4136, 64, 64, 64
L 10.9562, 31.8613, -5.3965, 11.2864, 29.8616, -8.4136, 64, 64, 64
L 9.7049, 31.2849, -8.4136, 10.7462, 29.4724, -8.4136, 64, 64, 64
L 11.6591, 30.2069, -8.4136, 13.4716, 29.1655, -8.4136, 64, 64, 64
L 13.0737, 33.6951, -8.4136, 15.5578, 35.2052, -5.3965, 64, 64, 64
L -16.8886, 92.1876, -0.3260, -16.2624, 90.2301, 3.2085, 64, 64, 64
L -14.7482, 0.3961, -5.3965, -12.2642, 1.9063, -8.4136, 64, 64, 64
L 40.3347, 7.6694, 5.8860, 42.2681, 5.3244, 3.2085, 64, 64, 64
L -43.9143, 4.7553, -12.5450, -42.1062, 5.7941, -12.5450, 64, 64, 64
L -12.6069, 94.5374, 6.2234, -7.9426, 98.2216, 8.7461, 64, 64, 64
L 10.9620, 5.0067, -5.3965, 11.2921, 7.0063, -8.4136, 64, 64, 64
L -13.4866, 91.4662, 3.2085, -12.3947, 89.0943, 6.2234, 64, 64, 64
L -17.1947, 0.8118, -8.4136, -15.1950, 0.4817, -5.3965, 64, 64, 64
L -12.5504, 2.4562, -8.4136, -11.0402, 4.9402, -5.3965, 64, 64, 64
L -17.9981, 3.2233, -8.4136, -16.9567, 1.4108, -8.4136, 64, 64, 64
L -17.4207, 0.7825, -8.4136, -15.6082, -0.2589, -8.4136, 64, 64, 64
L -11.2930, 7.0116, -8.4136, -10.9629, 5.0119, -5.3965, 64, 64, 64
L -11.0609, 7.2079, -8.4136, -10.0196, 5.3954, -8.4136, 64, 64, 64
L -13.4362, 7.7195, -8.4136, -11.6237, 6.6781, -8.4136, 64, 64, 64
L -16.3268, 6.4582, -8.4136, -13.8428, 7.9684, -5.3965, 64, 64, 64
L -32.3085, 24.9095, 1.5562, -27.1678, 23.5761, 6.3104, 64, 64, 64
L -15.4981, 86.6581, 6.2234, -13.0087, 87.6881, 6.2234, 64, 64, 64
L -17.6392, 3.4971, 5.2449, -14.9359, 0.7937, 5.2449, 64, 64, 64
L -39.6218, 6.4723, 6.2235, -36.0532, 11.4662, 8.3042, 64, 64, 64
L 74.5761, 29.8209, 6.2234, 78.3760, 25.3980, 8.3042, 64, 64, 64
L -21.6810, 68.2033, 8.3042, -17.8812, 63.7804, 6.2234, 64, 64, 64
L 13.3505, 91.0274, -9.5353, 13.6798, 89.0326, -12.5450, 64, 64, 64
L -44.4594, -0.5038, 6.2234, -42.4923, 1.1282, 3.2085, 64, 64, 64
L 16.4520, 1.4258, -8.4136, 16.7822, 3.4255, -5.3965, 64, 64, 64
L 15.2161, 0.4852, -5.3965, 17.2157, 0.8153, -8.4136, 64, 64, 64
L 15.0889, 88.7544, -9.5353, 17.5668, 90.2609, -12.5450, 64, 64, 64
L 15.9744, 5.8143, -8.4136, 18.1958, 3.1431, -8.4136, 64, 64, 64
L 10.7001, 5.0433, 4.2488, 13.4035, 7.7467, 5.2449, 64, 64, 64
L 16.5918, 89.9931, 3.2085, 18.4769, 87.7027, 5.8860, 64, 64, 64
L 42.7714, 35.4629, 3.2085, 45.0844, 37.3806, 5.8860, 64, 64, 64
L -75.6799, 30.2719, 5.8860, -73.8559, 32.5506, 3.2085, 64, 64, 64
L 64.2311, 40.1369, 8.7462, 69.5316, 36.3492, 6.2235, 64, 64, 64
L 39.9975, 12.2986, -11.8594, 39.9982, 9.1281, -12.8626, 64, 64, 64
L 16.1110, 61.9784, 3.2085, 17.9910, 64.3398, 5.8860, 64, 64, 64
L 27.4029, 23.8854, 3.5562, 32.5436, 22.5521, 4.3104, 64, 64, 64
L -47.1549, 28.1387, 8.3042, -44.2903, 31.4011, 5.8860, 64, 64, 64
L -41.9194, 30.6894, -9.5353, -39.4414, 32.1959, -12.5450, 64, 64, 64
L 43.6309, 3.5774, 3.2085, 45.8038, 2.2329, 6.2234, 64, 64, 64
L -46.1253, 4.0260, -12.5450, -45.0865, 5.8340, -12.5450, 64, 64, 64
L 68.1966, 33.9620, 6.2234, 69.2266, 31.4725, 6.2234, 64, 64, 64
L -50.2999, -2.0977, 8.7462, -46.0164, 1.3667, 6.2234, 64, 64, 64
L 70.2894, 31.1209, -12.5450, 72.0975, 30.0821, -12.5450, 64, 64, 64
L 78.4357, 18.4354, 9.9151, 78.6084, 26.0929, 8.7461, 64, 64, 64
L 68.7455, 32.9049, -12.5450, 69.7843, 31.0968, -12.5450, 64, 64, 64
L 63.8952, 38.7596, 8.3042, 68.1550, 35.4003, 5.8860, 64, 64, 64
L -13.6755, 89.0596, -12.5450, -13.3462, 91.0544, -9.5353, 64, 64, 64
L -32.4358, 14.6110, 4.3104, -27.2951, 13.2777, 3.5562, 64, 64, 64
L -44.3216, 5.4820, 6.2234, -43.2323, 3.1074, 3.2085, 64, 64, 64
L -69.8796, 5.2899, 6.2234, -67.1336, 8.4172, 8.3042, 64, 64, 64
L -40.0011, 7.4134, 5.8860, -36.6418, 11.6732, 8.3042, 64, 64, 64
L 69.1496, 34.8258, 6.2234, 71.3225, 33.4813, 3.2085, 64, 64, 64
L -13.8654, 58.0421, -12.5450, -12.3589, 60.5201, -9.5353, 64, 64, 64
L -17.6776, 61.8117, -12.5450, -15.1996, 63.3182, -9.5353, 64, 64, 64
L -70.8043, 32.9848, 3.2085, -69.5344, 31.3344, 5.8860, 64, 64, 64
L 42.7276, 5.1929, 3.2085, 44.3754, 6.4651, 5.8860, 64, 64, 64
L 75.3288, 30.4717, 6.2234, 79.0130, 25.8074, 8.7461, 64, 64, 64
L 12.3939, 60.4628, -9.5353, 13.9004, 57.9849, -12.5450, 64, 64, 64
L -44.7388, 33.7079, -12.5450, -43.7000, 31.8999, -12.5450, 64, 64, 64
L -78.7004, 11.3441, 8.7461, -74.6229, 6.6462, 6.2234, 64, 64, 64
L 6.2387, 83.0827, 11.1877, 9.6297, 86.0921, 8.3042, 64, 64, 64
L 12.8432, 88.1121, 5.8860, 14.4936, 89.3820, 3.2085, 64, 64, 64
L 7.1692, 96.4508, 8.7462, 11.2897, 93.4269, 5.8860, 64, 64, 64
L 0.0614, 98.0603, 10.3846, 7.3966, 97.7983, 8.3042, 64, 64, 64
L -71.2315, 36.3158, -12.5450, -69.7250, 33.8378, -9.5353, 64, 64, 64
L 57.3858, 39.9766, 10.3846, 64.7211, 39.7145, 8.3042, 64, 64, 64
L 45.5315, 0.0457, 5.8860, 50.0111, -3.4406, 8.3042, 64, 64, 64
L 70.4514, 3.4667, -9.5353, 71.9579, 0.9888, -12.5450, 64, 64, 64
L 74.6763, 3.5823, 3.2085, 76.2687, 5.5667, 6.2235, 64, 64, 64
L 70.8662, 5.5696, 6.2234, 73.3529, 6.6007, 6.2234, 64, 64, 64
L -66.5164, 7.7543, 8.3042, -63.1292, 10.7670, 11.1877, 64, 64, 64
L -79.6763, 10.5250, 8.7461, -75.9921, 5.8608, 6.2234, 64, 64, 64
L 40.7453, 33.7474, -9.5353, 42.9207, 31.9383, -9.5353, 64, 64, 64
L 72.8867, 7.0185, -12.5450, 75.5513, 4.8025, -12.5450, 64, 64, 64
L 73.9994, 29.3607, 6.2234, 77.4638, 25.0772, 8.7462, 64, 64, 64
L 11.7555, 91.7419, 6.2234, 12.7867, 89.2552, 6.2234, 64, 64, 64
L 13.6183, 87.6596, 6.2234, 15.9930, 88.7488, 3.2085, 64, 64, 64
L -48.3628, 7.2204, 8.7462, -45.7287, 4.9616, 5.8860, 64, 64, 64
L 14.8897, 62.0728, 3.2085, 16.2342, 64.2456, 6.2234, 64, 64, 64
L 13.1774, 63.8917, 6.2234, 15.6668, 64.9216, 6.2234, 64, 64, 64
L 12.9322, 62.7768, 6.2234, 14.0242, 60.4049, 3.2085, 64, 64, 64
L 43.8036, 34.0229, 3.2085, 44.8929, 31.6483, 6.2234, 64, 64, 64
L 11.9687, 94.1651, 5.8860, 14.1235, 92.0806, 3.2085, 64, 64, 64
L -13.6737, 92.8996, 3.0264, -11.9714, 93.9651, 6.2234, 64, 64, 64
L -12.8428, 90.7890, 3.2085, -10.8672, 92.4331, 6.2234, 64, 64, 64
L -11.3820, 93.0543, 6.2234, -6.5640, 97.1936, 8.7461, 64, 64, 64
L -11.6927, 93.4334, 6.2234, -7.4092, 96.8978, 8.7462, 64, 64, 64
L -21.3066, 75.8165, 10.3846, -21.0445, 83.1518, 8.3042, 64, 64, 64
L -21.0635, 75.8294, 10.3846, -20.9688, 83.4870, 8.7461, 64, 64, 64
L -22.4677, 68.1963, 8.7461, -22.2950, 75.8538, 9.9151, 64, 64, 64
L -17.3817, 64.8034, 5.8860, -15.4600, 62.4870, 3.2085, 64, 64, 64
L -71.9296, 5.1094, 3.2085, -70.2817, 6.3816, 5.8860, 64, 64, 64
L -19.9658, 69.2122, 8.7462, -16.5014, 64.9287, 6.2234, 64, 64, 64
L 80.1391, 10.7513, 8.7461, 80.2339, 18.4089, 10.3846, 64, 64, 64
L -4.6888, 45.6532, 3.5562, -3.3556, 50.7939, 4.3104, 64, 64, 64
L -57.3678, 40.7128, 10.3846, -49.7102, 40.6181, 8.7461, 64, 64, 64
L 7.4112, 54.2787, 8.7461, 12.0754, 57.9629, 6.2234, 64, 64, 64
L 7.4390, 54.8895, 8.7462, 11.7225, 58.3539, 6.2234, 64, 64, 64
L 22.8452, 68.1756, 8.7461, 22.9399, 75.8332, 10.3846, 64, 64, 64
L -35.7569, 11.1813, 8.7461, -35.4198, 26.1263, 8.7461, 64, 64, 64
L 16.8292, 64.7135, 6.2235, 20.3453, 69.0044, 8.7462, 64, 64, 64
L 18.3205, 63.4778, 6.2235, 21.8891, 68.4717, 8.3042, 64, 64, 64
L 21.7160, 75.8462, 9.9151, 21.8888, 83.5038, 8.7461, 64, 64, 64
L 15.8131, 88.5821, 3.2085, 20.4874, 82.8027, 8.7462, 64, 64, 64
L 18.8929, 88.0761, 5.8860, 22.4948, 83.9261, 8.7461, 64, 64, 64
L 17.2870, 87.2965, 6.2234, 21.0868, 82.8736, 8.3042, 64, 64, 64
L 73.7121, 4.2832, 3.2085, 75.7966, 6.4380, 5.8860, 64, 64, 64
L 75.6309, 6.0797, 6.2235, 79.1995, 11.0736, 8.3042, 64, 64, 64
L 15.7589, 61.2437, 3.2085, 16.3897, 59.3128, -0.3260, 64, 64, 64
L 70.8620, 30.4221, 6.2234, 73.2339, 31.5141, 3.2085, 64, 64, 64
L -75.5002, 4.8450, -12.5450, -72.8356, 7.0609, -12.5450, 64, 64, 64
L -42.8685, 31.9817, -9.5353, -40.6931, 33.7908, -9.5353, 64, 64, 64
L -67.6468, 28.0156, 8.3042, -64.6375, 24.6247, 11.1877, 64, 64, 64
L 74.6523, 7.4579, 5.8860, 78.0116, 11.7177, 8.3042, 64, 64, 64
L 69.7057, 33.8064, -9.5353, 71.2122, 36.2844, -12.5450, 64, 64, 64
L -49.4414, 41.0115, 8.3042, -44.9618, 37.5253, 5.8860, 64, 64, 64
L 3.9991, 51.0144, 4.3104, 3.9992, 45.8738, 6.3104, 64, 64, 64
L -79.3913, 18.4652, 10.3846, -79.1293, 25.8005, 8.3042, 64, 64, 64
L -64.7163, -3.6917, 8.3042, -57.3810, -3.9538, 10.3846, 64, 64, 64
L -39.8348, 30.1704, 6.2234, -36.3704, 25.8869, 8.7462, 64, 64, 64
L 35.5542, 25.7059, 8.3042, 39.1037, 30.2069, 5.8860, 64, 64, 64
L -74.4814, 33.3259, -12.5450, -71.8167, 31.1100, -12.5450, 64, 64, 64
L -42.3100, 6.5720, -12.5450, -39.6453, 4.3560, -12.5450, 64, 64, 64
L -46.5488, 34.0361, 6.2234, -45.5188, 31.5467, 6.2234, 64, 64, 64
L 70.4226, 30.9419, -12.5450, 72.4174, 30.6126, -9.5353, 64, 64, 64
L 39.1264, 6.6556, 5.8860, 40.8502, 4.1523, 3.2085, 64, 64, 64
L -40.0056, 27.7565, -12.8626, -40.0049, 24.5860, -12.8626, 64, 64, 64
L 40.2555, 3.4082, -12.5450, 42.7334, 4.9147, -9.5353, 64, 64, 64
L 74.4573, 33.0157, 3.2085, 76.1837, 30.5259, 5.8860, 64, 64, 64
L -43.8860, 30.4363, 6.2234, -41.5142, 31.5283, 3.2085, 64, 64, 64
L 39.4364, 32.2346, -12.5450, 42.1011, 30.0186, -12.5450, 64, 64, 64
L 72.0671, 5.0987, -9.5353, 74.2425, 3.2896, -9.5353, 64, 64, 64
L 69.0392, 3.7390, -12.5450, 70.0779, 5.5471, -12.5450, 64, 64, 64
L 65.5127, -4.0492, 8.7461, 69.6627, -0.4473, 5.8860, 64, 64, 64
L 42.2842, 31.3061, -9.5353, 44.2790, 31.6355, -12.5450, 64, 64, 64
L -74.4610, 33.5662, -12.5450, -71.9830, 32.0597, -9.5353, 64, 64, 64
L 42.7653, 1.0433, -12.5450, 44.2718, 3.5213, -9.5353, 64, 64, 64
L 45.1181, 5.7790, -12.5450, 46.1569, 3.9709, -12.5450, 64, 64, 64
L 42.1528, 5.7677, -12.5450, 43.9609, 4.7289, -12.5450, 64, 64, 64
L -44.9233, 33.6098, -1.2351, -42.2266, 30.9131, -0.2415, 64, 64, 64
L -44.0716, 33.6601, -9.5353, -43.7422, 31.6654, -12.5450, 64, 64, 64
L -70.9630, 3.9268, 3.2085, -68.7901, 2.5823, 6.2234, 64, 64, 64
L -78.3788, 11.0386, 8.7462, -74.9143, 6.7551, 6.2234, 64, 64, 64
L -37.7020, 12.9496, -0.4438, -32.5614, 14.2828, 4.3104, 64, 64, 64
L 41.8239, 29.6633, 6.2234, 43.1677, 31.8394, 3.2085, 64, 64, 64
L 78.4467, 11.1097, 8.3042, 78.7088, 18.4450, 10.3846, 64, 64, 64
L 34.6805, 18.4401, 10.3846, 34.9426, 25.7754, 8.3042, 64, 64, 64
L -42.1587, 5.4131, 3.2085, -40.0767, 7.5544, 5.8860, 64, 64, 64
L -69.3152, 5.3606, 6.2234, -68.2852, 2.8712, 6.2234, 64, 64, 64
L 44.2444, 2.5299, 3.2085, 50.1846, -2.3378, 8.7462, 64, 64, 64
L 44.8594, -0.0998, 6.2235, 49.8532, -3.6683, 8.3042, 64, 64, 64
L 64.4539, -2.6341, 8.3042, 68.8768, 1.1658, 6.2234, 64, 64, 64
L -75.0060, 6.7436, 6.2234, -73.9405, 5.0413, 3.0264, 64, 64, 64
L -71.9423, 35.5298, 3.2085, -69.4636, 37.2306, 5.8860, 64, 64, 64
L -42.7368, 4.9169, -9.5353, -40.2589, 3.4104, -12.5450, 64, 64, 64
L -72.3658, 30.6210, -9.5353, -70.3710, 30.9503, -12.5450, 64, 64, 64
L -72.0366, 30.1169, -12.5450, -70.2285, 31.1557, -12.5450, 64, 64, 64
L -69.7443, 31.1662, -12.5450, -68.7055, 32.9743, -12.5450, 64, 64, 64
L -69.8245, 5.4749, -12.5450, -69.4951, 3.4801, -9.5353, 64, 64, 64
L -70.1004, 5.5857, -12.5450, -69.0616, 3.7776, -12.5450, 64, 64, 64
L -74.6859, 3.7468, -12.5450, -72.2080, 5.2533, -9.5353, 64, 64, 64
L -44.9790, 33.8149, -9.5353, -43.4725, 36.2928, -12.5450, 64, 64, 64
L -73.2952, 30.2305, 6.2234, -70.8085, 31.2616, 6.2234, 64, 64, 64
L -44.2888, 3.5493, -9.5353, -42.7823, 1.0714, -12.5450, 64, 64, 64
L -44.0546, 3.2769, -9.5353, -43.7253, 5.2717, -12.5450, 64, 64, 64
L -44.2476, 31.6299, -12.5450, -42.2528, 31.3006, -9.5353, 64, 64, 64
L -43.9252, 32.1560, -12.5450, -42.1171, 31.1172, -12.5450, 64, 64, 64
L -78.9090, 25.9026, 8.3042, -75.2248, 30.5744, 5.8860, 64, 64, 64
L -51.6992, 26.2860, 11.1877, -48.3121, 29.2987, 8.3042, 64, 64, 64
L -70.6530, 6.6381, 5.8860, -68.3967, 9.2751, 8.7462, 64, 64, 64
L -73.4118, 5.8343, 3.2085, -71.0399, 6.9263, 6.2234, 64, 64, 64
L -46.4966, 33.4746, 6.2234, -44.3237, 32.1301, 3.2085, 64, 64, 64
L -43.6856, 5.3870, 3.2085, -42.3418, 7.5630, 6.2234, 64, 64, 64
L -43.8966, 5.6141, 6.2234, -41.4100, 6.6452, 6.2234, 64, 64, 64
L -73.9415, 7.5588, 6.2234, -72.2975, 5.5833, 3.2085, 64, 64, 64
L -68.9609, 0.8943, 5.8860, -64.4692, -2.6479, 8.3042, 64, 64, 64
L -69.5139, 0.5104, 6.2235, -64.5200, -3.0581, 8.3042, 64, 64, 64
L -49.6600, -3.5446, 8.7461, -44.9958, 0.1396, 6.2234, 64, 64, 64
L -41.8475, 31.8570, 3.2085, -39.9198, 29.5210, 5.8860, 64, 64, 64
L -39.4177, 30.5431, 6.2234, -35.7334, 25.8789, 8.7461, 64, 64, 64
L -50.1194, 39.2623, 8.7462, -45.9990, 36.2384, 5.8860, 64, 64, 64
L -50.4989, 38.7954, 8.7462, -46.2081, 35.2794, 6.2235, 64, 64, 64
L -69.6781, 36.7140, 6.2234, -65.0138, 40.3983, 8.7461, 64, 64, 64
P 0, 158, 0, 0, 200, 255, 1, Spiken's_Maps_-_github.com/spik3n/EQL_Map_pack
