L 931.175, -587.702, 0, 856.175, -578.702, 0, 100, 50, 0
L 931.175, -578.702, 0, 931.175, -587.702, 0, 100, 50, 0
L 856.175, -568.702, -1.5073, 931.175, -578.702, 0, 100, 50, 0
L 856.175, -578.702, -1.8996, 856.175, -568.702, -1.5073, 100, 50, 0
L -913.004, -3950.588, -24.2802, 230.651, -3950.012, -24.2802, 150, 0, 200
L -2908.238, -2433.504, 3.7509, -2922.203, -2368.099, 3.7509, 150, 0, 200
L 801.097, 2069.42, -0.3274, -1422.574, 2067.48, 93.5287, 150, 0, 200
L -2808.371, -2347.059, 0.626, -2922.203, -2368.099, 0.626, 64, 64, 64
L -2465.02, -2402.905, 0.626, -2808.371, -2347.059, 0.626, 64, 64, 64
L -2273.95, -2387.087, 0.626, -2465.02, -2402.905, 0.626, 64, 64, 64
L -2273.011, -2386.53, 0.626, -2273.95, -2387.087, 0.626, 64, 64, 64
L -2122.077, -2243.553, 0.626, -2273.011, -2386.53, 0.626, 64, 64, 64
L -2120.071, -2236.164, 0.626, -2122.077, -2243.553, 0.626, 64, 64, 64
L -2103.605, -2169.367, 0.626, -2105.312, -2176.385, 0.626, 64, 64, 64
L -969.606, -1622.025, 59.9615, -960.748, -1590.444, 59.9622, 150, 100, 0
L -972.955, -1634.692, 59.6983, -969.606, -1622.025, 59.9615, 150, 100, 0
L -1042.613, -1670.854, 59.8293, -972.955, -1634.692, 59.6983, 150, 100, 0
L -1051.017, -1675.549, 59.8224, -1042.613, -1670.854, 59.8293, 150, 100, 0
L -1097.16, -1716.941, 59.7599, -1051.017, -1675.549, 59.8224, 150, 100, 0
L -1099.093, -1717.989, 59.9247, -1097.16, -1716.941, 59.7599, 150, 100, 0
L -1120.28, -1724.135, 59.9264, -1099.093, -1717.989, 59.9247, 150, 100, 0
L -1150.217, -1733.277, 59.2571, -1120.28, -1724.135, 59.9264, 150, 100, 0
L -1150.217, -1733.277, 59.2595, -1150.217, -1733.277, 59.2571, 150, 100, 0
L -1162.169, -1726.374, 59.9934, -1150.217, -1733.277, 59.2595, 150, 100, 0
L -1190.691, -1714.312, 59.9953, -1162.169, -1726.374, 59.9934, 150, 100, 0
L -1214.074, -1705.47, 59.5195, -1190.691, -1714.312, 59.9953, 150, 100, 0
L -1216.456, -1704.092, 60.236, -1214.074, -1705.47, 59.5195, 150, 100, 0
L -1238.715, -1636.548, 59.993, -1216.456, -1704.092, 60.236, 150, 100, 0
L -1240.221, -1629.848, 59.6715, -1238.715, -1636.548, 59.993, 150, 100, 0
L -1230.069, -1564.808, 59.9658, -1240.221, -1629.848, 59.6715, 150, 100, 0
L -1230.692, -1555.3, 57.206, -1230.069, -1564.808, 59.9658, 150, 100, 0
L -1181.2, -1540.576, 59.6858, -1230.692, -1555.3, 57.206, 150, 100, 0
L -1180.737, -1539.487, 59.8369, -1181.2, -1540.576, 59.6858, 150, 100, 0
L -1147.379, -1500.538, 59.8361, -1180.737, -1539.487, 59.8369, 150, 100, 0
L -1143.943, -1494.444, 58.5409, -1147.379, -1500.538, 59.8361, 150, 100, 0
L -1112.647, -1496.994, 59.8248, -1143.943, -1494.444, 58.5409, 150, 100, 0
L -1103.108, -1497.922, 59.8254, -1112.647, -1496.994, 59.8248, 150, 100, 0
L -989.327, -1478.028, 59.8245, -1103.108, -1497.922, 59.8254, 150, 100, 0
L -985.76, -1476.545, 58.779, -989.327, -1478.028, 59.8245, 150, 100, 0
L -965.5, -1510.965, 60.153, -985.76, -1476.545, 58.779, 150, 100, 0
L -954.651, -1529.639, 60.153, -965.5, -1510.965, 60.153, 150, 100, 0
L -947.328, -1542.348, 59.7346, -954.651, -1529.639, 60.153, 150, 100, 0
L -947.246, -1542.308, 59.9617, -947.328, -1542.348, 59.7346, 150, 100, 0
L -963.064, -1598.702, 59.9622, -947.246, -1542.308, 59.9617, 150, 100, 0
L 638.935, -2778.187, -22.7974, 642.017, -2769.411, -25.429, 0, 125, 0
L 622.849, -2782.446, -21.9222, 638.935, -2778.187, -22.7974, 0, 125, 0
L 615.011, -2784.961, -21.1845, 622.849, -2782.446, -21.9222, 0, 125, 0
L 596.167, -2808.199, -14.692, 615.011, -2784.961, -21.1845, 0, 125, 0
L 583.722, -2794.535, -19.1439, 596.167, -2808.199, -14.692, 0, 125, 0
L 575.549, -2798.886, -20.9501, 583.722, -2794.535, -19.1439, 0, 125, 0
L 557.115, -2795.056, -26.9954, 575.549, -2798.886, -20.9501, 0, 125, 0
L 553.986, -2816.622, -27.9677, 557.115, -2795.056, -26.9954, 0, 125, 0
L 528.329, -2819.887, -27.9677, 553.986, -2816.622, -27.9677, 0, 125, 0
L 512.665, -2838.817, -27.9677, 528.329, -2819.887, -27.9677, 0, 125, 0
L 509.56, -2828.112, -27.9677, 512.665, -2838.817, -27.9677, 0, 125, 0
L 503.555, -2828.349, -27.9677, 509.56, -2828.112, -27.9677, 0, 125, 0
L 502.164, -2830.266, -27.9677, 503.555, -2828.349, -27.9677, 0, 125, 0
L 485.906, -2838.202, -27.9677, 502.164, -2830.266, -27.9677, 0, 125, 0
L 476.687, -2832.267, -27.9677, 485.906, -2838.202, -27.9677, 0, 125, 0
L 474.067, -2843.477, -27.9677, 476.687, -2832.267, -27.9677, 0, 125, 0
L 467.12, -2846.086, -27.9677, 474.067, -2843.477, -27.9677, 0, 125, 0
L 453.913, -2870.166, -27.8411, 467.12, -2846.086, -27.9677, 0, 125, 0
L 429.79, -2882.397, -27.3154, 453.913, -2870.166, -27.8411, 0, 125, 0
L 414.41, -2881.44, -27.3298, 429.79, -2882.397, -27.3154, 0, 125, 0
L 411.904, -2893.632, -26.7892, 414.41, -2881.44, -27.3298, 0, 125, 0
L 403.048, -2893.991, -26.7415, 411.904, -2893.632, -26.7892, 0, 125, 0
L 393.497, -2908.464, -26.1244, 403.048, -2893.991, -26.7415, 0, 125, 0
L 383.776, -2897.945, -26.5799, 393.497, -2908.464, -26.1244, 0, 125, 0
L 367.787, -2899.119, -27.3294, 383.776, -2897.945, -26.5799, 0, 125, 0
L 363.629, -2894.529, -27.5244, 367.787, -2899.119, -27.3294, 0, 125, 0
L 356.893, -2896.657, -27.8401, 363.629, -2894.529, -27.5244, 0, 125, 0
L 351.512, -2919.032, -27.9677, 356.893, -2896.657, -27.8401, 0, 125, 0
L 328.724, -2920.172, -27.9677, 351.512, -2919.032, -27.9677, 0, 125, 0
L 317.526, -2938.335, -27.9677, 328.724, -2920.172, -27.9677, 0, 125, 0
L 307.612, -2929.216, -27.9677, 317.526, -2938.335, -27.9677, 0, 125, 0
L 292.853, -2933.9, -27.9677, 307.612, -2929.216, -27.9677, 0, 125, 0
L 273.502, -2930.894, -27.9677, 292.853, -2933.9, -27.9677, 0, 125, 0
L 276.926, -2944.036, -27.9677, 273.502, -2930.894, -27.9677, 0, 125, 0
L 261.804, -2945.462, -27.9677, 276.926, -2944.036, -27.9677, 0, 125, 0
L 254.697, -2960.845, -27.9677, 261.804, -2945.462, -27.9677, 0, 125, 0
L 243.532, -2969.003, -27.9677, 254.697, -2960.845, -27.9677, 0, 125, 0
L 228.571, -2977.33, -27.9677, 243.532, -2969.003, -27.9677, 0, 125, 0
L 226.432, -2993.12, -27.9677, 228.571, -2977.33, -27.9677, 0, 125, 0
L 223.095, -3008.458, -27.9677, 226.432, -2993.12, -27.9677, 0, 125, 0
L 222.795, -3018.332, -27.9677, 223.095, -3008.458, -27.9677, 0, 125, 0
L 218.762, -3033.602, -27.9677, 222.795, -3018.332, -27.9677, 0, 125, 0
L 207.664, -3043.671, -27.9677, 218.762, -3033.602, -27.9677, 0, 125, 0
L 203.672, -3065.994, -27.9677, 207.664, -3043.671, -27.9677, 0, 125, 0
L 193.64, -3069.163, -27.3484, 203.672, -3065.994, -27.9677, 0, 125, 0
L 188.683, -3097.847, -8.7593, 193.64, -3069.163, -27.3484, 0, 125, 0
L 174.286, -3114.08, -15.1655, 188.683, -3097.847, -8.7593, 0, 125, 0
L 171.782, -3122.988, -16.7224, 174.286, -3114.08, -15.1655, 0, 125, 0
L 172.758, -3127.39, -16.1005, 171.782, -3122.988, -16.7224, 0, 125, 0
L 174.161, -3136.318, -15.2341, 172.758, -3127.39, -16.1005, 0, 125, 0
L 169.867, -3148.015, -17.9735, 174.161, -3136.318, -15.2341, 0, 125, 0
L 166.989, -3154.513, -19.8015, 169.867, -3148.015, -17.9735, 0, 125, 0
L 166.316, -3156.516, -20.2286, 166.989, -3154.513, -19.8015, 0, 125, 0
L 155.729, -3164.891, -26.9522, 166.316, -3156.516, -20.2286, 0, 125, 0
L 143.548, -3175.803, -27.6223, 155.729, -3164.891, -26.9522, 0, 125, 0
L 135.509, -3184.215, -27.2711, 143.548, -3175.803, -27.6223, 0, 125, 0
L 126.657, -3199.642, -26.6461, 135.509, -3184.215, -27.2711, 0, 125, 0
L 119.481, -3199.903, -26.6356, 126.657, -3199.642, -26.6461, 0, 125, 0
L 107.002, -3209.25, -26.2466, 119.481, -3199.903, -26.6356, 0, 125, 0
L 130.544, -3221.044, -25.7408, 107.002, -3209.25, -26.2466, 0, 125, 0
L 139.17, -3234.401, -25.1844, 130.544, -3221.044, -25.7408, 0, 125, 0
L 141.79, -3244.441, -24.7651, 139.17, -3234.401, -25.1844, 0, 125, 0
L 144.757, -3257.335, -24.2305, 141.79, -3244.441, -24.7651, 0, 125, 0
L 153.284, -3267.044, -23.8484, 144.757, -3257.335, -24.2305, 0, 125, 0
L 155.801, -3268.468, -23.3759, 153.284, -3267.044, -23.8484, 0, 125, 0
L 170.913, -3278.429, -16.4554, 155.801, -3268.468, -23.3759, 0, 125, 0
L 227.123, -3327.681, 18.5653, 170.913, -3278.429, -16.4554, 0, 125, 0
L 218.781, -3326.038, 17.6502, 227.123, -3327.681, 18.5653, 150, 100, 0
L 212.577, -3326.146, 17.5792, 218.781, -3326.038, 17.6502, 0, 125, 0
L 160.687, -3325.222, -21.3607, 212.577, -3326.146, 17.5792, 0, 125, 0
L 158.49, -3346.651, -23.9802, 160.687, -3325.222, -21.3607, 0, 125, 0
L 144.091, -3346.191, -27.801, 158.49, -3346.651, -23.9802, 0, 125, 0
L 133.399, -3342.609, -27.3941, 144.091, -3346.191, -27.801, 0, 125, 0
L 123.92, -3339.98, -27.5621, 133.399, -3342.609, -27.3941, 0, 125, 0
L 113.866, -3340.987, -27.5549, 123.92, -3339.98, -27.5621, 0, 125, 0
L 98.699, -3345.419, -27.5315, 113.866, -3340.987, -27.5549, 0, 125, 0
L 81.352, -3336.654, -27.5805, 98.699, -3345.419, -27.5315, 0, 125, 0
L 63.364, -3344.149, -27.5385, 81.352, -3336.654, -27.5805, 0, 125, 0
L 49.982, -3342.98, -27.5445, 63.364, -3344.149, -27.5385, 0, 125, 0
L 32.431, -3341.951, -27.5509, 49.982, -3342.98, -27.5445, 0, 125, 0
L 10.69, -3339.342, -27.5649, 32.431, -3341.951, -27.5509, 0, 125, 0
L -2.712, -3343.246, -27.5432, 10.69, -3339.342, -27.5649, 0, 125, 0
L -19.095, -3335.245, -27.5885, -2.712, -3343.246, -27.5432, 0, 125, 0
L -31.608, -3347.292, -27.5239, -19.095, -3335.245, -27.5885, 0, 125, 0
L -45.586, -3340.998, -27.5562, -31.608, -3347.292, -27.5239, 0, 125, 0
L -58.721, -3346.299, -27.5264, -45.586, -3340.998, -27.5562, 0, 125, 0
L -70.431, -3340.11, -27.5612, -58.721, -3346.299, -27.5264, 0, 125, 0
L -82.267, -3342.629, -27.5472, -70.431, -3340.11, -27.5612, 0, 125, 0
L -94.207, -3337.911, -27.5718, -82.267, -3342.629, -27.5472, 0, 125, 0
L -102.601, -3346.946, -27.5228, -94.207, -3337.911, -27.5718, 0, 125, 0
L -121.817, -3334.208, -27.5945, -102.601, -3346.946, -27.5228, 0, 125, 0
L -123.568, -3338.176, -27.5695, -121.817, -3334.208, -27.5945, 0, 125, 0
L -134.735, -3346.933, -27.5228, -123.568, -3338.176, -27.5695, 0, 125, 0
L -144.103, -3344.506, -27.5365, -134.735, -3346.933, -27.5228, 0, 125, 0
L -151.12, -3346.357, -27.5256, -144.103, -3344.506, -27.5365, 0, 125, 0
L -166.011, -3342.135, -27.5499, -151.12, -3346.357, -27.5256, 0, 125, 0
L -178.567, -3339.254, -27.566, -166.011, -3342.135, -27.5499, 0, 125, 0
L -193.143, -3340.214, -27.5604, -178.567, -3339.254, -27.566, 0, 125, 0
L -202.497, -3345.204, -27.5351, -193.143, -3340.214, -27.5604, 0, 125, 0
L -224.508, -3335.85, -27.5849, -202.497, -3345.204, -27.5351, 0, 125, 0
L -239.142, -3342.261, -27.5491, -224.508, -3335.85, -27.5849, 0, 125, 0
L -248.76, -3343.479, -27.5424, -239.142, -3342.261, -27.5491, 0, 125, 0
L -270.69, -3337.169, -27.5764, -248.76, -3343.479, -27.5424, 0, 125, 0
L -293.38, -3342.94, -27.5454, -270.69, -3337.169, -27.5764, 0, 125, 0
L -317.609, -3341.96, -27.5508, -293.38, -3342.94, -27.5454, 0, 125, 0
L -335.59, -3345.287, -27.532, -317.609, -3341.96, -27.5508, 0, 125, 0
L -360.616, -3345.539, -27.5307, -335.59, -3345.287, -27.532, 0, 125, 0
L -384.017, -3339.591, -27.5625, -360.616, -3345.539, -27.5307, 0, 125, 0
L -398.632, -3347.363, -27.5204, -384.017, -3339.591, -27.5625, 0, 125, 0
L -420.277, -3338.084, -27.5723, -398.632, -3347.363, -27.5204, 0, 125, 0
L -446.73, -3342.518, -27.5477, -420.277, -3338.084, -27.5723, 0, 125, 0
L -461.653, -3344.254, -27.5375, -446.73, -3342.518, -27.5477, 0, 125, 0
L -471.736, -3339.156, -27.5667, -461.653, -3344.254, -27.5375, 0, 125, 0
L -485.514, -3340.513, -27.558, -471.736, -3339.156, -27.5667, 0, 125, 0
L -500.385, -3343.209, -27.5439, -485.514, -3340.513, -27.558, 0, 125, 0
L -510.37, -3333.533, -27.5982, -500.385, -3343.209, -27.5439, 0, 125, 0
L -519.219, -3332.51, -27.6022, -510.37, -3333.533, -27.5982, 0, 125, 0
L -538.69, -3345.334, -27.5319, -519.219, -3332.51, -27.6022, 0, 125, 0
L -556.994, -3342.937, -27.5453, -538.69, -3345.334, -27.5319, 0, 125, 0
L -567.957, -3340.342, -27.5599, -556.994, -3342.937, -27.5453, 0, 125, 0
L -575.447, -3340.128, -27.5611, -567.957, -3340.342, -27.5599, 0, 125, 0
L -587.087, -3338.37, -27.5702, -575.447, -3340.128, -27.5611, 0, 125, 0
L -599.502, -3344.519, -27.5365, -587.087, -3338.37, -27.5702, 0, 125, 0
L -619.556, -3335.496, -27.586, -599.502, -3344.519, -27.5365, 0, 125, 0
L -632.933, -3343.171, -27.5437, -619.556, -3335.496, -27.586, 0, 125, 0
L -645.93, -3340.855, -27.557, -632.933, -3343.171, -27.5437, 0, 125, 0
L -668.163, -3340.032, -27.5618, -645.93, -3340.855, -27.557, 0, 125, 0
L -686.696, -3338.888, -27.5675, -668.163, -3340.032, -27.5618, 0, 125, 0
L -700.183, -3343.623, -27.5415, -686.696, -3338.888, -27.5675, 0, 125, 0
L -716.329, -3338.332, -27.5701, -700.183, -3343.623, -27.5415, 0, 125, 0
L -753.95, -3345.258, -26.8658, -716.329, -3338.332, -27.5701, 0, 125, 0
L -769.512, -3342.61, -25.7895, -753.95, -3345.258, -26.8658, 0, 125, 0
L -801.72, -3344.069, -25.8582, -769.512, -3342.61, -25.7895, 0, 125, 0
L -821.005, -3337.943, -25.4697, -801.72, -3344.069, -25.8582, 0, 125, 0
L -844.985, -3346.27, -25.919, -821.005, -3337.943, -25.4697, 0, 125, 0
L -845.376, -3366.871, -27.1062, -844.985, -3346.27, -25.919, 0, 125, 0
L -866.637, -3345.964, 1.8511, -845.376, -3366.871, -27.1062, 0, 125, 0
L -868.268, -3341.212, 4.1851, -866.637, -3345.964, 1.8511, 0, 125, 0
L -889.078, -3313.07, 32.2978, -868.268, -3341.212, 4.1851, 0, 125, 0
L -844.681, -3268.946, -21.84, -889.078, -3313.07, 32.2978, 0, 125, 0
L -858.417, -3258.532, -15.362, -844.681, -3268.946, -21.84, 0, 125, 0
L -882.368, -3245.506, 0.299, -858.417, -3258.532, -15.362, 0, 125, 0
L -892.481, -3232.402, -2.1772, -882.368, -3245.506, 0.299, 0, 125, 0
L -910.493, -3224.379, 11.4758, -892.481, -3232.402, -2.1772, 0, 125, 0
L -918.817, -3192.224, -12.4999, -910.493, -3224.379, 11.4758, 0, 125, 0
L -934.102, -3189.33, 0.9184, -918.817, -3192.224, -12.4999, 0, 125, 0
L -934.506, -3181.091, -8.158, -934.102, -3189.33, 0.9184, 0, 125, 0
L -941.697, -3169.514, -9.872, -934.506, -3181.091, -8.158, 0, 125, 0
L -950.59, -3131.63, -15.9091, -941.697, -3169.514, -9.872, 0, 125, 0
L -965.657, -3127.906, -16.2485, -950.59, -3131.63, -15.9091, 0, 125, 0
L -971.936, -3125.982, -16.4536, -965.657, -3127.906, -16.2485, 0, 125, 0
L -980.938, -3124.288, -16.57, -971.936, -3125.982, -16.4536, 0, 125, 0
L -992.012, -3118.454, -17.4049, -980.938, -3124.288, -16.57, 0, 125, 0
L -996.37, -3108.392, -19.1888, -992.012, -3118.454, -17.4049, 0, 125, 0
L -1005.723, -3089.256, -22.562, -996.37, -3108.392, -19.1888, 0, 125, 0
L -1011.607, -3078.321, -24.4777, -1005.723, -3089.256, -22.562, 0, 125, 0
L -1014.965, -3067.817, -26.3549, -1011.607, -3078.321, -24.4777, 0, 125, 0
L -1045.057, -3067.803, -25.63, -1014.965, -3067.817, -26.3549, 0, 125, 0
L -1087.189, -3038.233, 6.6478, -1045.057, -3067.803, -25.63, 0, 125, 0
L -1097.939, -3028.376, 12.8211, -1087.189, -3038.233, 6.6478, 0, 125, 0
L -1105.994, -3006.615, 2.9861, -1097.939, -3028.376, 12.8211, 0, 125, 0
L -1145.818, -2969.493, 23.4378, -1105.994, -3006.615, 2.9861, 0, 125, 0
L -1155.407, -2959.253, 25.6493, -1145.818, -2969.493, 23.4378, 0, 125, 0
L -1188.983, -2925.199, 34.3402, -1155.407, -2959.253, 25.6493, 0, 125, 0
L -1207.293, -2922.129, 61.1638, -1188.983, -2925.199, 34.3402, 0, 125, 0
L -1207.608, -2907.011, 40.1948, -1207.293, -2922.129, 61.1638, 0, 125, 0
L -1218.1, -2894.343, 41.2224, -1207.608, -2907.011, 40.1948, 0, 125, 0
L -1234.581, -2881.451, 49.878, -1218.1, -2894.343, 41.2224, 0, 125, 0
L -1243.324, -2871.86, 51.311, -1234.581, -2881.451, 49.878, 0, 125, 0
L -1224.468, -2861.445, 33.6542, -1243.324, -2871.86, 51.311, 0, 125, 0
L -1221.567, -2851.64, 25.9456, -1224.468, -2861.445, 33.6542, 0, 125, 0
L -1214.411, -2835.584, 12.71, -1221.567, -2851.64, 25.9456, 0, 125, 0
L -1215.389, -2817.092, 1.378, -1214.411, -2835.584, 12.71, 0, 125, 0
L -1215.633, -2811.835, -2.5005, -1215.389, -2817.092, 1.378, 0, 125, 0
L -1209.708, -2803.934, -10.2824, -1215.633, -2811.835, -2.5005, 0, 125, 0
L -1195.141, -2784.401, -3.6766, -1209.708, -2803.934, -10.2824, 0, 125, 0
L -1192.046, -2769.665, -0.6029, -1195.141, -2784.401, -3.6766, 0, 125, 0
L -1173.966, -2725.451, 8.836, -1192.046, -2769.665, -0.6029, 0, 125, 0
L -1188.958, -2705.239, 7.8335, -1173.966, -2725.451, 8.836, 0, 125, 0
L -1186.594, -2683.296, 10.3321, -1188.958, -2705.239, 7.8335, 0, 125, 0
L -1196.687, -2671.967, 9.6227, -1186.594, -2683.296, 10.3321, 0, 125, 0
L -1195.009, -2649.537, 7.7312, -1196.687, -2671.967, 9.6227, 0, 125, 0
L -1210.016, -2632.431, 2.5724, -1195.009, -2649.537, 7.7312, 0, 125, 0
L -1207.754, -2628.158, 2.4476, -1210.016, -2632.431, 2.5724, 0, 125, 0
L -1209.07, -2609.526, -0.2651, -1207.754, -2628.158, 2.4476, 0, 125, 0
L -1213.315, -2599.695, -2.4243, -1209.07, -2609.526, -0.2651, 0, 125, 0
L -1217.935, -2592.627, -4.4008, -1213.315, -2599.695, -2.4243, 0, 125, 0
L -1221.09, -2583.989, -6.4877, -1217.935, -2592.627, -4.4008, 0, 125, 0
L -1225.789, -2575.981, -8.6564, -1221.09, -2583.989, -6.4877, 0, 125, 0
L -1238.697, -2569.597, -11.5935, -1225.789, -2575.981, -8.6564, 0, 125, 0
L -1246.036, -2565.517, -13.2174, -1238.697, -2569.597, -11.5935, 0, 125, 0
L -1254.285, -2549.324, -15.2791, -1246.036, -2565.517, -13.2174, 0, 125, 0
L -1269.381, -2540.564, -15.866, -1254.285, -2549.324, -15.2791, 0, 125, 0
L -1277.358, -2538.977, -15.7836, -1269.381, -2540.564, -15.866, 0, 125, 0
L -1287.957, -2536.117, -15.796, -1277.358, -2538.977, -15.7836, 0, 125, 0
L -1299.738, -2537.3, -15.2001, -1287.957, -2536.117, -15.796, 0, 125, 0
L -1310.633, -2530.982, -15.6893, -1299.738, -2537.3, -15.2001, 0, 125, 0
L -1322.118, -2521.677, -16.5771, -1310.633, -2530.982, -15.6893, 0, 125, 0
L -1345.667, -2513.182, -16.9135, -1322.118, -2521.677, -16.5771, 0, 125, 0
L -1422.575, -2490.614, 137.8375, -1345.667, -2513.182, -16.9135, 0, 125, 0
L -1422.575, -2468.375, 134.746, -1422.575, -2490.614, 137.8375, 0, 125, 0
L -1422.538, -2455.701, 124.7436, -1422.575, -2468.375, 134.746, 0, 127, 0
L -295.692, -2468.609, -27.9677, -295.59, -2467.678, -27.9677, 60, 40, 0
L -301.29, -2481.457, -27.9677, -295.692, -2468.609, -27.9677, 60, 40, 0
L -298.332, -2486.086, -27.9677, -301.29, -2481.457, -27.9677, 60, 40, 0
L -295.044, -2500.972, -27.9677, -298.332, -2486.086, -27.9677, 60, 40, 0
L -291.801, -2504.862, -27.9677, -295.044, -2500.972, -27.9677, 60, 40, 0
L -296.355, -2517.288, -27.9677, -291.801, -2504.862, -27.9677, 60, 40, 0
L -303.98, -2534.987, -27.9677, -296.355, -2517.288, -27.9677, 60, 40, 0
L -299.354, -2542.823, -27.9677, -303.98, -2534.987, -27.9677, 60, 40, 0
L -296.32, -2550.113, -27.9677, -299.354, -2542.823, -27.9677, 60, 40, 0
L -294.043, -2558.368, -27.9677, -296.32, -2550.113, -27.9677, 60, 40, 0
L -300.818, -2573.958, -27.9677, -294.043, -2558.368, -27.9677, 60, 40, 0
L -303.815, -2585.26, -27.9677, -300.818, -2573.958, -27.9677, 60, 40, 0
L -296.327, -2590.821, -27.9677, -303.815, -2585.26, -27.9677, 60, 40, 0
L -294.246, -2596.873, -27.9677, -296.327, -2590.821, -27.9677, 60, 40, 0
L -288.397, -2607.682, -27.9677, -294.246, -2596.873, -27.9677, 60, 40, 0
L -296.806, -2617.465, -27.9677, -288.397, -2607.682, -27.9677, 60, 40, 0
L -305.652, -2635.634, -27.9677, -296.806, -2617.465, -27.9677, 60, 40, 0
L -294.763, -2649.058, -27.9677, -305.652, -2635.634, -27.9677, 60, 40, 0
L -295.377, -2668.332, -27.9677, -294.763, -2649.058, -27.9677, 60, 40, 0
L -295.685, -2685.047, -27.9677, -295.377, -2668.332, -27.9677, 60, 40, 0
L -306.413, -2696.488, -27.9677, -295.685, -2685.047, -27.9677, 60, 40, 0
L -295.764, -3290.03, -27.843, -295.499, -3306.272, -27.7516, 60, 40, 0
L -294.102, -3254.901, -27.9677, -295.764, -3290.03, -27.843, 60, 40, 0
L -304.26, -3233.338, -27.9677, -294.102, -3254.901, -27.9677, 60, 40, 0
L -289.98, -3212.621, -27.9677, -304.26, -3233.338, -27.9677, 60, 40, 0
L -293.098, -3194.471, -27.9677, -289.98, -3212.621, -27.9677, 60, 40, 0
L -300.57, -3187.937, -27.9677, -293.098, -3194.471, -27.9677, 60, 40, 0
L -292.14, -3160.473, -27.9677, -300.57, -3187.937, -27.9677, 60, 40, 0
L -303.535, -3137.698, -27.9677, -292.14, -3160.473, -27.9677, 60, 40, 0
L -291.149, -3109, -27.9677, -303.535, -3137.698, -27.9677, 60, 40, 0
L -298.551, -3087.077, -27.9677, -291.149, -3109, -27.9677, 60, 40, 0
L -292.089, -3059.7, -27.9677, -298.551, -3087.077, -27.9677, 60, 40, 0
L -302.119, -3037.886, -27.9677, -292.089, -3059.7, -27.9677, 60, 40, 0
L -286.633, -3009.518, -27.9677, -302.119, -3037.886, -27.9677, 60, 40, 0
L -300.468, -2983.615, -27.9677, -286.633, -3009.518, -27.9677, 60, 40, 0
L -293.527, -2962.916, -27.9677, -300.468, -2983.615, -27.9677, 60, 40, 0
L -301.796, -2937.075, -27.9677, -293.527, -2962.916, -27.9677, 60, 40, 0
L -289.474, -2907.316, -27.9677, -301.796, -2937.075, -27.9677, 60, 40, 0
L -292.469, -2895.275, -27.9677, -289.474, -2907.316, -27.9677, 60, 40, 0
L -301.13, -2884.249, -27.9677, -292.469, -2895.275, -27.9677, 60, 40, 0
L -293.802, -2861.558, -27.9677, -301.13, -2884.249, -27.9677, 60, 40, 0
L -304.023, -2835.527, -27.9677, -293.802, -2861.558, -27.9677, 60, 40, 0
L -289.317, -2804.931, -27.9677, -304.023, -2835.527, -27.9677, 60, 40, 0
L -299.302, -2785.454, -27.9677, -289.317, -2804.931, -27.9677, 60, 40, 0
L -295.737, -2769.667, -27.9677, -299.302, -2785.454, -27.9677, 60, 40, 0
L -300.735, -2756.384, -27.9677, -295.737, -2769.667, -27.9677, 60, 40, 0
L -290.388, -2725.503, -27.9677, -300.735, -2756.384, -27.9677, 60, 40, 0
L -308.78, -2697.633, -27.9677, -290.388, -2725.503, -27.9677, 60, 40, 0
L -316.774, -2687.145, -27.9677, -308.78, -2697.633, -27.9677, 60, 40, 0
L -329.818, -2681.69, -27.9677, -316.774, -2687.145, -27.9677, 60, 40, 0
L -352.712, -2659.275, -27.9677, -329.818, -2681.69, -27.9677, 60, 40, 0
L -356.062, -2653.073, -27.9677, -352.712, -2659.275, -27.9677, 60, 40, 0
L -361.76, -2645.892, -27.9677, -356.062, -2653.073, -27.9677, 60, 40, 0
L -370.075, -2625.185, -27.9677, -361.76, -2645.892, -27.9677, 60, 40, 0
L -380.282, -2615.033, -27.9677, -370.075, -2625.185, -27.9677, 60, 40, 0
L -405.094, -2610.046, -27.7998, -380.282, -2615.033, -27.9677, 60, 40, 0
L -412.518, -2616.952, -26.5178, -405.094, -2610.046, -27.7998, 60, 40, 0
L -438.183, -2618.365, -24.11, -412.518, -2616.952, -26.5178, 60, 40, 0
L -453.586, -2615.16, -23.5916, -438.183, -2618.365, -24.11, 60, 40, 0
L -463.612, -2616.27, -23.4842, -453.586, -2615.16, -23.5916, 60, 40, 0
L -478.938, -2626.665, -22.5274, -463.612, -2616.27, -23.4842, 60, 40, 0
L -494.278, -2617.992, -23.3297, -478.938, -2626.665, -22.5274, 60, 40, 0
L -503.027, -2610.921, -23.9222, -494.278, -2617.992, -23.3297, 60, 40, 0
L -511.747, -2615.883, -22.3543, -503.027, -2610.921, -23.9222, 60, 40, 0
L -529.257, -2623.24, -19.5895, -511.747, -2615.883, -22.3543, 60, 40, 0
L -533.568, -2622.687, -19.3277, -529.257, -2623.24, -19.5895, 60, 40, 0
L -542.383, -2617.208, -19.5223, -533.568, -2622.687, -19.3277, 60, 40, 0
L -553.714, -2616.102, -19.4624, -542.383, -2617.208, -19.5223, 60, 40, 0
L -564.085, -2616.632, -19.3657, -553.714, -2616.102, -19.4624, 60, 40, 0
L -578.583, -2626.133, -17.6944, -564.085, -2616.632, -19.3657, 60, 40, 0
L -598.759, -2612.286, -20.135, -578.583, -2626.133, -17.6944, 60, 40, 0
L -616.123, -2612.29, -21.3691, -598.759, -2612.286, -20.135, 60, 40, 0
L -626.738, -2617.526, -21.7737, -616.123, -2612.29, -21.3691, 60, 40, 0
L -638.767, -2614.157, -23.928, -626.738, -2617.526, -21.7737, 60, 40, 0
L -653.708, -2616.819, -23.404, -638.767, -2614.157, -23.928, 60, 40, 0
L -659.955, -2620.947, -23.557, -653.708, -2616.819, -23.404, 60, 40, 0
L -669.206, -2618.145, -23.3143, -659.955, -2620.947, -23.557, 60, 40, 0
L -685.13, -2623.438, -22.8157, -669.206, -2618.145, -23.3143, 60, 40, 0
L -699.083, -2623.177, -23.6385, -685.13, -2623.438, -22.8157, 60, 40, 0
L -713.982, -2614.067, -25.152, -699.083, -2623.177, -23.6385, 60, 40, 0
L -722.547, -2603.869, -25.8091, -713.982, -2614.067, -25.152, 60, 40, 0
L -728.7, -2590.51, -26.3795, -722.547, -2603.869, -25.8091, 60, 40, 0
L -738.127, -2577.06, -27.2283, -728.7, -2590.51, -26.3795, 60, 40, 0
L -744.544, -2568.17, -27.9383, -738.127, -2577.06, -27.2283, 60, 40, 0
L -755.431, -2557.195, -27.9537, -744.544, -2568.17, -27.9383, 60, 40, 0
L -780.561, -2551.934, -27.9677, -755.431, -2557.195, -27.9537, 60, 40, 0
L -786.703, -2545.129, -27.9677, -780.561, -2551.934, -27.9677, 60, 40, 0
L -800.93, -2540.824, -27.9677, -786.703, -2545.129, -27.9677, 60, 40, 0
L -806.246, -2533.491, -27.9677, -800.93, -2540.824, -27.9677, 60, 40, 0
L -803.505, -2510.047, -27.9619, -806.246, -2533.491, -27.9677, 60, 40, 0
L -811.189, -2490.199, -27.8481, -803.505, -2510.047, -27.9619, 60, 40, 0
L -836.035, -2475.664, -27.9491, -811.189, -2490.199, -27.8481, 60, 40, 0
L -872.506, -2448.875, -27.9677, -836.035, -2475.664, -27.9491, 60, 40, 0
L -890.014, -2439.391, -27.9677, -872.506, -2448.875, -27.9677, 60, 40, 0
L -894.059, -2436.115, -27.9677, -890.014, -2439.391, -27.9677, 60, 40, 0
L -900.383, -2420.216, -27.9677, -894.059, -2436.115, -27.9677, 60, 40, 0
L -895.616, -2397.656, -27.9677, -900.383, -2420.216, -27.9677, 60, 40, 0
L -896.406, -2371.141, -27.9677, -895.616, -2397.656, -27.9677, 60, 40, 0
L -1422.575, -2456.452, 124.8392, -1422.575, -2456.182, 124.8391, 0, 127, 0
L -1389.445, -2452.086, 53.7732, -1422.575, -2456.452, 124.8392, 0, 127, 0
L -1356.045, -2458.013, -8.4539, -1389.445, -2452.086, 53.7732, 0, 127, 0
L -1345.68, -2458.284, -23.5958, -1356.045, -2458.013, -8.4539, 0, 127, 0
L -1329.242, -2447.429, -23.7575, -1345.68, -2458.284, -23.5958, 0, 127, 0
L -1316.745, -2400.412, -27.32, -1329.242, -2447.429, -23.7575, 0, 127, 0
L -1318.283, -2384.39, -24.291, -1316.745, -2400.412, -27.32, 0, 127, 0
L -1320.326, -2368.986, -21.5594, -1318.283, -2384.39, -24.291, 0, 127, 0
L -1329.542, -2361.022, -20.5431, -1320.326, -2368.986, -21.5594, 0, 127, 0
L -1314.459, -2344.576, -12.7836, -1329.542, -2361.022, -20.5431, 0, 127, 0
L -1296.345, -2319.098, -0.8688, -1314.459, -2344.576, -12.7836, 0, 127, 0
L -1263.945, -2322.16, 6.3228, -1296.345, -2319.098, -0.8688, 0, 127, 0
L -1247.124, -2327.392, 9.778, -1263.945, -2322.16, 6.3228, 0, 127, 0
L -1235.111, -2318.235, 14.2507, -1247.124, -2327.392, 9.778, 0, 127, 0
L -1219.647, -2320.236, 17.267, -1235.111, -2318.235, 14.2507, 0, 127, 0
L -1205.569, -2302.879, 24.7999, -1219.647, -2320.236, 17.267, 0, 127, 0
L -1195.472, -2304.431, 26.971, -1205.569, -2302.879, 24.7999, 0, 127, 0
L -1187.822, -2309.263, 26.3629, -1195.472, -2304.431, 26.971, 0, 127, 0
L -1149.236, -2343.922, 25.6576, -1187.822, -2309.263, 26.3629, 0, 127, 0
L -1147.437, -2338.604, 27.3061, -1149.236, -2343.922, 25.6576, 0, 127, 0
L -1126.455, -2319.082, 26.7367, -1147.437, -2338.604, 27.3061, 0, 127, 0
L -1095.642, -2341.45, 15.1222, -1126.455, -2319.082, 26.7367, 0, 127, 0
L -1094.741, -2323.065, 18.8223, -1095.642, -2341.45, 15.1222, 0, 127, 0
L -1093.492, -2310.114, 21.7429, -1094.741, -2323.065, 18.8223, 0, 127, 0
L -1086.514, -2302.517, 22.481, -1093.492, -2310.114, 21.7429, 0, 127, 0
L -1073.748, -2314.701, 17.3416, -1086.514, -2302.517, 22.481, 0, 127, 0
L -1061.661, -2314.102, 15.2263, -1073.748, -2314.701, 17.3416, 0, 127, 0
L -1044.456, -2315.067, 11.8897, -1061.661, -2314.102, 15.2263, 0, 127, 0
L -998.191, -2326.629, -3.3344, -1044.456, -2315.067, 11.8897, 0, 127, 0
L -984.664, -2310.462, -2.2646, -998.191, -2326.629, -3.3344, 0, 127, 0
L -960.625, -2313.664, -9.1107, -984.664, -2310.462, -2.2646, 0, 127, 0
L -930.941, -2314.18, -12.7561, -960.625, -2313.664, -9.1107, 0, 127, 0
L -922.643, -2336.334, -19.317, -930.941, -2314.18, -12.7561, 0, 127, 0
L -902.601, -2312.437, -12.2624, -922.643, -2336.334, -19.317, 0, 127, 0
L -888.625, -2318.671, -13.9786, -902.601, -2312.437, -12.2624, 0, 127, 0
L -862.349, -2309.832, -11.5246, -888.625, -2318.671, -13.9786, 0, 127, 0
L -832.692, -2315.343, -12.6138, -862.349, -2309.832, -11.5246, 0, 127, 0
L -811.33, -2318.111, -12.6183, -832.692, -2315.343, -12.6138, 0, 127, 0
L -790.061, -2310.804, -8.5145, -811.33, -2318.111, -12.6183, 0, 127, 0
L -772.399, -2324.275, -11.3964, -790.061, -2310.804, -8.5145, 0, 127, 0
L -739.524, -2319.456, -6.7561, -772.399, -2324.275, -11.3964, 0, 127, 0
L -727.014, -2335.834, -14.371, -739.524, -2319.456, -6.7561, 0, 127, 0
L -709.974, -2331.276, -13.782, -727.014, -2335.834, -14.371, 0, 127, 0
L -692.595, -2335.243, -16.7896, -709.974, -2331.276, -13.782, 0, 127, 0
L -679.037, -2340.29, -19.8714, -692.595, -2335.243, -16.7896, 0, 127, 0
L -647.511, -2345.9, -25.945, -679.037, -2340.29, -19.8714, 0, 127, 0
L -625.818, -2348.615, -24.387, -647.511, -2345.9, -25.945, 0, 127, 0
L -605.117, -2328.502, -15.3369, -625.818, -2348.615, -24.387, 0, 127, 0
L -588.299, -2327.947, -13.707, -605.117, -2328.502, -15.3369, 0, 127, 0
L -578.518, -2329.919, -13.4535, -588.299, -2327.947, -13.707, 0, 127, 0
L -566.046, -2324.354, -10.219, -578.518, -2329.919, -13.4535, 0, 127, 0
L -549.952, -2325.197, -8.5385, -566.046, -2324.354, -10.219, 0, 127, 0
L -536.233, -2301.662, 0.2893, -549.952, -2325.197, -8.5385, 0, 127, 0
L -530.801, -2301.27, 0.1921, -536.233, -2301.662, 0.2893, 0, 127, 0
L -523.776, -2313.098, -4.5305, -530.801, -2301.27, 0.1921, 0, 127, 0
L -489.777, -2315.695, -7.5193, -523.776, -2313.098, -4.5305, 0, 127, 0
L -453.268, -2318.691, -13.1326, -489.777, -2315.695, -7.5193, 0, 127, 0
L -429.791, -2322.338, -15.672, -453.268, -2318.691, -13.1326, 0, 127, 0
L -401.581, -2329.299, -17.387, -429.791, -2322.338, -15.672, 0, 127, 0
L -356.201, -2347.502, -22.1951, -401.581, -2329.299, -17.387, 0, 127, 0
L -342.223, -2367.543, -27.8721, -356.201, -2347.502, -22.1951, 0, 127, 0
L -328.626, -2374.665, -27.9677, -342.223, -2367.543, -27.8721, 0, 127, 0
L -317.088, -2384.47, -27.9677, -328.626, -2374.665, -27.9677, 0, 127, 0
L -282.809, -2391.162, -27.9677, -317.088, -2384.47, -27.9677, 0, 127, 0
L -283.169, -2408.882, -27.9677, -282.809, -2391.162, -27.9677, 0, 127, 0
L -264.081, -2418.172, -27.9677, -283.169, -2408.882, -27.9677, 0, 127, 0
L -244.161, -2414.976, -27.9677, -264.081, -2418.172, -27.9677, 0, 127, 0
L -223.721, -2410.453, -27.9677, -244.161, -2414.976, -27.9677, 0, 127, 0
L -205.583, -2398.382, -27.9677, -223.721, -2410.453, -27.9677, 0, 127, 0
L -197.482, -2401.442, -27.9677, -205.583, -2398.382, -27.9677, 0, 127, 0
L -170.285, -2383.884, -27.9677, -197.482, -2401.442, -27.9677, 0, 127, 0
L -157.609, -2376.675, -27.9677, -170.285, -2383.884, -27.9677, 0, 127, 0
L -142.509, -2351.271, -23.2627, -157.609, -2376.675, -27.9677, 0, 127, 0
L -129.067, -2348.693, -22.4533, -142.509, -2351.271, -23.2627, 0, 127, 0
L -106.485, -2320.535, -14.5056, -129.067, -2348.693, -22.4533, 0, 127, 0
L -62.226, -2319.656, -13.8842, -106.485, -2320.535, -14.5056, 0, 127, 0
L -33.334, -2332.325, -17.4858, -62.226, -2319.656, -13.8842, 0, 127, 0
L -11.394, -2316.256, -12.7486, -33.334, -2332.325, -17.4858, 0, 127, 0
L 7.978, -2324.846, -15.2703, -11.394, -2316.256, -12.7486, 0, 127, 0
L 26.137, -2309.951, -6.7759, 7.978, -2324.846, -15.2703, 0, 127, 0
L 62.849, -2318.246, -6.646, 26.137, -2309.951, -6.7759, 0, 127, 0
L 79.341, -2314.354, -3.234, 62.849, -2318.246, -6.646, 0, 127, 0
L 117.077, -2304.047, -0.1519, 79.341, -2314.354, -3.234, 0, 127, 0
L 167.556, -2318.681, -5.9912, 117.077, -2304.047, -0.1519, 0, 127, 0
L 177.629, -2306.05, -1.8889, 167.556, -2318.681, -5.9912, 0, 127, 0
L 190.618, -2302.619, -0.1879, 177.629, -2306.05, -1.8889, 0, 127, 0
L 214.801, -2300.957, 1.4424, 190.618, -2302.619, -0.1879, 0, 127, 0
L 224.93, -2279.086, 7.2892, 214.801, -2300.957, 1.4424, 0, 127, 0
L 254.876, -2270.379, 10.8513, 224.93, -2279.086, 7.2892, 0, 127, 0
L 270.141, -2273.125, 9.7918, 254.876, -2270.379, 10.8513, 0, 127, 0
L 275.707, -2284.928, 7.8048, 270.141, -2273.125, 9.7918, 0, 127, 0
L 307.301, -2289.555, 5.4413, 275.707, -2284.928, 7.8048, 0, 127, 0
L 327.11, -2320.426, 0.11, 307.301, -2289.555, 5.4413, 0, 127, 0
L 371.946, -2314.085, -0.362, 327.11, -2320.426, 0.11, 0, 127, 0
L 393.783, -2303.094, 1.6407, 371.946, -2314.085, -0.362, 0, 127, 0
L 423.034, -2307.619, -0.3237, 393.783, -2303.094, 1.6407, 0, 127, 0
L 435.977, -2294.099, -0.2243, 423.034, -2307.619, -0.3237, 0, 127, 0
L 427.797, -2276.853, 1.3115, 435.977, -2294.099, -0.2243, 0, 127, 0
L 442.343, -2275.678, 0.5485, 427.797, -2276.853, 1.3115, 0, 127, 0
L 456.574, -2265.487, 0.5177, 442.343, -2275.678, 0.5485, 0, 127, 0
L 459.821, -2276.004, -0.7936, 456.574, -2265.487, 0.5177, 0, 127, 0
L 470.724, -2288.419, -2.7042, 459.821, -2276.004, -0.7936, 0, 127, 0
L 476.794, -2297.044, -3.8677, 470.724, -2288.419, -2.7042, 0, 127, 0
L 479.61, -2312.958, -5.1345, 476.794, -2297.044, -3.8677, 0, 127, 0
L 492.6, -2321.652, -7.284, 479.61, -2312.958, -5.1345, 0, 127, 0
L 492.658, -2340.03, -8.1562, 492.6, -2321.652, -7.284, 0, 127, 0
L 504.383, -2366.323, -10.9913, 492.658, -2340.03, -8.1562, 0, 127, 0
L 504.015, -2400.537, -7.6017, 504.383, -2366.323, -10.9913, 0, 127, 0
L 513.625, -2409.489, -7.6577, 504.015, -2400.537, -7.6017, 0, 127, 0
L 514.914, -2441.85, -3.7334, 513.625, -2409.489, -7.6577, 0, 127, 0
L 542.534, -2445.57, -6.9278, 514.914, -2441.85, -3.7334, 0, 127, 0
L 545.94, -2461.027, -5.5755, 542.534, -2445.57, -6.9278, 0, 127, 0
L 554.878, -2467.658, -5.8436, 545.94, -2461.027, -5.5755, 0, 127, 0
L 593.438, -2487.373, -14.457, 554.878, -2467.658, -5.8436, 0, 127, 0
L 613.862, -2520.012, -19.389, 593.438, -2487.373, -14.457, 0, 127, 0
L 637.556, -2534.136, -24.2905, 613.862, -2520.012, -19.389, 0, 127, 0
L 651.88, -2563.994, -27.4572, 637.556, -2534.136, -24.2905, 0, 127, 0
L 703.774, -2610.671, 2.6892, 651.88, -2563.994, -27.4572, 0, 127, 0
L 713.437, -2602.948, 1.883, 703.774, -2610.671, 2.6892, 150, 100, 0
L -114.564, 1288.977, 16.9025, -121.949, 1319.901, 16.9044, 64, 64, 64
L -145.616, 1281.85, 16.9044, -114.564, 1288.977, 16.9025, 64, 64, 64
L -153.153, 1312.684, 16.8985, -145.616, 1281.85, 16.9044, 64, 64, 64
L -122.17, 1319.846, 16.9044, -153.153, 1312.684, 16.8985, 64, 64, 64
L -122.153, 1320.845, 16.932, -112.582, 1287.668, -19.4002, 64, 64, 64
L -153.935, 1312.955, 6.5071, -122.153, 1320.845, 16.932, 64, 64, 64
L -147.543, 1278.819, -33.8427, -153.935, 1312.955, 6.5071, 64, 64, 64
L -112.799, 1287.534, -19.5801, -147.543, 1278.819, -33.8427, 64, 64, 64
L 487.31, 993.219, 9.3016, 492.406, 991.259, 9.3016, 64, 64, 64
L 482.074, 990.925, 9.3016, 487.31, 993.219, 9.3016, 64, 64, 64
L 480.077, 985.688, 9.3016, 482.074, 990.925, 9.3016, 64, 64, 64
L 483.028, 980.806, 9.3016, 480.077, 985.688, 9.3016, 64, 64, 64
L 487.74, 978.554, 9.3016, 483.028, 980.806, 9.3016, 64, 64, 64
L 492.778, 980.901, 9.3016, 487.74, 978.554, 9.3016, 64, 64, 64
L 494.678, 985.999, 9.3016, 492.778, 980.901, 9.3016, 64, 64, 64
L 492.334, 991.791, 9.3016, 494.678, 985.999, 9.3016, 64, 64, 64
L 475.802, 986.859, 6.5594, 481.29, 997.092, 6.5594, 64, 64, 64
L 481.91, 977.093, 6.5594, 475.802, 986.859, 6.5594, 64, 64, 64
L 493.555, 977.458, 6.5594, 481.91, 977.093, 6.5594, 64, 64, 64
L 498.971, 987.753, 6.5594, 493.555, 977.458, 6.5594, 64, 64, 64
L 492.561, 997.639, 6.5594, 498.971, 987.753, 6.5594, 64, 64, 64
L 481.05, 997.008, 6.5594, 492.561, 997.639, 6.5594, 64, 64, 64
L 467.759, 991.834, 3.8094, 476.601, 1009.064, 3.8094, 64, 64, 64
L 478.114, 975.684, 3.8094, 467.759, 991.834, 3.8094, 64, 64, 64
L 497.705, 976.611, 3.8094, 478.114, 975.684, 3.8094, 64, 64, 64
L 506.433, 993.609, 3.8094, 497.705, 976.611, 3.8094, 64, 64, 64
L 496.164, 1009.788, 3.8094, 506.433, 993.609, 3.8094, 64, 64, 64
L 476.511, 1008.983, 3.8094, 496.164, 1009.788, 3.8094, 64, 64, 64
L 467.828, 991.64, 3.8094, 476.511, 1008.983, 3.8094, 64, 64, 64
L 502.397, 975.582, 2.3759, 473.538, 974.267, 2.3759, 64, 64, 64
L 515.87, 1001.477, 2.3759, 502.397, 975.582, 2.3759, 64, 64, 64
L 500.313, 1026.135, 2.3759, 515.87, 1001.477, 2.3759, 64, 64, 64
L 471.319, 1024.972, 2.3759, 500.313, 1026.135, 2.3759, 64, 64, 64
L 457.558, 998.749, 2.3759, 471.319, 1024.972, 2.3759, 64, 64, 64
L 473.405, 974.485, 2.3759, 457.558, 998.749, 2.3759, 64, 64, 64
L 167.942, 526.912, -84.5634, 167.942, 519.623, -76.7022, 64, 64, 64
L 167.942, 547.871, -84.5467, 167.942, 526.912, -84.5634, 64, 64, 64
L 167.942, 562.974, -79.9265, 167.942, 547.871, -84.5467, 64, 64, 64
L 181.127, 562.974, -78.6359, 167.942, 562.974, -79.9265, 64, 64, 64
L 210.684, 562.974, -79.1557, 181.127, 562.974, -78.6359, 64, 64, 64
L 210.684, 549.923, -84.5022, 210.684, 562.974, -79.1557, 64, 64, 64
L 210.684, 526.166, -84.5634, 210.684, 549.923, -84.5022, 64, 64, 64
L 210.684, 519.622, -77.5365, 210.684, 526.166, -84.5634, 64, 64, 64
L 167.942, 519.623, -76.7022, 210.684, 519.622, -77.5365, 64, 64, 64
L 167.564, 535.939, -84.2352, 163.478, 535.939, -84.2352, 64, 64, 64
L 163.392, 547.465, -84.2498, 167.502, 547.459, -84.2352, 64, 64, 64
L 163.082, 531.053, -84.4344, 154.552, 531.051, -84.4344, 64, 64, 64
L 154.373, 527.953, -85.555, 163.082, 528.104, -85.886, 64, 64, 64
L 154.172, 532.903, -90.7229, 154.373, 527.953, -85.555, 64, 64, 64
L 154.312, 550.758, -84.8979, 154.172, 532.903, -90.7229, 64, 64, 64
L 158.877, 550.889, -84.4068, 163.082, 550.156, -84.4344, 64, 64, 64
L 154.67, 550.914, -84.8576, 158.877, 550.889, -84.4068, 64, 64, 64
L 163.082, 549.528, -84.4175, 163.082, 566.64, -79.696, 64, 64, 64
L 163.082, 531.196, -84.4344, 163.082, 549.528, -84.4175, 64, 64, 64
L 163.082, 529.188, -85.9615, 163.082, 531.196, -84.4344, 64, 64, 64
L 163.052, 514.915, -71.4602, 163.082, 529.188, -85.9615, 64, 64, 64
L 215.544, 515.275, -72.8777, 163.052, 514.915, -71.4602, 64, 64, 64
L 215.544, 532.919, -91.903, 215.544, 515.275, -72.8777, 64, 64, 64
L 215.538, 566.913, -77.2959, 215.544, 532.919, -91.903, 64, 64, 64
L 215.364, 567.169, -77.1825, 215.538, 566.913, -77.2959, 64, 64, 64
L 214.642, 567.225, -77.1448, 215.364, 567.169, -77.1825, 64, 64, 64
L 185.009, 567.225, -76.7382, 214.642, 567.225, -77.1448, 64, 64, 64
L 163.504, 567.225, -78.8456, 185.009, 567.225, -76.7382, 64, 64, 64
L -332.422, 162.05, -35.857, -333.44, 163.854, -35.1188, 100, 50, 0
L -334.352, 160.597, -34.514, -332.422, 162.05, -35.857, 100, 50, 0
L -333.364, 159.084, -34.9971, -334.352, 160.597, -34.514, 100, 50, 0
L -331.483, 160.409, -34.6796, -333.364, 159.084, -34.9971, 100, 50, 0
L -330.223, 158.568, -34.6799, -331.483, 160.409, -34.6796, 100, 50, 0
L -328.716, 159.118, -35.645, -330.223, 158.568, -34.6799, 100, 50, 0
L -329.992, 160.574, -34.6561, -328.716, 159.118, -35.645, 100, 50, 0
L -328.187, 162.104, -35.1441, -329.992, 160.574, -34.6561, 100, 50, 0
L -328.674, 163.738, -35.1794, -328.187, 162.104, -35.1441, 100, 50, 0
L -330.759, 162.477, -34.6081, -328.674, 163.738, -35.1794, 100, 50, 0
L -331.592, 164.893, -35.1698, -330.759, 162.477, -34.6081, 100, 50, 0
L -333.44, 163.854, -35.1186, -331.592, 164.893, -35.1698, 100, 50, 0
L -329.75, 159.015, -34.1923, -332.459, 164.049, -34.1627, 240, 0, 0
L -333.23, 160.341, -34.1555, -328.722, 162.719, -34.1871, 240, 0, 0
L -382.089, 157.449, -9.1115, -394.136, 155.853, -14.1964, 100, 50, 0
L -382.279, 157.548, -9.69, -382.089, 157.449, -9.1115, 100, 50, 0
L -393.823, 156.648, -14.669, -382.279, 157.548, -9.69, 100, 50, 0
L -393.377, 156.303, -13.7581, -396.348, 174.195, -36.4121, 100, 50, 0
L -391.633, 139.59, -35.1828, -393.377, 156.303, -13.7581, 100, 50, 0
L -432.605, 133.159, -36.3014, -391.633, 139.59, -35.1828, 100, 50, 0
L -435.003, 150.539, -33.258, -432.605, 133.159, -36.3014, 100, 50, 0
L -437.602, 168.171, -36.5379, -435.003, 150.539, -33.258, 100, 50, 0
L -395.709, 174.027, -36.4035, -437.602, 168.171, -36.5379, 100, 50, 0
L -355.72, 185.176, -9.228, -349.938, 194.73, -14.2688, 100, 50, 0
L -355.306, 184.36, -9.184, -355.72, 185.176, -9.228, 100, 50, 0
L -349.032, 194.036, -14.237, -355.306, 184.36, -9.184, 100, 50, 0
L -327.693, 229.875, -33.3611, -325.744, 233.708, -36.9354, 100, 50, 0
L -326.7, 229.473, -33.7147, -327.693, 229.875, -33.3611, 100, 50, 0
L -324.465, 233.133, -36.8984, -326.7, 229.473, -33.7147, 100, 50, 0
L -325.744, 233.708, -36.7578, -324.465, 233.133, -36.8984, 100, 50, 0
L -350.194, 194.362, -14.2021, -364.976, 203.802, -36.2462, 100, 50, 0
L -334.984, 185.017, -35.5816, -350.194, 194.362, -14.2021, 100, 50, 0
L -312.565, 219.563, -36.8363, -334.984, 185.017, -35.5816, 100, 50, 0
L -327.093, 229.144, -33.1593, -312.565, 219.563, -36.8363, 100, 50, 0
L -339.092, 236.998, -35.6636, -327.093, 229.144, -33.1593, 100, 50, 0
L -342.512, 237.428, -35.5681, -339.092, 236.998, -35.6636, 100, 50, 0
L -345.075, 234.462, -36.3061, -342.512, 237.428, -35.5681, 100, 50, 0
L -364.976, 203.802, -36.3781, -345.075, 234.462, -36.3061, 100, 50, 0
L -386.42, 188.869, -9.157, -395.984, 194.326, -14.3463, 100, 50, 0
L -387.624, 188.407, -9.2359, -386.42, 188.869, -9.157, 100, 50, 0
L -396.674, 194.39, -14.2571, -387.624, 188.407, -9.2359, 100, 50, 0
L -431.684, 216.018, -33.2652, -435.565, 218.625, -36.2471, 100, 50, 0
L -431.256, 216.75, -33.2674, -431.684, 216.018, -33.2652, 100, 50, 0
L -434.576, 219.262, -36.2479, -431.256, 216.75, -33.2674, 100, 50, 0
L -435.565, 218.625, -36.2483, -434.576, 219.262, -36.2479, 100, 50, 0
L -431.307, 216.798, -33.1101, -440.678, 201.531, -36.2603, 100, 50, 0
L -421.553, 231.119, -36.2443, -431.307, 216.798, -33.1101, 100, 50, 0
L -386.138, 209.924, -36.5919, -421.553, 231.119, -36.2443, 100, 50, 0
L -395.94, 194.491, -13.7774, -386.138, 209.924, -36.5919, 100, 50, 0
L -405.057, 179.462, -36.1317, -395.94, 194.491, -13.7774, 100, 50, 0
L -440.812, 201.486, -36.3209, -405.057, 179.462, -36.1317, 100, 50, 0
L -1269.925, 1444.029, 3.7132, -1266.282, 1439.526, 3.7176, 240, 0, 0
L -1269.802, 1439.628, 3.7225, -1265.704, 1443.116, 3.725, 240, 0, 0
L -1269.65, 1438.542, 2.9886, -1271.031, 1440.081, 3.2212, 100, 50, 0
L -1268.063, 1440.007, 3.181, -1269.65, 1438.542, 2.9886, 100, 50, 0
L -1266.497, 1438.222, 2.8938, -1268.063, 1440.007, 3.181, 100, 50, 0
L -1265.428, 1439.221, 3.2176, -1266.497, 1438.222, 2.8938, 100, 50, 0
L -1267.344, 1441.088, 3.2722, -1265.428, 1439.221, 3.2176, 100, 50, 0
L -1265.658, 1442.584, 2.809, -1267.344, 1441.088, 3.2722, 100, 50, 0
L -1266.089, 1444.043, 2.7806, -1265.658, 1442.584, 2.809, 100, 50, 0
L -1267.941, 1442.661, 3.1394, -1266.089, 1444.043, 2.7806, 100, 50, 0
L -1269.384, 1444.164, 3.2261, -1267.941, 1442.661, 3.1394, 100, 50, 0
L -1270.369, 1443.262, 3.3658, -1269.384, 1444.164, 3.2261, 100, 50, 0
L -1269.262, 1441.501, 2.205, -1270.369, 1443.262, 3.3658, 100, 50, 0
L -1271.031, 1440.081, 2.2305, -1269.262, 1441.501, 2.205, 100, 50, 0
L -1254.78, 1476.636, 1.5245, -1275.805, 1473.036, 1.5932, 100, 50, 0
L -1258.192, 1496.431, 1.1408, -1254.78, 1476.636, 1.5245, 100, 50, 0
L -1278.282, 1493.074, 1.2049, -1258.192, 1496.431, 1.1408, 100, 50, 0
L -1275.365, 1473.08, 1.5941, -1278.282, 1493.074, 1.2049, 100, 50, 0
L -1309.974, 1484.625, 1.6566, -1322.558, 1468.731, 1.8821, 100, 50, 0
L -1294.794, 1471.524, 1.6216, -1309.974, 1484.625, 1.6566, 100, 50, 0
L -1306.978, 1455.932, 1.9245, -1294.794, 1471.524, 1.6216, 100, 50, 0
L -1323.804, 1468.71, 1.8877, -1306.978, 1455.932, 1.9245, 100, 50, 0
L -1304.457, 1441.132, 2.2122, -1298.244, 1433.239, 2.3502, 100, 50, 0
L -1313.298, 1439.809, 2.2378, -1304.457, 1441.132, 2.2122, 100, 50, 0
L -1317.057, 1431.858, 2.4943, -1313.298, 1439.809, 2.2378, 100, 50, 0
L -1311.65, 1424.054, 3.1036, -1317.057, 1431.858, 2.4943, 100, 50, 0
L -1302.745, 1425.288, 3, -1311.65, 1424.054, 3.1036, 100, 50, 0
L -1298.244, 1433.239, 2.3639, -1302.745, 1425.288, 3, 100, 50, 0
L -1078.551, 1143.501, 94.9461, -1085.256, 1163.003, 94.9466, 150, 100, 0
L -1077.394, 1142.034, 94.9269, -1078.551, 1143.501, 94.9461, 150, 100, 0
L -1052.332, 1136.067, 94.9264, -1077.394, 1142.034, 94.9269, 150, 100, 0
L -1051.037, 1135.553, 94.635, -1052.332, 1136.067, 94.9264, 150, 100, 0
L -1049.608, 1135.73, 94.5756, -1051.037, 1135.553, 94.635, 150, 100, 0
L -1008.608, 1171.649, 94.5754, -1049.608, 1135.73, 94.5756, 150, 100, 0
L -1001.374, 1187.442, 94.6238, -1008.608, 1171.649, 94.5754, 150, 100, 0
L -997.369, 1198.823, 94.6234, -1001.374, 1187.442, 94.6238, 150, 100, 0
L -995.332, 1203.824, 99.391, -997.369, 1198.823, 94.6234, 150, 100, 0
L -997.127, 1205.29, 105.5655, -995.332, 1203.824, 99.391, 150, 100, 0
L -1000.994, 1208.901, 111.7489, -997.127, 1205.29, 105.5655, 150, 100, 0
L -1009.308, 1220.926, 119.3991, -1000.994, 1208.901, 111.7489, 150, 100, 0
L -1018.038, 1233.966, 127.8834, -1009.308, 1220.926, 119.3991, 150, 100, 0
L -1032.703, 1253.633, 140.1426, -1018.038, 1233.966, 127.8834, 150, 100, 0
L -1034.635, 1256.258, 144.7656, -1032.703, 1253.633, 140.1426, 150, 100, 0
L -1053.256, 1270.415, 125.2627, -1034.635, 1256.258, 144.7656, 150, 100, 0
L -1063.046, 1276.837, 117.2777, -1053.256, 1270.415, 125.2627, 150, 100, 0
L -1066.563, 1278.887, 114.9786, -1063.046, 1276.837, 117.2777, 150, 100, 0
L -1085.247, 1284.398, 101.9097, -1066.563, 1278.887, 114.9786, 150, 100, 0
L -1088.109, 1283.294, 103.218, -1085.247, 1284.398, 101.9097, 150, 100, 0
L -1102.546, 1275.158, 94.933, -1088.109, 1283.294, 103.218, 150, 100, 0
L -1102.7, 1273.08, 95.364, -1102.546, 1275.158, 94.933, 150, 100, 0
L -1101.985, 1261.655, 95.3987, -1102.7, 1273.08, 95.364, 150, 100, 0
L -1099.812, 1205.498, 95.626, -1101.985, 1261.655, 95.3987, 150, 100, 0
L -1099.424, 1204.218, 94.9518, -1099.812, 1205.498, 95.626, 150, 100, 0
L -1084.405, 1160.539, 94.9679, -1099.424, 1204.218, 94.9518, 150, 100, 0
L -1140.746, -672.2, 137.8404, -1141.27, -683.904, 137.779, 150, 100, 0
L -1139.937, -669.65, 138.229, -1140.746, -672.2, 137.8404, 150, 100, 0
L -1132.301, -643.234, 138.208, -1139.937, -669.65, 138.229, 150, 100, 0
L -1131.125, -640.317, 137.486, -1132.301, -643.234, 138.208, 150, 100, 0
L -1113.991, -625.004, 137.4853, -1131.125, -640.317, 137.486, 150, 100, 0
L -1112.156, -623.697, 138.614, -1113.991, -625.004, 137.4853, 150, 100, 0
L -1110.55, -624.109, 138.7658, -1112.156, -623.697, 138.614, 150, 100, 0
L -1085.411, -630.086, 138.7456, -1110.55, -624.109, 138.7658, 150, 100, 0
L -1082.747, -630.924, 137.6396, -1085.411, -630.086, 138.7456, 150, 100, 0
L -1071.625, -682.972, 137.587, -1082.747, -630.924, 137.6396, 150, 100, 0
L -1071.414, -684.825, 137.6067, -1071.625, -682.972, 137.587, 150, 100, 0
L -1073.05, -704.003, 137.6066, -1071.414, -684.825, 137.6067, 150, 100, 0
L -1073.118, -705.599, 137.4018, -1073.05, -704.003, 137.6066, 150, 100, 0
L -1074.061, -707.302, 137.7421, -1073.118, -705.599, 137.4018, 150, 100, 0
L -1084.963, -717.286, 137.7413, -1074.061, -707.302, 137.7421, 150, 100, 0
L -1089.463, -720.869, 137.725, -1084.963, -717.286, 137.7413, 150, 100, 0
L -1112.765, -722.366, 137.7225, -1089.463, -720.869, 137.725, 150, 100, 0
L -1114.223, -722.036, 137.7668, -1112.765, -722.366, 137.7225, 150, 100, 0
L -1141.342, -709.907, 137.771, -1114.223, -722.036, 137.7668, 150, 100, 0
L -1142.933, -709.426, 137.8177, -1141.342, -709.907, 137.771, 150, 100, 0
L -1142.528, -707.823, 137.8702, -1142.933, -709.426, 137.8177, 150, 100, 0
L -1142.181, -698.898, 137.8702, -1142.528, -707.823, 137.8702, 150, 100, 0
L -1141.289, -683.35, 137.8591, -1142.181, -698.898, 137.8702, 150, 100, 0
L -823.682, -1151.575, 7.2084, -839.958, -1164.604, 7.1462, 64, 64, 64
L -822.713, -1152.904, 7.2084, -823.682, -1151.575, 7.2084, 64, 64, 64
L -839.664, -1165.223, 7.2084, -839.526, -1165.824, 7.2084, 64, 64, 64
L -839.34, -1165.67, 6.7961, -842.356, -1162.108, 0.2612, 64, 64, 64
L -839.797, -1166.81, 7.2042, -839.34, -1165.67, 6.7961, 64, 64, 64
L -824.128, -1185.803, 7.1897, -839.797, -1166.81, 7.2042, 64, 64, 64
L -805.936, -1170.539, 7.2084, -824.128, -1185.803, 7.1897, 64, 64, 64
L -821.438, -1151.83, 7.2084, -805.936, -1170.539, 7.2084, 64, 64, 64
L -822.698, -1152.564, 7.2084, -821.438, -1151.83, 7.2084, 64, 64, 64
L -828.954, -1144.507, -6.2892, -822.698, -1152.564, 7.2084, 64, 64, 64
L -822.644, -1094.505, -18.8572, -819.49, -1111.046, 4.7788, 64, 64, 64
L -808.435, -1094.06, -21.5387, -815.323, -1111.673, 4.7788, 64, 64, 64
L -817.026, -1109.119, 4.7788, -814.804, -1085.087, -22.432, 64, 64, 64
L -814.65, -1111.493, 4.7788, -817.407, -1108.97, 4.7788, 64, 64, 64
L -817.316, -1113.877, 4.7583, -814.65, -1111.493, 4.7788, 64, 64, 64
L -820.054, -1111.09, 4.7, -817.316, -1113.877, 4.7583, 64, 64, 64
L -816.801, -1108.993, 4.7788, -820.054, -1111.09, 4.7, 64, 64, 64
L -822.616, -1094.509, -18.8613, -816.34, -1103.172, -18.227, 64, 64, 64
L -814.67, -1084.993, -22.478, -822.616, -1094.509, -18.8613, 64, 64, 64
L -808.52, -1094.262, -21.2392, -814.67, -1084.993, -22.478, 64, 64, 64
L -816.34, -1103.172, -18.899, -808.52, -1094.262, -21.2392, 64, 64, 64
L -763.682, -1179.082, 2.4525, -766.706, -1175.661, 2.3759, 64, 64, 64
L -759.202, -1176.313, 2.3759, -763.682, -1179.082, 2.4525, 64, 64, 64
L -762.351, -1172.229, 2.3759, -759.202, -1176.313, 2.3759, 64, 64, 64
L -766.706, -1175.661, 2.3759, -762.351, -1172.229, 2.3759, 64, 64, 64
L -843.503, -1167.437, 2.4899, -824.603, -1190.305, 2.6282, 64, 64, 64
L -845.324, -1165.847, 1.7944, -843.503, -1167.437, 2.4899, 64, 64, 64
L -842.363, -1162.098, 0.2576, -845.324, -1165.847, 1.7944, 64, 64, 64
L -843.383, -1161.052, 0.31, -842.363, -1162.098, 0.2576, 64, 64, 64
L -829.721, -1143.605, -6.356, -843.383, -1161.052, 0.31, 64, 64, 64
L -828.689, -1144.568, -6.3235, -829.721, -1143.605, -6.356, 64, 64, 64
L -819.969, -1134.522, -10.2015, -828.689, -1144.568, -6.3235, 64, 64, 64
L -818.304, -1137.464, -9.9883, -819.969, -1134.522, -10.2015, 64, 64, 64
L -804.104, -1167.39, 2.3759, -818.304, -1137.464, -9.9883, 64, 64, 64
L -800.787, -1171.61, 2.3759, -804.104, -1167.39, 2.3759, 64, 64, 64
L -824.623, -1190.658, 2.3759, -800.787, -1171.61, 2.3759, 64, 64, 64
L -826.671, -1224.818, 2.3759, -830.288, -1228.298, 2.749, 64, 64, 64
L -823.816, -1229.477, 2.3759, -826.671, -1224.818, 2.3759, 64, 64, 64
L -824.303, -1229.415, 2.3759, -823.816, -1229.477, 2.3759, 64, 64, 64
L -827.485, -1231.821, 2.3759, -824.303, -1229.415, 2.3759, 64, 64, 64
L -830.288, -1228.298, 2.3759, -827.485, -1231.821, 2.3759, 64, 64, 64
L 375.815, -1159.987, 5.8483, 374.523, -1160.485, 5.4314, 100, 50, 0
L 375.301, -1157.99, 5.9679, 375.815, -1159.987, 5.8483, 100, 50, 0
L 377.798, -1157.94, 5.41, 375.301, -1157.99, 5.9679, 100, 50, 0
L 377.538, -1155.861, 5.6933, 377.798, -1157.94, 5.41, 100, 50, 0
L 376.123, -1156.223, 5.774, 377.538, -1155.861, 5.6933, 100, 50, 0
L 374.851, -1153.891, 5.734, 376.123, -1156.223, 5.774, 100, 50, 0
L 373.325, -1154.078, 5.7195, 374.851, -1153.891, 5.734, 100, 50, 0
L 373.621, -1156.606, 5.8254, 373.325, -1154.078, 5.7195, 100, 50, 0
L 371.501, -1156.889, 5.7628, 373.621, -1156.606, 5.8254, 100, 50, 0
L 371.593, -1158.522, 5.7664, 371.501, -1156.889, 5.7628, 100, 50, 0
L 373.93, -1158.111, 5.8036, 371.593, -1158.522, 5.7664, 100, 50, 0
L 374.307, -1160.363, 5.7233, 373.93, -1158.111, 5.8036, 100, 50, 0
L 375.04, -1159.935, 6.2969, 374, -1154.324, 6.2843, 240, 0, 0
L 371.808, -1157.663, 6.2979, 377.579, -1156.694, 6.2821, 240, 0, 0
L 343.878, -1134.495, 31.496, 332.817, -1137.476, 26.1183, 100, 50, 0
L 343.407, -1133.835, 31.3495, 343.878, -1134.495, 31.496, 100, 50, 0
L 332.693, -1136.164, 26.3773, 343.407, -1133.835, 31.3495, 100, 50, 0
L 332.562, -1136.837, 26.6325, 329.786, -1118.648, 3.2397, 100, 50, 0
L 337.011, -1153.534, 4.8558, 332.562, -1136.837, 26.6325, 100, 50, 0
L 296.655, -1162.121, 5.26, 337.011, -1153.534, 4.8558, 100, 50, 0
L 295.498, -1160.435, 4.9198, 296.655, -1162.121, 5.26, 100, 50, 0
L 293.494, -1152.512, 7.1239, 295.498, -1160.435, 4.9198, 100, 50, 0
L 287.336, -1147.411, 4.2853, 291.964, -1146.466, 7.1239, 100, 50, 0
L 287.072, -1146.468, 4.2412, 287.336, -1147.411, 4.2853, 100, 50, 0
L 291.714, -1145.446, 7.1329, 287.072, -1146.468, 4.2412, 100, 50, 0
L 291.987, -1145.874, 7.3018, 291.714, -1145.446, 7.1329, 100, 50, 0
L 288.111, -1129.601, 4.245, 293.494, -1152.512, 7.3018, 100, 50, 0
L 329.331, -1119.191, 4.1543, 288.111, -1129.601, 4.245, 100, 50, 0
L 341.518, -1095.616, 24.364, 333.088, -1110.345, 3.611, 100, 50, 0
L 350.316, -1080.404, 2.1248, 341.518, -1095.616, 24.364, 100, 50, 0
L 351.446, -1100.88, 29.628, 342.075, -1095.159, 24.757, 100, 50, 0
L 351.058, -1101.639, 29.606, 351.446, -1100.88, 29.628, 100, 50, 0
L 341.417, -1096.168, 24.491, 351.058, -1101.639, 29.606, 100, 50, 0
L 296.529, -1091.668, 1.9818, 333.088, -1110.345, 3.596, 100, 50, 0
L 305.092, -1075.965, 4.7018, 296.529, -1091.668, 1.9818, 100, 50, 0
L 300.444, -1073.988, 2.3866, 305.092, -1075.965, 4.7018, 100, 50, 0
L 300.456, -1072.564, 1.2695, 300.444, -1073.988, 2.3866, 100, 50, 0
L 305.319, -1074.811, 4.7859, 300.456, -1072.564, 1.2695, 100, 50, 0
L 313.522, -1060.447, 2.649, 305.319, -1074.811, 4.7859, 100, 50, 0
L 350.316, -1080.404, 1.611, 313.522, -1060.447, 2.649, 100, 50, 0
L 423.814, -1085.618, 7.7742, 427.944, -1083.208, 4.7484, 100, 50, 0
L 424.687, -1086.208, 7.2224, 423.814, -1085.618, 7.7742, 100, 50, 0
L 428.372, -1084.153, 4.8075, 424.687, -1086.208, 7.2224, 100, 50, 0
L 427.898, -1083.189, 4.7457, 428.372, -1084.153, 4.8075, 100, 50, 0
L 386.299, -1104.604, 27.157, 394.035, -1120.14, 5.293, 100, 50, 0
L 376.499, -1109.473, 31.9732, 386.407, -1104.821, 27.157, 100, 50, 0
L 376.514, -1109.362, 31.8244, 376.499, -1109.473, 31.9732, 100, 50, 0
L 386.086, -1104.193, 27.1844, 376.514, -1109.362, 31.8244, 100, 50, 0
L 378.081, -1089.272, 3.506, 386.299, -1104.604, 27.1844, 100, 50, 0
L 416.016, -1070.471, 3.529, 378.081, -1089.272, 3.506, 100, 50, 0
L 423.489, -1086.177, 7.4436, 416.016, -1070.471, 3.529, 100, 50, 0
L 430.681, -1099.413, 4.5419, 423.489, -1086.177, 7.4436, 100, 50, 0
L 430.984, -1102.288, 4.5042, 430.681, -1099.413, 4.5419, 100, 50, 0
L 394.035, -1120.14, 4.4513, 430.984, -1102.288, 4.5042, 100, 50, 0
L 925.366, -2006.682, 4.5534, 926.142, -2006.508, 4.6059, 100, 50, 0
L 923.618, -1997.299, 4.6078, 924.151, -1996.656, 4.6078, 100, 50, 0
L 927.285, -2010.458, 4.3696, 944.882, -2006.958, 4.3696, 100, 50, 0
L 923.785, -1992.862, 4.3696, 927.285, -2010.458, 4.3696, 100, 50, 0
L 941.382, -1989.361, 4.3696, 923.785, -1992.862, 4.3696, 100, 50, 0
L 944.882, -2006.958, 4.3696, 941.382, -1989.361, 4.3696, 100, 50, 0
L 935.311, -2062.832, 12.749, 934.57, -2062.521, 12.1144, 100, 50, 0
L 938.35, -2053.209, 12.1201, 938.849, -2053.409, 12.1201, 100, 50, 0
L 940.704, -2050.062, 11.8818, 934.04, -2066.918, 11.8818, 100, 50, 0
L 957.363, -2056.914, 11.8818, 940.704, -2050.062, 11.8818, 100, 50, 0
L 950.699, -2073.386, 11.8818, 957.363, -2056.914, 11.8818, 100, 50, 0
L 934.04, -2066.918, 11.8818, 950.699, -2073.386, 11.8818, 100, 50, 0
L 771.153, -2000.895, 4.9447, 770.014, -1999.972, 4.8575, 100, 50, 0
L 776.48, -1992.465, 4.9431, 777.54, -1993.354, 4.9377, 100, 50, 0
L 767.129, -2003.037, 4.7755, 778.68, -1989.309, 4.7755, 100, 50, 0
L 739.098, -1979.452, 4.7755, 767.129, -2003.037, 4.7755, 100, 50, 0
L 750.65, -1965.916, 4.7755, 739.098, -1979.452, 4.7755, 100, 50, 0
L 778.68, -1989.309, 4.7755, 750.65, -1965.916, 4.7755, 100, 50, 0
L -116.431, -2954.26, -27.4033, -116.755, -2953.687, -27.4033, 64, 64, 64
L -121.213, -2949.32, -27.4033, -116.431, -2954.26, -27.4033, 64, 64, 64
L -118.726, -2946.918, -27.4033, -121.213, -2949.32, -27.4033, 64, 64, 64
L -111.011, -2949.05, -27.9677, -116.431, -2954.26, -27.9677, 64, 64, 64
L -115.581, -2943.912, -27.9677, -111.011, -2949.05, -27.9677, 64, 64, 64
L -118.726, -2946.918, -27.9677, -115.581, -2943.912, -27.9677, 64, 64, 64
L 76.701, -3179.484, -24.5624, 76.097, -3178.85, -24.5624, 64, 64, 64
L 71.712, -3184.21, -24.5624, 76.701, -3179.484, -24.5624, 64, 64, 64
L 71.759, -3183.831, -24.5624, 71.712, -3184.21, -24.5624, 64, 64, 64
L 90.856, -3220.558, -26.4407, 80.999, -3222.858, -26.8755, 64, 64, 64
L 66.489, -3185.955, -27.4675, 66.374, -3202.521, -27.4604, 64, 64, 64
L 69.839, -3182.294, -27.3676, 66.489, -3185.955, -27.4675, 64, 64, 64
L 77.991, -3214.025, -26.9777, 66.374, -3202.521, -27.468, 64, 64, 64
L 80.441, -3214.024, -26.8759, 77.991, -3214.025, -26.9777, 64, 64, 64
L -478.698, -3262.87, -26.4043, -478.103, -3263.492, -26.4043, 64, 64, 64
L -473.714, -3258.13, -26.4043, -478.698, -3262.87, -26.4043, 64, 64, 64
L -473.233, -3258.627, -26.4043, -473.714, -3258.13, -26.4043, 64, 64, 64
L -497.251, -3158.219, -26.4043, -498.311, -3157.558, -26.4043, 64, 64, 64
L -502.208, -3162.961, -26.4036, -497.251, -3158.219, -26.4043, 64, 64, 64
L -502.735, -3162.428, -26.4043, -502.208, -3162.961, -26.4036, 64, 64, 64
L -498.032, -3224.673, -26.4043, -498.445, -3225.072, -26.4043, 64, 64, 64
L -502.645, -3219.586, -26.4043, -498.032, -3224.673, -26.4043, 64, 64, 64
L -503.313, -3220.207, -26.4043, -502.645, -3219.586, -26.4043, 64, 64, 64
L -463.094, -3205.287, -27.9677, -468.144, -3205.105, -27.9677, 64, 64, 64
L -463.134, -3215.572, -27.9677, -463.094, -3205.287, -27.9677, 64, 64, 64
L -468.141, -3215.819, -27.9668, -463.134, -3215.572, -27.9677, 64, 64, 64
L -468.156, -3218.479, -27.9677, -468.141, -3215.819, -27.9668, 64, 64, 64
L -479.196, -3229.245, -27.9677, -468.156, -3218.479, -27.9677, 64, 64, 64
L -468.297, -3239.825, -27.9677, -479.196, -3229.245, -27.9677, 64, 64, 64
L -468.242, -3256.453, -27.9677, -468.297, -3239.825, -27.9677, 64, 64, 64
L -472.089, -3260.065, -27.9677, -468.242, -3256.453, -27.9677, 64, 64, 64
L -468.409, -3263.672, -27.9677, -472.089, -3260.065, -27.9677, 64, 64, 64
L -473.154, -3268.475, -27.9643, -468.409, -3263.672, -27.9677, 64, 64, 64
L -476.711, -3264.919, -27.9677, -473.154, -3268.475, -27.9643, 64, 64, 64
L -479.736, -3267.935, -27.9673, -476.711, -3264.919, -27.9677, 64, 64, 64
L -496.065, -3267.997, -27.9669, -479.736, -3267.935, -27.9673, 64, 64, 64
L -507.815, -3256.37, -27.9677, -496.065, -3267.997, -27.9669, 64, 64, 64
L -507.824, -3239.983, -27.9677, -507.815, -3256.37, -27.9677, 64, 64, 64
L -497.114, -3229.225, -27.9677, -507.824, -3239.983, -27.9677, 64, 64, 64
L -500.452, -3226.452, -27.9677, -497.114, -3229.225, -27.9677, 64, 64, 64
L -503.605, -3229.949, -27.9677, -500.452, -3226.452, -27.9677, 64, 64, 64
L -508.304, -3225.232, -27.9677, -503.605, -3229.949, -27.9677, 64, 64, 64
L -504.743, -3221.598, -27.9677, -508.304, -3225.232, -27.9677, 64, 64, 64
L -507.811, -3218.431, -27.9677, -504.743, -3221.598, -27.9677, 64, 64, 64
L -507.723, -3201.996, -27.9677, -507.811, -3218.431, -27.9677, 64, 64, 64
L -497.3, -3191.572, -27.9677, -507.723, -3201.996, -27.9677, 64, 64, 64
L -507.781, -3180.849, -27.9677, -497.3, -3191.572, -27.9677, 64, 64, 64
L -507.755, -3164.658, -27.9677, -507.781, -3180.849, -27.9677, 64, 64, 64
L -504.12, -3160.991, -27.9677, -507.755, -3164.658, -27.9677, 64, 64, 64
L -507.608, -3157.301, -27.9677, -504.12, -3160.991, -27.9677, 64, 64, 64
L -503.12, -3152.677, -27.9677, -507.608, -3157.301, -27.9677, 64, 64, 64
L -502.701, -3152.626, -27.9677, -503.12, -3152.677, -27.9677, 64, 64, 64
L -499.268, -3156.131, -27.9677, -502.701, -3152.626, -27.9677, 64, 64, 64
L -496.236, -3153.105, -27.9677, -499.268, -3156.131, -27.9677, 64, 64, 64
L -479.724, -3153.075, -27.9677, -496.236, -3153.105, -27.9677, 64, 64, 64
L -468.142, -3164.667, -27.9677, -479.724, -3153.075, -27.9677, 64, 64, 64
L -468.149, -3181.096, -27.9677, -468.142, -3164.667, -27.9677, 64, 64, 64
L -478.622, -3191.609, -27.9677, -468.149, -3181.096, -27.9677, 64, 64, 64
L -468.198, -3202.048, -27.9677, -478.622, -3191.609, -27.9677, 64, 64, 64
L -468.144, -3205.105, -27.9677, -468.198, -3202.048, -27.9677, 64, 64, 64
L 736.887, -1979.022, 2.7376, 736.919, -1978.913, 2.7385, 100, 50, 0
L 750.156, -1963.062, 2.4464, 736.887, -1979.022, 2.7376, 100, 50, 0
L 781.168, -1989.332, 0.6719, 750.156, -1963.062, 2.4464, 100, 50, 0
L 767.739, -2005.605, 1.4572, 781.168, -1989.332, 0.6719, 100, 50, 0
L 736.525, -1978.82, 2.7557, 767.739, -2005.605, 1.4572, 100, 50, 0
L 796.715, -2045.588, -0.3935, 797.93, -2045.419, -0.4646, 100, 50, 0
L 796.135, -2047.501, -0.3595, 796.715, -2045.588, -0.3935, 100, 50, 0
L 793.535, -2046.987, -0.2076, 796.135, -2047.501, -0.3595, 100, 50, 0
L 793.482, -2049.152, -0.2044, 793.535, -2046.987, -0.2076, 100, 50, 0
L 795.839, -2049.405, -0.3388, 793.482, -2049.152, -0.2044, 100, 50, 0
L 795.277, -2051.604, -0.3094, 795.839, -2049.405, -0.3388, 100, 50, 0
L 797.603, -2052.88, -0.4455, 795.277, -2051.604, -0.3094, 100, 50, 0
L 798.391, -2049.589, -0.4915, 797.603, -2052.88, -0.4455, 100, 50, 0
L 800.062, -2049.84, -0.5893, 798.391, -2049.589, -0.4915, 100, 50, 0
L 800.441, -2047.842, -0.6114, 800.062, -2049.84, -0.5893, 100, 50, 0
L 796.299, -2047.892, -0.5255, 800.441, -2047.842, -0.6114, 100, 50, 0
L 793.34, -2047.045, -0.398, 796.299, -2047.892, -0.5255, 100, 50, 0
L 797.605, -2045.966, 1.121, 796.739, -2051.488, 1.1198, 240, 0, 0
L 794.09, -2048.306, 1.1198, 799.903, -2048.857, 1.123, 240, 0, 0
L 789.422, -2091.624, 2.9468, 790.978, -2090.958, 0.982, 100, 50, 0
L 793.813, -2094.564, -0.675, 782.542, -2080.148, 0.5916, 100, 50, 0
L 793.86, -2095.125, -0.703, 793.813, -2094.564, -0.675, 100, 50, 0
L 761.941, -2119.944, 1.7961, 793.86, -2095.125, -0.703, 100, 50, 0
L 749.39, -2103.825, 2.3759, 761.941, -2119.944, 1.7961, 100, 50, 0
L 749.467, -2103.597, 2.3759, 749.39, -2103.825, 2.3759, 100, 50, 0
L 781.376, -2079.307, 0.6596, 749.467, -2103.597, 2.3759, 100, 50, 0
L 783.91, -2081.901, 0.5116, 781.376, -2079.307, 0.6596, 100, 50, 0
L 784.165, -2083.195, 2.9468, 783.91, -2081.901, 0.5116, 100, 50, 0
L 783.307, -2083.865, 2.9468, 784.165, -2083.195, 2.9468, 100, 50, 0
L 791.667, -2095.238, 2.7768, 780.629, -2081.094, 2.7768, 100, 50, 0
L 762.788, -2118.433, 2.7768, 791.667, -2095.238, 2.7768, 100, 50, 0
L 751.75, -2103.632, 2.7768, 762.788, -2118.433, 2.7768, 100, 50, 0
L 780.629, -2081.094, 2.7768, 751.75, -2103.632, 2.7768, 100, 50, 0
L -148.992, -2956.043, -27.4033, -148.99, -2971.245, -27.4033, 100, 50, 0
L -138.593, -2945.645, -27.4033, -148.992, -2956.043, -27.4033, 100, 50, 0
L -124.416, -2945.641, -27.4033, -138.593, -2945.645, -27.4033, 100, 50, 0
L -113.48, -2956.04, -27.4033, -124.416, -2945.641, -27.4033, 100, 50, 0
L -113.476, -2971.168, -27.4033, -113.48, -2956.04, -27.4033, 100, 50, 0
L -124.34, -2981.152, -27.4033, -113.476, -2971.168, -27.4033, 100, 50, 0
L -138.587, -2981.156, -27.4033, -124.34, -2981.152, -27.4033, 100, 50, 0
L -148.99, -2971.244, -27.4033, -138.587, -2981.156, -27.4033, 100, 50, 0
L -506.477, -3180.317, -26.4043, -495.481, -3191.202, -26.4043, 100, 50, 0
L -506.628, -3165.602, -26.4043, -506.477, -3180.317, -26.4043, 100, 50, 0
L -495.515, -3155.196, -26.4043, -506.628, -3165.602, -26.4043, 100, 50, 0
L -480.806, -3155.18, -26.4043, -495.515, -3155.196, -26.4043, 100, 50, 0
L -470.393, -3165.57, -26.4043, -480.806, -3155.18, -26.4043, 100, 50, 0
L -470.378, -3180.279, -26.4043, -470.393, -3165.57, -26.4043, 100, 50, 0
L -480.768, -3190.692, -26.4043, -470.378, -3180.279, -26.4043, 100, 50, 0
L -495.481, -3191.202, -26.4043, -480.768, -3190.692, -26.4043, 100, 50, 0
L -492.707, -3191.186, -25.9278, -492.718, -3192.389, -25.9371, 100, 50, 0
L -483.464, -3192.315, -25.9278, -483.457, -3191.179, -25.9278, 100, 50, 0
L -483.211, -3229.438, -25.9278, -483.221, -3229.895, -25.9278, 100, 50, 0
L -492.471, -3229.891, -25.9278, -492.464, -3228.65, -25.9375, 100, 50, 0
L -480.448, -3230.344, -26.4043, -495.161, -3230.333, -26.4043, 100, 50, 0
L -470.054, -3241.17, -26.4043, -480.448, -3230.344, -26.4043, 100, 50, 0
L -470.062, -3255.458, -26.4043, -470.054, -3241.17, -26.4043, 100, 50, 0
L -480.471, -3265.856, -26.4043, -470.062, -3255.458, -26.4043, 100, 50, 0
L -495.179, -3265.844, -26.4043, -480.471, -3265.856, -26.4043, 100, 50, 0
L -505.573, -3255.439, -26.4043, -495.179, -3265.844, -26.4043, 100, 50, 0
L -505.566, -3241.124, -26.4043, -505.573, -3255.439, -26.4043, 100, 50, 0
L -495.16, -3230.333, -26.4043, -505.566, -3241.124, -26.4043, 100, 50, 0
L -470.151, -3217.849, -26.4043, -470.155, -3203.14, -26.4043, 100, 50, 0
L -480.628, -3228.33, -26.4043, -470.151, -3217.849, -26.4043, 100, 50, 0
L -495.193, -3228.323, -26.4043, -480.628, -3228.33, -26.4043, 100, 50, 0
L -505.094, -3218.668, -26.4043, -495.193, -3228.323, -26.4043, 100, 50, 0
L -505.664, -3215.515, -26.4043, -505.094, -3218.668, -26.4043, 100, 50, 0
L -496.297, -3215.588, -26.4043, -505.664, -3215.515, -26.4043, 100, 50, 0
L -496.308, -3207.377, -26.4043, -496.297, -3215.588, -26.4043, 100, 50, 0
L -499.331, -3207.076, -26.4043, -496.308, -3207.377, -26.4043, 100, 50, 0
L -499.273, -3212.306, -26.4043, -499.331, -3207.076, -26.4043, 100, 50, 0
L -505.665, -3212.306, -26.4043, -499.273, -3212.306, -26.4043, 100, 50, 0
L -505.667, -3204.684, -26.4043, -505.665, -3212.306, -26.4043, 100, 50, 0
L -495.427, -3192.9, -26.4043, -505.667, -3204.684, -26.4043, 100, 50, 0
L -480.6, -3193.202, -26.4043, -495.427, -3192.9, -26.4043, 100, 50, 0
L -470.155, -3203.14, -26.4043, -480.6, -3193.202, -26.4043, 100, 50, 0
L 78.458, -3212.008, -24.5624, 93.166, -3212.006, -24.5624, 100, 50, 0
L 68.054, -3201.608, -24.5624, 78.458, -3212.008, -24.5624, 100, 50, 0
L 68.051, -3187.336, -24.5624, 68.054, -3201.608, -24.5624, 100, 50, 0
L 71.759, -3183.831, -24.5624, 68.051, -3187.336, -24.5624, 100, 50, 0
L 78.43, -3176.517, -24.5624, 71.759, -3183.831, -24.5624, 100, 50, 0
L 93.159, -3176.493, -24.5624, 78.43, -3176.517, -24.5624, 100, 50, 0
L 103.562, -3186.888, -24.5624, 93.159, -3176.493, -24.5624, 100, 50, 0
L 103.566, -3201.603, -24.5624, 103.562, -3186.888, -24.5624, 100, 50, 0
L 93.166, -3212.006, -24.5624, 103.566, -3201.603, -24.5624, 100, 50, 0
L 80.999, -3222.858, -26.8527, 80.441, -3214.026, -26.8759, 64, 64, 64
L 91.861, -3214.026, -26.4268, 90.856, -3220.558, -26.4432, 64, 64, 64
L 94.439, -3214.026, -26.3039, 91.861, -3214.026, -26.4268, 64, 64, 64
L 105.854, -3202.37, -26.5332, 94.439, -3214.026, -26.3039, 64, 64, 64
L 105.848, -3186.186, -27.2055, 105.854, -3202.37, -26.5332, 64, 64, 64
L 94.728, -3174.365, -27.6971, 105.848, -3186.186, -27.2055, 64, 64, 64
L 78.006, -3174.34, -27.6981, 94.728, -3174.365, -27.6971, 64, 64, 64
L 74.706, -3177.426, -27.57, 78.006, -3174.34, -27.6981, 64, 64, 64
L 71.279, -3173.817, -27.7199, 74.706, -3177.426, -27.57, 64, 64, 64
L 66.779, -3178.519, -27.5245, 71.279, -3173.817, -27.7199, 64, 64, 64
L 69.839, -3182.294, -27.356, 66.779, -3178.519, -27.5245, 64, 64, 64
L 77.978, -3214.026, -26.9783, 77.556, -3214.408, -26.9957, 64, 64, 64
L 80.441, -3214.026, -26.8759, 77.978, -3214.026, -26.9783, 64, 64, 64
L 230.651, -3950.012, -21.7582, 233.687, -3411.294, -0.9418, 64, 64, 64
L -913.004, -3950.588, -25.3133, -920.307, -3469.566, -27.4052, 64, 64, 64
L -920.307, -3469.566, -27.4052, -920.337, -3467.599, -27.1708, 64, 64, 64
L -920.337, -3467.599, -27.1708, -921.51, -3390.49, 30.5136, 64, 64, 64
L -921.51, -3390.49, 30.5136, -922.2, -3367.42, 30.8811, 150, 100, 0
L -922.2, -3367.42, 30.8811, -946.449, -3305.078, 86.3746, 150, 100, 0
L -946.449, -3305.078, 86.3746, -973.36, -3268.209, 133.2548, 150, 100, 0
L -973.36, -3268.209, 133.2548, -1016.371, -3254.83, 157.3882, 150, 100, 0
L -1016.371, -3254.83, 157.3882, -1040.006, -3228.628, 145.7923, 150, 100, 0
L -1040.006, -3228.628, 145.7923, -1102.192, -3160.458, 138.9737, 150, 100, 0
L -1102.192, -3160.458, 138.9737, -1145.779, -3112.807, 162.3272, 150, 100, 0
L -1145.779, -3112.807, 162.3272, -1186.444, -3068.962, 158.7784, 150, 100, 0
L -1186.444, -3068.962, 158.7784, -1188.982, -3065.579, 159.8949, 0, 0, 0
L -1188.982, -3065.579, 159.8949, -1245.941, -3003.312, 194.1403, 150, 100, 0
L -1245.941, -3003.312, 194.1403, -1276.245, -2970.184, 196.7865, 150, 100, 0
L -1276.245, -2970.184, 196.7865, -1347.393, -2892.395, 209.7642, 150, 100, 0
L -1347.393, -2892.395, 209.7642, -1422.575, -2804.057, 207.939, 150, 100, 0
L -1422.575, -2804.057, 207.939, -1422.575, -2788.653, 205.8445, 150, 100, 0
L -1422.575, -2788.653, 205.8445, -1422.575, -2764.034, 197.187, 150, 100, 0
L -1422.575, -2764.034, 197.187, -1422.575, -2690.805, 186.6887, 150, 100, 0
L -1422.575, -2690.805, 186.6887, -1422.575, -2669.354, 159.3787, 150, 100, 0
L -1422.575, -2669.354, 159.3787, -1422.575, -2664.464, 157.8893, 150, 100, 0
L -1422.575, -2664.464, 157.8893, -1422.575, -2591.542, 168.1084, 150, 100, 0
L -1422.575, -2591.542, 168.1084, -1422.574, -2507.368, 141.8374, 150, 100, 0
L -1422.574, -2507.368, 141.8374, -1422.575, -2467.553, 134.4475, 0, 125, 0
L -1422.575, -2467.553, 134.4475, -1422.495, -2455.688, 124.6393, 0, 127, 0
L -1422.495, -2455.688, 124.6393, -1413.974, -2454.916, 106.3633, 0, 127, 0
L -1413.974, -2454.916, 106.3633, -1413.344, -2404.591, 124.4843, 150, 100, 0
L -1413.344, -2404.591, 124.4843, -1422.575, -2404.822, 124.4912, 150, 100, 0
L -1422.575, -2404.822, 124.4912, -1422.575, -2392.456, 73.3753, 150, 100, 0
L -1422.575, -2392.456, 73.3753, -1422.222, -2382.978, 71.3209, 150, 100, 0
L -1422.222, -2382.978, 71.3209, -1400.986, -2370.256, 43.3263, 150, 100, 0
L -1400.986, -2370.256, 43.3263, -1388.724, -2363.595, 40.1193, 150, 100, 0
L -1388.724, -2363.595, 40.1193, -1385.456, -2360.935, 40.1193, 150, 100, 0
L -1385.456, -2360.935, 40.1193, -1379.981, -2300.456, 39.9799, 150, 100, 0
L -1379.981, -2300.456, 39.9799, -1349.144, -2262.903, 39.9791, 150, 100, 0
L -1349.144, -2262.903, 39.9791, -1354.338, -2250.984, 40.2593, 150, 100, 0
L -1354.338, -2250.984, 40.2593, -1381.668, -2194.464, 40.2802, 150, 100, 0
L -1381.668, -2194.464, 40.2802, -1422.575, -2162.967, 39.9814, 150, 100, 0
L -1422.575, -2162.967, 39.9814, -1422.575, -2129.436, 7.197, 150, 100, 0
L -1422.575, -2129.436, 7.197, -1422.575, -2105.272, 8.1409, 150, 100, 0
L -1422.575, -2105.272, 8.1409, -1422.575, -2088.562, 33.5966, 150, 100, 0
L -1422.575, -2088.562, 33.5966, -1422.575, -2054.316, 71.6612, 150, 100, 0
L -1422.575, -2054.316, 71.6612, -1422.575, -1992.046, 68.646, 150, 100, 0
L -1422.575, -1992.046, 68.646, -1422.575, -1932.37, 27.1215, 150, 100, 0
L -1422.575, -1932.37, 27.1215, -1422.575, -1863.406, 25.1182, 150, 100, 0
L -1422.575, -1863.406, 25.1182, -1422.575, -1847.026, 16.4786, 150, 100, 0
L -1422.575, -1847.026, 16.4786, -1422.574, -1827.534, 66.1396, 150, 100, 0
L -1422.574, -1827.534, 66.1396, -1408.47, -1827.65, 66.2774, 150, 100, 0
L -1408.47, -1827.65, 66.2774, -1422.575, -1801.28, 131.2913, 150, 100, 0
L -1422.575, -1801.28, 131.2913, -1422.575, -1797.894, 136.5691, 150, 100, 0
L -1422.575, -1797.894, 136.5691, -1422.527, -1792.108, 141.478, 150, 100, 0
L -1422.527, -1792.108, 141.478, -1420.308, -1785.527, 141.711, 150, 100, 0
L -1420.308, -1785.527, 141.711, -1422.575, -1776.428, 139.9414, 150, 100, 0
L -1422.575, -1776.428, 139.9414, -1422.369, -1775.017, 136.4447, 150, 100, 0
L -1422.369, -1775.017, 136.4447, -1427.248, -1744.402, 44.1621, 150, 100, 0
L -1427.248, -1744.402, 44.1621, -1436.538, -1740.533, 45.185, 64, 64, 64
L -1436.538, -1740.533, 45.185, -1446.08, -1738.455, 44.2886, 64, 64, 64
L -1446.08, -1738.455, 44.2886, -1512.604, -1729.897, 38.5061, 64, 64, 64
L -1512.604, -1729.897, 38.5061, -1525.476, -1742.647, 36.7785, 64, 64, 64
L -1525.476, -1742.647, 36.7785, -1533.51, -1754.086, 32.2372, 64, 64, 64
L -1533.51, -1754.086, 32.2372, -1530.648, -1769.829, 31.4019, 64, 64, 64
L -1530.648, -1769.829, 31.4019, -1547.348, -1770.904, 0.7462, 64, 64, 64
L -1547.348, -1770.904, 0.7462, -1579.242, -1771.257, 0.626, 64, 64, 64
L -1579.242, -1771.257, 0.626, -1722.162, -1747.427, 0.626, 64, 64, 64
L -1722.162, -1747.427, 0.626, -1723.515, -1747.449, 0.626, 64, 64, 64
L -1723.515, -1747.449, 0.626, -1778.244, -1771.193, 0.626, 64, 64, 64
L -1778.244, -1771.193, 0.626, -1779.417, -1771.637, 0.626, 64, 64, 64
L -1779.417, -1771.637, 0.626, -1818.707, -1851.192, 0.626, 64, 64, 64
L -1818.707, -1851.192, 0.626, -1922.105, -1859.129, 0.626, 64, 64, 64
L -1922.105, -1859.129, 0.626, -1922.473, -1859.229, 0.626, 64, 64, 64
L -1922.473, -1859.229, 0.626, -1978.523, -1963.401, 0.626, 64, 64, 64
L -1978.523, -1963.401, 0.626, -1994.527, -2107.116, 0.626, 64, 64, 64
L -1994.527, -2107.116, 0.626, -2066.101, -2282.07, 0.626, 64, 64, 64
L -2066.101, -2282.07, 0.626, -2068.536, -2284.598, 0.626, 64, 64, 64
L -2068.536, -2284.598, 0.626, -2256.713, -2457.125, 0.626, 64, 64, 64
L -2256.713, -2457.125, 0.626, -2258.073, -2458.112, 0.626, 64, 64, 64
L -2258.073, -2458.112, 0.626, -2464.661, -2474.001, 0.626, 64, 64, 64
L -2464.661, -2474.001, 0.626, -2466.529, -2473.825, 0.626, 64, 64, 64
L -2466.529, -2473.825, 0.626, -2800.641, -2418.14, 0.626, 64, 64, 64
L -2800.641, -2418.14, 0.626, -2908.238, -2433.504, 0.626, 64, 64, 64
L -2121.497, -2242.936, 0.626, -2033.596, -1883.536, 0.626, 64, 64, 64
L -2033.596, -1883.536, 0.626, -1985.821, -1811.947, 0.626, 64, 64, 64
L -1985.821, -1811.947, 0.626, -1874.597, -1796.057, 0.626, 64, 64, 64
L -1874.597, -1796.057, 0.626, -1873.245, -1795.392, 0.626, 64, 64, 64
L -1873.245, -1795.392, 0.626, -1873.083, -1794.643, 0.626, 64, 64, 64
L -1873.083, -1794.643, 0.626, -1826.168, -1716.108, 0.626, 64, 64, 64
L -1826.168, -1716.108, 0.626, -1730.095, -1684.186, 0.626, 64, 64, 64
L -1730.095, -1684.186, 0.626, -1586.05, -1669.386, 0.6288, 64, 64, 64
L -1586.05, -1669.386, 0.6288, -1476.336, -1669.064, 1.328, 64, 64, 64
L -1476.336, -1669.064, 1.328, -1445.538, -1669.108, 45.5048, 64, 64, 64
L -1445.538, -1669.108, 45.5048, -1438.574, -1674.393, 42.7586, 64, 64, 64
L -1438.574, -1674.393, 42.7586, -1425.222, -1682.828, 43.5005, 0, 0, 0
L -1425.222, -1682.828, 43.5005, -1406.519, -1688.183, 57.5869, 150, 100, 0
L -1406.519, -1688.183, 57.5869, -1422.575, -1659.92, 126.7035, 150, 100, 0
L -1422.575, -1659.92, 126.7035, -1417.393, -1655.326, 134.9182, 150, 100, 0
L -1417.393, -1655.326, 134.9182, -1409.22, -1651.372, 141.348, 150, 100, 0
L -1409.22, -1651.372, 141.348, -1395.314, -1643.631, 141.1469, 150, 100, 0
L -1395.314, -1643.631, 141.1469, -1394.387, -1642.153, 141.1584, 150, 100, 0
L -1394.387, -1642.153, 141.1584, -1391.475, -1632.669, 141.1114, 150, 100, 0
L -1391.475, -1632.669, 141.1114, -1399.397, -1619.826, 140.3909, 150, 100, 0
L -1399.397, -1619.826, 140.3909, -1412.382, -1598.098, 140.4454, 150, 100, 0
L -1412.382, -1598.098, 140.4454, -1413.78, -1595.033, 134.9438, 150, 100, 0
L -1413.78, -1595.033, 134.9438, -1422.575, -1532.207, 0.149, 150, 100, 0
L -1422.575, -1532.207, 0.149, -1422.575, -1467.824, 18.18, 150, 100, 0
L -1422.575, -1467.824, 18.18, -1422.575, -1441.477, 50.5108, 150, 100, 0
L -1422.575, -1441.477, 50.5108, -1422.574, -1359.071, 75.7686, 150, 100, 0
L -1422.574, -1359.071, 75.7686, -1422.575, -1340.982, 80.1894, 150, 100, 0
L -1422.575, -1340.982, 80.1894, -1422.575, -1270.87, 84.2981, 150, 100, 0
L -1422.575, -1270.87, 84.2981, -1422.574, -1234.837, 101.206, 150, 100, 0
L -1422.574, -1234.837, 101.206, -1422.574, -1225.825, 105.7403, 150, 100, 0
L -1422.574, -1225.825, 105.7403, -1422.575, -1218.552, 111.7275, 150, 100, 0
L -1422.575, -1218.552, 111.7275, -1422.574, -1210.936, 120.7759, 150, 100, 0
L -1422.574, -1210.936, 120.7759, -1422.575, -1200.949, 128.9599, 150, 100, 0
L -1422.575, -1200.949, 128.9599, -1422.575, -1185.243, 99.8572, 150, 100, 0
L -1422.575, -1185.243, 99.8572, -1422.575, -1177.409, 92.3456, 150, 100, 0
L -1422.575, -1177.409, 92.3456, -1422.575, -1119.928, 43.3271, 150, 100, 0
L -1422.575, -1119.928, 43.3271, -1422.126, -1107.011, 58.1034, 150, 100, 0
L -1422.126, -1107.011, 58.1034, -1404.709, -1102.92, 57.9123, 150, 100, 0
L -1404.709, -1102.92, 57.9123, -1385.046, -986.213, 57.9129, 150, 100, 0
L -1385.046, -986.213, 57.9129, -1368.343, -946.277, 55.2252, 150, 100, 0
L -1368.343, -946.277, 55.2252, -1372.542, -942.052, 57.9234, 150, 100, 0
L -1372.542, -942.052, 57.9234, -1398.309, -899.128, 57.9238, 150, 100, 0
L -1398.309, -899.128, 57.9238, -1398.699, -897.901, 57.7727, 150, 100, 0
L -1398.699, -897.901, 57.7727, -1395.288, -854.531, 57.7717, 150, 100, 0
L -1395.288, -854.531, 57.7717, -1400.382, -846.309, 58.529, 150, 100, 0
L -1400.382, -846.309, 58.529, -1421.639, -834.909, 60.4928, 150, 100, 0
L -1421.639, -834.909, 60.4928, -1422.575, -785.304, 68.739, 150, 100, 0
L -1422.575, -785.304, 68.739, -1411.21, -784.334, 65.4955, 150, 100, 0
L -1411.21, -784.334, 65.4955, -1368.981, -755.131, 58.2109, 150, 100, 0
L -1368.981, -755.131, 58.2109, -1355.189, -749.105, 55.4176, 150, 100, 0
L -1355.189, -749.105, 55.4176, -1338.533, -694.84, 61.6854, 150, 100, 0
L -1338.533, -694.84, 61.6854, -1342.808, -665.828, 69.1248, 150, 100, 0
L -1342.808, -665.828, 69.1248, -1343.354, -662.001, 68.328, 150, 100, 0
L -1343.354, -662.001, 68.328, -1347.071, -635.935, 47.2257, 150, 100, 0
L -1347.071, -635.935, 47.2257, -1347.548, -632.592, 44.7179, 150, 100, 0
L -1347.548, -632.592, 44.7179, -1341.936, -583.5, 7.9847, 150, 100, 0
L -1341.936, -583.5, 7.9847, -1337.813, -547.431, 7.9847, 150, 100, 0
L -1337.813, -547.431, 7.9847, -1340.625, -543.477, 8.1166, 150, 100, 0
L -1340.625, -543.477, 8.1166, -1400.818, -473.4, 7.9394, 150, 100, 0
L -1400.818, -473.4, 7.9394, -1422.575, -472.231, 8.1707, 150, 100, 0
L -1422.575, -472.231, 8.1707, -1422.574, -463.021, -2.2115, 150, 100, 0
L -1422.574, -463.021, -2.2115, -1422.574, -439.362, -20.5054, 150, 100, 0
L -1422.574, -439.362, -20.5054, -1422.575, -363.313, 31.2953, 150, 100, 0
L -1422.575, -363.313, 31.2953, -1422.574, -265.332, -36.6304, 150, 100, 0
L -1422.574, -265.332, -36.6304, -1422.574, -231.952, -30.1188, 150, 100, 0
L -1422.574, -231.952, -30.1188, -1422.574, -163.246, 0.5574, 150, 100, 0
L -1422.574, -163.246, 0.5574, -1422.574, -135.39, 25.3506, 150, 100, 0
L -1422.574, -135.39, 25.3506, -1422.574, -63.914, 57.94, 150, 100, 0
L -1422.574, -63.914, 57.94, -1422.574, 37.856, 21.6331, 150, 100, 0
L -1422.574, 37.856, 21.6331, -1422.574, 66.163, 22.3006, 150, 100, 0
L -1422.574, 66.163, 22.3006, -1422.574, 138.124, 42.3958, 150, 100, 0
L -1422.574, 138.124, 42.3958, -1422.574, 157.75, 43.3053, 150, 100, 0
L -1422.574, 157.75, 43.3053, -1422.574, 211.108, 61.6447, 150, 100, 0
L -1422.574, 211.108, 61.6447, -1422.574, 219.67, 53.8436, 150, 100, 0
L -1422.574, 219.67, 53.8436, -1422.574, 229.05, 47.5604, 150, 100, 0
L -1422.574, 229.05, 47.5604, -1419.987, 248.215, 65.6038, 150, 100, 0
L -1419.987, 248.215, 65.6038, -1378.092, 278.647, 65.6015, 150, 100, 0
L -1378.092, 278.647, 65.6015, -1365.428, 284.505, 65.389, 150, 100, 0
L -1365.428, 284.505, 65.389, -1351.594, 332.572, 65.5344, 150, 100, 0
L -1351.594, 332.572, 65.5344, -1350.54, 339.289, 65.4303, 150, 100, 0
L -1350.54, 339.289, 65.4303, -1360.508, 404.936, 65.4381, 150, 100, 0
L -1360.508, 404.936, 65.4381, -1353.244, 486.097, 65.4372, 150, 100, 0
L -1353.244, 486.097, 65.4372, -1355.449, 490.14, 65.5704, 150, 100, 0
L -1355.449, 490.14, 65.5704, -1422.575, 563.204, 60.3834, 150, 100, 0
L -1422.575, 563.204, 60.3834, -1422.575, 580.252, 40.4106, 150, 100, 0
L -1422.575, 580.252, 40.4106, -1422.575, 585.237, 39.1561, 150, 100, 0
L -1422.575, 585.237, 39.1561, -1421.592, 590.194, 44.5322, 150, 100, 0
L -1421.592, 590.194, 44.5322, -1422.575, 636.788, 30.667, 150, 100, 0
L -1422.575, 636.788, 30.667, -1422.575, 665.069, 7.883, 150, 100, 0
L -1422.575, 665.069, 7.883, -1422.575, 682.966, 9.6275, 150, 100, 0
L -1422.575, 682.966, 9.6275, -1422.575, 688.925, 11.6396, 150, 100, 0
L -1422.575, 688.925, 11.6396, -1422.575, 737.008, 29.7775, 150, 100, 0
L -1422.575, 737.008, 29.7775, -1422.575, 787.532, 14.2273, 150, 100, 0
L -1422.575, 787.532, 14.2273, -1422.574, 841.157, 21.354, 150, 100, 0
L -1422.574, 841.157, 21.354, -1422.574, 867.081, 33.3087, 150, 100, 0
L -1422.574, 867.081, 33.3087, -1422.574, 914.905, 49.4643, 150, 100, 0
L -1422.574, 914.905, 49.4643, -1422.574, 940.652, 59.837, 150, 100, 0
L -1422.574, 940.652, 59.837, -1422.575, 959.698, 69.496, 150, 100, 0
L -1422.575, 959.698, 69.496, -1422.575, 1032.566, 75.1889, 150, 100, 0
L -1422.575, 1032.566, 75.1889, -1422.575, 1040.85, 72.6608, 150, 100, 0
L -1422.575, 1040.85, 72.6608, -1422.574, 1098.167, 82.7627, 150, 100, 0
L -1422.574, 1098.167, 82.7627, -1422.575, 1123.562, 85.9141, 150, 100, 0
L -1422.575, 1123.562, 85.9141, -1422.575, 1187.652, 58.7451, 150, 100, 0
L -1422.575, 1187.652, 58.7451, -1422.575, 1190.278, 58.5542, 150, 100, 0
L -1422.575, 1190.278, 58.5542, -1422.575, 1226.138, 84.456, 150, 100, 0
L -1422.575, 1226.138, 84.456, -1422.575, 1228.882, 86.782, 150, 100, 0
L -1422.575, 1228.882, 86.782, -1422.574, 1301.406, 124.9753, 150, 100, 0
L -1422.574, 1301.406, 124.9753, -1422.574, 1336.918, 78.3499, 150, 100, 0
L -1422.574, 1336.918, 78.3499, -1422.575, 1373.985, 40.966, 150, 100, 0
L -1422.575, 1373.985, 40.966, -1422.574, 1396.269, 70.917, 150, 100, 0
L -1422.574, 1396.269, 70.917, -1422.575, 1446.263, 156.5592, 150, 100, 0
L -1422.575, 1446.263, 156.5592, -1415.185, 1441.97, 156.6217, 150, 100, 0
L -1415.185, 1441.97, 156.6217, -1410.278, 1440.038, 156.5854, 150, 100, 0
L -1410.278, 1440.038, 156.5854, -1398.026, 1443.142, 155.2829, 150, 100, 0
L -1398.026, 1443.142, 155.2829, -1395.297, 1447.61, 154.8019, 150, 100, 0
L -1395.297, 1447.61, 154.8019, -1370.62, 1492.294, 150.5504, 150, 100, 0
L -1370.62, 1492.294, 150.5504, -1361.567, 1535.073, 101.3461, 150, 100, 0
L -1361.567, 1535.073, 101.3461, -1362.945, 1536.697, 70.2372, 150, 100, 0
L -1362.945, 1536.697, 70.2372, -1368.758, 1542.764, 69.4463, 150, 100, 0
L -1368.758, 1542.764, 69.4463, -1380.307, 1542.725, 66.8308, 150, 100, 0
L -1380.307, 1542.725, 66.8308, -1391.805, 1539.409, 70.601, 150, 100, 0
L -1391.805, 1539.409, 70.601, -1422.575, 1536.026, 70.661, 150, 100, 0
L -1422.575, 1536.026, 70.661, -1422.574, 1542.521, 58.5656, 150, 100, 0
L -1422.574, 1542.521, 58.5656, -1422.574, 1554.407, 42.4318, 150, 100, 0
L -1422.574, 1554.407, 42.4318, -1422.574, 1566.497, 51.2453, 150, 100, 0
L -1422.574, 1566.497, 51.2453, -1419.716, 1583.948, 60.6319, 150, 100, 0
L -1419.716, 1583.948, 60.6319, -1409.621, 1592.491, 60.6296, 150, 100, 0
L -1409.621, 1592.491, 60.6296, -1409.58, 1595.575, 60.5628, 150, 100, 0
L -1409.58, 1595.575, 60.5628, -1411.574, 1648.044, 60.438, 150, 100, 0
L -1411.574, 1648.044, 60.438, -1421.759, 1667.711, 60.4579, 150, 100, 0
L -1421.759, 1667.711, 60.4579, -1422.574, 1673.536, 56.3969, 150, 100, 0
L -1422.574, 1673.536, 56.3969, -1422.575, 1675.723, 54.7597, 150, 100, 0
L -1422.575, 1675.723, 54.7597, -1422.575, 1745.285, 67.3117, 150, 100, 0
L -1422.575, 1745.285, 67.3117, -1422.575, 1757.52, 71.9265, 150, 100, 0
L -1422.575, 1757.52, 71.9265, -1422.574, 1763.76, 72.2429, 150, 100, 0
L -1422.574, 1763.76, 72.2429, -1422.574, 1812.035, 73.1782, 150, 100, 0
L -1422.574, 1812.035, 73.1782, -1422.574, 1834.601, 74.2809, 150, 100, 0
L -1422.574, 1834.601, 74.2809, -1422.574, 1869.993, 81.18, 150, 100, 0
L -1422.574, 1869.993, 81.18, -1422.574, 1906.748, 75.3503, 150, 100, 0
L -1422.574, 1906.748, 75.3503, -1422.575, 1912.996, 83.7621, 150, 100, 0
L -1422.575, 1912.996, 83.7621, -1422.48, 1935.727, 145.3605, 150, 100, 0
L -1422.48, 1935.727, 145.3605, -1407.248, 1937.112, 145.4745, 150, 100, 0
L -1407.248, 1937.112, 145.4745, -1393.562, 1946.643, 145.4865, 150, 100, 0
L -1393.562, 1946.643, 145.4865, -1392.31, 1948.696, 145.2593, 150, 100, 0
L -1392.31, 1948.696, 145.2593, -1389.045, 1971.786, 145.4114, 150, 100, 0
L -1389.045, 1971.786, 145.4114, -1394.611, 2023.028, 145.4094, 150, 100, 0
L -1394.611, 2023.028, 145.4094, -1422.575, 2033.251, 146.125, 150, 100, 0
L -1422.575, 2033.251, 146.125, -1422.575, 2033.229, 146.295, 150, 100, 0
L -1422.575, 2033.229, 146.295, -1422.574, 2067.48, 56.1824, 150, 100, 0
L 892.332, -2185.916, -2.329, 859.479, -2262.513, 52.6186, 150, 100, 0
L 859.479, -2262.513, 52.6186, 857.666, -2267.067, 54.8213, 150, 100, 0
L 857.666, -2267.067, 54.8213, 853.163, -2267.219, 57.5335, 150, 100, 0
L 853.163, -2267.219, 57.5335, 849.459, -2285.868, 63.4236, 150, 100, 0
L 849.459, -2285.868, 63.4236, 826.538, -2339.292, 73.8461, 150, 100, 0
L 826.538, -2339.292, 73.8461, 813.42, -2369.868, 54.4945, 150, 100, 0
L 813.42, -2369.868, 54.4945, 767.785, -2476.237, 22.957, 150, 100, 0
L 767.785, -2476.237, 22.957, 766.169, -2480.005, 22.458, 150, 100, 0
L 766.169, -2480.005, 22.458, 764.066, -2484.907, 18.2052, 150, 100, 0
L 764.066, -2484.907, 18.2052, 750.697, -2516.082, -3.1581, 150, 100, 0
L 750.697, -2516.082, -3.1581, 728.139, -2568.682, -11.9586, 150, 100, 0
L 728.139, -2568.682, -11.9586, 704.77, -2623.148, 6.6745, 150, 100, 0
L 704.77, -2623.148, 6.6745, 684.597, -2670.167, -5.7526, 0, 125, 0
L 684.597, -2670.167, -5.7526, 675.373, -2691.665, -0.422, 0, 125, 0
L 675.373, -2691.665, -0.422, 653.42, -2742.832, -26.2104, 0, 127, 0
L 653.42, -2742.832, -26.2104, 614.805, -2830.163, -8.457, 0, 125, 0
L 614.805, -2830.163, -8.457, 587.86, -2867.058, -16.9073, 150, 100, 0
L 587.86, -2867.058, -16.9073, 579.322, -2878.884, 1.8364, 150, 100, 0
L 579.322, -2878.884, 1.8364, 568.344, -2894.09, 16.7268, 150, 100, 0
L 568.344, -2894.09, 16.7268, 554.053, -2913.883, 19.5636, 150, 100, 0
L 554.053, -2913.883, 19.5636, 531.893, -2944.577, 51.2175, 150, 100, 0
L 531.893, -2944.577, 51.2175, 531.354, -2945.323, 51.7015, 150, 100, 0
L 531.354, -2945.323, 51.7015, 515.362, -2967.473, 37.2627, 150, 100, 0
L 515.362, -2967.473, 37.2627, 489.397, -3003.436, 59.9174, 150, 100, 0
L 489.397, -3003.436, 59.9174, 446.756, -3063.209, 162.7956, 150, 100, 0
L 446.756, -3063.209, 162.7956, 440.621, -3070.979, 156.85, 150, 100, 0
L 440.621, -3070.979, 156.85, 405.416, -3119.878, 114.8275, 150, 100, 0
L 405.416, -3119.878, 114.8275, 370.609, -3167.913, 198.2403, 150, 100, 0
L 370.609, -3167.913, 198.2403, 353.908, -3191.04, 198.1975, 150, 100, 0
L 353.908, -3191.04, 198.1975, 321.481, -3235.944, 149.8711, 150, 100, 0
L 321.481, -3235.944, 149.8711, 319.982, -3238.019, 145.285, 150, 100, 0
L 319.982, -3238.019, 145.285, 278.723, -3295.154, 28.2973, 150, 100, 0
L 278.723, -3295.154, 28.2973, 258.324, -3323.587, 19.5563, 150, 100, 0
L 258.324, -3323.587, 19.5563, 251.954, -3332.223, 21.203, 150, 100, 0
L 251.954, -3332.223, 21.203, 237.615, -3352.08, 35.2653, 150, 100, 0
L 237.615, -3352.08, 35.2653, 233.778, -3368.447, 31.7016, 150, 100, 0
L 233.778, -3368.447, 31.7016, 233.772, -3370.581, 29.7281, 150, 100, 0
L 233.772, -3370.581, 29.7281, 233.644, -3431.041, -16.2997, 64, 64, 64
L 233.644, -3431.041, -16.2997, 233.574, -3462.273, -27.4052, 64, 64, 64
L 233.574, -3462.273, -27.4052, 233.466, -3509.086, -27.4052, 64, 64, 64
L 894.319, -2181.254, -5.6955, 861.512, -2167.416, -5.6999, 0, 0, 155
L 861.512, -2167.416, -5.6999, 860.977, -2158.338, -5.718, 0, 0, 155
L 860.977, -2158.338, -5.718, 861.072, -2067.002, -5.7377, 0, 0, 155
L 861.072, -2067.002, -5.7377, 861.691, -2057.515, -5.8335, 0, 0, 155
L 861.691, -2057.515, -5.8335, 860.874, -1866.988, -5.7392, 0, 0, 155
L 860.874, -1866.988, -5.7392, 860.105, -1857.955, -5.8021, 0, 0, 155
L 860.105, -1857.955, -5.8021, 851.983, -1808.595, -5.7725, 0, 0, 155
L 851.983, -1808.595, -5.7725, 835.307, -1783.237, -5.7564, 0, 0, 155
L 835.307, -1783.237, -5.7564, 835.67, -1767.495, -5.7919, 0, 0, 155
L 835.67, -1767.495, -5.7919, 803.095, -1713.578, -5.6067, 0, 0, 155
L 803.095, -1713.578, -5.6067, 804.021, -1667.464, -5.7512, 0, 0, 155
L 804.021, -1667.464, -5.7512, 798.384, -1621.163, -5.7744, 0, 0, 155
L 798.384, -1621.163, -5.7744, 803.885, -1566.26, -5.8068, 0, 0, 155
L 803.885, -1566.26, -5.8068, 803.983, -1515.37, -5.8258, 0, 0, 155
L 803.983, -1515.37, -5.8258, 836.554, -1467.109, -5.8407, 0, 0, 155
L 836.554, -1467.109, -5.8407, 839.314, -1379.519, -5.8765, 0, 0, 155
L 839.314, -1379.519, -5.8765, 835.329, -1367.327, -5.6616, 0, 0, 155
L 835.329, -1367.327, -5.6616, 848.06, -1270.922, -5.9081, 0, 0, 155
L 848.06, -1270.922, -5.9081, 838.526, -1267.313, -5.8005, 0, 0, 155
L 838.526, -1267.313, -5.8005, 851.908, -1225.816, -5.7563, 0, 0, 155
L 851.908, -1225.816, -5.7563, 860.581, -1166.311, -5.7967, 0, 0, 155
L 860.581, -1166.311, -5.7967, 861.506, -1154.661, -5.9402, 0, 0, 155
L 861.506, -1154.661, -5.9402, 860.73, -1065.807, -5.7621, 0, 0, 155
L 860.73, -1065.807, -5.7621, 861.02, -1059.247, -5.7324, 0, 0, 155
L 861.02, -1059.247, -5.7324, 851.444, -1037.183, -5.7992, 0, 0, 155
L 851.444, -1037.183, -5.7992, 811.687, -1008.435, -5.7702, 0, 0, 155
L 811.687, -1008.435, -5.7702, 811.462, -967.068, -5.7596, 0, 0, 155
L 811.462, -967.068, -5.7596, 803.989, -913.632, -5.7462, 0, 0, 155
L 803.989, -913.632, -5.7462, 804.28, -866.865, -5.7723, 0, 0, 155
L 804.28, -866.865, -5.7723, 825.624, -792.528, -5.8003, 0, 0, 155
L 825.624, -792.528, -5.8003, 829.712, -764.577, -5.8023, 0, 0, 155
L 829.712, -764.577, -5.8023, 838.07, -680.935, -5.7576, 0, 0, 155
L 838.07, -680.935, -5.7576, 838.324, -666.915, -5.7724, 0, 0, 155
L 838.324, -666.915, -5.7724, 852.594, -625.477, -5.8148, 0, 0, 155
L 852.594, -625.477, -5.8148, 861.532, -565.113, -6.384, 0, 0, 155
L 861.532, -565.113, -6.384, 860.861, -559.859, -5.7877, 0, 0, 155
L 860.861, -559.859, -5.7877, 853.152, -462.41, -5.6561, 0, 0, 155
L 853.152, -462.41, -5.6561, 860.335, -365.287, -5.7469, 0, 0, 155
L 860.335, -365.287, -5.7469, 860.14, -355.962, -5.7621, 0, 0, 155
L 860.14, -355.962, -5.7621, 851.605, -247.548, -5.7877, 0, 0, 155
L 851.605, -247.548, -5.7877, 835.276, -183.251, -5.7534, 0, 0, 155
L 835.276, -183.251, -5.7534, 835.556, -165.994, -5.8315, 0, 0, 155
L 835.556, -165.994, -5.8315, 811.427, -107.06, -5.7504, 0, 0, 155
L 811.427, -107.06, -5.7504, 811.878, -64.474, -5.7568, 0, 0, 155
L 811.878, -64.474, -5.7568, 821.654, 5.131, -5.8392, 0, 0, 155
L 821.654, 5.131, -5.8392, 815.288, 33.639, -5.7544, 0, 0, 155
L 815.288, 33.639, -5.7544, 815.849, 95.599, -5.75, 0, 0, 155
L 815.849, 95.599, -5.75, 821.435, 131.783, -5.7691, 0, 0, 155
L 821.435, 131.783, -5.7691, 811.786, 193.646, -5.5145, 0, 0, 155
L 811.786, 193.646, -5.5145, 831.045, 233.655, -5.8151, 0, 0, 155
L 831.045, 233.655, -5.8151, 845.504, 333.759, -5.7186, 0, 0, 155
L 845.504, 333.759, -5.7186, 853.713, 435.039, -5.7497, 0, 0, 155
L 853.713, 435.039, -5.7497, 853.149, 535.952, -5.777, 0, 0, 155
L 853.149, 535.952, -5.777, 851.968, 551.254, -5.7935, 0, 0, 155
L 851.968, 551.254, -5.7935, 835.556, 616.26, -5.7801, 0, 0, 155
L 835.556, 616.26, -5.7801, 835.354, 633.655, -5.7916, 0, 0, 155
L 835.354, 633.655, -5.7916, 813.521, 697.603, -5.6756, 0, 0, 155
L 813.521, 697.603, -5.6756, 814.122, 733.93, -5.8559, 0, 0, 155
L 814.122, 733.93, -5.8559, 789.382, 771.691, -5.7195, 0, 0, 155
L 789.382, 771.691, -5.7195, 775.867, 833.618, -5.7084, 0, 0, 155
L 775.867, 833.618, -5.7084, 778.563, 860.283, -5.6797, 0, 0, 155
L 778.563, 860.283, -5.6797, 779.128, 933.931, -5.7199, 0, 0, 155
L 779.128, 933.931, -5.7199, 788.457, 970.644, -5.7744, 0, 0, 155
L 788.457, 970.644, -5.7744, 797.383, 1032.496, -5.7868, 0, 0, 155
L 797.383, 1032.496, -5.7868, 815.957, 1097.906, -5.7954, 0, 0, 155
L 815.957, 1097.906, -5.7954, 835.705, 1217.028, -5.7953, 0, 0, 155
L 835.705, 1217.028, -5.7953, 835.478, 1333.761, -5.814, 0, 0, 155
L 835.478, 1333.761, -5.814, 811.718, 1393.431, -5.7233, 0, 0, 155
L 811.718, 1393.431, -5.7233, 811.672, 1433.809, -5.8484, 0, 0, 155
L 811.672, 1433.809, -5.8484, 793.563, 1475.727, -5.772, 0, 0, 155
L 793.563, 1475.727, -5.772, 787.287, 1533.099, -5.7689, 0, 0, 155
L 787.287, 1533.099, -5.7689, 793.283, 1575.211, -5.7882, 0, 0, 155
L 793.283, 1575.211, -5.7882, 793.837, 1633.755, -5.7468, 0, 0, 155
L 793.837, 1633.755, -5.7468, 804.834, 1686.568, -5.7472, 0, 0, 155
L 804.834, 1686.568, -5.7472, 811.668, 1733.826, -5.7834, 0, 0, 155
L 811.668, 1733.826, -5.7834, 811.512, 1792.243, -5.7606, 0, 0, 155
L 811.512, 1792.243, -5.7606, 826.456, 1833.778, -5.8224, 0, 0, 155
L 826.456, 1833.778, -5.8224, 821.489, 1902.952, -5.7514, 0, 0, 155
L 821.489, 1902.952, -5.7514, 806.081, 1933.409, -5.7717, 0, 0, 155
L 806.081, 1933.409, -5.7717, 793.072, 2033.22, -5.7389, 0, 0, 155
L 793.072, 2033.22, -5.7389, 801.097, 2069.42, -5.7779, 0, 0, 155
L 484.415, 1736.95, -62.2556, 480.088, 1731.884, -67.171, 64, 64, 64
L 480.088, 1731.884, -67.171, 459.813, 1709.911, -60.4874, 64, 64, 64
L 459.813, 1709.911, -60.4874, 458.72, 1709.149, -60.4371, 64, 64, 64
L 458.72, 1709.149, -60.4371, 451.14, 1715.856, -68.2236, 64, 64, 64
L 451.14, 1715.856, -68.2236, 440.895, 1725.047, -69.9732, 64, 64, 64
L 440.895, 1725.047, -69.9732, 431.015, 1734.891, -66.1811, 64, 64, 64
L 431.015, 1734.891, -66.1811, 430.127, 1735.51, -66.674, 64, 64, 64
L 430.127, 1735.51, -66.674, 440.634, 1747.224, -72.7283, 64, 64, 64
L 440.634, 1747.224, -72.7283, 442.115, 1745.996, -73.7797, 64, 64, 64
L 442.115, 1745.996, -73.7797, 438.605, 1740.879, -71.6011, 64, 64, 64
L 438.605, 1740.879, -71.6011, 433.43, 1735.732, -68.1564, 64, 64, 64
L 433.43, 1735.732, -68.1564, 444.745, 1725.123, -72.2686, 64, 64, 64
L 444.745, 1725.123, -72.2686, 451.892, 1718.188, -70.2385, 64, 64, 64
L 451.892, 1718.188, -70.2385, 458.66, 1712.061, -62.6092, 64, 64, 64
L 458.66, 1712.061, -62.6092, 478.124, 1733.174, -68.3032, 64, 64, 64
L 478.124, 1733.174, -68.3032, 482.081, 1737.546, -62.8609, 64, 64, 64
L 482.081, 1737.546, -62.8609, 469.401, 1749.155, -59.3772, 64, 64, 64
L 469.401, 1749.155, -59.3772, 456.509, 1761.75, -74.1021, 64, 64, 64
L 456.509, 1761.75, -74.1021, 452.654, 1756.899, -78.8622, 64, 64, 64
L 452.654, 1756.899, -78.8622, 449.04, 1754.176, -78.1829, 64, 64, 64
L 449.04, 1754.176, -78.1829, 446.619, 1751.208, -76.6276, 64, 64, 64
L 446.619, 1751.208, -76.6276, 445.384, 1752.919, -75.7456, 64, 64, 64
L 445.384, 1752.919, -75.7456, 446.163, 1753.61, -76.2235, 64, 64, 64
L 446.163, 1753.61, -76.2235, 453.649, 1761.954, -77.6496, 64, 64, 64
L 453.649, 1761.954, -77.6496, 455.84, 1764.202, -74.8264, 64, 64, 64
L 455.84, 1764.202, -74.8264, 456.405, 1764.549, -74.1076, 64, 64, 64
L 456.405, 1764.549, -74.1076, 466.011, 1756.258, -62.4682, 64, 64, 64
L 466.011, 1756.258, -62.4682, 471.829, 1749.774, -57.6364, 64, 64, 64
L 471.829, 1749.774, -57.6364, 485.628, 1736.922, -61.7094, 64, 64, 64
L -961.245, 1674.519, -53.4791, -977.944, 1703.183, -68.1496, 64, 64, 64
L -977.944, 1703.183, -68.1496, -978.723, 1702.822, -67.9874, 64, 64, 64
L -978.723, 1702.822, -67.9874, -1007.537, 1685.085, -59.1963, 64, 64, 64
L -1007.537, 1685.085, -59.1963, -989.121, 1655.883, -44.1841, 64, 64, 64
L -989.121, 1655.883, -44.1841, -988.322, 1656.558, -44.3915, 64, 64, 64
L -988.322, 1656.558, -44.3915, -960.226, 1674.203, -52.9009, 64, 64, 64
L -960.226, 1674.203, -52.9009, -960.813, 1674.429, -53.4288, 64, 64, 64
L -1087.559, 872.162, -77.9489, -1112.654, 871.129, -82.9535, 64, 64, 64
L -1112.654, 871.129, -82.9535, -1119.073, 870.837, -83.6752, 64, 64, 64
L -1119.073, 870.837, -83.6752, -1119.122, 870.439, -83.7077, 64, 64, 64
L -1119.122, 870.439, -83.7077, -1116.811, 834.698, -80.3615, 64, 64, 64
L -1116.811, 834.698, -80.3615, -1081.925, 836.819, -73.811, 64, 64, 64
L -1081.925, 836.819, -73.811, -1081.527, 838.244, -73.55, 64, 64, 64
L -1081.527, 838.244, -73.55, -1083.284, 872.226, -77.467, 64, 64, 64
L -1083.284, 872.226, -77.467, -1086.804, 872.193, -77.8001, 64, 64, 64
L -462.431, -245.836, 2.378, -456.032, -247.242, 2.3763, 64, 64, 64
L -456.032, -247.242, 2.3763, -455.652, -246.423, 2.3759, 64, 64, 64
L -455.652, -246.423, 2.3759, -454.931, -238.818, 2.3759, 64, 64, 64
L -454.931, -238.818, 2.3759, -462.394, -237.938, 2.3759, 64, 64, 64
L -462.394, -237.938, 2.3759, -462.566, -238.04, 2.3759, 64, 64, 64
L -462.566, -238.04, 2.3759, -462.431, -245.836, 2.3759, 64, 64, 64
L -462.423, -246.257, 2.3759, -460.602, -246.148, 2.3761, 64, 64, 64
L -447.786, -247.613, 2.3759, -440.04, -248.557, 2.3759, 64, 64, 64
L -440.04, -248.557, 2.3759, -438.995, -240.872, 2.3759, 64, 64, 64
L -438.995, -240.872, 2.3759, -447.343, -240.169, 2.3759, 64, 64, 64
L -447.343, -240.169, 2.3759, -447.786, -247.613, 2.3771, 64, 64, 64
L -486.325, -224.919, 2.3759, -479.497, -221.636, 2.5821, 64, 64, 64
L -479.497, -221.636, 2.5821, -482.092, -215.163, 2.3759, 64, 64, 64
L -482.092, -215.163, 2.3759, -489.553, -218.34, 2.3759, 64, 64, 64
L -489.553, -218.34, 2.3759, -486.337, -224.972, 2.3759, 64, 64, 64
L -478.647, -204.419, 2.3786, -471.337, -204.605, 2.3759, 64, 64, 64
L -471.337, -204.605, 2.3759, -470.44, -197.669, 2.3759, 64, 64, 64
L -470.44, -197.669, 2.3759, -478.019, -195.955, 2.7475, 64, 64, 64
L -478.019, -195.955, 2.7475, -478.802, -204.129, 2.3767, 64, 64, 64
L -454.613, -213.955, 2.7801, -453.04, -198.329, 2.3767, 64, 64, 64
L -453.04, -198.329, 2.3767, -437.706, -200.222, 2.3759, 64, 64, 64
L -437.706, -200.222, 2.3759, -439.73, -216.012, 2.3759, 64, 64, 64
L -439.73, -216.012, 2.3759, -454.939, -213.702, 2.3799, 64, 64, 64
L -450.198, -184.24, 2.3759, -442.369, -185.227, 2.3767, 64, 64, 64
L -442.369, -185.227, 2.3767, -441.125, -177.47, 2.3759, 64, 64, 64
L -441.125, -177.47, 2.3759, -449.07, -177.139, 2.619, 64, 64, 64
L -449.07, -177.139, 2.619, -449.935, -184.407, 2.3759, 64, 64, 64
L -439.791, -185.422, 2.3784, -432.617, -186.31, 2.3818, 64, 64, 64
L -432.617, -186.31, 2.3818, -431.557, -178.428, 2.3759, 64, 64, 64
L -431.557, -178.428, 2.3759, -438.7, -177.542, 2.3759, 64, 64, 64
L -438.7, -177.542, 2.3759, -439.807, -185.418, 2.3772, 64, 64, 64
L -413.101, -203.209, 2.3759, -405.708, -204.326, 2.3759, 64, 64, 64
L -405.708, -204.326, 2.3759, -406.62, -212.675, 2.3759, 64, 64, 64
L -406.62, -212.675, 2.3759, -414.206, -211.087, 2.3772, 64, 64, 64
L -414.206, -211.087, 2.3772, -413.07, -203.212, 2.3759, 64, 64, 64
L -415.397, -218.517, 2.3765, -416.37, -226.619, 2.3763, 64, 64, 64
L -416.37, -226.619, 2.3763, -408.546, -227.621, 2.3759, 64, 64, 64
L -408.546, -227.621, 2.3759, -407.602, -220.333, 2.3759, 64, 64, 64
L -407.602, -220.333, 2.3759, -415.397, -218.517, 2.3759, 64, 64, 64
L -463.76, -238.038, 20.366, -464.47, -245.43, 20.366, 64, 64, 64
L -464.47, -245.43, 20.366, -438.971, -248.355, 20.366, 64, 64, 64
L -438.971, -248.355, 20.366, -438.311, -240.627, 20.291, 64, 64, 64
L -438.311, -240.627, 20.291, -463.76, -238.038, 20.366, 64, 64, 64
L -416.559, -227.884, 20.366, -409.121, -228.81, 20.366, 64, 64, 64
L -409.121, -228.81, 20.366, -405.957, -203.367, 20.366, 64, 64, 64
L -405.957, -203.367, 20.366, -413.569, -202.218, 20.366, 64, 64, 64
L -413.569, -202.218, 20.366, -416.559, -227.884, 20.366, 64, 64, 64
P 926.175, -582.702, 34.4647, 204, 0, 204, 3, to__Iceclad
P -376.825, 1913.298, 43.8209, 204, 0, 204, 3, to_Oasis
P -394.825, -3828.702, -24.2802, 204, 0, 204, 3, to_East_Freeport
P -2891.825, -2394.702, 3.7509, 204, 0, 204, 3, to_East_Commons
P -982.825, 2129.298, 0, 0, 200, 255, 1, Spiken's_Maps_-_github.com/spik3n/EQL_Map_pack
