P -1115.501, -279.675, 0, 255, 255, 0, 2, Ambassador_K`Ryn
P 256.499, -210.675, 0, 255, 255, 0, 2, Baddi_Waca
P -1137.501, -164.675, 0, 255, 255, 0, 2, Bakrishal
P 46.499, -283.675, 0, 255, 255, 0, 2, Bonlarg
P -327.501, 297.325, 0, 255, 255, 0, 2, Bouncer_Bak
P -75.501, -417.675, 0, 255, 255, 0, 2, Bouncer_Druk
P -1159.501, -279.675, 0, 255, 255, 0, 2, Bouncer_Gronk
P 266.499, -187.675, 0, 255, 255, 0, 2, Bouncer_Krik
P -67.501, 140.325, 0, 255, 255, 0, 2, Bouncer_Mrang
P -311.501, 64.325, 0, 255, 255, 0, 2, Bouncer_Praag
P -3.501, 358.325, 0, 255, 255, 0, 2, Bouncer_Scaar
P -365.501, 270.325, 0, 255, 255, 0, 2, Bouncer_Skon
P -37.501, -417.675, 0, 255, 255, 0, 2, Bouncer_Skuk
P -474.501, 422.325, 0, 255, 255, 0, 2, Bouncer_Tazak
P -392.501, 245.325, 0, 255, 255, 0, 2, Bouncer_Thrang
P 268.499, 58.325, 0, 255, 255, 0, 2, Bouncer_Wrok
P -861.501, -63.675, 0, 255, 255, 0, 2, Bouncer_Xak
P -1164.501, -467.675, 0, 255, 128, 0, 2, Bozlum_Blossom
P -477.501, -7.675, 0, 255, 255, 0, 2, Exterminator_Glurg
P -280.501, 261.325, 0, 255, 255, 0, 2, Fireworks_Engineer_Fabdabus
P -804.501, -659.675, 0, 255, 255, 0, 2, Fuga
P -873.501, -735.675, 0, 255, 255, 0, 2, Goobast
P -1138.501, -358.675, 0, 255, 255, 0, 2, Grapok
P -25.501, -238.675, 0, 255, 255, 0, 2, Grevak
P 1.499, 154.325, 0, 255, 255, 0, 2, Gronk
P -72.501, 46.325, 0, 255, 255, 0, 2, Guntrik
P -322.501, 316.325, 0, 255, 255, 0, 2, Hargar_the_Velium_Chef
P -36.501, 140.325, 0, 255, 255, 0, 2, Horgus
P -876.501, -674.675, 0, 255, 255, 0, 2, Jargo
P 11.499, -525.675, 0, 255, 255, 0, 2, Kizrak_the_Tyrant
P 27.499, 143.325, 0, 255, 255, 0, 2, Kogna
P 67.499, 36.325, 0, 255, 255, 0, 2, Lork
P -1094.501, -580.675, 0, 255, 255, 0, 2, Marda
P 11.499, -292.675, 0, 255, 255, 0, 2, Mooglan
P -1047.501, -555.675, 0, 255, 255, 0, 2, Murak
P 234.499, -220.675, 0, 255, 255, 0, 2, Ogomok
P -212.501, 355.325, 0, 255, 255, 0, 2, Priest_of_Discord
P -1083.501, -276.675, 0, 255, 255, 0, 2, Puwdap
P 67.999, -251.675, 0, 255, 255, 0, 2, Ruksa
P -371.501, 297.325, 0, 255, 255, 0, 2, Santug_Claugg
P 23.999, -251.675, 0, 255, 255, 0, 2, Soonog
P -653.501, -427.675, 0, 255, 255, 0, 2, Soulbinder_Trurg
P -981.501, -557.675, 0, 255, 255, 0, 2, Zulort
P -338.501, -14.675, 0, 255, 255, 0, 2, betabstgmspawner
P -1160.501, -181.675, 0, 255, 255, 0, 2, Bordag

P 97.734, 451.837, 0.6259, 150, 0, 200, 3, to_The_Feerrott
