L -320.8416, -67.5880, 0.1582,  -320.8414, -59.2400, 0.1582,  0, 0, 0
L -320.8414, -59.2400, 0.1582,  -260.8720, -59.3000, 0.1582,  0, 0, 0
L -260.8720, -59.3000, 0.1582,  -260.8770, 1.1399, 0.1582,  0, 0, 0
L -260.8770, 1.1399, 0.1582,  -200.5490, -8.9964, 0.1582,  0, 0, 0
L -199.9851, -8.9911, 0.1582,  -100.1559, 30.9691, 0.1582,  0, 0, 0
L -100.1559, 30.9691, 0.1582,  -9.3240, 30.9673, 0.1582,  0, 0, 0
L 9.1970, -30.2559, 0.1582,  9.3420, 49.3100, 0.1582,  0, 0, 0
L 9.3430, 49.2800, 0.1582,  -99.8803, 49.2200, 0.1582,  0, 0, 0
L -99.8750, 49.3300, 0.1582,  -259.7205, 19.3160, 0.1582,  0, 0, 0
L -259.7205, 19.3160, 0.1582,  -278.9094, 19.3380, 0.1582,  0, 0, 0
L -278.9091, 19.3410, 0.1582,  -278.9071, -40.9344, 0.1582,  0, 0, 0
L -278.9071, -40.9344, 0.1582,  -338.9096, -40.9352, 0.1582,  0, 0, 0
L -338.9080, -40.9341, 0.1582,  -338.9048, -67.2125, 0.1582,  0, 0, 0
L -338.9048, -67.2125, 0.1582,  -320.8408, -67.1590, 0.1582,  255, 0, 255
L 9.1970, -30.2559, 0.1582,  52.2220, -99.3500, 0.1582,  0, 0, 0
L 52.2220, -99.3500, 0.1582,  49.1800, -99.5000, 0.1582,  0, 0, 0
L 49.1800, -99.5000, 0.1582,  49.3300, -210.1638, 0.1582,  0, 0, 0
L 49.2600, -148.4928, 0.1582,  45.8890, -148.4907, 0.1582,  0, 0, 0
L 45.8890, -148.4907, 0.1582,  45.8902, -160.6597, 0.1582,  0, 0, 0
L 49.3000, -160.6581, 0.1582,  45.8902, -160.6597, 0.1582,  0, 0, 0
L 49.3300, -210.1638, 0.1582,  89.3100, -280.1639, 0.1582,  0, 0, 0
L 89.3100, -280.1639, 0.1582,  88.9996, -300.8428, 0.1582,  0, 0, 0
L 88.9996, -300.8428, 0.1582,  205.1776, -300.8408, 0.1221,  0, 0, 0
L 205.1776, -300.8408, 0.1221,  298.9087, -390.2835, 0.1582,  0, 0, 0
L 298.8962, -390.2307, 0.1582,  298.9089, -799.2432, 0.1582,  0, 0, 0
L 298.9089, -799.2432, 0.1582,  209.4576, -888.6901, 0.1582,  0, 0, 0
L 209.4576, -888.6901, 0.1582,  -209.4736, -888.6902, 0.1582,  0, 0, 0
L -209.5452, -888.6508, 0.1582,  -298.8951, -799.2996, 0.1582,  0, 0, 0
L -298.8951, -799.2996, 0.1582,  -298.9091, -390.2644, 0.1582,  0, 0, 0
L -298.8915, -390.2257, 0.1582,  -209.5152, -300.8496, 0.1582,  0, 0, 0
L -209.5285, -300.8632, 0.1582,  -89.5300, -300.8405, 0.1582,  0, 0, 0
L -89.5300, -300.8405, 0.1582,  -88.9941, -280.1155, 0.1582,  0, 0, 0
L -88.9950, -280.1170, 0.1582,  -48.9996, -210.1648, 0.1582,  0, 0, 0
L -48.9996, -210.1648, 0.1582,  -49.2000, -99.7800, 0.1582,  0, 0, 0
L -49.1800, -149.2441, 0.1582,  -45.8898, -149.2423, 0.1582,  0, 0, 0
L -45.8898, -149.2423, 0.1582,  -45.8898, -161.4105, 0.1582,  0, 0, 0
L -49.2800, -161.4097, 0.1582,  -45.8898, -161.4105, 0.1582,  0, 0, 0
L -52.2184, -99.3100, 0.1582,  -49.2000, -99.7800, 0.1582,  0, 0, 0
L -52.1533, -99.3900, 0.8350,  -9.3270, -30.2724, 0.1582,  0, 0, 0
L -9.3270, -30.2724, 0.1582,  -9.3240, 30.9673, 0.1582,  0, 0, 0
L -35.1930, -238.2899, -1.8418,  -35.3450, -291.4748, -1.8418,  0, 0, 240
L -35.3430, -291.4734, -1.8418,  -31.5945, -294.9094, -1.8418,  0, 0, 240
L -31.5746, -294.9089, -1.8418,  -18.4050, -294.9094, -1.8418,  0, 0, 240
L -18.4042, -294.9094, -1.8418,  -14.9672, -291.4766, -1.8418,  0, 0, 240
L -14.9685, -291.4780, -1.8418,  -14.9670, -238.3048, -1.8418,  0, 0, 240
L -14.9664, -238.3054, -1.8418,  -18.4020, -234.8718, -1.8418,  0, 0, 240
L -18.4022, -234.8719, -1.8418,  -31.5964, -234.8718, -1.8418,  0, 0, 240
L -31.6018, -234.8737, -1.8418,  -35.3300, -238.3048, -1.8418,  0, 0, 240
L 35.3430, -238.3070, -1.8418,  31.5962, -234.8719, -1.8418,  0, 0, 240
L 31.5951, -234.8718, -1.8418,  18.4079, -234.8718, -1.8418,  0, 0, 240
L 18.4069, -234.8718, -1.8418,  14.9656, -238.3163, -1.8418,  0, 0, 240
L 14.9656, -238.3130, -1.8418,  14.9656, -291.4723, -1.8418,  0, 0, 240
L 14.9863, -291.4954, -1.8418,  18.4135, -294.9092, -1.8418,  0, 0, 240
L 18.3945, -294.9039, -1.8418,  31.5975, -294.9094, -1.8418,  0, 0, 240
L 31.6012, -294.9080, -1.8418,  35.3430, -291.4710, -1.8418,  0, 0, 240
L 35.3430, -291.4717, -1.8418,  35.3000, -238.3018, -1.8418,  0, 0, 240
L 90.9375, -308.9082, 0.1582,  19.3210, -308.9083, 0.1582,  0, 127, 0
L 19.3210, -308.9083, 0.1582,  19.3390, -320.8412, 0.1582,  0, 127, 0
L 19.3390, -320.8412, 0.1582,  49.3300, -320.8407, 0.1582,  0, 127, 0
L 49.2600, -320.8408, 0.1582,  49.1000, -340.8408, 0.1582,  0, 127, 0
L 49.1000, -340.8408, 0.1582,  70.9354, -340.8416, 0.1582,  0, 127, 0
L 70.9354, -340.8416, 0.1582,  70.9359, -328.9073, 0.1582,  0, 127, 0
L 70.9359, -328.9073, 0.1582,  60.9346, -328.9089, 0.1582,  0, 127, 0
L 60.9343, -328.9087, 0.1582,  60.9343, -320.8414, 0.1582,  0, 127, 0
L 60.9343, -320.8408, 0.1582,  79.2800, -320.8412, 0.1582,  0, 127, 0
L 79.2800, -320.8416, 0.1582,  79.3100, -348.9087, 0.1582,  0, 127, 0
L 79.3100, -348.9087, 0.1582,  59.2000, -348.9044, 0.1582,  0, 127, 0
L 59.2000, -348.9044, 0.1582,  59.2000, -360.8120, 0.1582,  0, 127, 0
L 59.2000, -360.8120, 0.1582,  90.9354, -360.8097, 0.1582,  0, 127, 0
L 90.9354, -360.8097, 0.1582,  90.9346, -340.8405, 0.1582,  0, 127, 0
L 90.9343, -340.8412, 0.1582,  110.9373, -340.8412, 0.1582,  0, 127, 0
L 110.9373, -340.8412, 0.1582,  110.9343, -328.9082, 0.1582,  0, 127, 0
L 110.9343, -328.9082, 0.1582,  90.9348, -328.9091, 0.1582,  0, 127, 0
L 90.9343, -328.9087, 0.1582,  90.9375, -308.9082, 0.1582,  0, 127, 0
L 118.9714, -320.8408, 0.1582,  99.1500, -320.8417, 0.1582,  0, 127, 0
L 99.1500, -320.8417, 0.1582,  99.1400, -308.9082, 0.1582,  0, 127, 0
L 99.1400, -308.9082, 0.1582,  200.3051, -308.9042, 0.1582,  0, 127, 0
L 200.3051, -308.9042, 0.1582,  280.8408, -389.4379, 0.1582,  0, 127, 0
L 280.8408, -389.4379, 0.1582,  280.8432, -400.8138, 0.1582,  0, 127, 0
L 280.8432, -400.8138, 0.1582,  59.2600, -400.8147, 0.1582,  0, 127, 0
L 59.2600, -400.8147, 0.1582,  59.1800, -388.8777, 0.1582,  0, 127, 0
L 59.1800, -388.8777, 0.1582,  69.3200, -388.8779, 0.1582,  0, 127, 0
L 69.2600, -388.8779, 0.1582,  69.2300, -368.8775, 0.1582,  0, 127, 0
L 69.2300, -368.8775, 0.1582,  80.9346, -368.8763, 0.1582,  0, 127, 0
L 80.9346, -368.8763, 0.1582,  80.9352, -388.8779, 0.1582,  0, 127, 0
L 80.9347, -388.8779, 0.1582,  128.9720, -388.8777, 0.1582,  0, 127, 0
L 128.9716, -388.8781, 0.1582,  128.9719, -360.8097, 0.1582,  0, 127, 0
L 128.9714, -360.8093, 0.1582,  110.9355, -360.8095, 0.1582,  0, 127, 0
L 110.9346, -360.8090, 0.1582,  110.9351, -368.8779, 0.1582,  0, 127, 0
L 110.9350, -368.8779, 0.1582,  120.9034, -368.8725, 0.1582,  0, 127, 0
L 120.9034, -368.8725, 0.1582,  120.9057, -380.8113, 0.1582,  0, 127, 0
L 120.9057, -380.8113, 0.1582,  89.1900, -380.8120, 0.1582,  0, 127, 0
L 89.2300, -368.8775, 0.1582,  99.3300, -368.8770, 0.1582,  0, 127, 0
L 99.3300, -368.8770, 0.1582,  99.6000, -348.9091, 0.1582,  0, 127, 0
L 99.6000, -348.9091, 0.1582,  140.9050, -348.9055, 0.1582,  0, 127, 0
L 140.9050, -348.9055, 0.1582,  140.9038, -388.8779, 0.1582,  0, 127, 0
L 140.9029, -388.8779, 0.1582,  168.9713, -388.8779, 0.1582,  0, 127, 0
L 168.9716, -388.8783, 0.1582,  168.9702, -368.8756, 0.1582,  0, 127, 0
L 168.9702, -368.8756, 0.1582,  180.9054, -368.8774, 0.1582,  0, 127, 0
L 180.9054, -368.8774, 0.1582,  180.9033, -388.8774, 0.1582,  0, 127, 0
L 180.9029, -388.8772, 0.1582,  188.9721, -388.8777, 0.1582,  0, 127, 0
L 188.9716, -388.8779, 0.1582,  188.9706, -338.9085, 0.1582,  0, 127, 0
L 188.9706, -338.9085, 0.1582,  200.8740, -338.9078, 0.1582,  0, 127, 0
L 200.8740, -338.9078, 0.1582,  200.8720, -358.8779, 0.1582,  0, 127, 0
L 200.8720, -358.8777, 0.1582,  220.8722, -358.8768, 0.1582,  0, 127, 0
L 220.8722, -358.8768, 0.1582,  220.8722, -370.8088, 0.1582,  0, 127, 0
L 220.8722, -370.8088, 0.1582,  201.1281, -370.8120, 0.1582,  0, 127, 0
L 201.1281, -370.8120, 0.1582,  200.8719, -388.8775, 0.1582,  0, 127, 0
L 200.8720, -388.8777, 0.1582,  208.9410, -388.8779, 0.1582,  0, 127, 0
L 208.9404, -388.8768, 0.1582,  208.9396, -378.8781, 0.1582,  0, 127, 0
L 208.9396, -378.8781, 0.1582,  220.8721, -378.8738, 0.1582,  0, 127, 0
L 220.8721, -378.8738, 0.1582,  220.8728, -388.8781, 0.1582,  0, 127, 0
L 220.8726, -388.8779, 0.1582,  267.5756, -388.8783, 0.1582,  0, 127, 0
L 267.5758, -388.8784, 0.1582,  220.8714, -342.2042, 0.1582,  0, 127, 0
L 220.8714, -342.2042, 0.1582,  220.8745, -350.8410, 0.1582,  0, 127, 0
L 220.8745, -350.8410, 0.1582,  208.9387, -350.8419, 0.1582,  0, 127, 0
L 208.9387, -350.8419, 0.1582,  208.9404, -330.8408, 0.1582,  0, 127, 0
L 208.9402, -330.8408, 0.1582,  188.9702, -330.8441, 0.1582,  0, 127, 0
L 188.9702, -330.8441, 0.1582,  188.9716, -320.8408, 0.1582,  0, 127, 0
L 188.9715, -320.8408, 0.1582,  160.9029, -320.8407, 0.1582,  0, 127, 0
L 160.9031, -320.8408, 0.1582,  160.9033, -348.9091, 0.1582,  0, 127, 0
L 160.9033, -348.9091, 0.1582,  168.9721, -348.9091, 0.1582,  0, 127, 0
L 168.9718, -348.9089, 0.1582,  168.9696, -328.9082, 0.1582,  0, 127, 0
L 168.9696, -328.9082, 0.1582,  180.9054, -328.9071, 0.1582,  0, 127, 0
L 180.9054, -328.9071, 0.1582,  180.9046, -360.8097, 0.1582,  0, 127, 0
L 180.9046, -360.8097, 0.1582,  160.9031, -360.8095, 0.1582,  0, 127, 0
L 160.9035, -360.8095, 0.1582,  160.9047, -380.8090, 0.1582,  0, 127, 0
L 160.9047, -380.8090, 0.1582,  148.9713, -380.8125, 0.1582,  0, 127, 0
L 148.9713, -380.8125, 0.1582,  148.9716, -340.8408, 0.1582,  0, 127, 0
L 148.9719, -340.8408, 0.1582,  138.9710, -340.8460, 0.1582,  0, 127, 0
L 138.9710, -340.8460, 0.1582,  138.9687, -328.9073, 0.1582,  0, 127, 0
L 138.9687, -328.9073, 0.1582,  148.9712, -328.9094, 0.1582,  0, 127, 0
L 148.9714, -328.9091, 0.1582,  148.9716, -320.8408, 0.1582,  0, 127, 0
L 148.9718, -320.8408, 0.1582,  130.9030, -320.8417, 0.1582,  0, 127, 0
L 130.9031, -320.8408, 0.1582,  130.9037, -340.8399, 0.1582,  0, 127, 0
L 130.9037, -340.8399, 0.1582,  118.9706, -340.8435, 0.1582,  0, 127, 0
L 118.9706, -340.8435, 0.1582,  118.9715, -320.9030, 0.1582,  0, 127, 0
L 89.2300, -368.8775, 0.1582,  89.1900, -380.8120, 0.1582,  0, 127, 0
L 50.9335, -348.9069, 0.1582,  50.9367, -360.8122, 0.1582,  0, 127, 0
L 50.9367, -360.8122, 0.1582,  30.9677, -360.8095, 0.1582,  0, 127, 0
L 30.9666, -360.8093, 0.1582,  30.9661, -370.8106, 0.1582,  0, 127, 0
L 30.9661, -370.8106, 0.1582,  19.3460, -370.8118, 0.1582,  0, 127, 0
L 19.3460, -370.8118, 0.1582,  19.2920, -328.9094, 0.1582,  0, 127, 0
L 19.2920, -328.9094, 0.1582,  40.9373, -328.9055, 0.1582,  0, 127, 0
L 40.9373, -328.9055, 0.1582,  40.9375, -340.8423, 0.1582,  0, 127, 0
L 40.9375, -340.8423, 0.1582,  30.9658, -340.8408, 0.1582,  0, 127, 0
L 30.9659, -340.8408, 0.1582,  30.9665, -348.9094, 0.1582,  0, 127, 0
L 30.9662, -348.9091, 0.1582,  50.9335, -348.9069, 0.1582,  0, 127, 0
L 39.3300, -378.8777, 0.1582,  19.3530, -378.8722, 0.1582,  0, 127, 0
L 19.3530, -378.8722, 0.1582,  19.3020, -400.8109, 0.1582,  0, 127, 0
L 19.3020, -400.8109, 0.1582,  30.9660, -400.8106, 0.1582,  0, 127, 0
L 30.9660, -400.8106, 0.1582,  30.9667, -390.8093, 0.1582,  0, 127, 0
L 30.9653, -390.8095, 0.1582,  50.9375, -390.8111, 0.1582,  0, 127, 0
L 50.9346, -380.8095, 0.1582,  60.9365, -380.8104, 0.1582,  0, 127, 0
L 60.9343, -368.8777, 0.1582,  60.9365, -380.8104, 0.1582,  0, 127, 0
L 60.9343, -368.8777, 0.1582,  39.1100, -368.8774, 0.1582,  0, 127, 0
L 39.2200, -378.8779, 0.1582,  39.1100, -368.8774, 0.1582,  0, 127, 0
L 50.9350, -380.8095, 0.1582,  50.9375, -390.8111, 0.1582,  0, 127, 0
L -19.3220, -400.8079, 0.1582,  -19.3000, -358.8777, 0.1582,  0, 127, 0
L -19.3000, -358.8777, 0.1582,  -30.9666, -358.8786, 0.1572,  0, 127, 0
L -30.9666, -358.8786, 0.1582,  -30.9659, -368.8772, 0.1582,  0, 127, 0
L -30.9658, -368.8774, 0.1582,  -40.9335, -368.8774, 0.1582,  0, 127, 0
L -40.9335, -368.8774, 0.1298,  -40.9350, -380.8106, 0.1583,  0, 127, 0
L -40.9350, -380.8106, 0.1582,  -30.9659, -380.8088, 0.1437,  0, 127, 0
L -30.9659, -380.8088, 0.1437,  -30.9658, -388.8770, 0.1582,  0, 127, 0
L -30.9658, -388.8779, 0.1582,  -48.9093, -388.8731, 0.1582,  0, 127, 0
L -48.9093, -388.8731, 0.1582,  -49.1270, -368.8777, 0.1582,  0, 127, 0
L -49.1270, -368.8777, 0.1582,  -69.2800, -368.8775, 0.1582,  0, 127, 0
L -69.2300, -368.8779, 0.1582,  -69.5000, -328.9076, 0.1582,  0, 127, 0
L -69.5000, -328.9076, 0.1582,  -90.9350, -328.9076, 0.1582,  0, 127, 0
L -90.9333, -340.8430, 0.1582,  -80.9351, -340.8408, 0.1582,  0, 127, 0
L -80.9346, -340.8408, 0.1582,  -80.9385, -380.8088, 0.1582,  0, 127, 0
L -80.9385, -380.8088, 0.1582,  -61.1745, -380.8131, 0.1582,  0, 127, 0
L -60.9331, -400.8118, 0.1582,  -19.3220, -400.8079, 0.1572,  0, 127, 0
L -60.9363, -380.8095, 0.1537,  -60.9331, -400.8118, 0.1572,  0, 127, 0
L -38.9684, -350.8405, 0.1582,  -39.1200, -360.8104, 0.1582,  0, 127, 0
L -39.1200, -360.8104, 0.1582,  -60.9314, -360.8109, 0.1582,  0, 127, 0
L -60.9314, -360.8109, 0.1573,  -60.9375, -338.9078, 0.1582,  0, 127, 0
L -90.9350, -328.9076, 0.1582,  -90.9333, -340.8430, 0.1582,  0, 127, 0
L -60.9352, -308.9049, 0.1582,  -60.9367, -330.8405, 0.1582,  0, 127, 0
L -60.9367, -330.8405, 0.1582,  -49.1500, -330.8432, 0.1582,  0, 127, 0
L -49.2800, -320.8416, 0.1582,  -49.1500, -330.8432, 0.1582,  0, 127, 0
L -49.2800, -320.8410, 0.1582,  -19.3470, -320.8442, 0.1582,  0, 127, 0
L -19.3470, -320.8442, 0.1582,  -19.3110, -308.9085, 0.1582,  0, 127, 0
L -19.3110, -308.9085, 0.1582,  -60.9352, -308.9049, 0.1582,  0, 127, 0
L -60.9375, -338.9078, 0.1582,  -40.9346, -338.9083, 0.1582,  0, 127, 0
L -40.9346, -338.9066, 0.1582,  -40.9367, -328.9064, 0.1582,  0, 127, 0
L -40.9367, -328.9064, 0.1582,  -19.3320, -328.9060, 0.1582,  0, 127, 0
L -19.3320, -328.9060, 0.1582,  -19.2940, -350.8408, 0.1582,  0, 127, 0
L -19.2940, -350.8408, 0.1582,  -39.2000, -350.8407, 0.1582,  0, 127, 0
L -68.9992, -320.8430, 0.1582,  -99.3600, -320.8398, 0.1572,  0, 127, 0
L -99.3600, -320.8398, 0.1572,  -98.9986, -340.8437, 0.1582,  0, 127, 0
L -98.9986, -340.8437, 0.1582,  -120.9086, -340.8437, 0.1582,  0, 127, 0
L -120.9086, -340.8437, 0.1582,  -120.9047, -328.9075, 0.1582,  0, 127, 0
L -120.9047, -328.9075, 0.1582,  -110.9346, -328.9055, 0.1582,  0, 127, 0
L -110.9346, -328.9055, 0.1582,  -110.9364, -308.9073, 0.1582,  0, 127, 0
L -110.9364, -308.9073, 0.1582,  -69.2300, -308.9071, 0.1582,  0, 127, 0
L -69.2300, -308.9071, 0.1582,  -68.9992, -320.8430, 0.1582,  0, 127, 0
L -89.3300, -348.9073, 0.1582,  -130.9024, -348.9055, 0.1582,  0, 127, 0
L -130.9024, -348.9055, 0.1582,  -130.9071, -358.6558, 0.1582,  0, 127, 0
L -130.9026, -358.8777, 0.1582,  -140.8986, -358.8781, 0.1582,  0, 127, 0
L -140.8986, -358.8781, 0.1582,  -140.9113, -370.8111, 0.1582,  0, 127, 0
L -140.9113, -370.8111, 0.1582,  -130.9039, -370.8093, 0.1582,  0, 127, 0
L -130.9038, -370.8093, 0.1582,  -130.9059, -380.8102, 0.1582,  0, 127, 0
L -130.9059, -380.8102, 0.1582,  -120.9035, -380.8095, 0.1582,  0, 127, 0
L -120.9033, -380.8095, 0.1582,  -120.9038, -388.8779, 0.1582,  0, 127, 0
L -120.9033, -388.8777, 0.1582,  -138.9712, -388.8779, 0.1582,  0, 127, 0
L -138.9716, -388.8781, 0.1582,  -138.9689, -378.8768, 0.1582,  0, 127, 0
L -138.9689, -378.8768, 0.1582,  -150.9044, -378.8736, 0.1582,  0, 127, 0
L -150.9044, -378.8736, 0.1582,  -150.9097, -400.8104, 0.1582,  0, 127, 0
L -150.9097, -400.8104, 0.1582,  -99.1000, -400.8177, 0.1582,  0, 127, 0
L -99.1000, -400.8177, 0.1582,  -99.2700, -390.8095, 0.1582,  0, 127, 0
L -99.2800, -390.8097, 0.1582,  -90.9350, -390.8095, 0.1582,  0, 127, 0
L -90.9346, -390.8106, 0.1582,  -90.9361, -400.8095, 0.1582,  0, 127, 0
L -90.9361, -400.8095, 0.1582,  -69.1900, -400.8134, 0.1582,  0, 127, 0
L -69.1900, -400.8134, 0.1582,  -69.1500, -388.8845, 0.1582,  0, 127, 0
L -69.1500, -388.8845, 0.1592,  -89.3200, -388.8426, 0.1582,  0, 127, 0
L -89.3200, -388.8426, 0.1582,  -89.1000, -368.8788, 0.1582,  0, 127, 0
L -89.1000, -368.8788, 0.1572,  -100.9347, -368.8777, 0.1453,  0, 127, 0
L -100.9347, -368.8777, 0.1582,  -100.9342, -378.8779, 0.1582,  0, 127, 0
L -100.9350, -378.8779, 0.1582,  -118.9715, -378.8777, 0.1582,  0, 127, 0
L -118.9715, -378.8781, 0.1582,  -118.9716, -360.8095, 0.1582,  0, 127, 0
L -118.9715, -360.8095, 0.1582,  -89.2700, -360.8115, 0.1582,  0, 127, 0
L -89.2700, -360.8115, 0.1582,  -89.3300, -348.9073, 0.1582,  0, 127, 0
L -128.9709, -340.8417, 0.1582,  -141.8190, -340.8430, 0.1582,  0, 127, 0
L -141.8190, -340.8430, 0.1582,  -140.9046, -330.8407, 0.1582,  0, 127, 0
L -141.3954, -330.8419, 0.1582,  -160.9030, -330.8419, 0.1582,  0, 127, 0
L -160.9030, -330.8419, 0.1582,  -160.9069, -318.9080, 0.1582,  0, 127, 0
L -160.9069, -318.9080, 0.1582,  -141.1999, -318.9057, 0.1582,  0, 127, 0
L -140.9024, -318.9096, 0.1572,  -140.9034, -308.9064, 0.1582,  0, 127, 0
L -118.9726, -308.9103, 0.1457,  -140.9034, -308.9064, 0.1582,  0, 127, 0
L -118.9726, -308.9103, 0.1582,  -118.9672, -320.8424, 0.1582,  0, 127, 0
L -118.9672, -320.8424, 0.1582,  -128.9718, -320.8412, 0.1582,  0, 127, 0
L -128.9718, -320.8412, 0.1582,  -128.9709, -340.8417, 0.1582,  0, 127, 0
L -148.9692, -338.9057, 0.1582,  -148.9692, -370.8093, 0.1582,  0, 127, 0
L -148.9692, -370.8093, 0.1582,  -160.9045, -370.8095, 0.1463,  0, 127, 0
L -160.9045, -370.8095, 0.1582,  -160.9030, -350.8410, 0.1582,  0, 127, 0
L -160.9031, -350.8408, 0.1592,  -188.9718, -350.8417, 0.1582,  0, 127, 0
L -188.9718, -350.8417, 0.1582,  -188.9658, -370.8097, 0.1582,  0, 127, 0
L -188.9658, -370.8097, 0.1582,  -200.8743, -370.8106, 0.1582,  0, 127, 0
L -200.8743, -370.8106, 0.1582,  -200.8752, -328.9096, 0.1582,  0, 127, 0
L -200.8752, -328.9096, 0.1582,  -188.9713, -328.9060, 0.1582,  0, 127, 0
L -188.9713, -328.9060, 0.1582,  -188.9715, -338.8899, 0.1582,  0, 127, 0
L -188.9714, -338.8878, 0.1582,  -180.9036, -338.9091, 0.1582,  0, 127, 0
L -180.9031, -338.9091, 0.1582,  -180.9033, -320.8408, 0.1582,  0, 127, 0
L -180.9035, -320.8407, 0.1582,  -208.9405, -320.8408, 0.1582,  0, 127, 0
L -208.9405, -320.8408, 0.1582,  -208.9384, -340.8446, 0.1582,  0, 127, 0
L -230.8755, -340.8450, 0.1582,  -208.9384, -340.8446, 0.1582,  0, 127, 0
L -230.8755, -340.8450, 0.1582,  -230.8754, -328.9089, 0.1582,  0, 127, 0
L -230.8754, -328.9089, 0.1582,  -220.8720, -328.9060, 0.1582,  0, 127, 0
L -220.8720, -328.9060, 0.1582,  -220.8723, -318.9080, 0.1582,  0, 127, 0
L -220.8723, -318.9080, 0.1582,  -210.9334, -318.9066, 0.1582,  0, 127, 0
L -210.9334, -318.9066, 0.1582,  -210.8455, -308.9078, 0.1582,  0, 127, 0
L -210.8455, -308.9078, 0.1582,  -168.9712, -308.9046, 0.1582,  0, 127, 0
L -168.9712, -308.9046, 0.1582,  -168.9719, -338.9089, 0.1582,  0, 127, 0
L -168.9718, -338.9091, 0.1582,  -148.9692, -338.9057, 0.1582,  0, 127, 0
L -228.9386, -348.9055, 0.1582,  -250.8744, -348.9071, 0.1582,  0, 127, 0
L -250.8744, -348.9071, 0.1582,  -250.8737, -380.8090, 0.1582,  0, 127, 0
L -250.8737, -380.8090, 0.1582,  -238.9380, -380.8093, 0.1582,  0, 127, 0
L -238.9380, -380.8093, 0.1582,  -238.9397, -360.8093, 0.1582,  0, 127, 0
L -238.9397, -360.8093, 0.1582,  -228.9406, -360.8133, 0.1582,  0, 127, 0
L -228.9406, -360.8133, 0.1582,  -228.9386, -348.9055, 0.1582,  0, 127, 0
L -230.8720, -388.8516, 0.1582,  -258.9406, -388.8772, 0.1582,  0, 127, 0
L -258.9400, -388.8779, 0.1582,  -258.9390, -378.8759, 0.1582,  0, 127, 0
L -258.9390, -378.8759, 0.1582,  -270.8752, -378.8772, 0.1582,  0, 127, 0
L -270.8752, -378.8772, 0.1582,  -270.8718, -388.8781, 0.1582,  0, 127, 0
L -270.8718, -388.8781, 0.1582,  -280.8408, -388.8765, 0.1582,  0, 127, 0
L -280.8408, -388.8765, 0.1582,  -280.8405, -400.8107, 0.1582,  0, 127, 0
L -280.8405, -400.8107, 0.1582,  -228.9395, -400.8122, 0.1582,  0, 127, 0
L -228.9395, -400.8122, 0.1582,  -228.9404, -390.8095, 0.1582,  0, 127, 0
L -228.9403, -390.8145, 0.1582,  -220.8720, -390.8095, 0.1582,  0, 127, 0
L -220.8720, -390.8091, 0.1582,  -220.8751, -400.8097, 0.1582,  0, 127, 0
L -220.8751, -400.8097, 0.1582,  -178.9693, -400.8133, 0.1582,  0, 127, 0
L -178.9693, -400.8133, 0.1582,  -178.9716, -390.8095, 0.1582,  0, 127, 0
L -178.9713, -390.8093, 0.1582,  -158.9724, -390.8118, 0.1582,  0, 127, 0
L -158.9724, -390.8118, 0.1582,  -158.9673, -378.8734, 0.1582,  0, 127, 0
L -158.9673, -378.8734, 0.1582,  -168.9720, -378.8779, 0.1582,  0, 127, 0
L -168.9716, -378.8779, 0.1582,  -168.9690, -358.8772, 0.1582,  0, 127, 0
L -168.9690, -358.8772, 0.1582,  -180.9064, -358.8749, 0.1582,  0, 127, 0
L -180.9064, -358.8749, 0.1582,  -180.9030, -378.8770, 0.1582,  0, 127, 0
L -180.9029, -378.8779, 0.1582,  -208.9405, -378.8774, 0.1582,  0, 127, 0
L -208.9404, -378.8767, 0.1582,  -208.9387, -348.9094, 0.1582,  0, 127, 0
L -208.9387, -348.9094, 0.1582,  -220.8777, -348.9062, 0.1582,  0, 127, 0
L -220.8777, -348.9062, 0.1582,  -220.8720, -378.8518, 0.1582,  0, 127, 0
L -220.8720, -378.8518, 0.1582,  -230.8736, -378.8790, 0.1582,  0, 127, 0
L -230.8736, -378.8790, 0.1582,  -230.8720, -388.8779, 0.1582,  0, 127, 0
L -70.9552, -648.7842, 0.1582,  -70.9356, -510.7468, 0.1582,  0, 0, 0
L -70.9342, -510.7475, 0.1582,  -78.9355, -510.7490, 0.1582,  0, 0, 0
L -78.9355, -510.7490, 0.1582,  -78.9389, -480.8453, 0.1582,  0, 0, 0
L -78.9389, -480.8453, 0.1582,  -49.2800, -480.8416, 0.1582,  0, 0, 0
L -49.2800, -480.8416, 0.1582,  -49.2600, -490.8466, 0.1582,  0, 0, 0
L -49.1800, -490.8466, 0.1582,  -12.9657, -490.8464, 4.1581,  0, 0, 0
L -12.9658, -490.8453, 4.1581,  -12.9687, -488.8480, 4.1581,  0, 0, 0
L -12.9687, -488.8480, 4.1581,  -9.3220, -488.8430, 4.1581,  0, 0, 0
L -9.2360, -489.7694, 4.1581,  9.2200, -489.7504, 4.1581,  240, 127, 0
L 9.3930, -488.8435, 4.1581,  12.9604, -488.8480, 4.1581,  0, 0, 0
L 12.9663, -490.8466, 4.1581,  12.9604, -488.8480, 4.1581,  0, 0, 0
L 12.9663, -490.8466, 4.1581,  49.2200, -490.8467, 0.1582,  0, 0, 0
L 49.2200, -490.8467, 0.1582,  49.7000, -480.8448, 0.1582,  0, 0, 0
L 49.7000, -480.8448, 0.1582,  78.9398, -480.8421, 0.1582,  0, 0, 0
L 78.9398, -480.8421, 0.1582,  78.9346, -510.7484, 0.1582,  0, 0, 0
L 70.9351, -510.7470, 0.1582,  78.9346, -510.7484, 0.1582,  0, 0, 0
L 70.9355, -510.7470, 0.1582,  70.9346, -648.7834, 0.1582,  0, 0, 0
L 70.9358, -648.7840, 0.1582,  80.3725, -648.7826, 0.1582,  0, 0, 0
L 80.3725, -648.7826, 0.1582,  110.9351, -679.3097, 0.1582,  0, 0, 0
L 110.9351, -679.3097, 0.1582,  110.9347, -710.3777, 0.1582,  0, 0, 0
L 110.9347, -710.3777, 0.1582,  80.3555, -740.6863, 0.1582,  0, 0, 0
L 80.3555, -740.6863, 0.1582,  74.9344, -740.6844, 0.1582,  0, 0, 0
L 74.9347, -740.6846, 0.1582,  74.9479, -742.9955, 0.1582,  0, 0, 0
L 74.9350, -742.9484, 0.1582,  80.9325, -744.9886, 0.1582,  0, 0, 0
L 80.9325, -744.9886, 0.1582,  80.9351, -750.6534, 0.1574,  0, 0, 0
L 80.9351, -750.6534, 0.1582,  73.2600, -750.6565, 0.1582,  0, 0, 0
L 72.9616, -748.2640, 1.1581,  69.4000, -746.2867, 2.1581,  0, 0, 0
L 56.9369, -748.3517, 1.1581,  60.9410, -746.2628, 2.1581,  0, 0, 0
L 73.2300, -748.3215, 1.1581,  73.2600, -750.6565, 1.1581,  0, 0, 0
L 56.9301, -750.6534, 0.1582,  48.9902, -750.6556, 0.1582,  0, 0, 0
L 56.9369, -748.3517, 1.1581,  56.9301, -750.6534, 1.1581,  0, 0, 0
L 48.9902, -750.6556, 0.1582,  49.1160, -744.9854, 0.1582,  0, 0, 0
L 54.9840, -742.9972, 0.1582,  49.1160, -744.9854, 0.1582,  0, 0, 0
L 54.9889, -740.6846, 0.1582,  49.5711, -740.6865, 0.1582,  0, 0, 0
L 55.2800, -740.6844, 0.1582,  54.9840, -742.9972, 0.1582,  0, 0, 0
L 49.5711, -740.6865, 0.1582,  19.7545, -710.8445, 0.1582,  0, 0, 0
L 19.7545, -710.8445, 0.1582,  -100.9351, -710.6870, 0.1582,  0, 0, 0
L -100.9351, -710.6870, 0.1587,  -100.9355, -692.6846, 4.1581,  0, 0, 0
L -100.9355, -692.6846, 4.1581,  -102.9313, -692.6843, 4.1581,  0, 0, 0
L -102.9313, -692.6843, 4.1581,  -102.9394, -688.7614, 4.1581,  0, 0, 0
L -100.9352, -666.7527, 4.1581,  -102.9351, -666.7519, 4.1581,  0, 0, 0
L -100.9355, -666.7527, 4.1581,  -100.9348, -648.7811, 2.1581,  0, 0, 0
L -70.9355, -648.7840, 0.1582,  -100.9348, -648.7811, 0.1582,  0, 0, 0
L -102.9394, -670.6870, 4.1581,  -102.9351, -666.7519, 4.1581,  0, 0, 0
L -102.9394, -670.6870, 4.1581,  -97.2300, -670.6833, 4.1581,  0, 0, 0
L -97.3900, -688.7483, 4.1581,  -102.9394, -688.7614, 4.1581,  0, 0, 0
L -97.3900, -688.7483, 4.1581,  -97.3000, -706.7522, 2.1581,  0, 0, 0
L -97.3000, -706.7522, 2.1581,  22.9503, -706.7486, 4.1581,  0, 0, 0
L 22.9744, -708.5306, 4.1581,  22.9503, -706.7486, 4.1581,  0, 0, 0
L 22.9744, -708.5306, 4.1581,  50.3686, -736.7513, 4.1581,  0, 0, 0
L 50.3686, -736.7513, 4.1581,  60.9346, -736.7491, 4.1581,  0, 0, 0
L 60.9410, -746.2628, 3.1581,  60.9346, -736.7491, 3.1581,  0, 0, 0
L 69.4000, -746.2867, 3.1581,  69.1400, -736.7537, 3.1581,  0, 0, 0
L 69.1400, -736.7537, 4.1592,  79.5715, -736.7491, 4.1581,  0, 0, 0
L 79.5421, -736.7527, 4.1581,  107.2600, -709.2602, 4.1581,  0, 0, 0
L 107.2600, -709.2626, 4.1581,  107.2600, -680.1824, 4.1581,  0, 0, 0
L 107.2600, -680.1824, 4.1581,  79.5704, -652.7175, 4.1581,  0, 0, 0
L 79.5704, -652.7175, 4.1581,  50.3702, -652.7154, 4.1581,  0, 0, 0
L 50.3702, -652.7154, 4.1581,  22.9667, -680.1172, 4.1581,  0, 0, 0
L 22.9667, -680.1172, 4.1581,  22.9709, -692.6837, 4.1581,  0, 0, 0
L 22.9709, -692.6837, 4.1581,  17.3160, -692.6879, 4.1581,  0, 0, 0
L 17.3160, -692.6879, 4.1581,  17.3400, -662.7165, 4.1581,  0, 0, 0
L 17.3350, -662.7157, 4.1581,  2.9676, -662.7157, 4.1581,  0, 0, 0
L 2.9661, -662.7157, 4.1581,  2.9668, -692.6825, 4.1581,  0, 0, 0
L 2.9668, -692.6825, 4.1581,  -2.9670, -692.6866, 4.1581,  0, 0, 0
L -17.2690, -692.6860, 4.1581,  -50.9339, -692.6860, 4.1581,  0, 0, 0
L -50.9339, -692.6860, 4.1581,  -50.9367, -686.7504, 4.1581,  0, 0, 0
L -50.9367, -686.7504, 4.1581,  -47.3600, -686.7516, 4.1581,  0, 0, 0
L -47.3600, -686.7516, 4.1581,  -46.9928, -688.7527, 4.1581,  0, 0, 0
L -46.9928, -688.7527, 4.1581,  -20.9658, -688.7527, 4.1581,  0, 0, 0
L -20.9658, -688.7527, 4.1581,  -20.9649, -670.7260, 4.1581,  0, 0, 0
L -20.9649, -670.7260, 4.1581,  -22.9662, -670.6398, 4.1581,  0, 0, 0
L -22.9662, -670.6398, 4.1581,  -22.9753, -656.7151, 4.1581,  0, 0, 0
L -22.9753, -656.7151, 4.1581,  -31.3400, -656.7227, 4.1581,  0, 0, 0
L -31.3400, -656.7227, 4.1581,  -31.3340, -670.6766, 4.1581,  0, 0, 0
L -31.3340, -670.6766, 4.1581,  -47.2600, -670.7295, 4.1581,  0, 0, 0
L -47.2600, -670.7295, 4.1581,  -47.3000, -672.6938, 4.1581,  0, 0, 0
L -47.3000, -672.6938, 4.1581,  -50.9356, -672.6805, 4.1581,  0, 0, 0
L -50.9356, -672.6805, 4.1581,  -50.9361, -666.7518, 4.1581,  0, 0, 0
L -50.9361, -666.7518, 3.1581,  -34.9662, -666.7541, 2.1581,  0, 0, 0
L -34.9662, -666.7541, 2.1581,  -34.9720, -620.7776, 2.1581,  0, 0, 0
L -34.9720, -620.7776, 2.1581,  -4.3540, -620.7790, 2.1581,  0, 0, 0
L -4.3540, -620.7790, 2.1581,  -4.3120, -624.7162, 2.1581,  0, 0, 0
L -29.3170, -624.7172, 2.1581,  -29.3400, -646.7786, 2.1581,  0, 0, 0
L -29.3400, -646.7786, 2.1581,  16.9959, -646.7836, 2.1581,  0, 0, 0
L 16.9959, -646.7836, 2.1581,  17.5350, -640.7853, 2.1581,  0, 0, 0
L 17.5350, -640.7853, 2.1581,  20.9698, -640.7809, 2.1581,  0, 0, 0
L 20.9665, -646.7840, 2.1581,  20.9698, -640.7809, 2.1581,  0, 0, 0
L 20.9786, -646.7844, 2.1581,  43.2600, -646.7840, 2.1581,  0, 0, 0
L 43.2200, -646.6515, 2.1581,  43.2800, -624.7161, 2.1581,  0, 0, 0
L 43.3100, -624.7157, 2.1581,  20.9671, -624.7157, 2.1581,  0, 0, 0
L 20.9659, -624.7169, 2.1581,  20.9689, -630.7164, 2.1581,  0, 0, 0
L 20.9689, -630.7164, 2.1581,  17.3080, -630.7162, 2.1581,  0, 0, 0
L 17.3430, -624.7166, 2.1581,  17.3080, -630.7162, 2.1581,  0, 0, 0
L 17.2860, -624.7155, 2.1581,  4.3420, -624.7173, 2.1581,  0, 0, 0
L 4.3420, -624.7173, 2.1581,  4.3210, -620.7735, 2.1581,  0, 0, 0
L 4.3210, -620.7735, 2.1581,  47.2200, -620.7840, 2.1581,  0, 0, 0
L 47.3000, -620.7840, 2.1581,  47.2600, -606.7817, 2.1581,  0, 0, 0
L 47.2600, -606.7817, 2.1581,  50.9375, -606.7833, 2.1581,  0, 0, 0
L 50.9375, -606.7833, 2.1581,  50.9350, -616.7840, 2.1581,  0, 0, 0
L 50.9346, -616.7829, 2.1581,  67.2000, -616.7779, 2.1581,  0, 0, 0
L 67.2000, -580.7477, 2.1581,  50.9429, -580.7463, 2.1581,  0, 0, 0
L 50.9429, -580.7463, 2.1581,  50.9367, -598.7165, 2.1581,  0, 0, 0
L 67.2000, -616.7779, 2.1581,  67.2000, -580.7477, 2.1581,  0, 0, 0
L 50.9367, -598.7165, 2.1581,  47.3000, -598.7159, 2.1581,  0, 0, 0
L 47.3000, -598.7159, 2.1581,  47.1000, -558.8102, 2.1581,  0, 0, 0
L 50.9354, -558.8246, 2.1581,  47.1000, -558.8102, 2.1581,  0, 0, 0
L 50.9354, -558.8246, 2.1581,  50.9346, -572.8152, 2.1581,  0, 0, 0
L 50.9346, -572.8141, 2.1581,  67.1900, -572.8152, 2.1581,  0, 0, 0
L 67.2800, -572.8146, 2.1581,  67.3700, -530.7464, 2.1581,  0, 0, 0
L 67.3700, -530.7464, 2.1591,  50.9360, -530.7471, 2.1581,  0, 0, 0
L 50.9360, -530.7471, 2.1581,  50.9373, -550.7458, 2.1581,  0, 0, 0
L 50.9373, -550.7458, 2.1581,  47.1300, -550.7495, 2.1581,  0, 0, 0
L 47.2573, -550.7491, 2.1581,  47.2790, -558.8111, 2.1581,  240, 127, 0
L 47.1300, -550.7495, 2.1581,  46.9994, -506.8462, 2.1581,  0, 0, 0
L 46.9994, -506.8462, 2.1581,  58.9352, -506.8421, 2.1581,  0, 0, 0
L 58.9352, -506.8421, 2.1581,  58.9361, -510.7404, 2.1581,  0, 0, 0
L 58.9361, -510.7404, 2.1581,  50.9346, -510.7692, 2.1581,  0, 0, 0
L 50.9346, -510.7692, 2.1581,  50.9346, -526.8123, 2.1581,  0, 0, 0
L 50.9346, -526.8147, 2.1581,  67.1800, -526.8152, 2.1581,  0, 0, 0
L 67.1800, -526.8152, 2.1581,  66.9986, -506.8344, 2.1581,  0, 0, 0
L 66.9986, -506.8344, 2.1581,  75.1800, -506.8519, 2.1581,  0, 0, 0
L 75.1800, -506.8519, 2.1581,  75.2800, -484.7789, 2.1581,  0, 0, 0
L 75.2800, -484.7783, 2.1581,  52.9354, -484.7783, 2.1581,  0, 0, 0
L 52.9346, -484.7791, 2.1581,  52.9358, -496.7805, 2.1581,  0, 0, 0
L 52.9358, -496.7805, 2.1581,  47.7000, -496.7787, 2.1581,  0, 0, 0
L 47.2800, -494.8113, 2.1581,  47.7000, -496.7787, 2.1581,  0, 0, 0
L 47.2400, -494.7783, 2.1581,  9.3120, -494.7828, 2.1581,  0, 0, 0
L 9.3930, -488.8435, 3.1581,  9.3120, -494.7828, 3.1581,  0, 0, 0
L -9.3220, -488.8430, 3.1581,  -9.3350, -494.7735, 3.1581,  0, 0, 0
L -9.3350, -494.7735, 2.1581,  -47.2600, -494.8267, 2.1581,  0, 0, 0
L -47.2600, -494.8267, 2.1581,  -47.9000, -496.7780, 2.1581,  0, 0, 0
L -47.9000, -496.7780, 2.1581,  -52.9346, -496.7807, 2.1581,  0, 0, 0
L -52.9346, -496.7807, 2.1581,  -52.9350, -484.7783, 2.1581,  0, 0, 0
L -52.9350, -484.7783, 2.1581,  -75.2800, -484.7787, 2.1581,  0, 0, 0
L -75.2800, -484.7791, 2.1581,  -75.6000, -506.8478, 2.1581,  0, 0, 0
L -47.3700, -506.8419, 2.1581,  -75.6000, -506.8478, 2.1581,  0, 0, 0
L -47.3700, -506.8419, 2.1581,  -47.7000, -534.7468, 2.1581,  0, 0, 0
L -47.1469, -534.7468, 2.1581,  -47.1356, -542.8143, 2.1581,  240, 127, 0
L -47.7000, -534.7468, 2.1581,  -50.9354, -534.7471, 2.1581,  0, 0, 0
L -50.9354, -534.7471, 2.1581,  -50.9414, -510.7502, 2.1581,  0, 0, 0
L -50.9414, -510.7502, 2.1581,  -67.2800, -510.7477, 2.1581,  0, 0, 0
L -67.2400, -510.7468, 2.1581,  -67.2800, -542.8143, 2.1581,  0, 0, 0
L -67.3500, -542.8152, 2.1581,  -47.5000, -542.8143, 2.1581,  0, 0, 0
L -47.5000, -542.8143, 2.1581,  -47.9000, -578.7404, 2.1581,  0, 0, 0
L -47.9000, -578.7404, 2.1581,  -50.9369, -578.7599, 2.1581,  0, 0, 0
L -50.9369, -578.7599, 2.1581,  -50.9397, -562.7446, 2.1581,  0, 0, 0
L -50.9397, -562.7446, 2.1581,  -58.9339, -562.7490, 2.1581,  0, 0, 0
L -58.9339, -562.7490, 2.1581,  -58.9373, -558.8156, 2.1581,  0, 0, 0
L -58.9373, -558.8156, 2.1581,  -50.9352, -558.8120, 2.1591,  0, 0, 0
L -50.9352, -558.8120, 2.1591,  -50.9356, -548.7464, 2.1581,  0, 0, 0
L -51.1437, -548.7480, 2.1581,  -67.3200, -548.7469, 2.1581,  0, 0, 0
L -67.3100, -548.7654, 2.1581,  -67.2700, -600.7308, 2.1581,  0, 0, 0
L -67.2700, -600.7842, 2.1581,  -67.2700, -600.7696, 2.1581,  0, 0, 0
L -65.5600, -600.7309, 2.1581,  -65.1000, -604.7197, 2.1581,  0, 0, 0
L -50.9360, -600.7368, 2.1581,  -50.9388, -586.7844, 2.1581,  0, 0, 0
L -50.9388, -586.7844, 2.1581,  -47.1300, -586.7822, 2.1581,  0, 0, 0
L -47.1300, -586.7822, 2.1581,  -47.1600, -652.7164, 2.1581,  0, 0, 0
L -47.1600, -652.7164, 4.1581,  -97.1900, -652.7157, 4.1581,  0, 0, 0
L -97.2700, -652.7157, 4.1581,  -97.2300, -670.6833, 4.1581,  0, 0, 0
L -101.9986, -688.7531, 4.1581,  -101.9419, -670.7250, 4.1581,  240, 127, 0
L -97.2700, -694.7227, 2.1581,  -82.9983, -694.6855, 3.1581,  240, 240, 240
L -83.6900, -690.7441, 4.1581,  -82.9983, -694.6855, 4.1581,  240, 240, 240
L -83.6900, -690.7441, 4.1581,  -97.2000, -690.7527, 4.1581,  240, 240, 240
L -97.3200, -668.6846, 4.1581,  -72.9983, -668.6858, 4.1581,  240, 240, 240
L -72.9983, -668.6858, 4.1581,  -73.1900, -658.7815, 4.1581,  240, 240, 240
L -73.1900, -658.7815, 4.1581,  -78.9313, -658.7834, 4.1581,  240, 240, 240
L -78.9412, -662.7845, 4.1581,  -78.9313, -658.7834, 4.1581,  240, 240, 240
L -78.9346, -662.7826, 4.1581,  -97.2300, -662.7791, 4.1581,  240, 240, 240
L -4.3120, -624.7162, 2.1581,  -29.3170, -624.7172, 2.1581,  0, 0, 0
L 4.3620, -608.7219, 1.1581,  4.2890, -602.7840, 1.1581,  0, 0, 0
L 4.2890, -602.7840, 0.1582,  31.3340, -602.7784, 0.1582,  0, 0, 0
L 31.3340, -602.7784, 0.1582,  31.3370, -544.8184, 2.1581,  0, 0, 0
L 31.3370, -544.8184, 1.1581,  34.9667, -544.8098, 1.1581,  0, 0, 0
L 34.9667, -544.8098, 2.1581,  34.9739, -608.7173, 2.1581,  0, 0, 0
L 34.9739, -608.7173, 2.1581,  4.3620, -608.7219, 2.1581,  0, 0, 0
L -4.2670, -608.7178, 1.1581,  -4.3610, -602.7812, 1.1581,  0, 0, 0
L -4.3610, -602.7812, 0.1582,  -31.3400, -602.7797, 0.1582,  0, 0, 0
L -31.3400, -602.7797, 0.1582,  -31.2810, -544.8129, 0.1582,  0, 0, 0
L -31.2810, -544.8192, 1.1581,  -34.9677, -544.8096, 1.1581,  0, 0, 0
L -34.9677, -544.8096, 2.1581,  -34.9699, -608.7195, 2.1581,  0, 0, 0
L -34.9699, -608.7195, 2.1581,  -4.2670, -608.7178, 2.1581,  0, 0, 0
L 34.9667, -534.7486, 0.1582,  9.3560, -534.7513, 0.1582,  0, 0, 0
L 9.3560, -534.7513, 4.1581,  9.2970, -530.8151, 4.1581,  0, 0, 0
L -34.9669, -518.7471, 16.1582,  -34.9679, -522.7486, 16.1582,  127, 64, 0
L 34.9667, -518.7471, 16.1582,  34.9662, -522.7521, 16.1582,  127, 64, 0
L 34.9667, -534.7486, 2.1581,  34.9692, -514.8137, 2.1581,  0, 0, 0
L 34.9692, -514.8137, 2.1581,  -34.9684, -514.8116, 2.1581,  0, 0, 0
L -34.9669, -534.7480, 0.1582,  -9.3300, -534.7509, 0.1582,  0, 0, 0
L -9.3300, -534.7509, 4.1581,  -9.3200, -530.8187, 4.1581,  0, 0, 0
L -47.3796, -578.6739, 2.1581,  -47.3806, -586.9492, 2.1581,  240, 127, 0
L -67.2700, -600.7308, 2.1581,  -65.5600, -600.7306, 2.1581,  0, 0, 0
L -65.5600, -600.7309, 2.1581,  -52.9386, -600.7303, 2.1581,  240, 240, 0
L -50.9360, -600.7368, 2.1581,  -52.9386, -600.7296, 2.1581,  0, 0, 0
L -52.9386, -600.7303, 2.1581,  -52.9333, -604.7169, 2.1581,  0, 0, 0
L -50.9352, -604.7157, 2.1581,  -52.9333, -604.7169, 2.1581,  0, 0, 0
L -67.2200, -604.7151, 2.1581,  -65.1000, -604.7197, 2.1581,  0, 0, 0
L -67.3500, -604.7178, 2.1581,  -67.2800, -610.7840, 2.1581,  0, 0, 0
L -67.2800, -610.7840, 2.1581,  -65.1600, -610.7826, 2.1581,  0, 0, 0
L -17.3390, -650.7294, 20.1582,  0.9781, -650.7177, 20.1582,  127, 64, 0
L 0.9781, -650.7177, 19.1582,  0.9550, -646.7834, 19.1582,  127, 64, 0
L 0.9550, -646.7834, 18.1582,  -22.9691, -646.7802, 18.1582,  127, 64, 0
L -22.9691, -646.7802, 18.1582,  -22.9665, -652.6875, 18.1582,  127, 64, 0
L -20.9659, -652.7450, 18.1582,  -22.9665, -652.6875, 18.1582,  127, 64, 0
L -20.9659, -652.7173, 18.1582,  -20.9658, -706.7465, 18.1582,  127, 64, 0
L -20.9658, -706.7465, 18.1582,  -49.3100, -706.7516, 18.1582,  127, 64, 0
L -49.2200, -706.6191, 18.1582,  -48.9975, -694.7495, 18.1582,  127, 64, 0
L -48.9975, -694.7495, 18.1582,  -70.9356, -694.7495, 18.1582,  127, 64, 0
L -70.9355, -698.6848, 18.1582,  -70.9356, -694.7495, 18.1582,  127, 64, 0
L -70.9355, -698.6848, 18.7341,  -47.3300, -698.6833, 32.1582,  0, 127, 127
L -47.3300, -698.6833, 32.1582,  -46.9998, -694.7753, 32.1582,  0, 127, 127
L -47.9979, -694.7527, 32.1582,  -46.9998, -694.7753, 32.1582,  0, 127, 127
L -47.9979, -694.7527, 32.1582,  -48.2000, -676.6846, 32.1582,  0, 127, 127
L -48.2000, -676.6846, 32.1582,  -47.2200, -676.6870, 32.1582,  0, 127, 127
L -47.2200, -676.6870, 32.1582,  -47.1100, -672.7690, 32.1582,  0, 127, 127
L -48.2200, -672.7527, 32.1582,  -47.1100, -672.7690, 32.1582,  0, 127, 127
L -48.2200, -672.7527, 32.1582,  -48.1500, -654.7157, 32.1582,  0, 127, 127
L -48.1500, -654.7157, 32.1582,  -46.9998, -654.6942, 32.1582,  0, 127, 127
L -47.1500, -652.7157, 32.1582,  -46.9998, -654.6942, 32.1582,  0, 127, 127
L -47.1800, -652.7157, 32.1582,  -20.9670, -652.7157, 32.1582,  0, 127, 127
L -20.9658, -652.7156, 32.1582,  -20.9686, -706.7505, 32.1582,  0, 127, 127
L -20.9686, -706.7505, 32.1582,  -49.7667, -706.7495, 32.1582,  0, 127, 127
L -49.7667, -706.7495, 32.1582,  -67.8271, -706.7458, 18.2632,  0, 127, 127
L -66.8987, -706.7527, 18.9925,  -97.3200, -706.7523, 18.1582,  127, 64, 0
L -97.2700, -706.7527, 18.1582,  -97.4300, -652.7157, 18.1582,  127, 64, 0
L -97.3600, -676.6833, 18.1582,  -73.2800, -676.6887, 18.1582,  127, 64, 0
L -73.2800, -676.6887, 18.1582,  -73.6000, -670.7563, 18.1582,  127, 64, 0
L -73.6000, -670.7563, 18.1582,  -97.2700, -670.7195, 18.1582,  127, 64, 0
L -97.4300, -652.7157, 18.1582,  -31.3520, -652.7192, 18.1582,  127, 64, 0
L -31.3520, -652.7192, 18.1582,  -31.2940, -646.7866, 18.1582,  127, 64, 0
L -31.2940, -646.7866, 17.1582,  -49.2800, -646.7578, 16.1582,  127, 64, 0
L -49.2800, -646.7578, 16.1582,  -48.9992, -642.7122, 16.1582,  127, 64, 0
L -31.3290, -648.8259, 18.1582,  -22.9681, -648.8264, 18.1582,  240, 127, 0
L -49.4438, -642.8089, 16.1582,  -49.4420, -634.6656, 16.1571,  240, 127, 0
L -49.2400, -634.7162, 16.1582,  -52.9382, -634.7162, 16.1582,  127, 64, 0
L -52.9382, -634.7162, 16.1582,  -52.9331, -608.7155, 16.1580,  127, 64, 0
L -52.9331, -608.7155, 16.1579,  -67.3300, -608.7157, 16.1582,  127, 64, 0
L -67.2800, -646.7834, 16.1582,  -52.9356, -646.7840, 16.1582,  127, 64, 0
L -52.9356, -646.7840, 16.1582,  -52.9358, -642.8129, 16.1582,  127, 64, 0
L -48.9992, -642.7122, 16.1582,  -52.9358, -642.8129, 16.1582,  127, 64, 0
L -49.2400, -634.7162, 16.1582,  -49.2800, -608.7172, 16.1582,  127, 64, 0
L -49.2800, -608.7309, 16.1582,  -45.2200, -608.6979, 16.1582,  127, 64, 0
L -45.2200, -608.6979, 16.1582,  -45.1100, -600.7803, 16.1582,  127, 64, 0
L -48.9844, -600.7842, 16.1582,  -45.1100, -600.7803, 16.1582,  127, 64, 0
L -49.3000, -600.7834, 16.1582,  -49.1000, -584.8116, 16.1582,  127, 64, 0
L -49.1000, -584.8116, 16.1582,  -56.9309, -584.8138, 16.1582,  127, 64, 0
L -56.9309, -584.8138, 16.1582,  -56.9373, -588.7190, 16.1582,  127, 64, 0
L -54.9367, -588.7157, 16.1582,  -56.9373, -588.7190, 16.1582,  127, 64, 0
L -54.9341, -588.7521, 16.1582,  -54.9346, -600.7822, 16.1582,  127, 64, 0
L -55.2342, -600.7822, 16.1582,  -67.2800, -600.7830, 16.1582,  127, 64, 0
L -67.1600, -584.8152, 16.1582,  -65.3900, -584.8088, 16.1582,  127, 64, 0
L -64.9992, -588.7205, 16.1582,  -65.3900, -584.8088, 16.1582,  127, 64, 0
L -66.9924, -588.7155, 16.1582,  -64.9992, -588.7205, 16.1582,  127, 64, 0
L -67.2800, -538.7472, 16.1582,  -52.9356, -538.7469, 16.1582,  127, 64, 0
L -52.9346, -538.7464, 16.1582,  -52.9406, -554.7451, 16.1582,  127, 64, 0
L -52.9406, -554.7451, 16.1582,  -49.2600, -554.7495, 16.1582,  127, 64, 0
L -49.2600, -554.7495, 16.1582,  -49.2000, -538.7466, 16.1582,  127, 64, 0
L -49.2800, -538.7483, 16.1582,  -43.1100, -538.7495, 16.1582,  127, 64, 0
L -43.1100, -538.7495, 16.1582,  -43.3300, -534.8107, 16.1582,  127, 64, 0
L -43.3300, -534.8107, 16.1582,  -67.2800, -534.8143, 16.1582,  127, 64, 0
L -67.1800, -518.7471, 16.1582,  -64.9992, -518.7495, 16.1582,  127, 64, 0
L -64.9992, -518.7495, 16.1582,  -65.2000, -506.8416, 16.1582,  127, 64, 0
L -34.9658, -518.7483, 16.1582,  -52.9356, -518.7501, 16.1582,  127, 64, 0
L -52.9356, -518.7501, 16.1582,  -52.9380, -506.8437, 16.1582,  127, 64, 0
L -49.3000, -510.8143, 16.1582,  -49.1300, -506.8455, 16.1582,  127, 64, 0
L -52.9380, -506.8437, 16.1582,  -49.1300, -506.8455, 16.1582,  127, 64, 0
L -49.3000, -498.7762, 16.1582,  -52.9395, -498.7816, 16.1582,  127, 64, 0
L -49.3000, -498.7762, 16.1582,  -49.2600, -492.7783, 16.1582,  127, 64, 0
L -49.3100, -492.7796, 16.1582,  -42.9341, -492.7783, 16.1582,  127, 64, 0
L -42.9348, -492.7783, 16.1582,  -42.9346, -510.8136, 16.1582,  127, 64, 0
L -42.9343, -510.8147, 16.1582,  -49.1600, -510.8154, 16.1582,  127, 64, 0
L -49.4900, -498.7769, 16.1571,  -49.5187, -506.8453, 16.1582,  240, 127, 0
L -52.9395, -498.7816, 16.1582,  -52.9350, -492.7798, 16.1582,  127, 64, 0
L -52.9350, -492.7798, 16.1582,  -67.3300, -492.7783, 16.1591,  127, 64, 0
L -67.4300, -490.8466, 16.1591,  -66.9992, -501.7817, 16.1582,  0, 127, 127
L -65.2000, -506.8416, 16.1582,  -77.2700, -506.8466, 16.1582,  127, 64, 0
L -77.2700, -506.8466, 16.1582,  -77.1600, -502.3100, 16.1582,  127, 64, 0
L -77.1600, -502.3100, 16.1582,  -77.3200, -482.7787, 27.1582,  0, 127, 127
L -77.3200, -482.7787, 27.1582,  -52.9346, -482.7792, 38.1582,  0, 127, 127
L -52.9346, -482.7792, 38.1582,  -52.9348, -506.7941, 41.1270,  0, 127, 127
L -52.9348, -506.7941, 41.1270,  -76.9908, -506.8466, 41.1270,  0, 127, 127
L -76.9908, -506.8466, 41.1270,  -77.2700, -492.1539, 41.1270,  0, 127, 127
L -77.2700, -492.1539, 41.1270,  -57.2600, -492.1424, 38.1582,  0, 127, 127
L -56.9757, -490.8455, 37.1582,  -67.4300, -490.8466, 29.9610,  0, 127, 127
L -57.2400, -492.7452, 39.1460,  -56.9757, -490.8455, 38.1582,  0, 127, 127
L -34.9660, -530.8115, 16.1582,  -34.9692, -608.7155, 16.1582,  127, 64, 0
L -34.9692, -608.7155, 18.1582,  54.9361, -608.7169, 17.1582,  127, 64, 0
L 54.9361, -608.7169, 16.1582,  54.9352, -602.7818, 16.1582,  127, 64, 0
L 54.9352, -602.7818, 16.1582,  48.9356, -602.7806, 16.1582,  127, 64, 0
L 48.9356, -602.7806, 20.1582,  48.9318, -600.7803, 20.1582,  127, 64, 0
L 48.9318, -600.7803, 18.1582,  15.2073, -600.8029, 42.4600,  0, 127, 127
L 27.3240, -600.7949, 44.1270,  27.3490, -624.7833, 44.1280,  0, 127, 127
L 27.3490, -624.7833, 44.1280,  -27.3290, -624.7842, 44.1270,  0, 127, 127
L -27.3290, -624.7842, 44.1270,  -27.3350, -550.7439, 44.1270,  0, 127, 127
L -27.3350, -550.7439, 44.1270,  -4.3430, -550.7504, 44.1270,  0, 127, 127
L -4.3430, -550.7504, 44.1270,  -4.3160, -544.8130, 44.1270,  0, 127, 127
L -4.3160, -544.8130, 44.1270,  -7.9672, -544.8152, 44.1270,  0, 127, 127
L -7.9659, -546.8138, 44.1270,  -7.9672, -544.8152, 44.1270,  0, 127, 127
L -7.9659, -546.8143, 44.1270,  -30.9707, -546.8090, 44.1270,  0, 127, 127
L -30.9707, -546.8090, 44.1270,  -30.9729, -632.7193, 44.1270,  0, 127, 127
L -30.9729, -632.7193, 44.1270,  30.9723, -632.7219, 44.1270,  0, 127, 127
L 30.9723, -632.7219, 44.1270,  30.9746, -546.8105, 44.1270,  0, 127, 127
L 30.9746, -546.8105, 44.1270,  7.9676, -546.8144, 44.1270,  0, 127, 127
L 7.9618, -544.8138, 44.1270,  4.3490, -544.8141, 44.1270,  0, 127, 127
L 4.3490, -544.8141, 44.1270,  4.3230, -550.7496, 44.1270,  0, 127, 127
L 7.9676, -546.8144, 44.1270,  7.9618, -544.8138, 44.1270,  0, 127, 127
L 47.2800, -512.7471, 44.1270,  47.2400, -646.7840, 44.1270,  0, 127, 127
L 47.2400, -646.7840, 44.1270,  -46.9977, -646.7840, 44.1268,  0, 127, 127
L -46.9977, -646.7840, 44.1270,  -47.2800, -512.7513, 44.1270,  0, 127, 127
L -47.2800, -512.7513, 44.1270,  47.2000, -512.7471, 44.1270,  0, 127, 127
L -4.3450, -546.5196, 44.1270,  4.3420, -546.5104, 44.1270,  240, 127, 0
L 4.3230, -550.7496, 44.1270,  27.3440, -550.7477, 44.1270,  0, 127, 127
L 27.3350, -550.8488, 44.1270,  27.7800, -584.8105, 44.1270,  0, 127, 127
L 27.7800, -584.8105, 44.1270,  -18.9630, -584.8123, 44.1270,  0, 127, 127
L -18.9630, -584.8123, 44.1268,  -18.9686, -590.7177, 44.1270,  0, 127, 127
L -18.9686, -590.7177, 44.1270,  14.9535, -590.7215, 44.1270,  0, 127, 127
L 15.2073, -600.8029, 43.1280,  14.9535, -590.7215, 44.1270,  240, 240, 240
L 15.1487, -590.7172, 44.6300,  48.9348, -590.7161, 20.1582,  0, 127, 127
L 48.9346, -588.7465, 20.1582,  48.9348, -590.7161, 20.1582,  127, 64, 0
L 48.9346, -588.7175, 20.1582,  54.9380, -588.7281, 16.1582,  127, 64, 0
L 54.9380, -588.7281, 16.1582,  54.9403, -552.8135, 16.1582,  127, 64, 0
L 54.9403, -552.8135, 16.1582,  51.3100, -552.8165, 16.1582,  127, 64, 0
L 51.3100, -552.8165, 16.1582,  50.9812, -578.8152, 16.1582,  127, 64, 0
L 50.9812, -578.8152, 16.1582,  34.9652, -578.8143, 16.1582,  127, 64, 0
L 34.9658, -578.8141, 16.1582,  34.9665, -538.7468, 16.1582,  127, 64, 0
L 34.9665, -538.7471, 16.1582,  51.2800, -538.7469, 16.1582,  127, 64, 0
L 51.2800, -538.7485, 16.1582,  51.2800, -544.7477, 16.1582,  127, 64, 0
L 54.9384, -544.7468, 16.1582,  51.2800, -544.7477, 16.1582,  127, 64, 0
L 54.9384, -544.7468, 16.1582,  54.9352, -534.8137, 16.1582,  127, 64, 0
L 54.9352, -534.8137, 16.1582,  34.9658, -534.8138, 16.1582,  127, 64, 0
L 34.9649, -534.7953, 16.1582,  34.9688, -530.7900, 16.1582,  127, 64, 0
L 66.9889, -518.7471, 16.1582,  67.1900, -646.7842, 16.1582,  127, 64, 0
L 67.1900, -646.7842, 16.1582,  17.3740, -646.7812, 18.1582,  127, 64, 0
L 2.8773, -660.7830, 20.1582,  -2.9828, -660.7820, 20.1582,  127, 64, 0
L 2.3440, -608.7169, 18.1582,  2.3040, -612.7183, 18.1582,  240, 240, 240
L 17.9669, -608.7157, 18.1582,  17.9684, -612.7187, 18.1582,  240, 240, 240
L 17.9684, -612.7187, 18.1582,  2.3040, -612.7183, 18.1582,  240, 240, 240
L 54.6114, -544.5510, 16.1582,  54.6118, -552.9615, 16.1582,  240, 127, 0
L 66.9639, -518.7460, 16.1582,  65.1900, -518.7501, 16.1582,  127, 64, 0
L 65.1900, -518.7501, 16.1582,  64.9990, -506.8451, 16.1582,  127, 64, 0
L 64.9990, -506.8451, 16.1582,  77.3100, -506.8460, 16.1582,  127, 64, 0
L 77.3100, -506.8460, 16.1582,  77.2800, -482.7783, 27.1582,  0, 127, 127
L 77.2800, -482.7783, 27.1582,  52.9348, -482.8077, 38.1582,  0, 127, 127
L 52.9354, -482.9424, 38.1582,  52.9352, -506.8466, 41.1270,  0, 127, 127
L 52.9352, -506.8466, 41.1270,  77.2400, -506.8466, 41.1270,  0, 127, 127
L 77.6000, -505.7887, 41.1270,  77.2400, -492.1347, 41.1270,  240, 127, 0
L 77.2400, -492.1347, 41.1270,  57.2400, -492.1849, 38.1582,  0, 127, 127
L 57.1530, -490.8467, 38.1582,  56.9836, -494.1429, 40.1268,  0, 127, 127
L 57.1530, -490.8467, 37.1591,  67.4000, -490.8453, 29.1582,  0, 127, 127
L 56.9836, -494.1429, 40.1270,  52.9348, -494.1381, 40.1270,  240, 240, 240
L 67.4000, -490.8453, 16.1582,  66.9972, -502.1062, 16.1582,  0, 127, 127
L 52.9403, -492.7778, 16.1582,  52.9393, -518.7476, 16.1582,  127, 64, 0
L 52.9350, -492.7783, 16.1582,  67.3200, -492.7871, 16.1582,  127, 64, 0
L 52.9393, -518.7476, 16.1582,  34.9665, -518.7471, 16.1582,  127, 64, 0
L -17.3410, -650.7245, 20.1582,  -17.3350, -660.7840, 20.1582,  127, 64, 0
L -17.3350, -660.7840, 20.1582,  -17.2750, -676.1049, 15.1858,  127, 64, 0
L -17.2730, -681.1556, 15.1858,  -17.2690, -692.6860, 9.2444,  0, 0, 0
L -2.9670, -692.6866, 8.3187,  -2.9672, -681.1154, 15.5033,  0, 0, 0
L -2.9668, -676.7650, 15.5485,  -2.9828, -660.7820, 23.7666,  127, 64, 0
L 19.3370, -692.6837, 36.1582,  17.3250, -692.6898, 36.1582,  0, 127, 127
L 19.3410, -692.6838, 36.1582,  19.3150, -696.6805, 36.1582,  0, 127, 127
L 19.3150, -696.6805, 36.1582,  22.9675, -696.6901, 36.1582,  0, 127, 127
L 22.9675, -696.6901, 36.1582,  22.9712, -680.1118, 36.1582,  0, 127, 127
L 22.9703, -684.6846, 36.1582,  36.4022, -684.6855, 36.1582,  240, 240, 240
L 36.4022, -684.6855, 36.1582,  50.9388, -670.1180, 36.1582,  240, 240, 240
L 22.9712, -680.1118, 36.1582,  50.3248, -652.7599, 36.1582,  0, 127, 127
L 50.3712, -652.7165, 36.1582,  79.6076, -652.7546, 36.1582,  0, 127, 127
L 79.5926, -652.7394, 36.1582,  106.9946, -680.1105, 36.1582,  0, 127, 127
L 107.2200, -680.4357, 36.1582,  107.2700, -709.2800, 36.1582,  0, 127, 127
L 106.8665, -709.4540, 36.1582,  79.5694, -736.7526, 36.1582,  0, 127, 127
L 50.2612, -736.6443, 36.1582,  22.9651, -709.2609, 36.1582,  0, 127, 127
L 79.5645, -736.7531, 36.1582,  50.3684, -736.7513, 36.1582,  0, 127, 127
L 22.9721, -709.3254, 36.1582,  22.9627, -704.7494, 36.1582,  0, 127, 127
L 19.3180, -704.7552, 36.1582,  22.9627, -704.7494, 36.1582,  0, 127, 127
L 50.9388, -670.1180, 36.1582,  50.9384, -662.7818, 36.1582,  240, 240, 240
L 50.9384, -662.7818, 36.1582,  45.7000, -662.7833, 36.1582,  240, 240, 240
L 45.7000, -662.7833, 36.1582,  45.3700, -669.2303, 36.1582,  240, 240, 240
L 45.3700, -669.2303, 36.1582,  35.5232, -678.7523, 36.1582,  240, 240, 240
L 35.5407, -678.7523, 36.1582,  24.3302, -678.7534, 36.1582,  240, 240, 240
L 19.3400, -706.7522, 36.1582,  19.3180, -704.7552, 36.1582,  0, 127, 127
L -19.3400, -706.7504, 36.1582,  19.3400, -706.7521, 36.1582,  0, 127, 127
L -19.3390, -706.7527, 36.1582,  -19.3410, -692.6846, 36.1582,  0, 127, 127
L -19.3410, -692.6846, 36.1582,  -17.3280, -692.6851, 36.1582,  0, 127, 127
L -2.9683, -692.6827, 36.1582,  2.9714, -692.6885, 36.1582,  0, 127, 127
L -2.9683, -692.6827, 41.9298,  -2.9666, -676.7969, 46.2571,  0, 127, 127
L -17.3280, -692.6851, 41.1905,  -17.3210, -676.7726, 46.2261,  0, 127, 127
L -17.3210, -676.7726, 46.2261,  -17.3200, -662.5063, 54.8269,  240, 0, 0
L -17.3200, -662.5063, 54.8269,  -17.3410, -650.7623, 52.1270,  240, 0, 0
L -17.3410, -650.7623, 52.1270,  17.3380, -650.7527, 52.1270,  240, 0, 0
L 17.3380, -650.7527, 52.1270,  17.3300, -696.6866, 52.1270,  240, 0, 0
L -2.9670, -676.7969, 46.4951,  -2.9716, -660.7852, 54.3008,  240, 0, 0
L -2.9716, -660.7852, 52.1270,  2.9674, -660.7793, 52.1270,  240, 0, 0
L 2.9674, -660.7793, 52.1270,  2.9720, -692.6819, 52.1270,  240, 0, 0
L 0.9659, -692.6855, 52.1270,  2.9720, -692.6819, 52.1270,  240, 0, 0
L 0.9668, -692.6840, 52.1270,  0.9663, -706.7531, 52.1270,  240, 0, 0
L 0.9663, -706.7531, 52.1270,  20.2834, -706.7522, 52.1270,  240, 0, 0
L 17.3300, -696.6866, 52.1270,  22.9680, -696.6838, 52.1270,  240, 0, 0
L 22.9680, -696.6838, 52.1270,  22.9642, -680.1445, 52.1268,  240, 0, 0
L 22.9642, -680.1445, 52.1270,  50.3183, -654.7432, 52.1270,  240, 0, 0
L 50.4294, -654.7161, 52.1270,  79.6465, -654.7943, 52.1270,  240, 0, 0
L 105.3600, -680.1285, 52.1270,  79.5259, -654.7155, 52.1270,  240, 0, 0
L 105.3600, -680.1285, 52.1270,  105.2800, -709.2928, 52.1270,  240, 0, 0
L 105.2800, -709.2928, 52.1270,  79.6143, -734.7065, 52.1270,  240, 0, 0
L 79.5337, -734.7527, 52.1270,  50.2661, -734.6749, 52.1270,  240, 0, 0
L 50.2661, -734.6749, 52.1270,  20.2834, -706.7522, 52.1270,  240, 0, 0
L 19.6570, -704.7939, 36.1580,  19.6571, -696.6725, 36.1580,  240, 127, 0
L 17.3250, -692.6898, 40.2150,  17.3330, -673.8795, 24.3472,  0, 127, 127
L 17.3440, -660.7852, 24.3472,  17.3740, -646.7812, 18.1582,  127, 64, 0
L 2.9714, -692.6885, 39.7730,  2.9680, -673.6484, 29.5243,  0, 127, 127
L 2.9318, -668.5190, 29.5243,  2.8773, -660.7830, 20.1582,  127, 64, 0
L -22.9651, -608.7157, 18.1591,  -22.9639, -616.7192, 18.1582,  240, 240, 240
L -13.3270, -616.7191, 18.1582,  -13.3480, -608.7214, 18.1589,  240, 240, 240
L -13.3270, -616.7191, 18.1582,  -22.9639, -616.7192, 18.1582,  240, 240, 240
L 9.2970, -530.8151, 6.1581,  20.2159, -530.8152, 10.1582,  0, 0, 0
L 20.2158, -530.8120, 10.1582,  34.9688, -530.7900, 16.1582,  127, 64, 0
L 9.3340, -520.7464, 5.1581,  9.3430, -522.7471, 5.1581,  0, 0, 0
L 9.3430, -522.7471, 6.1581,  20.1169, -522.7466, 10.1582,  0, 0, 0
L 20.1169, -522.7469, 10.1582,  34.9662, -522.7521, 16.1582,  127, 64, 0
L 34.9684, -520.7422, 5.1581,  9.3340, -520.7464, 5.1581,  0, 0, 0
L -34.9669, -534.7480, 2.1581,  -34.9684, -514.8116, 2.1581,  0, 0, 0
L -9.3420, -520.7495, 5.1581,  -9.3070, -522.7433, 5.1581,  0, 0, 0
L -9.3070, -522.7433, 6.1581,  -20.7871, -522.7663, 10.1582,  0, 0, 0
L -20.7871, -522.7593, 10.1582,  -34.9679, -522.7486, 16.1582,  127, 64, 0
L -9.3200, -530.8187, 6.1581,  -20.7439, -530.7981, 10.1582,  0, 0, 0
L -20.7439, -530.8035, 10.1582,  -34.9660, -530.8115, 16.1582,  127, 64, 0
L -2.9676, -676.7650, 15.3427,  -2.9666, -681.1154, 12.8705,  127, 64, 0
L -17.3090, -681.1556, 13.3710,  -17.3410, -676.1050, 15.1509,  127, 64, 0
L 69.3200, -745.2380, 3.1583,  60.9343, -745.2377, 3.1581,  240, 127, 0
L 59.3300, -700.6897, 4.1581,  70.9337, -700.6846, 4.1581,  127, 64, 0
L 70.9337, -700.6846, 4.1581,  70.9388, -688.7498, 4.1581,  127, 64, 0
L 70.9388, -688.7498, 4.1581,  59.3000, -688.7509, 4.1646,  127, 64, 0
L 59.3300, -700.6897, 4.1581,  59.3000, -688.7509, 4.1581,  127, 64, 0
L -43.1600, -688.7549, 18.1582,  -50.9367, -688.7455, 18.1582,  240, 240, 240
L -50.9369, -694.7527, 18.1582,  -50.9367, -688.7455, 18.1582,  240, 240, 240
L -43.1600, -688.7549, 18.1582,  -43.2200, -696.7021, 18.1582,  240, 240, 240
L -43.2200, -696.7021, 18.1582,  -49.2800, -696.6861, 18.1582,  240, 240, 240
L -42.9985, -670.6858, 18.1582,  -50.9333, -670.6823, 18.1582,  240, 240, 240
L -50.9333, -670.6823, 18.1582,  -50.9373, -662.7834, 18.1582,  240, 240, 240
L -50.9373, -662.7834, 18.1582,  -43.6100, -662.7820, 18.1582,  240, 240, 240
L -43.6100, -662.7820, 18.1583,  -42.9985, -670.6858, 18.1582,  240, 240, 240
L -67.3000, -646.7838, 16.1582,  -67.2800, -608.7161, 16.1582,  127, 64, 0
L -67.2300, -584.8152, 16.1582,  -67.2800, -538.7471, 16.1582,  127, 64, 0
L -67.2300, -600.7840, 16.1582,  -67.2800, -588.7155, 16.1582,  127, 64, 0
L -56.9523, -587.9988, 16.1582,  -64.9909, -587.9987, 16.1582,  240, 127, 0
L -67.2800, -534.8151, 16.1582,  -67.3000, -518.7471, 16.1582,  127, 64, 0
L -25.3390, -602.7840, 0.1592,  -25.3350, -596.7825, 0.1582,  240, 240, 240
L -31.3250, -596.7849, 0.1592,  -25.3350, -596.7825, 0.1582,  240, 240, 240
L 25.2920, -602.7795, 0.1582,  25.3200, -596.7790, 0.1582,  240, 240, 240
L 31.3470, -596.7844, 0.1592,  25.3200, -596.7790, 0.1582,  240, 240, 240
L -31.3410, -552.7460, 0.1592,  -25.3550, -552.7465, 0.1582,  240, 240, 240
L -25.3550, -552.7465, 0.1582,  -25.3280, -544.8196, 0.1582,  240, 240, 240
L -25.3280, -544.8196, 0.1592,  -31.2810, -544.8129, 0.1582,  240, 240, 240
L 25.3470, -544.8062, 0.1582,  25.3400, -552.6321, 0.1659,  240, 240, 240
L 25.3400, -552.6321, 0.1582,  31.3380, -552.7454, 0.1603,  240, 240, 240
L 25.3470, -544.8062, 0.1582,  31.2077, -544.8115, 0.1582,  240, 240, 240
L -21.2135, -520.7490, 14.2861,  -31.3410, -520.7468, 21.5587,  127, 64, 0
L -31.3410, -520.7468, 21.5587,  -31.2760, -522.7516, 20.9838,  127, 64, 0
L -21.2091, -520.7471, 14.2834,  -9.3420, -520.7469, 5.1581,  0, 0, 0
L -9.3420, -520.7469, 5.1581,  9.3420, -520.7471, 5.1581,  0, 0, 0
L 9.3420, -520.7471, 5.1581,  20.2739, -520.7487, 13.7657,  0, 0, 0
L 20.2739, -520.7487, 13.7657,  31.3410, -520.7468, 21.5587,  127, 64, 0
L 31.3410, -520.7468, 21.5587,  31.3010, -522.7507, 20.5164,  127, 64, 0
L 2.9660, -668.5190, 26.7582,  2.9714, -673.8795, 29.5360,  0, 127, 127
L 17.3390, -668.4637, 27.1021,  17.3080, -673.8795, 29.7350,  0, 127, 127
L 17.3370, -660.7840, 20.1582,  17.3280, -668.4637, 26.4723,  127, 64, 0
L 33.3300, -608.7165, 18.1682,  33.3000, -616.7155, 18.1582,  240, 240, 240
L 33.3000, -616.7155, 18.1582,  42.9337, -616.7227, 18.1582,  240, 240, 240
L 42.9337, -616.7227, 18.1582,  42.9337, -608.7159, 18.1591,  240, 240, 240
L -50.9350, -610.7840, 2.1581,  -50.9344, -604.7151, 2.1581,  0, 0, 0
L -50.9350, -610.7840, 2.1581,  -52.9373, -610.7812, 2.1581,  0, 0, 0
L -52.9373, -610.7812, 1.1583,  -52.9352, -625.9478, -2.8416,  0, 0, 0
L -52.9361, -625.9479, -2.8416,  -52.9365, -634.6326, -9.8416,  0, 127, 0
L -52.9365, -634.6326, -9.8416,  -52.9341, -642.7165, -12.8416,  0, 127, 0
L -65.3600, -642.7159, -12.8416,  -65.5000, -635.2360, -9.8416,  0, 127, 0
L -65.5000, -635.2360, -9.8416,  -65.1900, -626.4623, -3.8416,  0, 127, 0
L -65.2000, -626.4623, -3.8416,  -65.1600, -610.7826, 1.1581,  0, 0, 0
L -50.9354, -642.7155, -13.8416,  -50.9378, -664.1541, -13.8416,  0, 127, 0
L -50.9378, -664.1541, -13.8416,  -42.3656, -672.6861, -13.8416,  0, 127, 0
L -42.3656, -672.6861, -13.8416,  -27.3160, -672.6855, -13.8416,  0, 127, 0
L -27.3160, -672.6855, -13.8416,  -27.3090, -643.3553, -13.8416,  0, 127, 0
L -27.3090, -643.3553, -13.8416,  -41.2400, -629.3333, -13.8416,  0, 127, 0
L -41.2600, -629.2866, -13.8416,  -40.9677, -602.1138, -13.8416,  0, 127, 0
L -41.5000, -602.1468, -13.8416,  -13.5366, -574.7472, -13.8416,  0, 127, 0
L -13.5196, -574.7472, -13.8416,  -0.4541, -574.7472, -13.8416,  0, 127, 0
L -0.3698, -574.7767, -13.8416,  13.6014, -588.7197, -13.8416,  0, 127, 0
L 13.6014, -588.7197, -13.8416,  56.9399, -588.7195, -13.8416,  0, 127, 0
L 56.9399, -588.7195, -13.8416,  56.9346, -574.7495, -13.8416,  0, 127, 0
L 56.9346, -574.7495, -13.8416,  69.3000, -574.7468, -13.8416,  0, 127, 0
L 69.3000, -574.7468, -13.8416,  69.1000, -588.1484, -13.8416,  0, 127, 0
L 69.1000, -588.1484, -13.8416,  111.5645, -630.7159, -13.8416,  0, 127, 0
L 111.5645, -630.7159, -13.8416,  124.9716, -630.7156, -13.8416,  0, 127, 0
L 124.9716, -630.7156, -13.8416,  124.9716, -642.7840, -13.8416,  0, 127, 0
L 124.9716, -642.7840, -13.8416,  111.5713, -642.7822, -13.8416,  0, 127, 0
L 111.5713, -642.7822, -13.8416,  69.2000, -685.3174, -13.8416,  0, 127, 0
L 69.2000, -685.3174, -13.8416,  69.2800, -698.7530, -13.8416,  0, 127, 0
L 69.2800, -698.7530, -13.8416,  56.9425, -698.7527, -13.8416,  0, 127, 0
L 56.9380, -684.7513, -13.8416,  13.3270, -684.7512, -13.8416,  0, 127, 0
L 13.3270, -684.7388, -13.8416,  0.9663, -684.6944, -13.8416,  240, 240, 0
L 0.9686, -586.7812, -13.8416,  0.9660, -707.2527, -17.8753,  0, 127, 0
L 0.9660, -707.2527, -17.8753,  0.9707, -742.6870, -17.8416,  127, 0, 0
L 0.9707, -742.6870, -17.8416,  -42.1077, -742.6843, -17.8416,  127, 0, 0
L -42.1077, -742.6843, -17.8416,  -56.6660, -738.7078, -17.8506,  127, 0, 0
L -56.3500, -738.7128, -17.8558,  -84.9346, -742.8315, -19.7563,  127, 0, 0
L -84.9346, -742.8315, -18.2787,  -84.9378, -713.4430, -21.4355,  127, 0, 0
L -73.1980, -674.6838, -45.8094,  -73.2020, -674.6843, -45.8104,  127, 0, 0
L -73.2020, -674.6843, -45.8104,  -81.3100, -674.6844, -41.8162,  240, 0, 0
L -81.2300, -674.6844, -41.8162,  -81.2800, -696.7527, -45.8104,  240, 0, 0
L -81.2800, -696.7527, -45.8104,  -74.8640, -696.7527, -45.8104,  240, 0, 0
L -74.8633, -696.7527, -45.8104,  -73.1990, -674.6841, -45.8106,  240, 0, 0
L -80.3717, -696.7523, -45.8104,  -80.3862, -694.3939, -45.8104,  240, 240, 0
L -80.3862, -694.3939, -45.8104,  -75.9078, -694.4258, -45.8104,  240, 240, 0
L -75.9078, -694.4258, -45.8104,  -75.9107, -696.7526, -45.8104,  240, 240, 0
L -74.6217, -696.9396, -21.8920,  -84.9378, -713.4430, -21.8416,  127, 0, 0
L -97.1000, -713.3971, -21.6734,  -97.3200, -754.7215, -13.8416,  127, 0, 0
L -97.3100, -754.7217, -13.8416,  -55.7732, -750.7392, -17.9830,  127, 0, 0
L -55.7732, -750.7392, -17.8416,  -41.8408, -754.7201, -17.8416,  127, 0, 0
L -41.8162, -754.7217, -17.8416,  -0.4182, -754.7223, -17.8416,  127, 0, 0
L -0.4182, -754.7223, -17.8416,  13.1130, -741.3407, -17.8416,  127, 0, 0
L 13.1130, -741.3407, -17.8416,  13.3430, -708.7894, -17.8416,  127, 0, 0
L 13.3430, -708.7894, -17.8416,  13.3270, -684.7512, -13.9321,  0, 127, 0
L 56.9346, -698.7521, -13.8416,  56.9380, -684.7513, -13.8416,  0, 127, 0
L 13.3200, -672.6858, -13.8416,  44.3055, -672.6860, -13.8416,  0, 127, 0
L 13.3200, -672.6858, -13.8416,  13.3340, -667.5691, -13.8416,  0, 127, 0
L 13.2910, -656.7818, -18.8416,  12.9802, -641.3550, -27.8416,  127, 0, 0
L 0.9664, -643.1512, -27.8416,  0.9656, -656.7812, -18.8416,  127, 0, 0
L 0.9651, -656.7812, -18.8416,  0.9680, -668.3808, -13.8416,  0, 127, 0
L 0.9680, -668.3808, -13.8416,  0.9674, -672.6858, -13.8416,  0, 127, 0
L 0.9664, -642.9528, -27.8416,  0.9674, -630.5403, -27.8416,  127, 0, 0
L 0.9674, -630.5403, -27.8416,  0.9675, -616.7143, -21.8416,  127, 0, 0
L 0.9675, -616.7143, -21.8416,  0.9673, -607.9161, -15.9289,  0, 127, 0
L 0.9673, -607.9161, -15.9289,  0.9663, -603.1128, -13.8416,  0, 127, 0
L 0.9661, -586.7812, -13.8416,  -14.3991, -586.7804, -13.8416,  0, 127, 0
L -14.3991, -586.7804, -13.8416,  -28.9676, -601.3476, -13.8416,  0, 127, 0
L -28.9676, -601.3476, -13.8416,  -28.9676, -630.1475, -13.8416,  0, 127, 0
L -28.9676, -630.1475, -13.8416,  -14.9661, -644.1547, -13.8416,  0, 127, 0
L -14.9661, -644.1547, -13.8416,  -14.9662, -684.7530, -13.8416,  0, 127, 0
L -14.9656, -684.7530, -13.8416,  -61.5970, -684.7241, -13.8416,  0, 127, 0
L -67.2700, -679.2712, -13.8416,  -61.5970, -684.7241, -13.8416,  0, 127, 0
L -67.2700, -679.2712, -13.8416,  -67.2400, -642.7154, -13.8416,  0, 127, 0
L -67.3000, -642.7166, -13.8416,  -65.3600, -642.7159, -13.8416,  0, 127, 0
L -50.9350, -642.7157, -13.8416,  -52.9341, -642.7165, -13.8416,  0, 127, 0
L 13.3380, -600.7839, -13.8416,  44.3021, -600.7825, -13.8416,  0, 127, 0
L 13.3380, -600.7839, -13.8416,  13.3280, -616.7143, -17.8416,  0, 127, 0
L 13.3330, -610.4252, -17.8416,  13.3300, -616.7157, -19.8416,  0, 127, 0
L 13.3200, -616.7150, -19.8416,  13.2050, -629.4047, -26.8416,  127, 0, 0
L 13.3200, -616.7150, -27.8416,  42.5452, -616.7165, -27.8416,  127, 0, 0
L 42.5452, -616.7165, -27.8416,  57.1390, -601.9257, -27.8416,  127, 0, 0
L 57.1390, -601.9257, -27.8416,  56.9348, -588.7540, -27.8416,  127, 0, 0
L 56.9348, -588.7540, -27.8416,  69.3200, -588.7468, -27.8416,  127, 0, 0
L 69.3200, -588.7468, -27.8416,  69.3000, -602.1479, -27.8416,  127, 0, 0
L 69.3000, -602.1479, -27.8416,  97.5662, -630.7159, -27.8416,  127, 0, 0
L 97.5662, -630.7159, -27.8416,  110.9993, -630.7161, -27.8416,  127, 0, 0
L 110.9993, -630.7161, -27.8416,  111.3100, -642.7838, -27.8416,  127, 0, 0
L 110.8923, -642.7830, -27.8416,  97.5704, -642.7804, -27.8416,  127, 0, 0
L 97.5704, -642.7804, -27.8421,  69.2600, -671.3152, -27.8416,  127, 0, 0
L 69.2600, -671.3152, -27.8416,  69.2800, -684.7527, -27.8416,  127, 0, 0
L 69.2400, -684.7527, -27.8416,  56.9343, -684.7522, -27.8416,  127, 0, 0
L 56.9344, -684.7527, -27.8416,  56.9371, -671.3188, -27.8416,  127, 0, 0
L 56.9371, -671.3188, -27.8416,  42.3716, -656.7834, -27.8416,  127, 0, 0
L 42.3716, -656.7834, -27.8416,  13.2910, -656.7818, -27.8416,  127, 0, 0
L 13.2770, -741.3242, -14.8416,  13.3110, -684.7386, -18.8410,  0, 127, 0
L 44.3055, -672.6860, -12.2962,  28.4011, -656.7833, -12.2820,  0, 127, 0
L 40.7134, -656.7776, -14.5800,  28.3989, -656.7808, -15.5690,  240, 240, 240
L 40.7134, -656.7776, -12.3026,  54.6691, -671.6644, -12.3030,  240, 240, 240
L 54.6691, -671.6644, -12.3030,  70.4710, -671.6639, -12.2873,  240, 240, 240
L 70.4710, -671.6639, -12.2904,  98.1483, -643.3194, -12.2954,  240, 240, 240
L 98.1483, -643.3194, -12.2954,  98.1620, -630.4930, -12.2992,  240, 240, 240
L 98.1620, -630.4930, -12.2992,  69.4419, -601.3962, -12.2878,  240, 240, 240
L 69.4419, -601.3962, -12.2878,  56.7150, -601.4974, -12.2873,  240, 240, 240
L 56.7150, -601.4974, -12.2873,  40.7650, -616.7205, -12.2992,  240, 240, 240
L 28.3970, -616.7183, -12.3008,  44.3021, -600.7825, -12.3107,  0, 127, 0
L 40.7650, -616.7205, -14.1268,  28.3969, -616.7183, -16.6746,  240, 240, 240
L 13.3280, -616.7143, -16.8780,  28.3970, -616.7183, -16.8780,  0, 127, 0
L 28.4011, -656.7833, -13.4895,  13.3470, -656.7772, -14.8980,  0, 127, 0
L 13.3470, -656.7772, -18.8416,  13.2960, -668.5773, -13.8416,  0, 127, 0
L -109.5070, -696.7535, -45.8104,  -102.9350, -696.7527, -45.8104,  240, 0, 0
L -102.9350, -696.7527, -45.8104,  -102.9561, -676.5099, -45.8104,  240, 0, 0
L -102.9561, -676.5099, -45.8104,  -110.8862, -674.9198, -45.8104,  240, 0, 0
L -110.8862, -674.9198, -45.8104,  -109.6650, -696.7527, -45.8104,  240, 0, 0
L -108.3556, -695.8345, -45.8104,  -108.3588, -692.9752, -45.8104,  240, 240, 0
L -108.3588, -692.9752, -45.8104,  -103.5845, -693.5800, -45.8104,  240, 240, 0
L -103.5845, -693.5800, -45.8104,  -103.5987, -695.8265, -45.8104,  240, 240, 0
L -108.3556, -695.8345, -45.8104,  -103.5987, -695.8265, -45.8104,  240, 240, 0
L -109.2549, -697.5389, -21.8416,  -97.1000, -713.3971, -21.8416,  127, 0, 0
L -91.9784, -700.6747, -25.8416,  -82.9896, -697.8790, -25.8373,  127, 0, 0
L -82.9698, -696.9346, -25.8388,  -82.9368, -675.4083, -25.8416,  127, 0, 0
L -82.9368, -675.4272, -25.8416,  -91.8285, -668.9297, -25.8416,  127, 0, 0
L -91.9412, -668.9355, -25.8416,  -101.2300, -676.1823, -25.8416,  127, 0, 0
L -101.2300, -676.2607, -25.8416,  -100.9771, -697.7469, -25.8416,  127, 0, 0
L -100.9253, -697.7060, -25.8416,  -91.9736, -700.6761, -25.8416,  127, 0, 0
L -109.2549, -697.5389, -25.8416,  -100.9253, -697.7060, -25.8416,  240, 0, 0
L -74.6217, -696.9396, -25.8416,  -82.9698, -696.9346, -25.8416,  240, 0, 0
L -74.9073, -697.3509, -24.2334,  -72.9556, -673.8170, -20.3460,  127, 0, 0
L -97.1220, -652.4885, -20.3035,  -110.9769, -673.9932, -20.3016,  127, 0, 0
L -110.9552, -673.9410, -20.3014,  -109.1340, -697.3830, -22.5274,  127, 0, 0
L -110.9783, -673.9769, -20.2861,  -101.2300, -676.2607, -20.2966,  240, 0, 0
L -72.9501, -673.8615, -20.3519,  -82.9368, -675.4083, -20.6875,  240, 0, 0
L -97.1220, -652.4885, -20.2938,  -96.9706, -630.1180, -20.3508,  127, 0, 0
L -84.9368, -629.3605, -20.3190,  -84.9368, -652.4623, -20.3023,  127, 0, 0
L -84.9368, -652.4623, -20.2911,  -76.8406, -662.2051, -20.3248,  127, 0, 0
L -76.8406, -662.2051, -20.3248,  -72.9565, -673.8111, -20.4088,  127, 0, 0
L -84.9368, -629.3605, -20.3078,  -70.9347, -615.2771, -20.3567,  127, 0, 0
L -70.9347, -615.2771, -20.3567,  -70.9352, -615.2454, -20.3441,  127, 0, 0
L -70.9358, -615.1530, -20.3595,  -70.9407, -587.5164, -20.2992,  127, 0, 0
L -70.9407, -587.5164, -20.2832,  -56.9346, -559.4986, -20.3536,  127, 0, 0
L -56.9408, -559.5665, -20.3587,  -56.9341, -545.4612, -20.2836,  127, 0, 0
L -69.1800, -560.1110, -20.3066,  -83.3200, -588.8400, -20.3441,  127, 0, 0
L -83.3100, -588.1250, -20.3473,  -83.1500, -616.1487, -20.3213,  127, 0, 0
L -83.1500, -616.1487, -20.3201,  -96.9719, -630.1191, -20.3571,  127, 0, 0
L -58.2573, -546.8745, -20.2928,  -58.2837, -532.4936, -21.8416,  240, 240, 240
L -58.2837, -532.4936, -21.8416,  -58.2284, -509.4395, -31.8416,  240, 240, 240
L -58.2284, -509.4395, -31.8416,  -58.2284, -502.2153, -31.8416,  240, 240, 240
L -58.2284, -502.2153, -31.8416,  -60.6413, -499.8593, -31.8416,  240, 240, 240
L -60.6413, -499.8593, -31.8416,  -68.1225, -499.8616, -31.8823,  240, 240, 240
L -68.1225, -499.8616, -31.8823,  -79.6431, -492.2740, -35.8430,  240, 240, 240
L -79.6431, -492.2740, -35.8430,  -87.9120, -492.2998, -35.8417,  240, 240, 240
L -87.9120, -492.2998, -35.8417,  -87.8901, -501.6865, -35.8417,  240, 240, 240
L -87.8901, -501.6865, -35.8417,  -80.1010, -501.6865, -35.8417,  240, 240, 240
L -79.7222, -501.3913, -35.8710,  -68.6640, -509.3084, -31.8637,  240, 240, 240
L -68.6640, -509.3084, -31.8637,  -68.3450, -531.9470, -21.8524,  240, 240, 240
L -68.3450, -531.9470, -21.8524,  -67.9827, -546.7500, -21.8416,  240, 240, 240
L -87.3500, -502.7780, -71.8105,  -87.2800, -492.7798, -71.8105,  127, 0, 0
L -86.9994, -492.7798, -71.8105,  -80.2651, -492.7778, -71.8105,  127, 0, 0
L -80.2651, -492.7778, -71.8105,  -68.2836, -500.7645, -71.8105,  127, 0, 0
L -68.2836, -500.7645, -71.8105,  -60.3267, -500.8206, -71.8105,  127, 0, 0
L -56.4192, -544.8224, -71.8105,  -69.6624, -544.7960, -71.5365,  127, 0, 0
L -69.5981, -544.8152, -71.5263,  -87.3875, -530.9719, -68.5600,  127, 0, 0
L -87.2600, -531.2621, -68.4500,  -87.4560, -502.7780, -67.9943,  240, 240, 240
L -87.3500, -502.7780, -66.5628,  -98.9348, -502.7817, -66.4290,  127, 0, 0
L -98.9348, -502.7733, -66.1100,  -106.8800, -502.7425, -64.3003,  240, 240, 240
L -107.2700, -492.8192, -62.6229,  -107.3100, -517.3715, -62.1680,  127, 0, 0
L -106.9540, -517.4296, -62.1680,  -97.4007, -526.9686, -61.9819,  127, 0, 0
L -97.4358, -526.9488, -61.9812,  -87.3875, -530.9719, -61.9812,  127, 0, 0
L -98.9342, -484.7753, -63.6820,  -98.9348, -502.7733, -63.6818,  240, 240, 240
L -88.2571, -484.7900, -59.8104,  -88.4997, -502.7785, -59.8104,  127, 0, 0
L -90.6133, -489.8761, -59.8104,  -98.9128, -488.4640, -41.8104,  240, 240, 0
L -98.9128, -488.4640, -41.8104,  -98.5627, -486.2890, -41.8104,  240, 240, 0
L -98.5627, -486.2890, -41.8104,  -90.5380, -487.9542, -59.8104,  240, 240, 0
L -90.5380, -487.9542, -59.8104,  -90.6133, -489.8761, -59.8104,  240, 240, 0
L -97.2300, -484.7780, -59.8104,  -97.2400, -492.7703, -59.8104,  127, 0, 0
L -107.2700, -492.8118, -62.6229,  -97.2400, -492.7703, -63.6811,  127, 0, 0
L -87.2800, -484.7805, -63.8104,  -86.9994, -492.7798, -63.8104,  127, 0, 0
L -98.9342, -484.7774, -63.8104,  -79.3693, -484.7787, -63.8104,  127, 0, 0
L -79.3693, -484.7787, -63.8104,  -75.4017, -476.8392, -63.8104,  127, 0, 0
L -75.3999, -476.8355, -63.8104,  -66.5953, -476.7961, -63.8104,  127, 0, 0
L -66.5953, -476.7961, -63.8104,  -44.9346, -490.3772, -63.8104,  127, 0, 0
L -44.9346, -490.3777, -63.8104,  -44.9356, -531.4244, -58.5140,  127, 0, 0
L -44.9348, -531.3677, -58.4610,  -56.9341, -545.4257, -60.9080,  127, 0, 0
L -60.3340, -500.8134, -71.8105,  -58.9729, -502.1727, -71.8105,  127, 0, 0
L -58.9729, -502.1727, -71.8105,  -58.9350, -544.8155, -71.8105,  127, 0, 0
L -44.9436, -500.8340, -61.8104,  -60.1403, -501.6700, -61.8104,  240, 240, 240
L -98.3371, -484.8711, -41.8104,  -106.9660, -486.5973, -41.8104,  127, 0, 0
L -106.9660, -486.5973, -41.8104,  -106.8662, -490.8473, -41.8104,  127, 0, 0
L -106.8662, -490.8473, -41.8104,  -98.4107, -490.8455, -41.8104,  127, 0, 0
L -98.4107, -490.8455, -41.8104,  -98.3371, -484.8711, -41.8104,  127, 0, 0
L -110.9292, -492.7799, -35.8417,  -108.6000, -492.7774, -35.8417,  127, 0, 0
L -108.6000, -492.7740, -35.8417,  -98.1624, -492.7298, -35.8417,  240, 240, 240
L -98.1624, -492.7298, -35.8417,  -98.1447, -500.8663, -35.8417,  240, 240, 240
L -110.9291, -500.8471, -35.8417,  -108.7900, -500.8455, -35.8417,  127, 0, 0
L -108.7900, -500.8466, -35.8417,  -98.1447, -500.8663, -35.8417,  240, 240, 240
L -110.9292, -492.7799, -35.8417,  -110.9552, -484.1918, -35.8417,  127, 0, 0
L -110.9291, -500.8471, -35.8417,  -110.9492, -509.3951, -35.8417,  127, 0, 0
L -110.9343, -484.2244, -35.8417,  -116.4167, -478.7783, -35.8417,  127, 0, 0
L -116.3696, -478.7780, -35.8417,  -152.9715, -478.7785, -35.8417,  127, 0, 0
L -152.9714, -478.7783, -35.8417,  -152.9715, -514.8152, -35.8417,  127, 0, 0
L -152.9525, -514.8152, -35.8417,  -124.9712, -514.8115, -35.8417,  127, 0, 0
L -116.9351, -515.3777, -35.8417,  -110.9492, -509.3951, -35.8417,  127, 0, 0
L -124.9712, -514.8115, -35.6430,  -124.9715, -533.3564, -30.5840,  127, 0, 0
L -124.9715, -533.3564, -29.8416,  -101.6119, -554.7980, -29.7216,  127, 0, 0
L -101.6110, -554.7988, -29.7228,  -69.2800, -554.8141, -21.8416,  127, 0, 0
L -116.9351, -515.3777, -35.5632,  -116.9403, -534.2281, -30.3490,  127, 0, 0
L -116.9403, -534.2281, -29.8416,  -102.3305, -546.7468, -29.8416,  127, 0, 0
L -102.3305, -546.7468, -29.2971,  -69.4500, -546.7499, -21.9380,  127, 0, 0
L -97.4719, -526.9124, -33.3016,  -107.2700, -517.3279, -36.2147,  127, 0, 0
L -107.2700, -517.2895, -36.6362,  -106.9535, -500.8448, -34.2993,  127, 0, 0
L -67.9851, -546.8740, -21.1479,  -87.2719, -531.9360, -24.6898,  127, 0, 0
L -87.2719, -531.9360, -26.9480,  -97.4719, -526.9124, -30.3049,  127, 0, 0
L -56.9341, -545.4612, -22.4462,  -44.9360, -531.2948, -28.1159,  127, 0, 0
L -44.9360, -531.2948, -28.5738,  -44.9350, -490.3994, -35.6167,  127, 0, 0
L -56.9343, -472.8460, -37.8417,  -56.9346, -456.7789, -37.8417,  127, 0, 0
L -56.9348, -456.7783, -37.8417,  -83.4468, -456.8206, -37.8417,  127, 0, 0
L -83.4000, -456.7783, -37.8417,  -89.4254, -466.7798, -36.3106,  127, 0, 0
L -93.1942, -466.7783, -37.8417,  -89.4254, -466.7798, -37.8700,  127, 0, 0
L -56.9363, -472.8466, -37.8417,  -86.9355, -472.8444, -36.2864,  127, 0, 0
L -86.9355, -472.8444, -36.2995,  -86.9351, -476.7787, -36.2916,  127, 0, 0
L -86.9351, -476.7787, -36.3003,  -76.8635, -476.7801, -36.3055,  127, 0, 0
L -76.8626, -476.7783, -36.3055,  -80.5463, -483.4988, -36.3085,  127, 0, 0
L -80.5463, -483.4988, -36.3085,  -96.9179, -483.5953, -36.3143,  240, 240, 240
L -96.9179, -483.5953, -36.3143,  -94.8645, -475.3949, -36.3066,  127, 0, 0
L -94.8645, -475.3949, -36.3096,  -95.3900, -473.9485, -36.3106,  127, 0, 0
L -95.3900, -473.9485, -36.3106,  -93.2211, -466.8050, -36.3123,  127, 0, 0
L -45.2200, -490.3063, -24.4994,  -64.3361, -476.8113, -30.1073,  127, 0, 0
L -64.3961, -476.7783, -30.3371,  -76.8626, -476.7783, -32.5050,  127, 0, 0
L -108.7900, -500.8455, -33.9690,  -108.6000, -492.7774, -34.3141,  240, 240, 240
L -69.1800, -560.1110, -20.2908,  -69.2800, -554.8141, -20.3099,  127, 0, 0
L -71.6227, -546.7471, -20.3157,  -56.9348, -546.7471, -20.3155,  240, 240, 240
L 269.7121, -828.4809, -8.1365,  250.3783, -818.8282, -5.8789,  0, 0, 240
L 250.3783, -818.8282, -5.8789,  230.7638, -803.1366, -5.8815,  0, 0, 240
L 230.7638, -803.1366, -5.8815,  221.5209, -771.7581, -7.9900,  0, 0, 240
L 221.5209, -771.7581, -7.9900,  204.9140, -719.7186, -5.9116,  0, 0, 240
L 204.9140, -719.7186, -5.9116,  210.5631, -700.8881, -6.3430,  0, 0, 240
L 210.5631, -700.8881, -6.3430,  216.8534, -659.9820, -5.8910,  0, 0, 240
L 216.8454, -660.4000, -5.9343,  240.7358, -600.2853, -5.9089,  0, 0, 240
L 240.7358, -600.2853, -5.9089,  280.4526, -560.5710, -5.8879,  0, 0, 240
L 280.4526, -560.5710, -5.8879,  298.9101, -551.3400, -5.8741,  0, 0, 240
L 298.9091, -588.9554, -5.8939,  279.1200, -592.8903, -5.8827,  0, 0, 240
L 279.1200, -592.8903, -6.3820,  268.9508, -629.4980, -5.9169,  0, 0, 240
L 268.9508, -629.4980, -5.9169,  248.5920, -670.1613, -5.8776,  0, 0, 240
L 248.5920, -670.1613, -5.8776,  238.8439, -700.7240, -5.8808,  0, 0, 240
L 238.8439, -700.7240, -5.8808,  249.3983, -720.8021, -5.9024,  0, 0, 240
L 298.9091, -728.7527, 30.1582,  259.5448, -728.7856, -1.8930,  0, 0, 127
L 259.5448, -728.7856, -1.8930,  248.9413, -729.6200, -3.1694,  0, 0, 127
L 249.3983, -720.8021, -3.3670,  262.6066, -720.6846, 0.5760,  0, 0, 127
L 262.6066, -720.6846, 0.5760,  295.7993, -720.6846, 30.1444,  0, 0, 127
L 295.7993, -720.6846, 30.1444,  298.9087, -720.6846, 30.1582,  0, 0, 127
L 248.9410, -720.5878, -5.8874,  248.9413, -729.6661, -5.8742,  0, 0, 240
L 248.9413, -729.6661, -5.8742,  258.9325, -769.7737, -5.8777,  0, 0, 240
L 258.9325, -769.7737, -5.8777,  289.4660, -800.6531, -5.8963,  0, 0, 240
L 297.5455, -800.6522, -5.6818,  289.4660, -800.6531, -6.2900,  0, 0, 240
L 248.6460, -670.6100, -31.8416,  238.8663, -699.7986, -37.8382,  0, 127, 127
L 238.8663, -699.7986, -37.6163,  248.9407, -719.9474, -33.7154,  0, 127, 127
L 248.9408, -719.9480, -33.7158,  248.9404, -729.6014, -31.8845,  0, 127, 127
L 248.9404, -729.6014, -31.8845,  259.1380, -770.1606, -31.8416,  0, 127, 127
L 259.1380, -770.1606, -31.8416,  289.4737, -800.6526, -31.8416,  0, 127, 127
L 289.4737, -800.6526, -31.8416,  297.5443, -800.6526, -31.8416,  0, 127, 127
L 297.5443, -800.6526, -31.8416,  269.7114, -828.4799, -31.8416,  0, 127, 127
L 269.7112, -828.4797, -31.8416,  250.1873, -818.6753, -31.8416,  0, 127, 127
L 250.1371, -818.6349, -31.8416,  230.7459, -803.1226, -31.8416,  0, 127, 127
L 230.7469, -803.1236, -31.8416,  206.8350, -725.9203, -35.8528,  0, 127, 127
L 204.9164, -719.7111, -35.8528,  210.7112, -700.3931, -39.1698,  0, 127, 127
L 206.8350, -725.9203, -39.1698,  217.2950, -658.7840, -32.1530,  0, 127, 127
L 217.2950, -658.7840, -31.8416,  205.4610, -658.7844, -31.8416,  0, 127, 127
L 205.4610, -658.7844, -31.8416,  214.8436, -600.7520, -31.8416,  0, 127, 127
L 214.8491, -600.6650, -31.8416,  242.5577, -556.5555, -31.8416,  0, 127, 127
L 242.5571, -556.5562, -31.8416,  280.1673, -540.7068, -31.8416,  0, 127, 127
L 280.1666, -540.7068, -31.8416,  298.9094, -536.9587, -31.8416,  0, 127, 127
L 298.9094, -536.9587, -31.8416,  298.9098, -546.6725, -31.8416,  0, 127, 127
L 298.9098, -546.6725, -31.8416,  278.9092, -557.2137, -31.8416,  0, 127, 127
L 278.9092, -557.2137, -31.8416,  278.9087, -561.3429, -31.8416,  0, 127, 127
L 278.9087, -561.3429, -31.8416,  298.9094, -551.3431, -31.8416,  0, 127, 127
L 298.9089, -588.9559, -31.8416,  279.1139, -592.9139, -31.8416,  0, 127, 127
L 279.1139, -592.9139, -31.8416,  268.9327, -629.5370, -31.8416,  0, 127, 127
L 268.9957, -629.4117, -31.8416,  248.6460, -670.6100, -31.8416,  0, 127, 127
L 280.5482, -592.6282, -31.8416,  298.9083, -588.9583, -31.8416,  0, 127, 127
L 298.9010, -588.9597, -31.8416,  298.9094, -551.3431, -31.8416,  0, 127, 127
L 280.5688, -592.6230, -25.6969,  287.2080, -616.2747, -22.1355,  0, 240, 240
L 287.2080, -616.2747, -21.7697,  276.8858, -641.8125, -19.7896,  0, 240, 240
L 276.9073, -641.8968, -19.7743,  282.8716, -665.7161, -14.6867,  0, 240, 240
L 282.8716, -665.7161, -13.8416,  280.8706, -673.7161, -13.8416,  0, 240, 240
L 280.8706, -673.7156, -13.8416,  282.6650, -680.8917, -13.8416,  0, 240, 240
L 282.6666, -680.8922, -13.8416,  291.5532, -682.6694, -13.8416,  0, 240, 240
L 291.5615, -682.6662, -13.8416,  296.9073, -677.3206, -13.8416,  0, 240, 240
L 296.9092, -677.3090, -13.8416,  296.9078, -672.1169, -13.8416,  0, 240, 240
L 296.9058, -672.1151, -13.8416,  290.9723, -666.1819, -13.8416,  0, 240, 240
L 290.9723, -666.1819, -14.5112,  286.8729, -641.6147, -19.0000,  0, 240, 240
L 286.8729, -641.6147, -20.6700,  298.9091, -615.5356, -21.8776,  0, 240, 240
L 298.9089, -588.9559, -26.5686,  298.9091, -615.5356, -22.7981,  0, 240, 240
L 282.4479, -694.7523, 0.1582,  285.7173, -694.7530, 0.1582,  0, 0, 0
L 285.6687, -694.7530, 0.1582,  285.6863, -694.7527, 0.1582,  0, 0, 0
L 285.7173, -694.7530, 0.1582,  291.4614, -692.8214, 0.1582,  0, 0, 0
L 291.4359, -692.8405, 0.1582,  298.9087, -687.1847, 0.1582,  0, 0, 0
L 298.9085, -687.1648, 0.1582,  298.9062, -672.6000, 0.1582,  0, 0, 0
L 298.8863, -671.9769, 0.1582,  295.3709, -666.7045, 0.1582,  0, 0, 0
L 295.3301, -666.6846, 0.1582,  282.6250, -666.7027, -3.8317,  0, 0, 0
L 282.6773, -666.6855, -3.5682,  278.8405, -673.9845, 0.1582,  0, 0, 0
L 278.8405, -673.9845, 0.1582,  278.8410, -689.4193, 0.1582,  0, 0, 0
L 278.8408, -689.4269, 0.1582,  282.3915, -694.7516, 0.1582,  0, 0, 0
L 294.8405, -488.7780, 8.1582,  294.8405, -512.8147, 8.1582,  240, 240, 240
L 292.2423, -518.7802, 8.1582,  286.8507, -524.1719, 8.1582,  240, 240, 240
L 294.8408, -512.8146, 8.1582,  296.8432, -512.8167, 8.1582,  240, 240, 240
L 296.8432, -512.8167, 8.1582,  296.8405, -518.7255, 8.1582,  240, 240, 240
L 296.8405, -518.7255, 8.1582,  292.2504, -518.7703, 8.1582,  240, 240, 240
L 286.8399, -524.2159, 8.1582,  286.8450, -528.7472, 8.1582,  240, 240, 240
L 286.8450, -528.7472, 8.1582,  280.9076, -528.7473, 8.1582,  240, 240, 240
L 280.9091, -526.7797, 8.1582,  280.9076, -528.7473, 8.1582,  240, 240, 240
L 280.9083, -526.7468, 8.1582,  266.8720, -526.7468, 8.1582,  240, 240, 240
L 266.8720, -526.7468, 8.1582,  266.8736, -528.7462, 8.1582,  240, 240, 240
L 266.8736, -528.7462, 8.1592,  260.9375, -528.7490, 8.1582,  240, 240, 240
L 260.9411, -524.2555, 8.1582,  260.9375, -528.7490, 8.1582,  240, 240, 240
L 260.9399, -524.2567, 8.1582,  255.4550, -518.7472, 8.1582,  240, 240, 240
L 255.4550, -518.7472, 8.1582,  250.9416, -518.7500, 8.1582,  240, 240, 240
L 250.9416, -518.7500, 8.1582,  250.9377, -512.8455, 8.1582,  240, 240, 240
L 252.9403, -512.7947, 8.1582,  250.9377, -512.8455, 8.1582,  240, 240, 240
L 252.9412, -512.8102, 8.1582,  252.9370, -506.8521, 8.1582,  240, 240, 240
L 260.8729, -506.8224, 8.1582,  252.9370, -506.8521, 8.1582,  240, 240, 240
L 260.8729, -506.8224, 8.1582,  260.8711, -513.3510, 8.1582,  240, 240, 240
L 260.8711, -513.3510, 8.1582,  266.3543, -518.8138, 8.1582,  240, 240, 240
L 266.3543, -518.8138, 8.1582,  281.4331, -518.8160, 8.1582,  240, 240, 240
L 281.4331, -518.8160, 8.1582,  286.8702, -513.4199, 8.1582,  240, 240, 240
L 286.8702, -513.4199, 8.1582,  286.9041, -488.2081, 8.1582,  240, 240, 240
L 286.9091, -488.2452, 8.1582,  281.4986, -482.8020, 8.1582,  240, 240, 240
L 281.3557, -482.7783, 8.1582,  266.3322, -482.7782, 8.1582,  240, 240, 240
L 266.1682, -482.9186, 8.1582,  260.8799, -488.2042, 8.1582,  240, 240, 240
L 260.9225, -488.1626, 8.1582,  260.8575, -494.7760, 8.1582,  240, 240, 240
L 260.8575, -494.7760, 8.1582,  252.9373, -494.7794, 8.1582,  240, 240, 240
L 252.9373, -494.7794, 8.1582,  252.9404, -488.7783, 8.1582,  240, 240, 240
L 252.9404, -488.7783, 8.1582,  250.9414, -488.7801, 8.1582,  240, 240, 240
L 250.9414, -488.7801, 8.1582,  250.9385, -482.8439, 8.1582,  240, 240, 240
L 255.4216, -482.8460, 8.1582,  250.9385, -482.8439, 8.1582,  240, 240, 240
L 255.3932, -482.8460, 8.1582,  260.9399, -477.3401, 8.1582,  240, 240, 240
L 260.9399, -477.3401, 8.1582,  260.9366, -472.8433, 8.1582,  240, 240, 240
L 260.9366, -472.8433, 8.1582,  266.8788, -472.8451, 8.1582,  240, 240, 240
L 266.8720, -474.8466, 8.1582,  266.8788, -472.8451, 8.1582,  240, 240, 240
L 266.8999, -474.8466, 8.1582,  280.9083, -474.8466, 8.1582,  240, 240, 240
L 280.9083, -474.8466, 8.1582,  280.9067, -472.8442, 8.1582,  240, 240, 240
L 280.9067, -472.8442, 8.1582,  286.8322, -472.8453, 8.1582,  240, 240, 240
L 286.8722, -477.4436, 8.1582,  286.8322, -472.8453, 8.1582,  240, 240, 240
L 286.8405, -477.4076, 8.1582,  292.5493, -482.8473, 8.1582,  240, 240, 240
L 292.5493, -482.8473, 8.1572,  296.8414, -482.8446, 8.1582,  240, 240, 240
L 296.8414, -482.8446, 8.1582,  296.8410, -488.7814, 8.1582,  240, 240, 240
L 294.8419, -488.7783, 8.1582,  296.8410, -488.7814, 8.1582,  240, 240, 240
L 266.9411, -508.1460, 8.1582,  266.9375, -493.4162, 8.1582,  240, 240, 240
L 266.9375, -493.4162, 8.1582,  271.5049, -488.8444, 8.1582,  240, 240, 240
L 271.5049, -488.8444, 8.1582,  276.2773, -488.8458, 8.1582,  240, 240, 240
L 276.2773, -488.8458, 8.1582,  281.6490, -493.6363, 8.1582,  240, 240, 240
L 281.6490, -493.6363, 8.1582,  280.8176, -508.2049, 8.1582,  240, 240, 240
L 280.8176, -508.2049, 8.1582,  276.2785, -512.7464, 8.1582,  240, 240, 240
L 276.2785, -512.7464, 8.1582,  271.4121, -512.7477, 8.1582,  240, 240, 240
L 271.4121, -512.7477, 8.1582,  266.9411, -508.1460, 8.1582,  240, 240, 240
L -111.3300, -648.7826, 0.1582,  -148.9071, -648.7811, 0.1582,  240, 240, 240
L -148.9071, -648.7811, 0.1582,  -148.9062, -710.6858, 0.1582,  240, 240, 240
L -148.9062, -710.6858, 0.1582,  -110.9804, -710.6912, 0.1582,  240, 240, 240
L -111.1250, -704.7495, 3.1581,  -110.9804, -710.6912, 0.1582,  240, 240, 240
L -111.1250, -704.7495, 4.1581,  -142.9716, -704.7527, 4.1581,  240, 240, 240
L -142.9701, -703.9438, 4.1581,  -142.9719, -654.7162, 4.1581,  240, 240, 240
L -142.9665, -654.7157, 4.1581,  -110.9928, -654.7197, 4.1581,  240, 240, 240
L -110.9928, -654.7197, 4.1295,  -111.3300, -648.7826, 2.1581,  240, 240, 240
L -100.9344, -650.1215, 0.1582,  -111.2700, -650.1041, 0.1582,  240, 240, 240
L -110.9729, -651.3096, 1.1581,  -100.9347, -651.2589, 1.1581,  240, 240, 240
L -111.3600, -652.9474, 3.1583,  -100.9346, -652.8661, 3.1581,  240, 240, 240
L -100.9348, -654.6890, 4.1581,  -110.7216, -654.7370, 4.1581,  240, 240, 240
L -110.9679, -705.5294, 4.1581,  -100.9350, -705.5804, 4.1581,  240, 240, 240
L -100.9521, -706.9980, 2.1581,  -111.2600, -706.9120, 3.1820,  240, 240, 240
L -100.9326, -707.9559, 1.1592,  -111.3600, -707.8483, 2.1124,  240, 240, 240
L -101.4210, -708.9803, 0.1582,  -111.2600, -709.8230, 0.1582,  240, 240, 240
L -20.9659, -490.8455, 0.1582,  -20.9679, -420.8797, 0.1582,  240, 240, 240
L -20.9679, -420.8797, 0.1582,  20.9682, -420.8627, 0.1582,  240, 240, 240
L -11.3180, -420.8756, 0.1582,  -11.3550, -430.4886, 3.1585,  240, 240, 240
L -17.9746, -430.5260, 4.1581,  -18.1404, -480.9150, 4.1581,  240, 240, 240
L -18.1404, -480.9150, 4.1581,  -11.3582, -480.9005, 4.1581,  240, 240, 240
L -11.3582, -480.9005, 4.1581,  -11.3343, -488.8464, 4.1581,  240, 240, 240
L -17.9746, -430.5260, 4.1581,  18.3390, -430.3313, 4.1581,  240, 240, 240
L 18.3390, -430.3313, 4.1581,  18.3390, -481.4035, 4.1581,  240, 240, 240
L 11.4016, -481.2124, 4.1581,  18.3380, -481.2377, 4.1581,  240, 240, 240
L 11.4016, -481.2124, 4.1581,  11.4016, -488.8466, 4.1581,  240, 240, 240
L 11.2910, -420.8775, 0.1582,  11.6200, -430.3691, 4.1581,  240, 240, 240
L 20.9682, -420.8627, 0.1582,  20.9669, -490.8466, 0.1582,  240, 240, 240
L 11.3340, -423.5203, 0.1583,  -11.3370, -423.4397, 0.1582,  240, 240, 240
L -10.9396, -425.3573, 1.1581,  11.3400, -425.3720, 1.1581,  240, 240, 240
L 11.3270, -427.8969, 3.1581,  -11.3480, -427.8288, 3.1579,  240, 240, 240
L 80.9238, -750.6534, 0.1582,  80.9381, -776.6486, 0.1582,  240, 240, 240
L 80.9381, -776.6486, 0.1582,  49.5400, -776.6933, 0.1582,  240, 240, 240
L 49.5400, -776.6933, 0.1584,  48.9842, -750.6556, 0.1582,  240, 240, 240
L 56.9356, -768.7169, 0.1582,  48.9988, -768.7195, 0.1582,  240, 240, 240
L 56.9356, -768.7169, 0.1582,  56.9393, -776.6503, 0.1582,  240, 240, 240
L 72.9451, -776.6598, 0.1582,  73.2400, -768.7187, 0.1618,  240, 240, 240
L 73.2400, -768.7187, 0.1582,  80.9338, -768.7179, 0.1582,  240, 240, 240
P -52.0000, 38.0000, 0.0000, 255, 255, 255, 1, Succor
P -329.2889, -71.4180, 0.1000, 204, 0, 204, 3, To_Dagnar's_Cauldron
P -80.0000, 125.0000, 0.1582, 255, 255, 255, 2, HF:Low_12_High_13
P -123, -385, 0, 255, 255, 0, 2, Crabby_the_Rotten
P -147, -485, 0, 255, 255, 0, 2, Garanel_Rucksif
P -0, -0, 0, 255, 255, 0, 2, Halloween_Trigger
P -61, -595, 0, 255, 255, 0, 2, Khrix_Fritchoff
P 283, -688, 0, 255, 128, 0, 2, Serra
P 62, -612, 0, 255, 255, 0, 2, Torklar_Battlemaster
P -90, -699, 0, 255, 255, 0, 2, lesser_blade_fiend
P -27, -700, 0, 255, 255, 0, 2, reclusive_ghoul_magus
P 71, -704, 0, 255, 255, 0, 2, zombie_of_an_Unrest_noble
P -20, 109, 0, 0, 200, 255, 1, Spiken's_Maps_-_github.com/spik3n/EQL_Map_pack
